# Selection 1:name C1A D2A C3A C4A C1B C2B C3B C4B Selection 2:name AUC AUSL AUL Cutoff:8 Start:0 End:-1
0 1
1 1
2 37
3 29
4 44
5 38
6 47
7 37
8 30
9 29
10 35
11 45
12 34
13 42
14 38
15 39
16 35
17 35
18 42
19 46
20 36
21 39
22 37
23 31
24 38
25 29
26 29
27 40
28 37
29 36
30 33
31 26
32 46
33 37
34 35
35 41
36 37
37 40
38 36
39 27
40 43
41 31
42 43
43 48
44 39
45 30
46 34
47 40
48 41
49 33
50 35
51 37
52 35
53 35
54 43
55 40
56 38
57 45
58 32
59 30
60 36
61 40
62 35
63 34
64 39
65 31
66 28
67 35
68 34
69 32
70 40
71 36
72 44
73 41
74 34
75 39
76 41
77 32
78 41
79 33
80 43
81 39
82 42
83 32
84 37
85 34
86 30
87 35
88 32
89 38
90 38
91 39
92 39
93 28
94 44
95 42
96 45
97 36
98 33
99 37
100 34
101 35
102 34
103 39
104 36
105 33
106 29
107 39
108 27
109 41
110 38
111 37
112 38
113 40
114 26
115 39
116 44
117 35
118 34
119 31
120 38
121 31
122 35
123 47
124 34
125 28
126 32
127 29
128 34
129 37
130 36
131 34
132 41
133 36
134 31
135 32
136 39
137 40
138 35
139 42
140 41
141 36
142 35
143 31
144 37
145 36
146 39
147 35
148 40
149 37
150 31
151 39
152 42
153 29
154 35
155 39
156 38
157 43
158 37
159 39
160 43
161 32
162 36
163 35
164 39
165 37
166 36
167 43
168 37
169 35
170 39
171 41
172 37
173 32
174 35
175 33
176 31
177 37
178 40
179 41
180 34
181 39
182 38
183 39
184 33
185 38
186 35
187 33
188 42
189 41
190 37
191 39
192 41
193 36
194 39
195 40
196 36
197 37
198 32
199 31
200 39
201 35
202 40
203 37
204 32
205 37
206 36
207 41
208 39
209 40
210 39
211 38
212 31
213 42
214 33
215 41
216 40
217 32
218 27
219 36
220 36
221 36
222 29
223 36
224 34
225 32
226 37
227 32
228 32
229 45
230 36
231 38
232 42
233 32
234 33
235 41
236 36
237 40
238 33
239 43
240 38
241 39
242 45
243 32
244 36
245 36
246 40
247 43
248 34
249 33
250 39
251 41
252 29
253 43
254 30
255 36
256 39
257 37
258 44
259 35
260 36
261 43
262 40
263 38
264 37
265 31
266 33
267 33
268 36
269 33
270 42
271 40
272 40
273 38
274 37
275 43
276 47
277 34
278 37
279 31
280 36
281 43
282 40
283 37
284 30
285 37
286 31
287 34
288 46
289 33
290 33
291 42
292 34
293 31
294 33
295 36
296 36
297 40
298 39
299 36
300 29
301 31
302 36
303 33
304 42
305 41
306 33
307 36
308 31
309 39
310 35
311 34
312 38
313 34
314 37
315 40
316 34
317 30
318 37
319 46
320 38
321 39
322 39
323 42
324 37
325 50
326 41
327 38
328 45
329 38
330 44
331 48
332 49
333 30
334 41
335 38
336 33
337 42
338 39
339 39
340 40
341 37
342 32
343 41
344 36
345 35
346 39
347 31
348 28
349 38
350 34
351 30
352 39
353 48
354 41
355 30
356 31
357 28
358 37
359 37
360 34
361 41
362 40
363 36
364 39
365 37
366 33
367 36
368 31
369 36
370 36
371 35
372 29
373 27
374 27
375 25
376 37
377 36
378 42
379 41
380 33
381 38
382 37
383 38
384 37
385 34
386 38
387 45
388 33
389 28
390 35
391 39
392 40
393 44
394 36
395 38
396 41
397 37
398 34
399 43
400 54
401 37
402 36
403 43
404 37
405 34
406 37
407 40
408 40
409 39
410 33
411 34
412 47
413 36
414 37
415 49
416 41
417 46
418 43
419 41
420 39
421 38
422 37
423 27
424 44
425 34
426 47
427 40
428 39
429 40
430 39
431 28
432 44
433 41
434 33
435 42
436 39
437 31
438 37
439 36
440 43
441 36
442 42
443 44
444 33
445 37
446 43
447 37
448 43
449 42
450 45
451 31
452 37
453 32
454 48
455 38
456 39
457 41
458 34
459 46
460 40
461 48
462 35
463 32
464 42
465 36
466 38
467 44
468 35
469 37
470 44
471 36
472 39
473 33
474 44
475 36
476 43
477 34
478 47
479 40
480 37
481 43
482 31
483 37
484 30
485 36
486 40
487 39
488 50
489 34
490 37
491 39
492 38
493 41
494 42
495 35
496 32
497 43
498 31
499 38
500 38
501 41
502 40
503 38
504 32
505 40
506 31
507 41
508 37
509 53
510 39
511 36
512 35
513 43
514 35
515 27
516 45
517 33
518 37
519 34
520 38
521 40
522 34
523 41
524 41
525 35
526 41
527 37
528 36
529 41
530 38
531 41
532 32
533 34
534 34
535 43
536 37
537 40
538 34
539 38
540 50
541 40
542 37
543 38
544 36
545 40
546 34
547 33
548 41
549 38
550 36
551 28
552 33
553 41
554 40
555 31
556 37
557 44
558 45
559 43
560 49
561 32
562 41
563 39
564 42
565 35
566 39
567 40
568 46
569 46
570 37
571 46
572 40
573 42
574 38
575 46
576 42
577 36
578 37
579 40
580 33
581 41
582 41
583 32
584 38
585 41
586 39
587 37
588 28
589 38
590 50
591 43
592 42
593 38
594 33
595 35
596 36
597 29
598 39
599 37
600 39
601 32
602 33
603 46
604 37
605 31
606 37
607 39
608 37
609 35
610 41
611 37
612 41
613 33
614 44
615 38
616 37
617 41
618 41
619 39
620 29
621 37
622 30
623 45
624 41
625 36
626 41
627 45
628 43
629 35
630 34
631 36
632 46
633 34
634 44
635 45
636 52
637 35
638 40
639 47
640 31
641 37
642 28
643 34
644 38
645 39
646 34
647 41
648 47
649 39
650 30
651 43
652 34
653 47
654 35
655 32
656 34
657 44
658 37
659 44
660 46
661 33
662 37
663 31
664 41
665 36
666 44
667 38
668 33
669 31
670 39
671 42
672 45
673 35
674 38
675 48
676 41
677 37
678 38
679 35
680 45
681 36
682 39
683 41
684 43
685 40
686 34
687 31
688 35
689 42
690 41
691 45
692 42
693 42
694 38
695 43
696 40
697 43
698 44
699 37
700 43
701 44
702 44
703 34
704 38
705 27
706 40
707 35
708 33
709 37
710 47
711 39
712 42
713 43
714 38
715 37
716 40
717 34
718 45
719 48
720 47
721 42
722 36
723 43
724 39
725 37
726 44
727 34
728 27
729 33
730 42
731 40
732 36
733 30
734 34
735 33
736 39
737 37
738 38
739 43
740 49
741 46
742 36
743 48
744 38
745 39
746 35
747 44
748 37
749 41
750 40
751 37
752 45
753 43
754 34
755 40
756 40
757 41
758 46
759 36
760 36
761 36
762 42
763 39
764 29
765 39
766 38
767 40
768 34
769 40
770 44
771 42
772 42
773 37
774 40
775 33
776 49
777 41
778 38
779 40
780 34
781 45
782 37
783 32
784 44
785 42
786 42
787 38
788 31
789 35
790 42
791 36
792 38
793 44
794 44
795 32
796 40
797 32
798 34
799 42
800 39
801 46
802 39
803 48
804 32
805 38
806 40
807 38
808 43
809 38
810 39
811 51
812 33
813 34
814 40
815 37
816 41
817 48
818 43
819 46
820 33
821 43
822 42
823 35
824 36
825 47
826 36
827 47
828 42
829 27
830 42
831 40
832 45
833 35
834 34
835 40
836 39
837 39
838 29
839 39
840 39
841 36
842 33
843 40
844 40
845 35
846 38
847 40
848 29
849 35
850 30
851 37
852 34
853 33
854 39
855 36
856 42
857 35
858 40
859 42
860 32
861 41
862 29
863 41
864 43
865 43
866 36
867 36
868 41
869 37
870 39
871 45
872 33
873 38
874 38
875 36
876 35
877 36
878 37
879 34
880 37
881 35
882 36
883 43
884 30
885 39
886 40
887 43
888 46
889 42
890 43
891 41
892 40
893 40
894 48
895 31
896 33
897 45
898 42
899 38
900 33
901 44
902 43
903 39
904 37
905 36
906 34
907 34
908 39
909 30
910 37
911 37
912 37
913 32
914 47
915 45
916 41
917 38
918 39
919 49
920 37
921 27
922 38
923 41
924 30
925 40
926 34
927 33
928 37
929 32
930 45
931 47
932 34
933 37
934 44
935 44
936 37
937 41
938 43
939 52
940 45
941 42
942 39
943 41
944 36
945 42
946 39
947 28
948 39
949 36
950 43
951 44
952 32
953 34
954 40
955 35
956 37
957 44
958 35
959 38
960 37
961 38
962 37
963 34
964 32
965 38
966 33
967 45
968 39
969 40
970 39
971 36
972 37
973 41
974 48
975 37
976 43
977 38
978 37
979 40
980 43
981 44
982 43
983 50
984 32
985 38
986 35
987 41
988 48
989 36
990 41
991 38
992 30
993 39
994 34
995 28
996 41
997 38
998 44
999 43
1000 46
1001 34
1002 34
