# Selection 1:name NC3 PO4 GL1 GL2 Selection 2:name AUC AUSL AUL Cutoff:8 Start:0 End:-1
0 0
1 0
2 7
3 10
4 14
5 15
6 15
7 16
8 10
9 13
10 7
11 14
12 17
13 13
14 15
15 9
16 10
17 11
18 17
19 8
20 11
21 11
22 10
23 9
24 5
25 6
26 7
27 9
28 8
29 11
30 11
31 7
32 6
33 10
34 10
35 7
36 9
37 8
38 7
39 13
40 12
41 12
42 14
43 13
44 9
45 8
46 13
47 10
48 12
49 12
50 10
51 8
52 13
53 9
54 4
55 7
56 4
57 7
58 12
59 11
60 6
61 8
62 10
63 11
64 14
65 11
66 9
67 11
68 13
69 7
70 5
71 11
72 15
73 10
74 8
75 10
76 13
77 10
78 10
79 10
80 11
81 7
82 10
83 12
84 8
85 11
86 5
87 8
88 12
89 7
90 10
91 10
92 8
93 14
94 11
95 9
96 9
97 10
98 9
99 14
100 14
101 13
102 9
103 8
104 9
105 10
106 16
107 11
108 8
109 6
110 6
111 9
112 8
113 7
114 11
115 8
116 7
117 14
118 11
119 10
120 13
121 8
122 9
123 10
124 7
125 12
126 14
127 11
128 10
129 13
130 12
131 12
132 13
133 11
134 11
135 9
136 8
137 10
138 11
139 9
140 11
141 15
142 15
143 14
144 13
145 13
146 9
147 15
148 12
149 11
150 9
151 14
152 8
153 12
154 9
155 11
156 14
157 11
158 11
159 11
160 10
161 10
162 13
163 11
164 5
165 12
166 11
167 6
168 5
169 4
170 7
171 8
172 12
173 12
174 7
175 8
176 9
177 7
178 9
179 7
180 8
181 13
182 10
183 7
184 10
185 8
186 11
187 16
188 15
189 10
190 10
191 12
192 11
193 11
194 16
195 13
196 9
197 10
198 7
199 9
200 11
201 9
202 7
203 9
204 8
205 10
206 11
207 10
208 7
209 6
210 12
211 10
212 10
213 5
214 11
215 12
216 9
217 8
218 10
219 13
220 8
221 8
222 11
223 12
224 15
225 14
226 3
227 8
228 12
229 10
230 7
231 6
232 9
233 9
234 6
235 10
236 11
237 11
238 14
239 14
240 13
241 10
242 8
243 11
244 9
245 7
246 9
247 11
248 10
249 8
250 10
251 9
252 9
253 9
254 9
255 10
256 7
257 9
258 8
259 7
260 11
261 10
262 13
263 9
264 10
265 9
266 7
267 5
268 13
269 10
270 12
271 9
272 8
273 7
274 9
275 15
276 11
277 11
278 14
279 12
280 10
281 5
282 7
283 8
284 8
285 9
286 8
287 9
288 6
289 8
290 8
291 13
292 6
293 9
294 7
295 14
296 13
297 6
298 9
299 6
300 5
301 10
302 9
303 12
304 10
305 14
306 10
307 9
308 12
309 15
310 11
311 7
312 9
313 9
314 7
315 8
316 10
317 5
318 6
319 10
320 14
321 12
322 12
323 8
324 10
325 7
326 8
327 8
328 7
329 12
330 10
331 12
332 16
333 14
334 14
335 10
336 11
337 16
338 9
339 9
340 10
341 13
342 14
343 11
344 14
345 11
346 8
347 5
348 12
349 8
350 12
351 11
352 1
353 12
354 13
355 9
356 11
357 10
358 11
359 11
360 15
361 10
362 6
363 6
364 14
365 12
366 10
367 9
368 11
369 12
370 12
371 12
372 8
373 11
374 12
375 10
376 14
377 10
378 12
379 5
380 12
381 6
382 15
383 10
384 10
385 10
386 11
387 12
388 11
389 9
390 9
391 11
392 7
393 9
394 7
395 9
396 9
397 11
398 6
399 8
400 4
401 7
402 12
403 13
404 11
405 13
406 10
407 8
408 10
409 7
410 13
411 8
412 12
413 11
414 8
415 9
416 9
417 13
418 14
419 6
420 12
421 7
422 8
423 6
424 8
425 11
426 11
427 11
428 10
429 9
430 9
431 14
432 11
433 7
434 12
435 10
436 13
437 12
438 7
439 8
440 11
441 12
442 10
443 14
444 9
445 6
446 5
447 6
448 8
449 10
450 9
451 11
452 11
453 13
454 2
455 11
456 8
457 8
458 4
459 8
460 6
461 8
462 9
463 10
464 7
465 9
466 11
467 7
468 7
469 7
470 9
471 9
472 11
473 6
474 5
475 7
476 10
477 4
478 5
479 4
480 6
481 3
482 4
483 10
484 9
485 10
486 10
487 12
488 6
489 2
490 7
491 12
492 5
493 10
494 8
495 9
496 10
497 10
498 8
499 7
500 7
501 9
502 8
503 9
504 11
505 8
506 11
507 14
508 7
509 8
510 10
511 13
512 10
513 11
514 9
515 9
516 7
517 7
518 9
519 8
520 6
521 10
522 12
523 8
524 10
525 9
526 8
527 7
528 10
529 8
530 8
531 8
532 11
533 10
534 8
535 7
536 8
537 11
538 15
539 10
540 8
541 10
542 7
543 16
544 11
545 11
546 10
547 9
548 7
549 9
550 7
551 4
552 9
553 5
554 9
555 7
556 6
557 9
558 7
559 11
560 2
561 7
562 6
563 11
564 9
565 12
566 6
567 6
568 4
569 7
570 7
571 5
572 3
573 4
574 7
575 8
576 8
577 10
578 9
579 7
580 3
581 5
582 6
583 5
584 8
585 7
586 6
587 9
588 12
589 10
590 12
591 8
592 10
593 8
594 6
595 11
596 7
597 4
598 4
599 5
600 2
601 11
602 5
603 10
604 13
605 9
606 8
607 6
608 15
609 11
610 7
611 4
612 8
613 12
614 11
615 7
616 9
617 10
618 9
619 6
620 12
621 9
622 9
623 2
624 7
625 4
626 5
627 10
628 9
629 8
630 9
631 4
632 11
633 8
634 7
635 6
636 8
637 9
638 16
639 11
640 10
641 9
642 5
643 9
644 11
645 9
646 10
647 12
648 8
649 11
650 11
651 11
652 10
653 9
654 5
655 7
656 11
657 11
658 6
659 13
660 7
661 8
662 8
663 6
664 7
665 9
666 8
667 7
668 7
669 7
670 5
671 11
672 10
673 12
674 9
675 8
676 7
677 3
678 9
679 7
680 7
681 8
682 7
683 11
684 8
685 4
686 8
687 8
688 10
689 6
690 10
691 14
692 13
693 6
694 9
695 11
696 7
697 11
698 8
699 8
700 8
701 7
702 5
703 9
704 3
705 13
706 10
707 11
708 4
709 8
710 11
711 9
712 11
713 13
714 6
715 6
716 8
717 12
718 13
719 8
720 10
721 7
722 13
723 11
724 8
725 13
726 10
727 10
728 7
729 7
730 6
731 7
732 5
733 9
734 9
735 11
736 8
737 8
738 10
739 10
740 9
741 9
742 10
743 9
744 6
745 15
746 12
747 14
748 8
749 4
750 9
751 9
752 7
753 12
754 13
755 11
756 5
757 11
758 9
759 6
760 9
761 7
762 8
763 10
764 8
765 8
766 6
767 7
768 6
769 6
770 5
771 7
772 6
773 6
774 5
775 6
776 8
777 11
778 8
779 10
780 5
781 7
782 10
783 6
784 7
785 10
786 12
787 7
788 10
789 11
790 10
791 10
792 9
793 12
794 10
795 7
796 5
797 11
798 9
799 8
800 9
801 5
802 8
803 7
804 9
805 6
806 9
807 7
808 8
809 12
810 6
811 10
812 12
813 9
814 6
815 9
816 6
817 8
818 4
819 3
820 9
821 6
822 4
823 5
824 7
825 8
826 11
827 10
828 12
829 7
830 10
831 8
832 14
833 8
834 10
835 9
836 8
837 8
838 10
839 10
840 10
841 11
842 6
843 14
844 11
845 8
846 9
847 9
848 4
849 11
850 7
851 10
852 7
853 9
854 10
855 8
856 8
857 13
858 14
859 10
860 13
861 8
862 11
863 4
864 9
865 5
866 7
867 11
868 10
869 11
870 12
871 6
872 10
873 9
874 9
875 5
876 12
877 16
878 11
879 7
880 7
881 10
882 13
883 5
884 8
885 3
886 11
887 10
888 2
889 10
890 6
891 6
892 9
893 11
894 7
895 7
896 1
897 6
898 5
899 7
900 4
901 9
902 5
903 8
904 13
905 10
906 10
907 9
908 8
909 7
910 8
911 7
912 4
913 10
914 8
915 8
916 5
917 12
918 9
919 9
920 11
921 8
922 8
923 13
924 10
925 10
926 12
927 5
928 6
929 5
930 10
931 13
932 12
933 11
934 6
935 9
936 12
937 10
938 10
939 7
940 7
941 9
942 9
943 11
944 8
945 5
946 10
947 11
948 6
949 5
950 7
951 10
952 6
953 9
954 9
955 10
956 5
957 10
958 7
959 10
960 8
961 6
962 7
963 10
964 8
965 9
966 4
967 6
968 5
969 5
970 7
971 9
972 11
973 7
974 9
975 7
976 8
977 10
978 5
979 10
980 5
981 14
982 7
983 6
984 3
985 7
986 14
987 12
988 9
989 11
990 5
991 4
992 10
993 7
994 2
995 7
996 3
997 13
998 11
999 7
1000 8
1001 7
1002 7
