# Selection:resname AU W ION Restricted:name AUC AUL AUSL Radius:2.64 Start:0 End:-1
0 254.15150451660156
1 257.59759521484375
2 56.43024444580078
3 38.76886749267578
4 90.460693359375
5 98.64525604248047
6 107.69131469726563
7 93.4760513305664
8 95.1991195678711
9 121.47579193115234
10 109.84513092041016
11 114.58354949951172
12 128.79879760742188
13 133.10646057128906
14 114.15277862548828
15 49.96876907348633
16 62.46095657348633
17 133.96800231933594
18 102.52213287353516
19 65.9070816040039
20 102.09135437011719
21 40.92269515991211
22 136.12181091308594
23 104.24519348144531
24 72.79932403564453
25 45.661109924316406
26 118.0296630859375
27 106.82977294921875
28 108.12206268310547
29 115.01431274414063
30 82.7069320678711
31 71.50703430175781
32 61.16866683959961
33 101.22984313964844
34 99.93753051757813
35 105.53749084472656
36 66.33784484863281
37 92.18375396728516
38 81.84539031982422
39 109.41436767578125
40 93.90682220458984
41 171.44454956054688
42 170.1522674560547
43 134.8295135498047
44 148.18324279785156
45 110.70665740966797
46 160.67543029785156
47 120.61426544189453
48 118.0296630859375
49 207.62881469726563
50 138.70639038085938
51 81.84539794921875
52 96.92219543457031
53 102.09136199951172
54 102.09135437011719
55 92.61453247070313
56 65.476318359375
57 65.9070816040039
58 100.36830139160156
59 92.18376922607422
60 60.307125091552734
61 52.122596740722656
62 125.3526840209961
63 92.61454010009766
64 139.9987030029297
65 74.52239990234375
66 81.41462707519531
67 87.44535064697266
68 149.0447540283203
69 78.83003234863281
70 77.10697937011719
71 116.30662536621094
72 148.18324279785156
73 132.6757049560547
74 81.41463470458984
75 52.984127044677734
76 56.86101150512695
77 81.84538269042969
78 98.21446228027344
79 101.22984313964844
80 102.95289611816406
81 55.13794708251953
82 42.214988708496094
83 130.52186584472656
84 144.30633544921875
85 157.6600799560547
86 110.27589416503906
87 112.42973327636719
88 105.5374755859375
89 148.18324279785156
90 152.92166137695313
91 71.07626342773438
92 72.36856842041016
93 97.78372192382813
94 93.04530334472656
95 74.95315551757813
96 90.46068572998047
97 117.16815948486328
98 110.70667266845703
99 64.61478424072266
100 70.64549255371094
101 107.26054382324219
102 82.27616882324219
103 126.21421813964844
104 168.85997009277344
105 159.38314819335938
106 172.7368621826172
107 165.84463500976563
108 129.2295684814453
109 102.952880859375
110 25.84591293334961
111 73.23008728027344
112 71.07626342773438
113 72.36856079101563
114 98.21448516845703
115 105.53748321533203
116 135.26026916503906
117 91.75299835205078
118 147.7524871826172
119 117.59890747070313
120 132.6757049560547
121 80.9838638305664
122 149.9063262939453
123 93.4760513305664
124 95.19910430908203
125 181.78292846679688
126 93.90682220458984
127 126.64498138427734
128 123.19886016845703
129 109.84512329101563
130 146.46017456054688
131 129.66030883789063
132 150.76783752441406
133 151.62936401367188
134 174.8906707763672
135 151.62936401367188
136 165.4138641357422
137 79.69155883789063
138 180.0598602294922
139 98.64523315429688
140 103.8144302368164
141 130.52186584472656
142 96.49141693115234
143 171.44456481933594
144 98.6452407836914
145 138.27561950683594
146 68.92244720458984
147 149.04476928710938
148 143.87557983398438
149 95.6298828125
150 96.49140167236328
151 219.69027709960938
152 88.73764038085938
153 125.78343963623047
154 106.82978820800781
155 114.58354187011719
156 146.89093017578125
157 188.67515563964844
158 111.99895477294922
159 139.1371612548828
160 72.79932403564453
161 81.41463470458984
162 152.4908905029297
163 59.014835357666016
164 68.92244720458984
165 91.32223510742188
166 93.90682220458984
167 111.56819152832031
168 61.59942626953125
169 58.15330505371094
170 98.21446990966797
171 59.44560623168945
172 98.21446990966797
173 83.5684585571289
174 91.32222747802734
175 69.7839584350586
176 109.84513854980469
177 52.122589111328125
178 123.19883728027344
179 133.96798706054688
180 117.16814422607422
181 116.30661010742188
182 139.5679473876953
183 105.53748321533203
184 67.63014221191406
185 148.18325805664063
186 102.9529037475586
187 101.66059875488281
188 103.38365936279297
189 67.63013458251953
190 76.67621612548828
191 111.13743591308594
192 77.5377426147461
193 121.47578430175781
194 104.24518585205078
195 121.47579956054688
196 115.01431274414063
197 102.52212524414063
198 68.92243957519531
199 118.46044158935547
200 166.27537536621094
201 162.82923889160156
202 70.21472930908203
203 80.98387145996094
204 60.73789596557617
205 83.1376953125
206 122.33732604980469
207 93.90682220458984
208 87.44534301757813
209 46.95341110229492
210 72.3685531616211
211 93.4760513305664
212 167.99842834472656
213 81.41462707519531
214 136.98333740234375
215 114.15277862548828
216 96.06065368652344
217 99.07599639892578
218 127.50650787353516
219 96.49141693115234
220 86.58381652832031
221 74.52239990234375
222 90.0299301147461
223 77.53773498535156
224 118.02967071533203
225 92.18375396728516
226 61.59942626953125
227 70.21472930908203
228 58.1533088684082
229 45.230350494384766
230 81.41462707519531
231 77.10697937011719
232 110.70665740966797
233 65.04554748535156
234 72.36856842041016
235 135.26028442382813
236 121.04502868652344
237 110.27590942382813
238 131.38340759277344
239 86.15304565429688
240 180.0598602294922
241 111.1374282836914
242 103.81442260742188
243 119.75273132324219
244 158.52162170410156
245 70.21472930908203
246 115.87584686279297
247 120.1834945678711
248 102.52212524414063
249 119.75273132324219
250 108.12207794189453
251 98.21446228027344
252 144.3063507080078
253 89.16840362548828
254 112.42972564697266
255 63.3224983215332
256 118.02967834472656
257 129.2295684814453
258 84.42998504638672
259 71.50704193115234
260 171.0137939453125
261 139.1371612548828
262 153.783203125
263 156.3677978515625
264 133.53720092773438
265 162.3984832763672
266 82.70692443847656
267 127.07572937011719
268 130.95265197753906
269 116.30662536621094
270 110.70667266845703
271 86.15304565429688
272 47.38417053222656
273 37.04581069946289
274 133.10647583007813
275 128.3680419921875
276 92.18376159667969
277 102.09135437011719
278 111.56819915771484
279 120.61425018310547
280 74.09161376953125
281 93.04529571533203
282 120.61425018310547
283 53.414894104003906
284 103.38365173339844
285 90.46070098876953
286 130.95263671875
287 90.46070861816406
288 117.16812896728516
289 143.01405334472656
290 63.32249450683594
291 112.86048889160156
292 116.30660247802734
293 136.5525665283203
294 97.78369140625
295 65.476318359375
296 102.52213287353516
297 57.72254180908203
298 65.04554748535156
299 85.29151153564453
300 71.50702667236328
301 81.84539794921875
302 80.1223373413086
303 108.98358917236328
304 108.55284881591797
305 133.1064453125
306 58.15330123901367
307 32.30739212036133
308 90.89147186279297
309 124.06038665771484
310 97.35293579101563
311 117.59890747070313
312 146.02940368652344
313 77.968505859375
314 54.276424407958984
315 62.460960388183594
316 87.4453353881836
317 83.13768768310547
318 93.04529571533203
319 119.32197570800781
320 135.2602996826172
321 85.72228240966797
322 81.41462707519531
323 74.09162902832031
324 148.18324279785156
325 124.49114227294922
326 57.72254180908203
327 97.35293579101563
328 100.799072265625
329 101.66060638427734
330 120.1834945678711
331 78.3992691040039
332 130.52186584472656
333 137.8448486328125
334 139.5679168701172
335 85.7222900390625
336 102.09136199951172
337 167.99844360351563
338 85.29153442382813
339 121.47578430175781
340 93.04528045654297
341 86.1530532836914
342 160.6754150390625
343 86.58380126953125
344 118.89120483398438
345 152.9216766357422
346 132.67567443847656
347 66.33785247802734
348 97.3529281616211
349 127.07574462890625
350 161.53695678710938
351 88.306884765625
352 69.78396606445313
353 88.3068618774414
354 79.26079559326172
355 101.2298355102539
356 82.27616119384766
357 78.39927673339844
358 92.6145248413086
359 111.13742065429688
360 79.26079559326172
361 77.5377426147461
362 48.24570083618164
363 47.814945220947266
364 94.76835632324219
365 95.19911193847656
366 107.26054382324219
367 90.8914566040039
368 104.24519348144531
369 77.10697174072266
370 124.92192077636719
371 117.16814422607422
372 51.69182586669922
373 134.39874267578125
374 125.3526840209961
375 122.76808166503906
376 114.15279388427734
377 87.4453353881836
378 161.9677276611328
379 74.95315551757813
380 89.16840362548828
381 68.92243194580078
382 111.1374282836914
383 117.16814422607422
384 85.72227478027344
385 140.42947387695313
386 133.96798706054688
387 112.86051177978516
388 142.58328247070313
389 115.01432037353516
390 59.876373291015625
391 75.38391876220703
392 47.38417434692383
393 92.6145248413086
394 115.44508361816406
395 98.21446990966797
396 80.1223373413086
397 62.03019714355469
398 71.07626342773438
399 105.10671997070313
400 46.09187698364258
401 82.70691680908203
402 70.21472930908203
403 97.35295104980469
404 89.59916687011719
405 114.58354949951172
406 87.87610626220703
407 89.59915924072266
408 106.82977294921875
409 80.98387145996094
410 131.81414794921875
411 57.72254180908203
412 133.5372314453125
413 102.95289611816406
414 102.09136962890625
415 101.2298355102539
416 114.58354949951172
417 135.6910400390625
418 147.75247192382813
419 60.30712890625
420 147.32171630859375
421 112.8604965209961
422 85.29151916503906
423 157.6600799560547
424 117.16815185546875
425 123.62962341308594
426 126.21421813964844
427 127.50651550292969
428 70.21473693847656
429 82.7069320678711
430 89.59917449951172
431 111.56818389892578
432 74.9531478881836
433 113.29125213623047
434 77.10698699951172
435 131.8141632080078
436 124.49116516113281
437 135.69105529785156
438 126.21421813964844
439 88.73764038085938
440 73.23008728027344
441 65.90708923339844
442 52.98412322998047
443 84.42998504638672
444 93.90681457519531
445 102.09136199951172
446 111.1374282836914
447 81.84539794921875
448 75.8146743774414
449 153.78317260742188
450 96.49140930175781
451 181.35215759277344
452 172.73687744140625
453 60.73789978027344
454 51.69182205200195
455 168.85997009277344
456 110.70665740966797
457 107.26054382324219
458 83.99922943115234
459 103.38365936279297
460 83.56845092773438
461 74.52238464355469
462 96.92218017578125
463 110.70664978027344
464 133.10647583007813
465 119.75273895263672
466 108.98361206054688
467 99.50676727294922
468 111.1374282836914
469 49.10723876953125
470 76.67620849609375
471 72.36856079101563
472 55.99948501586914
473 93.04529571533203
474 51.69182586669922
475 154.6446990966797
476 134.8295135498047
477 97.35293579101563
478 111.13742065429688
479 94.33757781982422
480 83.56845092773438
481 78.3992691040039
482 35.32274627685547
483 74.52239227294922
484 127.93727111816406
485 142.58331298828125
486 93.0452880859375
487 118.8912124633789
488 67.63014221191406
489 83.99921417236328
490 76.67620849609375
491 101.66059875488281
492 111.56819915771484
493 85.72227478027344
494 44.36881637573242
495 60.307132720947266
496 60.30713653564453
497 53.84564971923828
498 118.02967071533203
499 83.13768768310547
500 63.75325393676758
501 105.96825408935547
502 76.2454605102539
503 54.70718002319336
504 46.09187698364258
505 90.8914794921875
506 105.10670471191406
507 90.460693359375
508 72.36856079101563
509 112.42972564697266
510 115.0143051147461
511 171.44454956054688
512 116.73738861083984
513 97.7837142944336
514 65.9070816040039
515 85.72227478027344
516 143.44480895996094
517 102.95289611816406
518 136.5525665283203
519 87.87610626220703
520 78.83003997802734
521 91.75300598144531
522 118.02967071533203
523 130.52186584472656
524 110.2759017944336
525 71.93779754638672
526 106.39901733398438
527 70.64550018310547
528 162.3984832763672
529 136.9833526611328
530 53.414886474609375
531 97.35294342041016
532 128.3680419921875
533 82.70692443847656
534 126.21421813964844
535 142.15252685546875
536 67.63014221191406
537 132.24493408203125
538 87.01457214355469
539 85.72228240966797
540 98.21446990966797
541 124.06039428710938
542 86.58380889892578
543 166.27537536621094
544 120.6142578125
545 135.26028442382813
546 79.26080322265625
547 104.67594909667969
548 54.27641677856445
549 112.8604965209961
550 72.36856079101563
551 77.10697174072266
552 118.46043395996094
553 60.30713653564453
554 58.58407211303711
555 99.50677490234375
556 32.30739212036133
557 76.24543762207031
558 46.09188461303711
559 44.36882019042969
560 44.799583435058594
561 41.353458404541016
562 72.79933166503906
563 105.5374755859375
564 68.4916763305664
565 56.43024826049805
566 111.99896240234375
567 65.47631072998047
568 25.415145874023438
569 112.42973327636719
570 67.19937896728516
571 125.78343963623047
572 65.476318359375
573 110.70665740966797
574 37.045806884765625
575 114.58355712890625
576 136.98333740234375
577 132.67568969726563
578 111.99895477294922
579 65.04553985595703
580 88.30687713623047
581 65.0455551147461
582 119.75273132324219
583 62.8917236328125
584 106.82978057861328
585 97.78370666503906
586 48.24570846557617
587 118.02967071533203
588 105.9682388305664
589 126.64498138427734
590 103.81442260742188
591 91.75299835205078
592 108.55282592773438
593 117.59890747070313
594 67.63013458251953
595 87.44532775878906
596 37.4765739440918
597 40.92270278930664
598 62.460960388183594
599 89.59917449951172
600 63.75324630737305
601 82.27615356445313
602 85.2915267944336
603 100.36830139160156
604 84.86074829101563
605 32.738155364990234
606 43.507293701171875
607 73.23009490966797
608 106.82977294921875
609 137.84487915039063
610 102.09136199951172
611 80.1223373413086
612 77.5377426147461
613 129.66033935546875
614 95.62989044189453
615 129.66033935546875
616 93.47605895996094
617 77.10698699951172
618 85.29151153564453
619 84.42997741699219
620 78.3992691040039
621 90.0299301147461
622 113.7220230102539
623 55.13794708251953
624 89.16841125488281
625 39.19963073730469
626 41.35346984863281
627 92.6145248413086
628 83.5684585571289
629 115.44507598876953
630 45.2303466796875
631 33.168922424316406
632 46.953407287597656
633 127.07575225830078
634 70.64550018310547
635 108.55284118652344
636 105.96824645996094
637 131.81417846679688
638 81.84539031982422
639 85.72228240966797
640 104.67596435546875
641 100.7990493774414
642 58.1533088684082
643 139.13714599609375
644 113.291259765625
645 81.41463470458984
646 90.46070861816406
647 87.8761215209961
648 87.01457214355469
649 74.95315551757813
650 150.33706665039063
651 140.86021423339844
652 103.38365936279297
653 73.66085815429688
654 43.07652282714844
655 87.01457214355469
656 50.399532318115234
657 144.30633544921875
658 97.35295104980469
659 152.4908905029297
660 54.27641677856445
661 90.89147186279297
662 64.61479187011719
663 87.87611389160156
664 117.59891510009766
665 109.41436004638672
666 96.0606460571289
667 151.19859313964844
668 112.86048889160156
669 87.87610626220703
670 36.61504364013672
671 108.1220703125
672 139.56793212890625
673 78.83003997802734
674 92.18376922607422
675 88.30687713623047
676 104.67594909667969
677 83.99922180175781
678 117.16812896728516
679 96.92218780517578
680 104.67594146728516
681 38.338104248046875
682 78.83004760742188
683 127.50651550292969
684 53.414886474609375
685 41.78422927856445
686 79.69157409667969
687 102.9529037475586
688 93.4760513305664
689 86.58380889892578
690 43.07651901245117
691 99.50676727294922
692 99.50676727294922
693 127.07573699951172
694 82.27616119384766
695 106.39900207519531
696 157.2293243408203
697 97.7837142944336
698 149.4755401611328
699 112.42973327636719
700 144.3063507080078
701 125.35267639160156
702 78.39928436279297
703 66.76860809326172
704 112.42971801757813
705 127.07574462890625
706 98.21446228027344
707 109.84512329101563
708 110.70665740966797
709 131.81414794921875
710 134.39874267578125
711 142.5832977294922
712 163.69078063964844
713 102.52214050292969
714 56.86100769042969
715 55.1379508972168
716 60.73789596557617
717 66.76861572265625
718 121.47579956054688
719 68.49166870117188
720 77.53775024414063
721 49.96876525878906
722 96.92218017578125
723 104.67594909667969
724 108.98358917236328
725 93.90682983398438
726 110.27587890625
727 125.783447265625
728 57.722537994384766
729 116.73737335205078
730 89.16841125488281
731 74.95315551757813
732 75.3839111328125
733 90.0299301147461
734 80.5531005859375
735 118.8912124633789
736 114.58354187011719
737 136.12181091308594
738 139.9987030029297
739 122.33732604980469
740 86.58381652832031
741 152.49087524414063
742 162.39846801757813
743 179.62908935546875
744 154.6447296142578
745 96.49141693115234
746 117.59889221191406
747 149.9062957763672
748 96.06065368652344
749 40.0611686706543
750 96.06063079833984
751 111.13743591308594
752 109.41436767578125
753 139.1371612548828
754 101.66060638427734
755 87.44532775878906
756 76.24544525146484
757 103.38365173339844
758 90.46070098876953
759 85.7222900390625
760 58.58407211303711
761 66.33784484863281
762 85.72228240966797
763 91.75299835205078
764 94.76834869384766
765 135.26028442382813
766 59.876365661621094
767 73.23008728027344
768 108.55284881591797
769 71.50702667236328
770 101.66058349609375
771 80.98385620117188
772 77.10697937011719
773 29.72279930114746
774 50.83029556274414
775 71.50701904296875
776 79.26079559326172
777 76.67620849609375
778 43.50728988647461
779 105.5374755859375
780 52.98412322998047
781 65.47631072998047
782 41.353458404541016
783 61.168663024902344
784 82.70692443847656
785 99.93753814697266
786 108.98361206054688
787 103.38365173339844
788 147.7524871826172
789 136.98333740234375
790 193.84432983398438
791 93.90682220458984
792 113.291259765625
793 101.22982788085938
794 106.39900970458984
795 50.39952850341797
796 88.30686950683594
797 63.753257751464844
798 84.86075592041016
799 49.96876907348633
800 69.78396606445313
801 54.27641677856445
802 59.44559860229492
803 83.99922180175781
804 90.89146423339844
805 82.70691680908203
806 126.64497375488281
807 90.02993774414063
808 49.538002014160156
809 49.107234954833984
810 53.84565353393555
811 68.06089782714844
812 57.291778564453125
813 71.93779754638672
814 58.1533088684082
815 103.81442260742188
816 53.414886474609375
817 109.41437530517578
818 70.64550018310547
819 53.84564971923828
820 78.83004760742188
821 30.153562545776367
822 36.61504364013672
823 108.55282592773438
824 136.12181091308594
825 105.1067123413086
826 154.6446990966797
827 95.19911193847656
828 74.95316314697266
829 95.6298828125
830 81.41463470458984
831 78.3992691040039
832 95.62987518310547
833 49.107234954833984
834 123.629638671875
835 47.38417434692383
836 56.86101150512695
837 103.38365173339844
838 96.92217254638672
839 59.87636184692383
840 70.21473693847656
841 100.36830139160156
842 103.38365173339844
843 109.41436004638672
844 92.61451721191406
845 118.4604263305664
846 96.06063842773438
847 109.84513092041016
848 90.89147186279297
849 49.53800582885742
850 58.15330505371094
851 82.27616119384766
852 80.9838638305664
853 75.3839111328125
854 56.86101531982422
855 75.8146743774414
856 121.04502868652344
857 153.78318786621094
858 41.78422546386719
859 150.767822265625
860 132.67568969726563
861 131.38340759277344
862 143.87559509277344
863 76.67621612548828
864 118.46044921875
865 58.15330505371094
866 65.90707397460938
867 92.18376922607422
868 136.98336791992188
869 140.42945861816406
870 80.5531005859375
871 37.4765739440918
872 46.091880798339844
873 105.96824645996094
874 42.64575958251953
875 155.50625610351563
876 112.42972564697266
877 110.70667266845703
878 107.6913070678711
879 64.18402099609375
880 59.876365661621094
881 101.2298355102539
882 106.82977294921875
883 97.35293579101563
884 95.6298828125
885 38.76886749267578
886 90.46070098876953
887 135.26026916503906
888 71.93779754638672
889 59.44560623168945
890 46.522647857666016
891 88.30686950683594
892 133.53721618652344
893 84.42998504638672
894 67.63014221191406
895 78.3992691040039
896 24.553617477416992
897 42.64575958251953
898 65.9070816040039
899 69.35320281982422
900 36.61505126953125
901 125.78345489501953
902 52.984127044677734
903 96.06063842773438
904 90.89146423339844
905 132.24493408203125
906 43.93805694580078
907 60.73789978027344
908 70.21473693847656
909 101.22982788085938
910 98.21446990966797
911 60.30713653564453
912 41.78423309326172
913 59.44560241699219
914 90.89146423339844
915 51.26106643676758
916 45.2303466796875
917 91.32223510742188
918 85.29151153564453
919 105.10671997070313
920 118.89118957519531
921 46.52264404296875
922 109.41438293457031
923 72.36856842041016
924 85.72228240966797
925 108.98359680175781
926 78.83003997802734
927 98.21446228027344
928 68.92243957519531
929 105.10671997070313
930 76.24544525146484
931 111.56818389892578
932 152.06011962890625
933 108.12207794189453
934 129.22958374023438
935 95.62987518310547
936 99.93753814697266
937 70.21472930908203
938 52.98412322998047
939 77.5377426147461
940 59.44561004638672
941 113.291259765625
942 94.33758544921875
943 60.30712890625
944 99.50676727294922
945 55.13795471191406
946 118.89119720458984
947 152.0601043701172
948 113.72203063964844
949 46.52264404296875
950 87.87610626220703
951 105.96825408935547
952 107.26055908203125
953 100.799072265625
954 100.79905700683594
955 107.26054382324219
956 74.9531478881836
957 79.26079559326172
958 129.2295684814453
959 70.21472930908203
960 83.99922180175781
961 112.8604965209961
962 84.42999267578125
963 110.27589416503906
964 77.53775024414063
965 77.96852111816406
966 70.6455078125
967 76.67620849609375
968 135.6910400390625
969 115.44508361816406
970 117.16813659667969
971 126.64497375488281
972 92.61451721191406
973 186.52133178710938
974 107.69129943847656
975 120.61426544189453
976 59.014835357666016
977 189.10595703125
978 102.52213287353516
979 128.798828125
980 105.10672760009766
981 119.32196807861328
982 142.15252685546875
983 43.938053131103516
984 83.99921417236328
985 117.16813659667969
986 118.46044921875
987 60.30713653564453
988 172.73684692382813
989 88.7376480102539
990 85.72228240966797
991 80.5531005859375
992 62.460968017578125
993 79.26079559326172
994 68.06090545654297
995 85.29151916503906
996 63.75325393676758
997 137.84486389160156
998 59.01484298706055
999 83.13768768310547
1000 107.26054382324219
1001 66.76861572265625
1002 66.76861572265625
