# Selection 1:name C1A D2A C3A C4A C1B C2B C3B C4B Selection 2:name AUC AUSL AUL Cutoff:8 Start:0 End:-1
0 0
1 0
2 20
3 15
4 11
5 13
6 16
7 18
8 12
9 19
10 18
11 14
12 17
13 24
14 17
15 20
16 18
17 25
18 19
19 26
20 24
21 26
22 26
23 30
24 31
25 22
26 27
27 22
28 25
29 24
30 26
31 24
32 26
33 22
34 26
35 29
36 17
37 22
38 23
39 20
40 23
41 25
42 21
43 18
44 23
45 20
46 24
47 24
48 22
49 33
50 25
51 24
52 20
53 28
54 25
55 29
56 19
57 20
58 30
59 17
60 17
61 17
62 27
63 23
64 30
65 21
66 22
67 13
68 28
69 14
70 21
71 28
72 24
73 18
74 20
75 24
76 13
77 18
78 23
79 20
80 23
81 17
82 18
83 22
84 25
85 25
86 25
87 26
88 25
89 23
90 28
91 15
92 22
93 18
94 17
95 16
96 21
97 29
98 16
99 14
100 15
101 20
102 16
103 25
104 25
105 27
106 23
107 26
108 26
109 25
110 16
111 24
112 23
113 20
114 23
115 30
116 27
117 13
118 21
119 25
120 25
121 22
122 31
123 15
124 26
125 27
126 17
127 23
128 18
129 20
130 18
131 24
132 23
133 26
134 27
135 24
136 25
137 21
138 29
139 17
140 18
141 21
142 20
143 22
144 21
145 29
146 19
147 22
148 23
149 21
150 26
151 23
152 27
153 23
154 26
155 19
156 30
157 29
158 29
159 24
160 19
161 22
162 25
163 18
164 23
165 29
166 17
167 21
168 17
169 20
170 21
171 20
172 26
173 19
174 17
175 18
176 20
177 21
178 23
179 25
180 17
181 24
182 24
183 27
184 24
185 25
186 23
187 20
188 18
189 22
190 21
191 25
192 22
193 20
194 20
195 20
196 26
197 19
198 19
199 22
200 26
201 30
202 18
203 25
204 19
205 21
206 23
207 20
208 23
209 24
210 19
211 29
212 27
213 25
214 26
215 19
216 19
217 14
218 20
219 29
220 28
221 24
222 13
223 18
224 22
225 16
226 18
227 25
228 9
229 17
230 30
231 18
232 25
233 24
234 23
235 23
236 23
237 22
238 22
239 17
240 27
241 22
242 18
243 21
244 25
245 22
246 26
247 26
248 21
249 24
250 26
251 17
252 26
253 19
254 20
255 16
256 23
257 30
258 19
259 16
260 22
261 22
262 33
263 30
264 25
265 24
266 19
267 20
268 21
269 25
270 16
271 17
272 20
273 18
274 25
275 16
276 16
277 15
278 23
279 29
280 23
281 30
282 28
283 21
284 21
285 25
286 27
287 21
288 26
289 27
290 18
291 25
292 30
293 29
294 26
295 18
296 20
297 20
298 14
299 14
300 18
301 20
302 23
303 27
304 26
305 21
306 17
307 14
308 25
309 16
310 22
311 26
312 24
313 17
314 21
315 15
316 29
317 24
318 22
319 28
320 24
321 22
322 21
323 22
324 30
325 22
326 19
327 21
328 18
329 23
330 24
331 22
332 23
333 22
334 28
335 20
336 20
337 28
338 19
339 29
340 26
341 20
342 27
343 26
344 22
345 28
346 28
347 19
348 22
349 30
350 20
351 16
352 18
353 21
354 22
355 22
356 18
357 26
358 17
359 22
360 19
361 19
362 16
363 27
364 20
365 24
366 22
367 19
368 19
369 18
370 24
371 29
372 23
373 16
374 19
375 19
376 21
377 23
378 32
379 27
380 21
381 18
382 12
383 26
384 24
385 22
386 27
387 19
388 22
389 27
390 19
391 22
392 14
393 21
394 24
395 24
396 21
397 18
398 24
399 25
400 17
401 19
402 13
403 25
404 24
405 22
406 18
407 23
408 14
409 22
410 21
411 15
412 20
413 19
414 18
415 25
416 26
417 23
418 22
419 17
420 25
421 27
422 20
423 25
424 23
425 24
426 26
427 22
428 16
429 20
430 17
431 16
432 22
433 30
434 19
435 24
436 16
437 29
438 25
439 21
440 19
441 24
442 22
443 20
444 26
445 21
446 19
447 25
448 23
449 23
450 20
451 26
452 30
453 14
454 26
455 23
456 23
457 18
458 27
459 29
460 16
461 16
462 21
463 19
464 24
465 21
466 20
467 27
468 23
469 18
470 16
471 21
472 17
473 30
474 20
475 32
476 27
477 20
478 21
479 26
480 19
481 22
482 26
483 20
484 22
485 23
486 25
487 27
488 15
489 26
490 18
491 21
492 25
493 27
494 21
495 22
496 11
497 24
498 28
499 22
500 14
501 21
502 25
503 13
504 17
505 25
506 21
507 26
508 21
509 25
510 23
511 30
512 22
513 22
514 19
515 25
516 27
517 24
518 21
519 22
520 17
521 29
522 23
523 25
524 19
525 20
526 24
527 29
528 25
529 23
530 18
531 19
532 24
533 22
534 23
535 26
536 15
537 23
538 17
539 28
540 24
541 27
542 20
543 26
544 21
545 20
546 16
547 23
548 21
549 27
550 29
551 22
552 28
553 22
554 18
555 22
556 19
557 14
558 25
559 17
560 19
561 19
562 22
563 16
564 21
565 21
566 25
567 21
568 13
569 28
570 22
571 27
572 17
573 28
574 17
575 21
576 20
577 25
578 22
579 21
580 24
581 25
582 24
583 21
584 20
585 25
586 20
587 28
588 18
589 22
590 21
591 21
592 23
593 31
594 31
595 29
596 15
597 14
598 25
599 20
600 22
601 17
602 15
603 23
604 22
605 15
606 14
607 24
608 27
609 31
610 27
611 25
612 20
613 22
614 19
615 19
616 26
617 19
618 20
619 21
620 19
621 24
622 24
623 17
624 21
625 20
626 15
627 19
628 19
629 26
630 17
631 16
632 15
633 24
634 20
635 23
636 26
637 32
638 20
639 17
640 29
641 24
642 20
643 21
644 17
645 21
646 16
647 26
648 17
649 15
650 22
651 26
652 15
653 17
654 15
655 28
656 23
657 26
658 28
659 26
660 23
661 24
662 23
663 21
664 29
665 26
666 28
667 31
668 31
669 28
670 24
671 28
672 29
673 15
674 25
675 19
676 29
677 23
678 25
679 28
680 29
681 15
682 25
683 20
684 18
685 21
686 20
687 20
688 17
689 29
690 18
691 22
692 19
693 31
694 26
695 22
696 32
697 24
698 24
699 25
700 29
701 29
702 24
703 23
704 20
705 21
706 16
707 20
708 31
709 22
710 22
711 27
712 23
713 28
714 21
715 19
716 15
717 19
718 29
719 22
720 19
721 19
722 18
723 23
724 24
725 26
726 27
727 25
728 17
729 25
730 21
731 22
732 21
733 19
734 19
735 20
736 29
737 22
738 21
739 24
740 20
741 30
742 28
743 21
744 33
745 24
746 24
747 20
748 23
749 18
750 21
751 26
752 24
753 28
754 19
755 18
756 18
757 28
758 27
759 23
760 20
761 18
762 21
763 27
764 22
765 25
766 21
767 24
768 31
769 22
770 28
771 18
772 23
773 10
774 19
775 20
776 20
777 19
778 23
779 23
780 23
781 25
782 15
783 18
784 30
785 27
786 22
787 21
788 22
789 20
790 30
791 15
792 24
793 22
794 21
795 15
796 21
797 16
798 23
799 16
800 18
801 25
802 21
803 21
804 26
805 21
806 26
807 21
808 19
809 15
810 18
811 17
812 15
813 25
814 18
815 19
816 19
817 33
818 22
819 19
820 22
821 14
822 13
823 27
824 29
825 24
826 28
827 20
828 16
829 22
830 21
831 20
832 23
833 20
834 26
835 15
836 17
837 19
838 18
839 18
840 22
841 17
842 24
843 23
844 27
845 27
846 20
847 27
848 22
849 12
850 17
851 20
852 20
853 24
854 15
855 23
856 27
857 24
858 21
859 28
860 28
861 24
862 24
863 20
864 21
865 14
866 13
867 17
868 19
869 24
870 18
871 21
872 19
873 17
874 19
875 27
876 24
877 17
878 21
879 22
880 21
881 25
882 17
883 21
884 21
885 17
886 21
887 24
888 21
889 18
890 22
891 17
892 28
893 17
894 20
895 20
896 19
897 16
898 23
899 28
900 25
901 22
902 18
903 13
904 25
905 19
906 12
907 24
908 15
909 24
910 26
911 20
912 20
913 22
914 20
915 17
916 19
917 21
918 19
919 28
920 27
921 20
922 22
923 21
924 19
925 21
926 24
927 26
928 18
929 27
930 19
931 24
932 22
933 23
934 27
935 23
936 21
937 12
938 13
939 25
940 22
941 20
942 26
943 19
944 25
945 19
946 24
947 30
948 24
949 25
950 27
951 25
952 25
953 27
954 29
955 23
956 20
957 19
958 22
959 16
960 23
961 27
962 27
963 28
964 25
965 20
966 30
967 19
968 26
969 23
970 29
971 26
972 20
973 29
974 28
975 23
976 22
977 31
978 25
979 21
980 28
981 30
982 26
983 16
984 25
985 26
986 28
987 29
988 34
989 32
990 25
991 19
992 18
993 20
994 20
995 18
996 28
997 27
998 21
999 26
1000 22
1001 25
1002 25
