# Selection:resname AU POPC Restricted:name AUC AUL AUSL Radius:2.64 Start:0 End:-1
0 254.15150451660156
1 257.59759521484375
2 96.06065368652344
3 186.95211791992188
4 65.04554748535156
5 105.10671997070313
6 113.7220230102539
7 99.07599639892578
8 191.25973510742188
9 117.59890747070313
10 168.42922973632813
11 143.87559509277344
12 103.38365936279297
13 111.99896240234375
14 101.22982788085938
15 117.16815185546875
16 177.90606689453125
17 119.32197570800781
18 118.02967834472656
19 152.49090576171875
20 91.32223510742188
21 122.7680892944336
22 114.15278625488281
23 82.27616119384766
24 111.56819915771484
25 135.2602996826172
26 155.07546997070313
27 112.8604965209961
28 87.8760986328125
29 70.21472930908203
30 110.27588653564453
31 86.15306091308594
32 143.01406860351563
33 93.0452880859375
34 102.52212524414063
35 80.98387145996094
36 113.29125213623047
37 75.3839111328125
38 135.26026916503906
39 98.64523315429688
40 80.55309295654297
41 130.09109497070313
42 64.18401336669922
43 55.999481201171875
44 72.36856079101563
45 132.67568969726563
46 60.737892150878906
47 97.78369140625
48 57.7225341796875
49 54.707183837890625
50 97.35293579101563
51 97.35293579101563
52 74.9531478881836
53 111.56818389892578
54 161.10618591308594
55 118.02967071533203
56 168.42919921875
57 117.59890747070313
58 93.90682220458984
59 77.10697937011719
60 92.61453247070313
61 126.21421813964844
62 76.24544525146484
63 108.12207794189453
64 81.41462707519531
65 102.09136962890625
66 116.73738861083984
67 106.82978820800781
68 114.58354187011719
69 107.26053619384766
70 120.61426544189453
71 80.55310821533203
72 81.84539031982422
73 96.06065368652344
74 119.32196807861328
75 112.8604965209961
76 111.99896240234375
77 89.16839599609375
78 71.0762710571289
79 84.86074829101563
80 79.69156646728516
81 143.87557983398438
82 123.19886016845703
83 81.84539794921875
84 153.35240173339844
85 64.61477661132813
86 148.18324279785156
87 85.29151916503906
88 125.3526840209961
89 111.56819915771484
90 54.707183837890625
91 149.04476928710938
92 146.8909454345703
93 75.81468200683594
94 88.73764038085938
95 118.89120483398438
96 131.8141632080078
97 103.81441497802734
98 92.6145248413086
99 115.44508361816406
100 97.35293579101563
101 65.04554748535156
102 146.02940368652344
103 102.52212524414063
104 110.27588653564453
105 109.84512329101563
106 98.6452407836914
107 84.86074829101563
108 103.81442260742188
109 130.95262145996094
110 186.9521026611328
111 139.13717651367188
112 118.8912124633789
113 145.5986328125
114 144.73712158203125
115 102.95289611816406
116 113.72200775146484
117 98.21446990966797
118 65.0455551147461
119 103.3836669921875
120 81.84539794921875
121 127.5064926147461
122 79.69156646728516
123 133.5372314453125
124 121.0450210571289
125 94.33757781982422
126 93.47605895996094
127 92.18376159667969
128 130.5218505859375
129 103.81442260742188
130 120.61425018310547
131 119.75273895263672
132 111.56820678710938
133 90.0299301147461
134 79.26079559326172
135 48.67646789550781
136 90.460693359375
137 108.5528335571289
138 77.968505859375
139 113.291259765625
140 96.49140930175781
141 76.67620849609375
142 81.84539031982422
143 83.99922180175781
144 120.61426544189453
145 110.27589416503906
146 159.38314819335938
147 76.67620849609375
148 117.5988998413086
149 99.93753051757813
150 123.6296157836914
151 40.922691345214844
152 126.64496612548828
153 99.07599639892578
154 96.06063842773438
155 76.24544525146484
156 95.19911193847656
157 67.19937133789063
158 130.95263671875
159 37.045806884765625
160 64.18402099609375
161 78.3992691040039
162 77.5377426147461
163 75.3839111328125
164 131.81414794921875
165 76.24545288085938
166 62.8917236328125
167 93.4760513305664
168 137.41412353515625
169 128.79879760742188
170 101.22982788085938
171 123.62962341308594
172 87.8760986328125
173 86.58380889892578
174 123.6296157836914
175 151.62936401367188
176 135.26026916503906
177 119.75272369384766
178 44.79957962036133
179 82.70691680908203
180 102.09135437011719
181 73.66085052490234
182 90.02993774414063
183 149.0447540283203
184 104.24517822265625
185 151.6293487548828
186 63.32248306274414
187 128.79879760742188
188 118.46044158935547
189 182.21371459960938
190 141.29098510742188
191 71.07625579833984
192 118.02967071533203
193 87.44535064697266
194 120.6142578125
195 121.0450210571289
196 110.2759017944336
197 119.32196807861328
198 138.70640563964844
199 143.44480895996094
200 107.69129943847656
201 135.69105529785156
202 165.4138641357422
203 137.41412353515625
204 164.9831085205078
205 137.4141082763672
206 96.92218780517578
207 117.59890747070313
208 124.49114990234375
209 180.4906463623047
210 80.55309295654297
211 111.56819152832031
212 102.95289611816406
213 90.0299301147461
214 74.9531478881836
215 97.35293579101563
216 229.16712951660156
217 123.19886779785156
218 149.04476928710938
219 121.90657043457031
220 147.75247192382813
221 129.66033935546875
222 93.0452880859375
223 106.39901733398438
224 87.4453353881836
225 88.306884765625
226 177.47528076171875
227 121.4758071899414
228 122.33732604980469
229 153.3524169921875
230 156.79855346679688
231 164.12155151367188
232 124.06039428710938
233 117.5988998413086
234 103.81442260742188
235 121.04502868652344
236 101.66059112548828
237 161.53697204589844
238 105.9682388305664
239 109.41436767578125
240 102.95289611816406
241 136.12181091308594
242 119.75272369384766
243 86.58380889892578
244 99.07600402832031
245 85.29151916503906
246 117.5988998413086
247 96.92218017578125
248 101.22982788085938
249 143.44482421875
250 91.75299072265625
251 101.22982788085938
252 124.06037902832031
253 88.30685424804688
254 78.39927673339844
255 130.09109497070313
256 106.82978057861328
257 66.76861572265625
258 105.96823120117188
259 128.79879760742188
260 107.26054382324219
261 82.7069320678711
262 74.52238464355469
263 183.07522583007813
264 99.50677490234375
265 74.52237701416016
266 110.70667266845703
267 133.53720092773438
268 98.21446990966797
269 94.76834106445313
270 95.19911193847656
271 81.41462707519531
272 140.8602294921875
273 125.78345489501953
274 108.98360443115234
275 90.460693359375
276 111.99896240234375
277 105.10670471191406
278 112.42973327636719
279 124.49116516113281
280 114.58354949951172
281 163.260009765625
282 131.81414794921875
283 219.259521484375
284 123.19886016845703
285 129.2295684814453
286 150.33706665039063
287 105.53748321533203
288 158.09083557128906
289 129.2295684814453
290 105.5374755859375
291 104.24519348144531
292 118.02967834472656
293 139.1371612548828
294 119.32197570800781
295 53.414886474609375
296 73.2300796508789
297 134.8295135498047
298 130.09109497070313
299 96.06065368652344
300 149.04476928710938
301 98.21446990966797
302 101.22982788085938
303 82.70691680908203
304 72.79932403564453
305 80.9838638305664
306 126.21420288085938
307 198.15200805664063
308 137.4141082763672
309 94.33759307861328
310 111.99895477294922
311 112.42972564697266
312 129.66030883789063
313 133.53724670410156
314 137.84486389160156
315 138.27565002441406
316 109.84513092041016
317 127.50650024414063
318 124.92191314697266
319 65.476318359375
320 64.18401336669922
321 73.23008728027344
322 102.52212524414063
323 155.0754852294922
324 113.29124450683594
325 88.73764038085938
326 108.55284118652344
327 125.35269165039063
328 149.47552490234375
329 57.722537994384766
330 125.35267639160156
331 134.39874267578125
332 79.26080322265625
333 74.52237701416016
334 61.168663024902344
335 101.66059875488281
336 123.19883728027344
337 71.07625579833984
338 110.27589416503906
339 87.87610626220703
340 146.8909454345703
341 71.07626342773438
342 42.21499252319336
343 99.07600402832031
344 78.39927673339844
345 133.1064453125
346 105.96826171875
347 183.50599670410156
348 89.59917449951172
349 98.64523315429688
350 114.15278625488281
351 152.92166137695313
352 185.6598358154297
353 130.52186584472656
354 75.81468200683594
355 137.4141082763672
356 89.59916687011719
357 121.0450210571289
358 109.41436767578125
359 91.75299072265625
360 77.96851348876953
361 127.93728637695313
362 169.29074096679688
363 204.6134796142578
364 81.41463470458984
365 95.62989044189453
366 102.09135437011719
367 100.36829376220703
368 98.21446990966797
369 75.38391876220703
370 54.70718002319336
371 67.63014221191406
372 133.10646057128906
373 91.75299072265625
374 108.98361206054688
375 108.5528335571289
376 74.09161376953125
377 121.90655517578125
378 62.891727447509766
379 142.58328247070313
380 79.26079559326172
381 133.5372314453125
382 56.43024444580078
383 87.01457977294922
384 143.87557983398438
385 63.753257751464844
386 102.5221176147461
387 87.8760986328125
388 112.42973327636719
389 146.8909454345703
390 125.783447265625
391 147.75247192382813
392 165.41384887695313
393 94.33758544921875
394 126.2142105102539
395 108.98361206054688
396 121.04501342773438
397 130.0911102294922
398 137.84486389160156
399 112.42971801757813
400 152.92164611816406
401 83.99922943115234
402 105.53749084472656
403 146.8909454345703
404 67.63013458251953
405 94.76835632324219
406 110.2759017944336
407 115.44508361816406
408 102.09135437011719
409 105.10671997070313
410 48.245704650878906
411 127.07573699951172
412 68.49166870117188
413 96.0606460571289
414 113.72201538085938
415 105.5374755859375
416 104.24518585205078
417 108.1220703125
418 104.67594146728516
419 163.69078063964844
420 107.26054382324219
421 94.76834869384766
422 114.58354187011719
423 111.56819152832031
424 68.06090545654297
425 87.44534301757813
426 70.21473693847656
427 88.30686950683594
428 86.58380889892578
429 124.92190551757813
430 117.59891510009766
431 109.41436767578125
432 140.8602294921875
433 111.1374282836914
434 143.87559509277344
435 94.33758544921875
436 64.18402099609375
437 73.66085815429688
438 112.42972564697266
439 134.39874267578125
440 89.16840362548828
441 118.0296859741211
442 145.59864807128906
443 86.1530532836914
444 146.0294189453125
445 140.42945861816406
446 120.1834945678711
447 110.70665740966797
448 144.30633544921875
449 85.29150390625
450 85.72228240966797
451 74.52238464355469
452 83.5684585571289
453 106.82978057861328
454 167.1369171142578
455 83.56845092773438
456 96.49140930175781
457 83.99922180175781
458 115.4450912475586
459 115.01432800292969
460 131.3833770751953
461 102.09136199951172
462 39.19963455200195
463 76.24544525146484
464 83.13768768310547
465 25.415145874023438
466 67.63014221191406
467 74.52238464355469
468 68.92243957519531
469 102.5221176147461
470 117.16813659667969
471 73.66085815429688
472 129.66033935546875
473 160.24465942382813
474 117.16813659667969
475 40.06116485595703
476 37.045806884765625
477 112.42972564697266
478 102.95289611816406
479 124.92191314697266
480 97.78369903564453
481 124.49114990234375
482 133.1064453125
483 90.02993774414063
484 70.21475219726563
485 96.06063842773438
486 50.3995361328125
487 52.12259292602539
488 142.58328247070313
489 150.76783752441406
490 113.29125213623047
491 107.26054382324219
492 124.92190551757813
493 81.84539031982422
494 159.8138885498047
495 145.16787719726563
496 135.69102478027344
497 109.41436767578125
498 62.030189514160156
499 76.24544525146484
500 98.64523315429688
501 76.67621612548828
502 105.10672760009766
503 92.6145248413086
504 112.86048889160156
505 150.767822265625
506 73.23008728027344
507 108.55284118652344
508 137.84487915039063
509 141.72177124023438
510 93.90682220458984
511 98.21446228027344
512 85.29150390625
513 72.79933166503906
514 129.6603240966797
515 89.16839599609375
516 34.89198303222656
517 111.99894714355469
518 149.04478454589844
519 108.1220703125
520 125.35269165039063
521 108.55284118652344
522 90.89146423339844
523 109.41436767578125
524 66.76860046386719
525 90.0299301147461
526 73.66085052490234
527 81.41462707519531
528 90.460693359375
529 74.52238464355469
530 68.49166870117188
531 129.6603240966797
532 18.95366859436035
533 92.18374633789063
534 55.999481201171875
535 95.62986755371094
536 106.39900970458984
537 62.8917236328125
538 81.84539794921875
539 117.16814422607422
540 93.47605895996094
541 136.55258178710938
542 147.75245666503906
543 47.814937591552734
544 99.50676727294922
545 85.29151916503906
546 83.99921417236328
547 80.9838638305664
548 158.95236206054688
549 109.84513092041016
550 130.95263671875
551 202.45965576171875
552 138.70639038085938
553 128.36802673339844
554 108.98361206054688
555 146.02940368652344
556 158.5216064453125
557 125.78343963623047
558 177.04454040527344
559 137.4141082763672
560 165.41384887695313
561 170.5830535888672
562 134.3987579345703
563 93.90682983398438
564 125.35267639160156
565 124.49114990234375
566 113.7220230102539
567 145.16787719726563
568 140.86024475097656
569 94.76834869384766
570 87.44535064697266
571 144.73712158203125
572 215.38262939453125
573 154.64471435546875
574 97.78370666503906
575 151.1986083984375
576 81.84539031982422
577 60.73789978027344
578 126.2142105102539
579 138.7064208984375
580 137.8448944091797
581 193.84434509277344
582 139.13717651367188
583 155.50624084472656
584 147.75247192382813
585 105.5374755859375
586 131.38339233398438
587 62.03020095825195
588 132.24493408203125
589 121.04502868652344
590 119.75273132324219
591 118.02967834472656
592 97.35294342041016
593 154.2139434814453
594 124.06037902832031
595 82.70692443847656
596 154.6447296142578
597 148.18325805664063
598 151.62939453125
599 140.4294891357422
600 184.36753845214844
601 135.26028442382813
602 128.79881286621094
603 130.5218963623047
604 154.21395874023438
605 223.567138671875
606 212.36724853515625
607 154.64471435546875
608 104.67596435546875
609 118.89119720458984
610 123.6296157836914
611 110.2759017944336
612 104.24520111083984
613 74.95315551757813
614 115.44508361816406
615 108.55284881591797
616 113.291259765625
617 135.26026916503906
618 149.04478454589844
619 118.02967071533203
620 121.90656280517578
621 115.0143051147461
622 124.49116516113281
623 148.1832275390625
624 163.6907958984375
625 163.6907958984375
626 192.12130737304688
627 88.30686950683594
628 90.460693359375
629 77.53775787353516
630 152.06011962890625
631 181.35215759277344
632 125.35269165039063
633 97.35293579101563
634 148.61399841308594
635 127.07573699951172
636 116.73738098144531
637 124.06039428710938
638 112.42972564697266
639 101.22982788085938
640 143.44483947753906
641 105.53749084472656
642 142.5832977294922
643 105.96825408935547
644 93.0452880859375
645 139.13717651367188
646 115.01432037353516
647 111.99895477294922
648 135.6910400390625
649 167.9984588623047
650 61.16865921020508
651 88.73763275146484
652 96.92218017578125
653 121.90655517578125
654 171.44456481933594
655 79.26080322265625
656 115.87584686279297
657 53.414886474609375
658 149.47552490234375
659 55.56871795654297
660 152.0601348876953
661 143.01405334472656
662 138.27565002441406
663 152.49087524414063
664 149.47552490234375
665 146.02943420410156
666 123.6296157836914
667 123.6296157836914
668 104.67594909667969
669 161.9677276611328
670 196.85972595214844
671 94.76834869384766
672 143.87559509277344
673 136.98333740234375
674 114.15278625488281
675 75.8146743774414
676 117.16814422607422
677 162.3985137939453
678 102.09136962890625
679 108.12207794189453
680 120.61426544189453
681 201.59811401367188
682 148.614013671875
683 107.69131469726563
684 165.8446044921875
685 173.598388671875
686 136.98336791992188
687 128.3680419921875
688 140.429443359375
689 163.69078063964844
690 186.95211791992188
691 86.58382415771484
692 119.75273895263672
693 111.99896240234375
694 99.50675964355469
695 65.04556274414063
696 128.79879760742188
697 138.70639038085938
698 127.50650787353516
699 108.98359680175781
700 85.72228240966797
701 102.09136962890625
702 180.92144775390625
703 139.9987030029297
704 220.98255920410156
705 120.61426544189453
706 126.21421813964844
707 104.67594909667969
708 123.19886016845703
709 144.30636596679688
710 114.58353424072266
711 139.99868774414063
712 93.04529571533203
713 93.90682220458984
714 151.19859313964844
715 176.61375427246094
716 171.01380920410156
717 160.67543029785156
718 144.73712158203125
719 113.7220230102539
720 124.92191314697266
721 184.36756896972656
722 135.26026916503906
723 163.6907958984375
724 146.46018981933594
725 122.76809692382813
726 112.8604965209961
727 94.76834869384766
728 124.92192077636719
729 131.38340759277344
730 116.30662536621094
731 113.72200775146484
732 122.76808166503906
733 111.99895477294922
734 86.1530532836914
735 115.01432037353516
736 143.01405334472656
737 111.56819152832031
738 91.75299072265625
739 81.41463470458984
740 133.53721618652344
741 76.24545288085938
742 106.39900970458984
743 108.5528335571289
744 98.64523315429688
745 133.1064453125
746 122.33732604980469
747 89.16839599609375
748 130.52186584472656
749 167.56768798828125
750 98.21446990966797
751 105.1067123413086
752 88.73763275146484
753 88.73763275146484
754 151.1986083984375
755 143.01406860351563
756 136.12181091308594
757 63.3224983215332
758 75.81468963623047
759 127.50650787353516
760 125.35269165039063
761 124.49116516113281
762 150.33706665039063
763 115.87584686279297
764 112.8604965209961
765 149.9062957763672
766 176.1830291748047
767 108.98361206054688
768 151.19859313964844
769 149.47552490234375
770 132.6757049560547
771 167.99844360351563
772 116.73738098144531
773 116.73738098144531
774 180.05987548828125
775 139.13719177246094
776 155.50625610351563
777 87.44535064697266
778 181.78294372558594
779 98.6452407836914
780 197.7212371826172
781 167.5676727294922
782 143.01406860351563
783 177.47528076171875
784 166.275390625
785 125.78345489501953
786 83.5684585571289
787 113.72201538085938
788 150.76783752441406
789 124.06036376953125
790 118.46044158935547
791 150.33706665039063
792 143.44480895996094
793 126.64498138427734
794 102.952880859375
795 190.8289794921875
796 96.49141693115234
797 135.26028442382813
798 88.30687713623047
799 170.5830078125
800 124.49114990234375
801 153.3524169921875
802 97.35295104980469
803 169.290771484375
804 152.92169189453125
805 136.9833526611328
806 128.3680419921875
807 110.70665740966797
808 140.8602294921875
809 131.38339233398438
810 126.64496612548828
811 159.81390380859375
812 153.78317260742188
813 111.1374282836914
814 150.76783752441406
815 141.72177124023438
816 172.7368621826172
817 90.89147186279297
818 164.9831085205078
819 188.67520141601563
820 153.35244750976563
821 125.783447265625
822 136.98333740234375
823 157.6600799560547
824 99.50676727294922
825 105.96824645996094
826 77.10697937011719
827 110.2759017944336
828 139.5679473876953
829 237.78244018554688
830 89.16839599609375
831 161.96771240234375
832 171.44456481933594
833 159.38314819335938
834 118.02969360351563
835 200.73658752441406
836 161.53697204589844
837 177.90603637695313
838 146.0294189453125
839 143.01406860351563
840 182.6444549560547
841 138.275634765625
842 141.29100036621094
843 106.82978057861328
844 167.99844360351563
845 133.10646057128906
846 160.67543029785156
847 118.02967834472656
848 169.290771484375
849 116.73739624023438
850 135.2602996826172
851 177.47531127929688
852 117.59890747070313
853 112.8604965209961
854 111.99896240234375
855 121.04503631591797
856 149.04476928710938
857 104.24517822265625
858 133.53721618652344
859 100.3682861328125
860 95.19910430908203
861 98.21446990966797
862 124.06041717529297
863 127.50650787353516
864 104.24518585205078
865 196.42893981933594
866 165.84461975097656
867 152.06011962890625
868 82.27615356445313
869 66.76860809326172
870 99.50678253173828
871 158.95237731933594
872 114.58355712890625
873 130.0911102294922
874 87.01457977294922
875 118.46044158935547
876 78.3992691040039
877 84.86074829101563
878 102.52213287353516
879 136.121826171875
880 141.72177124023438
881 95.62989807128906
882 77.53773498535156
883 121.90656280517578
884 102.52212524414063
885 153.3524169921875
886 123.19884490966797
887 47.81494140625
888 193.84437561035156
889 164.55233764648438
890 185.2290496826172
891 133.9679718017578
892 71.50703430175781
893 77.96851348876953
894 160.67543029785156
895 110.2759017944336
896 192.5520782470703
897 162.3984832763672
898 192.5520477294922
899 85.29151916503906
900 157.66004943847656
901 98.64523315429688
902 180.0598602294922
903 150.76783752441406
904 125.3526840209961
905 134.8295135498047
906 199.87506103515625
907 119.75273895263672
908 139.99871826171875
909 102.09136199951172
910 126.21421813964844
911 119.75273132324219
912 212.3672637939453
913 133.96800231933594
914 164.5523223876953
915 161.10621643066406
916 208.49038696289063
917 160.67543029785156
918 123.19886016845703
919 141.7217559814453
920 79.69157409667969
921 102.09135437011719
922 115.01432037353516
923 76.67621612548828
924 77.10697174072266
925 123.1988525390625
926 115.44507598876953
927 157.2293243408203
928 183.50601196289063
929 189.10595703125
930 145.1678924560547
931 104.24517822265625
932 68.92243194580078
933 98.64523315429688
934 144.7371063232422
935 156.36778259277344
936 124.49115753173828
937 147.75247192382813
938 120.61426544189453
939 194.27511596679688
940 159.3831787109375
941 137.41409301757813
942 126.64496612548828
943 134.39874267578125
944 152.0601043701172
945 146.89096069335938
946 106.82977294921875
947 105.1067123413086
948 130.09109497070313
949 158.09083557128906
950 100.3683090209961
951 80.98385620117188
952 159.81390380859375
953 119.32196807861328
954 143.87559509277344
955 94.76834869384766
956 121.90656280517578
957 87.4453353881836
958 105.53749084472656
959 96.06065368652344
960 135.6910400390625
961 143.44480895996094
962 141.29098510742188
963 121.90654754638672
964 137.84486389160156
965 141.7217559814453
966 127.50652313232422
967 125.3526840209961
968 141.72177124023438
969 98.2144775390625
970 120.6142578125
971 91.75299835205078
972 101.22982788085938
973 58.15330505371094
974 64.18402099609375
975 63.32249069213867
976 84.43000030517578
977 102.52212524414063
978 108.55284881591797
979 73.6608657836914
980 144.7371063232422
981 61.168663024902344
982 109.41437530517578
983 166.275390625
984 105.1067123413086
985 83.13770294189453
986 63.32249450683594
987 70.21473693847656
988 83.13768768310547
989 125.35269165039063
990 113.7220230102539
991 146.8909149169922
992 126.64497375488281
993 139.9987030029297
994 199.44432067871094
995 123.19886779785156
996 158.52163696289063
997 104.24518585205078
998 135.69105529785156
999 133.96800231933594
1000 129.6603546142578
1001 160.67544555664063
1002 160.67544555664063
