400 {1 2 5 7 8 9} {{0 0 3 4 0 0 0 0 0 0} {0 0 0 0 0 6 0 0 0 10}}
401 {1 2 5 7 8 9} {{0 0 3 4 0 0 0 0 0 0} {0 0 0 0 0 6 0 0 0 10}}
402 {1 2 5 7 8 9} {{0 0 3 4 0 0 0 0 0 0} {0 0 0 0 0 6 0 0 0 10}}
403 {1 2 5 7 8 9} {{0 0 3 4 0 0 0 0 0 0} {0 0 0 0 0 6 0 0 0 10}}
404 {1 2 5 7 8 9} {{0 0 3 4 0 0 0 0 0 0} {0 0 0 0 0 6 0 0 0 10}}
405 {1 2 5 7 8 9} {{0 0 3 4 0 0 0 0 0 0} {0 0 0 0 0 6 0 0 0 10}}
406 {1 2 5 7 8 9} {{0 0 3 4 0 0 0 0 0 0} {0 0 0 0 0 6 0 0 0 10}}
407 {1 2 5 7 8 9} {{0 0 3 4 0 0 0 0 0 0} {0 0 0 0 0 6 0 0 0 10}}
408 {1 2 5 7 8 9} {{0 0 3 4 0 0 0 0 0 0} {0 0 0 0 0 6 0 0 0 10}}
409 {1 2 5 7 8 9} {{0 0 3 4 0 0 0 0 0 0} {0 0 0 0 0 6 0 0 0 10}}
410 {1 2 5 7 8 9} {{0 0 3 4 0 0 0 0 0 0} {0 0 0 0 0 6 0 0 0 10}}
411 {1 2 5 7 8 9} {{0 0 3 4 0 0 0 0 0 0} {0 0 0 0 0 6 0 0 0 10}}
412 {1 2 5 7 8 9} {{0 0 3 4 0 0 0 0 0 0} {0 0 0 0 0 6 0 0 0 10}}
413 {1 2 5 7 8 9} {{0 0 3 4 0 0 0 0 0 0} {0 0 0 0 0 6 0 0 0 10}}
414 {1 2 5 7 8 9} {{0 0 3 4 0 0 0 0 0 0} {0 0 0 0 0 6 0 0 0 10}}
415 {1 2 5 7 8 9} {{0 0 3 4 0 0 0 0 0 0} {0 0 0 0 0 6 0 0 0 10}}
416 {1 2 5 7 8 9} {{0 0 3 4 0 0 0 0 0 0} {0 0 0 0 0 6 0 0 0 10}}
417 {1 2 5 7 8 9} {{0 0 3 4 0 0 0 0 0 0} {0 0 0 0 0 6 0 0 0 10}}
418 {1 2 5 7 8 9} {{0 0 3 4 0 0 0 0 0 0} {0 0 0 0 0 6 0 0 0 10}}
419 {1 2 5 7 8 9} {{0 0 3 4 0 0 0 0 0 0} {0 0 0 0 0 6 0 0 0 10}}
420 {1 2 5 7 8 9} {{0 0 3 4 0 0 0 0 0 0} {0 0 0 0 0 6 0 0 0 10}}
421 {1 2 5 7 8 9} {{0 0 3 4 0 0 0 0 0 0} {0 0 0 0 0 6 0 0 0 10}}
422 {1 2 5 7 8 9} {{0 0 3 4 0 0 0 0 0 0} {0 0 0 0 0 6 0 0 0 10}}
423 {1 2 5 7 8 9} {{0 0 3 4 0 0 0 0 0 0} {0 0 0 0 0 6 0 0 0 10}}
424 {1 2 5 7 8 9} {{0 0 3 4 0 0 0 0 0 0} {0 0 0 0 0 6 0 0 0 10}}
425 {1 2 5 7 8 9} {{0 0 3 4 0 0 0 0 0 0} {0 0 0 0 0 6 0 0 0 10}}
426 {1 2 5 7 8 9} {{0 0 3 4 0 0 0 0 0 0} {0 0 0 0 0 6 0 0 0 10}}
427 {1 2 5 7 8 9} {{0 0 3 4 0 0 0 0 0 0} {0 0 0 0 0 6 0 0 0 10}}
428 {1 2 5 7 8 9} {{0 0 3 4 0 0 0 0 0 0} {0 0 0 0 0 6 0 0 0 10}}
429 {1 2 5 7 8 9} {{0 0 3 4 0 0 0 0 0 0} {0 0 0 0 0 6 0 0 0 10}}
430 {1 2 5 7 8 9} {{0 0 3 4 0 0 0 0 0 0} {0 0 0 0 0 6 0 0 0 10}}
431 {1 2 5 7 8 9} {{0 0 3 4 0 0 0 0 0 0} {0 0 0 0 0 6 0 0 0 10}}
432 {1 2 5 7 8 9} {{0 0 3 4 0 0 0 0 0 0} {0 0 0 0 0 6 0 0 0 10}}
433 {1 2 5 7 8 9} {{0 0 3 4 0 0 0 0 0 0} {0 0 0 0 0 6 0 0 0 10}}
434 {1 2 5 7 8 9} {{0 0 3 4 0 0 0 0 0 0} {0 0 0 0 0 6 0 0 0 10}}
435 {1 2 5 7 8 9} {{0 0 3 4 0 0 0 0 0 0} {0 0 0 0 0 6 0 0 0 10}}
436 {1 2 5 7 8 9} {{0 0 3 4 0 0 0 0 0 0} {0 0 0 0 0 6 0 0 0 10}}
437 {1 2 5 7 8 9} {{0 0 3 4 0 0 0 0 0 0} {0 0 0 0 0 6 0 0 0 10}}
438 {1 2 5 7 8 9} {{0 0 3 4 0 0 0 0 0 0} {0 0 0 0 0 6 0 0 0 10}}
439 {1 2 5 7 8 9} {{0 0 3 4 0 0 0 0 0 0} {0 0 0 0 0 6 0 0 0 10}}
440 {1 2 5 7 8 9} {{0 0 3 4 0 0 0 0 0 0} {0 0 0 0 0 6 0 0 0 10}}
441 {1 2 5 7 8 9} {{0 0 3 4 0 0 0 0 0 0} {0 0 0 0 0 6 0 0 0 10}}
442 {1 2 5 7 8 9} {{0 0 3 4 0 0 0 0 0 0} {0 0 0 0 0 6 0 0 0 10}}
443 {1 2 5 7 8 9} {{0 0 3 4 0 0 0 0 0 0} {0 0 0 0 0 6 0 0 0 10}}
444 {1 2 5 7 8 9} {{0 0 3 4 0 0 0 0 0 0} {0 0 0 0 0 6 0 0 0 10}}
445 {1 2 5 7 8 9} {{0 0 3 4 0 0 0 0 0 0} {0 0 0 0 0 6 0 0 0 10}}
446 {1 2 5 7 8 9} {{0 0 3 4 0 0 0 0 0 0} {0 0 0 0 0 6 0 0 0 10}}
447 {1 2 5 7 8 9} {{0 0 3 4 0 0 0 0 0 0} {0 0 0 0 0 6 0 0 0 10}}
448 {1 2 5 7 8 9} {{0 0 3 4 0 0 0 0 0 0} {0 0 0 0 0 6 0 0 0 10}}
449 {1 2 5 7 8 9} {{0 0 3 4 0 0 0 0 0 0} {0 0 0 0 0 6 0 0 0 10}}
450 {1 2 5 7 8 9} {{0 0 3 4 0 0 0 0 0 0} {0 0 0 0 0 6 0 0 0 10}}
451 {1 2 5 7 8 9} {{0 0 3 4 0 0 0 0 0 0} {0 0 0 0 0 6 0 0 0 10}}
452 {1 2 5 7 8 9} {{0 0 3 4 0 0 0 0 0 0} {0 0 0 0 0 6 0 0 0 10}}
453 {1 2 5 7 8 9} {{0 0 3 4 0 0 0 0 0 0} {0 0 0 0 0 6 0 0 0 10}}
454 {1 2 5 7 8 9} {{0 0 3 4 0 0 0 0 0 0} {0 0 0 0 0 6 0 0 0 10}}
455 {1 2 5 7 8 9} {{0 0 3 4 0 0 0 0 0 0} {0 0 0 0 0 6 0 0 0 10}}
456 {1 2 5 7 8 9} {{0 0 3 4 0 0 0 0 0 0} {0 0 0 0 0 6 0 0 0 10}}
457 {1 2 5 7 8 9} {{0 0 3 4 0 0 0 0 0 0} {0 0 0 0 0 6 0 0 0 10}}
458 {1 2 5 7 8 9} {{0 0 3 4 0 0 0 0 0 0} {0 0 0 0 0 6 0 0 0 10}}
459 {1 2 5 7 8 9} {{0 0 3 4 0 0 0 0 0 0} {0 0 0 0 0 6 0 0 0 10}}
460 {1 2 5 7 8 9} {{0 0 3 4 0 0 0 0 0 0} {0 0 0 0 0 6 0 0 0 10}}
461 {1 2 5 7 8 9} {{0 0 3 4 0 0 0 0 0 0} {0 0 0 0 0 6 0 0 0 10}}
462 {1 2 5 7 8 9} {{0 0 3 4 0 0 0 0 0 0} {0 0 0 0 0 6 0 0 0 10}}
463 {1 2 5 7 8 9} {{0 0 3 4 0 0 0 0 0 0} {0 0 0 0 0 6 0 0 0 10}}
464 {1 2 5 7 8 9} {{0 0 3 4 0 0 0 0 0 0} {0 0 0 0 0 6 0 0 0 10}}
465 {1 2 5 7 8 9} {{0 0 3 4 0 0 0 0 0 0} {0 0 0 0 0 6 0 0 0 10}}
466 {1 2 5 7 8 9} {{0 0 3 4 0 0 0 0 0 0} {0 0 0 0 0 6 0 0 0 10}}
467 {1 2 5 7 8 9} {{0 0 3 4 0 0 0 0 0 0} {0 0 0 0 0 6 0 0 0 10}}
468 {1 2 5 7 8 9} {{0 0 3 4 0 0 0 0 0 0} {0 0 0 0 0 6 0 0 0 10}}
469 {1 2 5 7 8 9} {{0 0 3 4 0 0 0 0 0 0} {0 0 0 0 0 6 0 0 0 10}}
470 {1 2 5 7 8 9} {{0 0 3 4 0 0 0 0 0 0} {0 0 0 0 0 6 0 0 0 10}}
471 {1 2 5 7 8 9} {{0 0 3 4 0 0 0 0 0 0} {0 0 0 0 0 6 0 0 0 10}}
472 {1 2 5 7 8 9} {{0 0 3 4 0 0 0 0 0 0} {0 0 0 0 0 6 0 0 0 10}}
473 {1 2 5 7 8 9} {{0 0 3 4 0 0 0 0 0 0} {0 0 0 0 0 6 0 0 0 10}}
474 {1 2 5 7 8 9} {{0 0 3 4 0 0 0 0 0 0} {0 0 0 0 0 6 0 0 0 10}}
475 {1 2 5 7 8 9} {{0 0 3 4 0 0 0 0 0 0} {0 0 0 0 0 6 0 0 0 10}}
476 {1 2 5 7 8 9} {{0 0 3 4 0 0 0 0 0 0} {0 0 0 0 0 6 0 0 0 10}}
477 {1 2 5 7 8 9} {{0 0 3 4 0 0 0 0 0 0} {0 0 0 0 0 6 0 0 0 10}}
478 {1 2 5 7 8 9} {{0 0 3 4 0 0 0 0 0 0} {0 0 0 0 0 6 0 0 0 10}}
479 {1 2 5 7 8 9} {{0 0 3 4 0 0 0 0 0 0} {0 0 0 0 0 6 0 0 0 10}}
480 {1 2 5 7 8 9} {{0 0 3 4 0 0 0 0 0 0} {0 0 0 0 0 6 0 0 0 10}}
481 {1 2 5 7 8 9} {{0 0 3 4 0 0 0 0 0 0} {0 0 0 0 0 6 0 0 0 10}}
482 {1 2 5 7 8 9} {{0 0 3 4 0 0 0 0 0 0} {0 0 0 0 0 6 0 0 0 10}}
483 {1 2 5 7 8 9} {{0 0 3 4 0 0 0 0 0 0} {0 0 0 0 0 6 0 0 0 10}}
484 {1 2 5 7 8 9} {{0 0 3 4 0 0 0 0 0 0} {0 0 0 0 0 6 0 0 0 10}}
485 {1 2 5 7 8 9} {{0 0 3 4 0 0 0 0 0 0} {0 0 0 0 0 6 0 0 0 10}}
486 {1 2 5 7 8 9} {{0 0 3 4 0 0 0 0 0 0} {0 0 0 0 0 6 0 0 0 10}}
487 {1 2 5 7 8 9} {{0 0 3 4 0 0 0 0 0 0} {0 0 0 0 0 6 0 0 0 10}}
488 {1 2 5 7 8 9} {{0 0 3 4 0 0 0 0 0 0} {0 0 0 0 0 6 0 0 0 10}}
489 {1 2 5 7 8 9} {{0 0 3 4 0 0 0 0 0 0} {0 0 0 0 0 6 0 0 0 10}}
490 {1 2 5 7 8 9} {{0 0 3 4 0 0 0 0 0 0} {0 0 0 0 0 6 0 0 0 10}}
491 {1 2 5 7 8 9} {{0 0 3 4 0 0 0 0 0 0} {0 0 0 0 0 6 0 0 0 10}}
492 {1 2 5 7 8 9} {{0 0 3 4 0 0 0 0 0 0} {0 0 0 0 0 6 0 0 0 10}}
493 {1 2 5 7 8 9} {{0 0 3 4 0 0 0 0 0 0} {0 0 0 0 0 6 0 0 0 10}}
494 {1 2 5 7 8 9} {{0 0 3 4 0 0 0 0 0 0} {0 0 0 0 0 6 0 0 0 10}}
495 {1 2 5 7 8 9} {{0 0 3 4 0 0 0 0 0 0} {0 0 0 0 0 6 0 0 0 10}}
496 {1 2 5 7 8 9} {{0 0 3 4 0 0 0 0 0 0} {0 0 0 0 0 6 0 0 0 10}}
497 {1 2 5 7 8 9} {{0 0 3 4 0 0 0 0 0 0} {0 0 0 0 0 6 0 0 0 10}}
498 {1 2 5 7 8 9} {{0 0 3 4 0 0 0 0 0 0} {0 0 0 0 0 6 0 0 0 10}}
499 {1 2 5 7 8 9} {{0 0 3 4 0 0 0 0 0 0} {0 0 0 0 0 6 0 0 0 10}}
500 {1 2 5 7 8 9} {{0 0 3 4 0 0 0 0 0 0} {0 0 0 0 0 6 0 0 0 10}}
501 {1 2 5 7 8 9} {{0 0 3 4 0 0 0 0 0 0} {0 0 0 0 0 6 0 0 0 10}}
