# Selection:resname AU W ION Restricted:name AUC AUL AUSL Radius:2.64 Start:0 End:-1
0 348.0583190917969
1 353.65826416015625
2 74.9531478881836
3 41.78422927856445
4 76.24545288085938
5 55.99948501586914
6 83.13768768310547
7 104.67594909667969
8 126.2142105102539
9 116.73737335205078
10 105.5374755859375
11 133.10646057128906
12 117.5988998413086
13 92.6145248413086
14 71.50702667236328
15 94.76834869384766
16 98.21446228027344
17 99.07601928710938
18 80.55309295654297
19 69.35320281982422
20 82.27615356445313
21 147.75245666503906
22 119.32197570800781
23 74.09161376953125
24 84.42998504638672
25 90.8914566040039
26 164.5523223876953
27 59.014835357666016
28 80.12232971191406
29 165.8446044921875
30 156.36776733398438
31 107.26053619384766
32 121.0450210571289
33 142.1525421142578
34 107.69129943847656
35 100.36827850341797
36 71.93778991699219
37 112.8604736328125
38 108.12206268310547
39 138.275634765625
40 90.46070098876953
41 124.49114990234375
42 121.04502868652344
43 120.61425018310547
44 191.69053649902344
45 90.46070098876953
46 73.23009490966797
47 81.84539794921875
48 167.1369171142578
49 158.95237731933594
50 153.78318786621094
51 132.2449188232422
52 128.3680419921875
53 86.58382415771484
54 142.1525421142578
55 121.04502868652344
56 106.39901733398438
57 139.9987030029297
58 128.36802673339844
59 124.49115753173828
60 128.79879760742188
61 114.15277099609375
62 79.69156646728516
63 100.36830139160156
64 116.30660247802734
65 79.26080322265625
66 122.33731842041016
67 66.33784484863281
68 151.1986083984375
69 88.30687713623047
70 113.7220230102539
71 133.96798706054688
72 116.73737335205078
73 107.69131469726563
74 85.29151916503906
75 70.6455078125
76 63.322486877441406
77 55.5687141418457
78 143.44480895996094
79 70.21472930908203
80 134.39874267578125
81 51.261070251464844
82 65.9070816040039
83 60.7379035949707
84 36.61504364013672
85 65.9070816040039
86 52.12259292602539
87 91.75299835205078
88 163.69078063964844
89 106.39901733398438
90 56.43024444580078
91 106.82977294921875
92 64.61478424072266
93 121.47579956054688
94 147.32171630859375
95 50.830291748046875
96 96.92218017578125
97 141.72177124023438
98 140.42947387695313
99 85.72228240966797
100 136.55258178710938
101 72.7993392944336
102 122.33733367919922
103 131.38340759277344
104 115.8758316040039
105 144.73709106445313
106 132.67567443847656
107 108.5528335571289
108 58.15331268310547
109 88.73763275146484
110 115.0143051147461
111 167.1368865966797
112 104.24517822265625
113 145.59866333007813
114 118.46043395996094
115 146.02940368652344
116 122.76809692382813
117 122.76808166503906
118 112.86048889160156
119 49.107234954833984
120 78.83003997802734
121 127.07574462890625
122 104.67594909667969
123 63.322486877441406
124 123.1988525390625
125 108.98360443115234
126 143.01405334472656
127 124.06038665771484
128 63.75325012207031
129 113.72200775146484
130 97.35293579101563
131 117.59890747070313
132 102.95289611816406
133 59.01483154296875
134 130.95262145996094
135 93.04528045654297
136 112.86048889160156
137 81.84539794921875
138 80.98387145996094
139 34.030452728271484
140 45.230350494384766
141 75.81468200683594
142 65.04553985595703
143 110.27588653564453
144 94.33758544921875
145 103.81442260742188
146 149.9062957763672
147 84.42997741699219
148 46.95341110229492
149 143.44482421875
150 113.29125213623047
151 132.2449188232422
152 164.5522918701172
153 81.84540557861328
154 52.12259292602539
155 111.99894714355469
156 103.81440734863281
157 93.90681457519531
158 128.79881286621094
159 124.92190551757813
160 88.73764038085938
161 91.32223510742188
162 111.13743591308594
163 136.12181091308594
164 149.4755096435547
165 158.52159118652344
166 164.12155151367188
167 140.86021423339844
168 122.33731842041016
169 130.0911102294922
170 118.89120483398438
171 115.01428985595703
172 88.30686950683594
173 111.13743591308594
174 178.767578125
175 100.79905700683594
176 169.29074096679688
177 129.66033935546875
178 52.98412322998047
179 83.1376953125
180 85.72228240966797
181 116.3066177368164
182 108.1220703125
183 101.22984313964844
184 103.81441497802734
185 93.90682220458984
186 105.9682388305664
187 119.32196807861328
188 96.92218780517578
189 134.3987579345703
190 118.46044158935547
191 66.76861572265625
192 61.168663024902344
193 76.24545288085938
194 57.29177474975586
195 31.44586181640625
196 96.06063842773438
197 102.09136962890625
198 71.50702667236328
199 97.35295104980469
200 94.33759307861328
201 57.72254180908203
202 96.0606460571289
203 76.67621612548828
204 75.3839111328125
205 68.06090545654297
206 99.9375228881836
207 44.79957962036133
208 60.30713653564453
209 72.36856079101563
210 65.0455551147461
211 97.35295104980469
212 70.21472930908203
213 103.81441497802734
214 73.66085815429688
215 102.95288848876953
216 67.19937133789063
217 38.76886749267578
218 77.53773498535156
219 52.55335998535156
220 89.16840362548828
221 129.66033935546875
222 80.5531005859375
223 129.6603240966797
224 86.58382415771484
225 154.21395874023438
226 88.306884765625
227 63.75325393676758
228 76.67621612548828
229 78.3992691040039
230 71.50702667236328
231 118.02967071533203
232 51.691829681396484
233 138.27565002441406
234 118.89120483398438
235 94.33759307861328
236 65.0455551147461
237 99.07601165771484
238 42.645755767822266
239 65.0455551147461
240 119.32196044921875
241 98.64524841308594
242 120.6142578125
243 95.19911193847656
244 56.86101150512695
245 96.06065368652344
246 51.69182586669922
247 121.90657043457031
248 105.9682388305664
249 93.90682220458984
250 215.81338500976563
251 118.46043395996094
252 83.99922180175781
253 96.92218017578125
254 84.42997741699219
255 115.8758316040039
256 102.09136199951172
257 95.6298828125
258 186.9521026611328
259 192.98281860351563
260 129.2295684814453
261 167.56765747070313
262 107.69131469726563
263 147.75245666503906
264 121.90655517578125
265 97.78369903564453
266 139.56793212890625
267 158.52162170410156
268 179.1983642578125
269 118.46044921875
270 68.49166107177734
271 157.2293243408203
272 68.49166870117188
273 141.29100036621094
274 164.5522918701172
275 122.33731842041016
276 71.50702667236328
277 70.21473693847656
278 44.36881637573242
279 88.73763275146484
280 70.21472930908203
281 119.75273132324219
282 101.22982025146484
283 90.8914566040039
284 74.52238464355469
285 78.83003234863281
286 115.4450912475586
287 177.47528076171875
288 129.6603240966797
289 103.8144302368164
290 62.030189514160156
291 62.03019714355469
292 93.90681457519531
293 49.107234954833984
294 99.50676727294922
295 90.02994537353516
296 90.0299301147461
297 95.1991195678711
298 116.73737335205078
299 109.41437530517578
300 83.99921417236328
301 99.93753814697266
302 96.92217254638672
303 61.599430084228516
304 81.84539794921875
305 57.291778564453125
306 56.43024826049805
307 103.38365173339844
308 109.41436767578125
309 86.58380889892578
310 126.21421813964844
311 120.1834945678711
312 127.07575225830078
313 102.09134674072266
314 83.56846618652344
315 95.19913482666016
316 84.42996978759766
317 40.922698974609375
318 90.460693359375
319 88.30686950683594
320 96.0606460571289
321 137.84487915039063
322 99.07599639892578
323 52.984127044677734
324 89.59916687011719
325 65.04554748535156
326 87.44534301757813
327 105.10672760009766
328 123.6296157836914
329 86.15303802490234
330 114.58354949951172
331 113.29124450683594
332 131.38339233398438
333 119.75273132324219
334 63.753257751464844
335 99.07599639892578
336 102.5221176147461
337 100.36829376220703
338 72.36856079101563
339 95.62989044189453
340 52.5533561706543
341 110.27588653564453
342 94.33757019042969
343 175.32144165039063
344 119.32197570800781
345 74.52238464355469
346 90.89147186279297
347 44.799583435058594
348 77.10699462890625
349 54.27641677856445
350 58.584075927734375
351 105.10671997070313
352 51.26106262207031
353 99.93753051757813
354 92.61453247070313
355 74.95314025878906
356 116.73738098144531
357 75.81468200683594
358 146.89093017578125
359 111.99896240234375
360 78.3992691040039
361 90.89146423339844
362 94.76834869384766
363 50.83029556274414
364 123.6296157836914
365 127.50650787353516
366 90.460693359375
367 76.67620849609375
368 92.6145248413086
369 83.13768768310547
370 105.1067123413086
371 67.19937896728516
372 182.2136993408203
373 74.52238464355469
374 90.02994537353516
375 64.18402099609375
376 49.53799819946289
377 88.30686950683594
378 115.01432037353516
379 73.66085052490234
380 86.15304565429688
381 71.50702667236328
382 49.538002014160156
383 75.81468200683594
384 53.84565734863281
385 184.36749267578125
386 47.81494140625
387 108.12207794189453
388 149.04476928710938
389 111.56819915771484
390 172.3061065673828
391 123.6296157836914
392 67.19937896728516
393 64.18402099609375
394 162.39849853515625
395 47.81494903564453
396 58.584075927734375
397 93.90681457519531
398 137.41412353515625
399 77.968505859375
400 93.90682983398438
401 81.41461944580078
402 100.79906463623047
403 76.67620849609375
404 50.83029556274414
405 79.69157409667969
406 79.69157409667969
407 38.76887130737305
408 208.05960083007813
409 133.96798706054688
410 64.61479949951172
411 117.5988998413086
412 105.10671997070313
413 96.49141693115234
414 111.13742065429688
415 92.18376159667969
416 141.72174072265625
417 134.8295135498047
418 143.87559509277344
419 144.30633544921875
420 87.44534301757813
421 44.799583435058594
422 44.799583435058594
423 52.5533561706543
424 101.22982025146484
425 71.07626342773438
426 153.78318786621094
427 41.35346603393555
428 128.79879760742188
429 87.87610626220703
430 55.56871032714844
431 88.30686950683594
432 59.87636947631836
433 87.44534301757813
434 74.09162139892578
435 121.47579956054688
436 121.47579956054688
437 84.42997741699219
438 102.952880859375
439 99.07598876953125
440 141.29100036621094
441 93.90682220458984
442 66.76861572265625
443 83.13768005371094
444 73.2300796508789
445 127.50650024414063
446 85.72228240966797
447 83.1376953125
448 79.69156646728516
449 89.59915924072266
450 105.1067123413086
451 51.261070251464844
452 137.84486389160156
453 73.23008728027344
454 78.3992691040039
455 114.15278625488281
456 88.73763275146484
457 71.93778991699219
458 159.81387329101563
459 131.38340759277344
460 147.75247192382813
461 128.7987823486328
462 77.5377426147461
463 33.59968566894531
464 74.52239227294922
465 88.30686950683594
466 118.46044921875
467 116.30663299560547
468 77.10697937011719
469 44.36882019042969
470 86.15304565429688
471 54.27642059326172
472 86.58381652832031
473 82.70691680908203
474 74.09162139892578
475 113.29125213623047
476 99.9375228881836
477 83.99921417236328
478 115.8758544921875
479 67.6301498413086
480 110.7066650390625
481 123.19886016845703
482 108.5528335571289
483 134.3987579345703
484 42.645755767822266
485 99.93753814697266
486 90.02993774414063
487 115.87583923339844
488 69.35320281982422
489 48.676475524902344
490 116.73738098144531
491 98.64523315429688
492 181.78289794921875
493 177.9060516357422
494 81.84539031982422
495 47.81494140625
496 95.19911193847656
497 164.98309326171875
498 99.50676727294922
499 137.41409301757813
500 113.72201538085938
501 73.23009490966797
502 134.82952880859375
503 114.15279388427734
504 147.75245666503906
505 114.58354949951172
506 91.75299835205078
507 85.29151916503906
508 144.3063507080078
509 112.8604736328125
510 120.18351745605469
511 169.2907257080078
512 92.6145248413086
513 120.6142578125
514 105.53748321533203
515 102.95288848876953
516 81.41463470458984
517 105.96824645996094
518 88.30686950683594
519 114.15278625488281
520 120.18350982666016
521 43.938053131103516
522 82.27615356445313
523 84.42996978759766
524 99.07601165771484
525 83.5684585571289
526 130.95262145996094
527 98.64522552490234
528 59.876365661621094
529 62.8917236328125
530 93.90682220458984
531 38.338104248046875
532 111.99894714355469
533 153.3524169921875
534 96.49140930175781
535 110.27589416503906
536 100.79905700683594
537 96.92216491699219
538 111.56820678710938
539 93.04528045654297
540 92.18376159667969
541 108.98360443115234
542 82.70692443847656
543 112.42973327636719
544 82.70692443847656
545 111.99897003173828
546 111.99896240234375
547 65.476318359375
548 118.46044158935547
549 80.55309295654297
550 132.67567443847656
551 146.8909454345703
552 87.44534301757813
553 73.2300796508789
554 100.79905700683594
555 177.0445098876953
556 92.18376159667969
557 88.30687713623047
558 149.04476928710938
559 116.73738098144531
560 102.09135437011719
561 117.59892272949219
562 199.8750762939453
563 192.98280334472656
564 84.42999267578125
565 112.86048126220703
566 79.69155883789063
567 111.99895477294922
568 111.99895477294922
569 94.76834869384766
570 143.01405334472656
571 124.49114990234375
572 83.56845092773438
573 106.39899444580078
574 111.56819915771484
575 90.46070098876953
576 87.44534301757813
577 207.62884521484375
578 201.59814453125
579 143.87557983398438
580 66.33784484863281
581 96.0606460571289
582 163.25999450683594
583 131.81417846679688
584 141.7217559814453
585 143.8756103515625
586 129.22955322265625
587 152.92164611816406
588 102.5221176147461
589 116.73738861083984
590 148.61398315429688
591 118.89120483398438
592 149.04478454589844
593 157.22930908203125
594 110.70668029785156
595 163.26002502441406
596 153.35243225097656
597 102.95288848876953
598 138.70640563964844
599 155.07550048828125
600 93.4760513305664
601 146.0294189453125
602 123.19886016845703
603 76.67620849609375
604 72.36856079101563
605 115.01431274414063
606 108.98359680175781
607 58.15331268310547
608 86.58381652832031
609 49.538002014160156
610 95.62987518310547
611 74.09162902832031
612 75.81466674804688
613 86.58381652832031
614 189.96751403808594
615 139.13717651367188
616 108.55284118652344
617 137.84486389160156
618 134.8295135498047
619 119.32196807861328
620 99.50677490234375
621 149.47555541992188
622 146.46018981933594
623 110.7066650390625
624 117.59893035888672
625 137.8448944091797
626 111.1374282836914
627 117.59893035888672
628 158.52159118652344
629 137.84487915039063
630 117.5988998413086
631 112.4297103881836
632 137.4141082763672
633 164.9830780029297
634 99.07599639892578
635 170.58306884765625
636 149.47555541992188
637 102.952880859375
638 188.24440002441406
639 141.7217559814453
640 104.67594909667969
641 152.0601348876953
642 134.39877319335938
643 69.78396606445313
644 99.93753814697266
645 55.1379508972168
646 101.22982788085938
647 102.52212524414063
648 59.87636947631836
649 54.27642059326172
650 45.66111373901367
651 81.41461944580078
652 80.98387908935547
653 87.44534301757813
654 139.9987030029297
655 115.4450912475586
656 110.27589416503906
657 25.845911026000977
658 93.90682983398438
659 55.13794708251953
660 70.21473693847656
661 77.5377426147461
662 101.22981262207031
663 68.92243194580078
664 79.26079559326172
665 91.3222427368164
666 142.15252685546875
667 101.2298355102539
668 97.35293579101563
669 100.36830139160156
670 117.59890747070313
671 79.69156646728516
672 55.999481201171875
673 56.43024444580078
674 81.84540557861328
675 128.3680419921875
676 74.09161376953125
677 85.29151916503906
678 72.79931640625
679 59.876365661621094
680 60.307132720947266
681 127.07575225830078
682 89.16840362548828
683 56.430240631103516
684 82.27616119384766
685 97.35293579101563
686 72.79932403564453
687 47.384178161621094
688 99.07599639892578
689 113.29125213623047
690 146.02940368652344
691 94.76834869384766
692 119.75272369384766
693 159.3831329345703
694 118.46044158935547
695 90.46070098876953
696 25.845911026000977
697 74.52238464355469
698 103.81442260742188
699 87.01458740234375
700 93.90682983398438
701 68.92243957519531
702 100.36829376220703
703 98.64523315429688
704 96.92217254638672
705 102.52212524414063
706 78.39927673339844
707 118.46044158935547
708 108.55284881591797
709 116.3066177368164
710 81.41461944580078
711 76.67620849609375
712 128.36802673339844
713 121.47578430175781
714 101.66058349609375
715 107.69132232666016
716 102.52212524414063
717 72.36856079101563
718 117.59890747070313
719 160.67543029785156
720 81.84539031982422
721 126.21420288085938
722 58.58407974243164
723 110.70665740966797
724 103.38365936279297
725 75.38391876220703
726 149.4755401611328
727 96.49141693115234
728 159.38314819335938
729 152.49090576171875
730 126.64496612548828
731 130.5218505859375
732 99.50677490234375
733 184.7982635498047
734 92.18376159667969
735 58.15330505371094
736 89.59916687011719
737 98.21448516845703
738 116.73738098144531
739 142.58331298828125
740 124.06039428710938
741 86.58380889892578
742 87.87611389160156
743 125.35266876220703
744 83.99922180175781
745 103.81441497802734
746 105.53746795654297
747 83.99921417236328
748 59.44560241699219
749 51.691829681396484
750 102.52213287353516
751 65.9070816040039
752 90.02993774414063
753 96.49140930175781
754 102.52213287353516
755 135.6910400390625
756 115.44508361816406
757 174.45993041992188
758 146.02940368652344
759 103.38365173339844
760 116.73738098144531
761 139.1371612548828
762 108.98361206054688
763 87.44534301757813
764 100.36830139160156
765 70.21473693847656
766 107.69129943847656
767 134.39874267578125
768 131.8141632080078
769 136.98333740234375
770 84.86076354980469
771 134.8295135498047
772 127.50652313232422
773 105.9682388305664
774 147.3217315673828
775 159.3831329345703
776 132.2449188232422
777 108.98360443115234
778 124.92192077636719
779 125.78343200683594
780 119.32196807861328
781 160.6754150390625
782 91.75299072265625
783 123.62963104248047
784 89.16841125488281
785 134.8295135498047
786 138.275634765625
787 45.66111373901367
788 139.9987030029297
789 105.5374755859375
790 146.46018981933594
791 127.50650024414063
792 111.1374282836914
793 112.86048126220703
794 80.98387145996094
795 52.55335998535156
796 108.98360443115234
797 93.4760513305664
798 72.36856079101563
799 83.1376953125
800 143.87559509277344
801 87.87610626220703
802 67.63013458251953
803 105.53748321533203
804 97.35293579101563
805 73.23008728027344
806 125.78343963623047
807 124.92190551757813
808 141.72177124023438
809 123.62960815429688
810 98.64523315429688
811 122.76808166503906
812 117.16815185546875
813 115.87584686279297
814 93.04529571533203
815 96.06063842773438
816 135.26028442382813
817 164.12155151367188
818 128.3680419921875
819 110.70665740966797
820 143.0140838623047
821 160.67543029785156
822 152.49087524414063
823 129.22955322265625
824 123.1988525390625
825 183.936767578125
826 152.92166137695313
827 108.12206268310547
828 99.93753814697266
829 107.26054382324219
830 109.41436767578125
831 143.87557983398438
832 113.291259765625
833 108.12207794189453
834 91.75299835205078
835 145.59864807128906
836 138.7064208984375
837 94.33758544921875
838 120.61427307128906
839 116.3066177368164
840 75.38391876220703
841 108.55284118652344
842 117.59891510009766
843 47.384178161621094
844 133.96798706054688
845 102.5221176147461
846 111.99895477294922
847 98.2144775390625
848 135.26028442382813
849 69.35320281982422
850 56.86100769042969
851 122.33731842041016
852 39.630401611328125
853 36.18428039550781
854 79.69156646728516
855 65.47631072998047
856 74.52238464355469
857 118.8912124633789
858 93.90682220458984
859 91.75300598144531
860 139.99871826171875
861 45.66111373901367
862 102.5221176147461
863 94.33757781982422
864 114.58354187011719
865 103.3836441040039
866 93.90682220458984
867 90.8914566040039
868 124.49118041992188
869 108.55284118652344
870 209.35191345214844
871 81.41462707519531
872 71.93778991699219
873 92.18376922607422
874 103.81442260742188
875 136.5525665283203
876 45.66111373901367
877 127.50650787353516
878 149.0447540283203
879 130.95262145996094
880 136.5525665283203
881 127.07573699951172
882 80.9838638305664
883 93.47605895996094
884 92.18375396728516
885 111.56819915771484
886 124.92191314697266
887 141.7217559814453
888 98.64523315429688
889 94.76836395263672
890 156.7985382080078
891 87.01456451416016
892 71.07626342773438
893 64.18401336669922
894 136.12179565429688
895 177.04452514648438
896 100.36830139160156
897 176.6137237548828
898 249.41310119628906
899 121.0450210571289
900 131.8141632080078
901 122.76809692382813
902 119.32196807861328
903 128.79879760742188
904 111.13742065429688
905 108.12207794189453
906 108.55284118652344
907 150.76783752441406
908 138.70639038085938
909 98.64522552490234
910 113.72203063964844
911 109.84513854980469
912 128.79881286621094
913 68.06089782714844
914 60.307132720947266
915 90.0299301147461
916 66.33784484863281
917 101.66058349609375
918 32.738155364990234
919 59.44559860229492
920 64.18402099609375
921 52.55335998535156
922 60.73789978027344
923 47.384178161621094
924 49.96876525878906
925 92.18376159667969
926 32.738155364990234
927 115.44508361816406
928 143.87557983398438
929 61.59942626953125
930 147.75247192382813
931 105.96824645996094
932 154.64471435546875
933 108.55282592773438
934 63.75325012207031
935 51.691829681396484
936 82.27616119384766
937 55.99947738647461
938 80.12234497070313
939 57.722537994384766
940 142.58326721191406
941 101.66059875488281
942 80.9838638305664
943 101.66059875488281
944 106.82978820800781
945 131.81414794921875
946 116.30661010742188
947 56.86101531982422
948 94.33757781982422
949 20.24596405029297
950 97.7837142944336
951 91.75299072265625
952 51.69183349609375
953 52.553367614746094
954 72.79931640625
955 47.81494140625
956 98.2144775390625
957 91.32222747802734
958 107.26053619384766
959 75.81468200683594
960 60.73789596557617
961 127.50650024414063
962 111.56818389892578
963 100.799072265625
964 99.93753051757813
965 119.75274658203125
966 75.3839111328125
967 52.5533561706543
968 25.41514778137207
969 77.10698699951172
970 70.6455078125
971 93.47604370117188
972 69.35320281982422
973 79.69157409667969
974 108.98360443115234
975 122.76808166503906
976 118.02967071533203
977 97.35293579101563
978 119.32196807861328
979 164.12156677246094
980 83.5684585571289
981 84.86074829101563
982 61.16865539550781
983 56.43024444580078
984 69.35320281982422
985 66.33785247802734
986 100.79905700683594
987 64.61478424072266
988 55.13794708251953
989 132.67567443847656
990 105.5374755859375
991 115.01431274414063
992 59.01483154296875
993 129.6603546142578
994 87.87609100341797
995 153.35243225097656
996 179.62908935546875
997 148.1832275390625
998 178.767578125
999 95.1991195678711
1000 118.4604263305664
1001 136.12181091308594
1002 136.12181091308594
