# Selection 1:name C1A D2A C3A C4A C1B C2B C3B C4B Selection 2:name AUC AUSL AUL Cutoff:8 Start:0 End:-1
0 0
1 0
2 30
3 15
4 22
5 22
6 18
7 17
8 21
9 23
10 18
11 17
12 18
13 24
14 25
15 21
16 19
17 17
18 20
19 22
20 15
21 23
22 20
23 20
24 24
25 17
26 17
27 17
28 13
29 23
30 20
31 16
32 20
33 22
34 18
35 18
36 15
37 19
38 23
39 23
40 22
41 18
42 22
43 18
44 20
45 22
46 20
47 24
48 25
49 27
50 23
51 24
52 25
53 21
54 22
55 17
56 22
57 22
58 20
59 24
60 18
61 25
62 18
63 22
64 21
65 15
66 21
67 19
68 26
69 18
70 23
71 21
72 22
73 18
74 18
75 25
76 22
77 16
78 22
79 18
80 21
81 21
82 22
83 17
84 24
85 24
86 21
87 18
88 30
89 19
90 17
91 20
92 7
93 27
94 22
95 18
96 32
97 24
98 25
99 21
100 23
101 16
102 21
103 17
104 19
105 19
106 16
107 17
108 17
109 18
110 23
111 24
112 18
113 27
114 20
115 21
116 19
117 19
118 25
119 14
120 23
121 23
122 18
123 14
124 26
125 21
126 20
127 29
128 16
129 20
130 18
131 24
132 21
133 18
134 21
135 19
136 18
137 22
138 7
139 17
140 16
141 18
142 15
143 23
144 22
145 24
146 14
147 22
148 23
149 26
150 24
151 28
152 17
153 15
154 18
155 19
156 19
157 17
158 21
159 21
160 18
161 15
162 17
163 22
164 23
165 23
166 18
167 22
168 15
169 31
170 27
171 26
172 19
173 18
174 26
175 22
176 22
177 20
178 15
179 21
180 21
181 25
182 21
183 31
184 20
185 25
186 19
187 24
188 17
189 27
190 17
191 13
192 17
193 22
194 14
195 15
196 21
197 34
198 17
199 21
200 22
201 19
202 28
203 17
204 24
205 19
206 25
207 16
208 19
209 25
210 13
211 22
212 17
213 22
214 22
215 24
216 25
217 19
218 11
219 18
220 24
221 23
222 28
223 23
224 23
225 28
226 28
227 25
228 12
229 16
230 15
231 21
232 21
233 27
234 24
235 22
236 13
237 18
238 21
239 11
240 25
241 16
242 22
243 24
244 22
245 18
246 17
247 21
248 19
249 15
250 24
251 24
252 24
253 20
254 15
255 14
256 24
257 23
258 22
259 27
260 19
261 28
262 18
263 30
264 20
265 15
266 24
267 23
268 21
269 21
270 17
271 26
272 16
273 22
274 28
275 19
276 18
277 17
278 15
279 21
280 18
281 20
282 20
283 19
284 19
285 19
286 22
287 27
288 26
289 24
290 15
291 16
292 23
293 12
294 23
295 23
296 19
297 19
298 16
299 17
300 26
301 16
302 17
303 16
304 25
305 19
306 18
307 19
308 18
309 16
310 21
311 19
312 26
313 14
314 20
315 17
316 21
317 21
318 17
319 23
320 24
321 23
322 14
323 21
324 18
325 12
326 18
327 16
328 21
329 24
330 20
331 14
332 18
333 23
334 19
335 21
336 22
337 21
338 15
339 19
340 17
341 17
342 27
343 27
344 23
345 15
346 17
347 15
348 17
349 21
350 17
351 22
352 22
353 24
354 19
355 18
356 25
357 27
358 29
359 22
360 21
361 17
362 18
363 18
364 25
365 21
366 17
367 15
368 23
369 16
370 20
371 19
372 24
373 22
374 20
375 17
376 16
377 23
378 23
379 18
380 21
381 16
382 17
383 17
384 15
385 21
386 14
387 27
388 25
389 19
390 23
391 25
392 14
393 17
394 26
395 17
396 18
397 20
398 23
399 25
400 22
401 18
402 22
403 15
404 14
405 20
406 23
407 11
408 26
409 30
410 19
411 14
412 22
413 25
414 21
415 20
416 26
417 20
418 22
419 16
420 20
421 19
422 13
423 15
424 19
425 15
426 26
427 19
428 21
429 22
430 15
431 23
432 22
433 19
434 27
435 26
436 24
437 17
438 22
439 21
440 23
441 21
442 21
443 20
444 15
445 27
446 19
447 17
448 22
449 21
450 19
451 17
452 22
453 17
454 20
455 25
456 21
457 26
458 21
459 24
460 23
461 25
462 16
463 14
464 14
465 25
466 26
467 18
468 24
469 14
470 16
471 20
472 22
473 24
474 17
475 22
476 24
477 26
478 26
479 15
480 21
481 27
482 18
483 16
484 17
485 19
486 24
487 21
488 13
489 19
490 19
491 21
492 26
493 29
494 15
495 13
496 27
497 27
498 15
499 22
500 18
501 19
502 23
503 27
504 20
505 17
506 18
507 21
508 25
509 23
510 25
511 25
512 22
513 27
514 26
515 30
516 21
517 21
518 15
519 20
520 25
521 20
522 8
523 19
524 24
525 22
526 22
527 20
528 23
529 14
530 23
531 16
532 23
533 23
534 20
535 25
536 22
537 21
538 20
539 19
540 19
541 21
542 19
543 24
544 16
545 18
546 21
547 16
548 23
549 14
550 21
551 22
552 21
553 15
554 14
555 23
556 15
557 22
558 25
559 24
560 29
561 14
562 20
563 25
564 29
565 19
566 14
567 22
568 23
569 21
570 20
571 16
572 15
573 21
574 23
575 29
576 19
577 25
578 19
579 23
580 23
581 18
582 31
583 22
584 23
585 24
586 21
587 21
588 20
589 24
590 23
591 21
592 22
593 25
594 14
595 21
596 22
597 16
598 20
599 27
600 17
601 18
602 19
603 16
604 21
605 21
606 17
607 21
608 17
609 14
610 19
611 15
612 15
613 24
614 22
615 25
616 26
617 23
618 21
619 27
620 18
621 26
622 26
623 14
624 25
625 26
626 18
627 18
628 21
629 20
630 22
631 21
632 18
633 26
634 23
635 32
636 27
637 16
638 29
639 27
640 19
641 19
642 19
643 23
644 19
645 13
646 20
647 25
648 23
649 24
650 18
651 25
652 19
653 26
654 21
655 19
656 23
657 11
658 20
659 20
660 17
661 14
662 19
663 17
664 26
665 18
666 28
667 20
668 20
669 15
670 23
671 20
672 14
673 23
674 22
675 19
676 20
677 16
678 21
679 18
680 14
681 23
682 26
683 9
684 19
685 21
686 21
687 18
688 28
689 20
690 26
691 23
692 21
693 28
694 27
695 15
696 13
697 15
698 27
699 20
700 23
701 16
702 23
703 21
704 25
705 23
706 19
707 25
708 25
709 18
710 26
711 18
712 26
713 25
714 16
715 24
716 29
717 25
718 24
719 23
720 19
721 27
722 13
723 17
724 16
725 16
726 19
727 21
728 24
729 24
730 23
731 23
732 25
733 31
734 25
735 17
736 20
737 19
738 17
739 24
740 24
741 13
742 16
743 22
744 21
745 20
746 26
747 20
748 23
749 19
750 16
751 15
752 16
753 14
754 18
755 18
756 25
757 24
758 19
759 12
760 20
761 23
762 19
763 21
764 21
765 15
766 28
767 26
768 27
769 23
770 27
771 21
772 33
773 19
774 22
775 29
776 25
777 20
778 21
779 22
780 23
781 21
782 22
783 24
784 24
785 24
786 23
787 18
788 20
789 19
790 24
791 27
792 29
793 28
794 20
795 26
796 22
797 26
798 12
799 15
800 26
801 22
802 21
803 15
804 16
805 14
806 20
807 18
808 19
809 17
810 13
811 20
812 21
813 22
814 19
815 19
816 22
817 23
818 27
819 23
820 22
821 23
822 24
823 20
824 17
825 25
826 21
827 27
828 19
829 20
830 23
831 25
832 24
833 23
834 22
835 25
836 20
837 18
838 21
839 19
840 24
841 22
842 18
843 10
844 18
845 19
846 19
847 21
848 26
849 25
850 23
851 21
852 15
853 17
854 18
855 20
856 17
857 24
858 20
859 23
860 22
861 19
862 16
863 19
864 20
865 22
866 20
867 18
868 25
869 19
870 32
871 16
872 20
873 17
874 19
875 20
876 15
877 18
878 34
879 27
880 20
881 21
882 16
883 22
884 22
885 23
886 18
887 18
888 19
889 14
890 14
891 15
892 19
893 17
894 27
895 24
896 18
897 23
898 30
899 20
900 15
901 14
902 17
903 24
904 18
905 21
906 13
907 21
908 15
909 17
910 14
911 23
912 22
913 19
914 22
915 20
916 15
917 24
918 10
919 17
920 15
921 14
922 22
923 23
924 17
925 17
926 20
927 22
928 17
929 17
930 18
931 19
932 20
933 19
934 14
935 15
936 15
937 14
938 18
939 20
940 22
941 23
942 26
943 17
944 20
945 28
946 26
947 14
948 17
949 12
950 21
951 23
952 14
953 16
954 17
955 20
956 24
957 20
958 20
959 17
960 24
961 27
962 24
963 26
964 24
965 21
966 19
967 16
968 18
969 21
970 15
971 24
972 24
973 21
974 23
975 19
976 27
977 12
978 26
979 21
980 27
981 15
982 20
983 17
984 19
985 20
986 24
987 24
988 17
989 24
990 13
991 23
992 13
993 23
994 23
995 26
996 26
997 25
998 17
999 18
1000 11
1001 20
1002 20
