0 38.644100189208984
1 38.644100189208984
2 34.77968978881836
3 34.77968978881836
4 21.254255294799805
5 3.864410161972046
6 0.0
7 18.355947494506836
8 8.69492244720459
9 7.728820323944092
10 11.593230247497559
11 0.9661025404930115
12 0.0
13 10.627127647399902
14 41.54240798950195
15 10.627127647399902
16 3.864410161972046
17 10.627127647399902
18 3.864410161972046
19 15.457639694213867
20 36.71189498901367
21 55.06784439086914
22 7.728820323944092
23 9.661025047302246
24 11.593230247497559
25 66.66107177734375
26 38.644100189208984
27 4.830512523651123
28 2.8983075618743896
29 2.8983075618743896
30 45.40681838989258
31 31.881383895874023
32 13.525435447692871
33 0.0
34 11.593230247497559
35 0.0
36 6.7627177238464355
37 15.457640647888184
38 27.050870895385742
39 16.423742294311523
40 18.355947494506836
41 14.491538047790527
42 22.22035789489746
43 1.932205080986023
44 9.661025047302246
45 17.38984489440918
46 0.0
47 9.661025047302246
48 8.69492244720459
49 0.9661025404930115
50 3.864410161972046
51 7.728820323944092
52 3.864410161972046
53 22.22035789489746
54 18.355947494506836
55 4.830512523651123
56 10.627127647399902
57 0.0
58 10.627127647399902
59 2.8983075618743896
60 2.8983075618743896
61 24.152563095092773
62 21.254255294799805
63 17.38984489440918
64 1.932205080986023
65 24.152563095092773
66 20.28815269470215
67 50.23733139038086
68 12.559332847595215
69 41.54240798950195
70 24.152563095092773
71 31.88138198852539
72 28.0169734954834
73 0.0
74 0.9661025404930115
75 2.8983075618743896
76 18.355947494506836
77 8.69492244720459
78 0.9661025404930115
79 25.11866569519043
80 44.44071578979492
81 5.796615123748779
82 30.915281295776367
83 23.186460494995117
84 27.050870895385742
85 9.661025047302246
86 28.983074188232422
87 50.23733139038086
88 16.423742294311523
89 4.830512523651123
90 31.88138198852539
91 6.7627177238464355
92 12.559332847595215
93 55.06784439086914
94 16.423742294311523
95 37.67799758911133
96 29.94917869567871
97 1.932205080986023
98 18.355947494506836
99 3.864410161972046
100 23.186460494995117
101 35.745792388916016
102 7.728820323944092
103 47.33902359008789
104 27.050870895385742
105 54.101741790771484
106 41.54240798950195
107 0.0
108 19.322050094604492
109 19.322050094604492
110 28.0169734954834
111 42.50851058959961
112 32.84748458862305
113 86.94922637939453
114 16.423742294311523
115 26.084768295288086
116 8.69492244720459
117 15.457640647888184
118 0.9661025404930115
119 0.9661025404930115
120 156.50860595703125
121 68.59327697753906
122 44.44071578979492
123 17.38984489440918
124 19.322050094604492
125 60.86445617675781
126 3.864410161972046
127 63.76276779174805
128 23.186460494995117
129 62.79666519165039
130 21.254255294799805
131 20.28815269470215
132 20.28815269470215
133 61.830562591552734
134 15.457640647888184
135 16.423742294311523
136 30.915281295776367
137 1.932205080986023
138 38.644100189208984
139 7.728820323944092
140 8.69492244720459
141 56.0339469909668
142 8.69492244720459
143 21.254255294799805
144 15.457640647888184
145 16.423742294311523
146 32.84748458862305
147 35.745792388916016
148 20.28815269470215
149 35.745792388916016
150 11.593230247497559
151 19.322050094604492
152 13.525435447692871
153 16.423742294311523
154 27.050870895385742
155 21.254255294799805
156 113.03399658203125
157 27.050870895385742
158 4.830512523651123
159 1.932205080986023
160 0.9661025404930115
161 1.932205080986023
162 4.830512523651123
163 19.322050094604492
164 2.8983075618743896
165 0.0
166 17.38984489440918
167 9.661025047302246
168 15.457640647888184
169 4.830512523651123
170 7.728820323944092
171 6.7627177238464355
172 0.9661025404930115
173 26.084768295288086
174 31.881383895874023
175 5.796615123748779
176 20.28815269470215
177 10.627127647399902
178 21.254255294799805
179 40.5763053894043
180 23.186460494995117
181 8.69492244720459
182 1.932205080986023
183 19.322050094604492
184 52.169532775878906
185 38.644100189208984
186 57.00004959106445
187 13.525435447692871
188 13.525435447692871
189 4.830512523651123
190 29.94917869567871
191 53.13563919067383
192 22.22035789489746
193 6.7627177238464355
194 6.7627177238464355
195 22.22035789489746
196 0.0
197 18.355947494506836
198 14.491538047790527
199 31.881383895874023
200 25.11866569519043
201 24.152563095092773
202 24.152563095092773
203 7.728820323944092
204 39.61020278930664
205 5.796615123748779
206 44.44071578979492
207 3.864410161972046
208 45.40681838989258
209 3.864410161972046
210 5.796615123748779
211 7.728820323944092
212 8.69492244720459
213 14.491538047790527
214 28.0169734954834
215 11.593230247497559
216 0.0
217 2.8983075618743896
218 74.389892578125
219 12.559332847595215
220 12.559332847595215
221 0.0
222 0.9661025404930115
223 27.050870895385742
224 9.661025047302246
225 49.2712287902832
226 0.0
227 30.915281295776367
228 29.949176788330078
229 1.932205080986023
230 5.796615123748779
231 6.7627177238464355
232 54.101741790771484
233 43.474613189697266
234 5.796615123748779
235 37.67799758911133
236 5.796615123748779
237 0.0
238 20.28815269470215
239 7.728819847106934
240 14.491538047790527
241 11.593230247497559
242 9.661025047302246
243 62.79666519165039
244 8.69492244720459
245 91.77973937988281
246 62.796661376953125
247 35.745792388916016
248 12.559332847595215
249 21.254255294799805
250 75.35599517822266
251 7.728820323944092
252 23.186460494995117
253 13.525435447692871
254 33.8135871887207
255 49.2712287902832
256 61.830562591552734
257 104.33907318115234
258 109.16958618164063
259 20.28815269470215
260 32.84748458862305
261 18.355947494506836
262 9.661025047302246
263 22.22035789489746
264 25.11866569519043
265 23.186460494995117
266 9.661025047302246
267 18.355947494506836
268 0.0
269 20.28815269470215
270 10.627127647399902
271 54.101741790771484
272 18.355947494506836
273 32.84748458862305
274 10.627127647399902
275 11.593230247497559
276 41.54240798950195
277 1.932205080986023
278 12.559332847595215
279 51.203433990478516
280 7.728820323944092
281 61.83055877685547
282 21.254255294799805
283 52.16953659057617
284 30.915279388427734
285 1.932205080986023
286 10.627127647399902
287 24.152563095092773
288 20.28815269470215
289 31.88138198852539
290 10.627127647399902
291 48.30512619018555
292 0.0
293 20.28815269470215
294 28.016971588134766
295 25.11866569519043
296 21.254255294799805
297 18.355947494506836
298 0.0
299 28.983074188232422
300 62.796661376953125
301 37.67799758911133
302 55.06784439086914
303 2.8983075618743896
304 5.796615123748779
305 2.8983075618743896
306 29.94917869567871
307 0.9661025404930115
308 11.593230247497559
309 0.0
310 25.11866569519043
311 17.38984489440918
312 9.661025047302246
313 21.254255294799805
314 0.0
315 17.38984489440918
316 3.864410161972046
317 2.8983075618743896
318 19.322050094604492
319 26.084768295288086
320 35.745792388916016
321 0.0
322 67.6271743774414
323 17.38984489440918
324 48.30512619018555
325 33.8135871887207
326 14.491537094116211
327 5.796615123748779
328 6.7627177238464355
329 42.50851058959961
330 5.796615123748779
331 23.186460494995117
332 28.0169734954834
333 62.79666519165039
334 30.915279388427734
335 114.96620178222656
336 46.372920989990234
337 28.0169734954834
338 2.8983075618743896
339 44.44071578979492
340 15.457640647888184
341 10.627127647399902
342 55.067840576171875
343 1.932205080986023
344 7.728820323944092
345 12.559332847595215
346 25.11866569519043
347 11.593230247497559
348 92.74584197998047
349 30.915281295776367
350 18.355947494506836
351 26.084768295288086
352 19.322050094604492
353 7.728820323944092
354 0.9661025404930115
355 0.0
356 0.0
357 17.38984489440918
358 14.491537094116211
359 26.084768295288086
360 4.830512523651123
361 17.38984489440918
362 26.084768295288086
363 48.30512619018555
364 35.745792388916016
365 12.559332847595215
366 14.491538047790527
367 26.084768295288086
368 46.372920989990234
369 63.76276779174805
370 16.423742294311523
371 57.96615219116211
372 8.69492244720459
373 18.355947494506836
374 6.7627177238464355
375 1.932205080986023
376 39.61020278930664
377 0.9661025404930115
378 14.491538047790527
379 36.71189498901367
380 34.77968978881836
381 11.593230247497559
382 16.423742294311523
383 42.50851058959961
384 4.830512523651123
385 9.661025047302246
386 3.864410161972046
387 1.932205080986023
388 27.050870895385742
389 18.355947494506836
390 11.593230247497559
391 0.9661025404930115
392 51.20343017578125
393 23.186460494995117
394 14.491538047790527
395 0.0
396 36.71189498901367
397 4.830512523651123
398 36.71189498901367
399 20.28815269470215
400 12.559332847595215
401 9.661025047302246
402 42.50851058959961
403 14.491537094116211
404 28.016971588134766
405 22.22035789489746
406 8.69492244720459
407 4.830512523651123
408 3.864410161972046
409 21.254255294799805
410 12.559332847595215
411 9.661025047302246
412 0.9661025404930115
413 37.67799758911133
414 8.69492244720459
415 8.69492244720459
416 27.050870895385742
417 0.9661025404930115
418 34.77968978881836
419 2.8983075618743896
420 11.593230247497559
421 45.40681838989258
422 0.9661025404930115
423 6.7627177238464355
424 23.186460494995117
425 41.54240798950195
426 0.0
427 20.28815269470215
428 43.474613189697266
429 25.11866569519043
430 21.254255294799805
431 25.11866569519043
432 3.864410161972046
433 15.457640647888184
434 24.152563095092773
435 12.559332847595215
436 31.88138198852539
437 6.7627177238464355
438 17.38984489440918
439 30.915281295776367
440 53.13563919067383
441 24.152563095092773
442 58.9322509765625
443 13.525435447692871
444 85.01702117919922
445 24.152563095092773
446 4.830512523651123
447 4.830512523651123
448 22.22035789489746
449 5.796615123748779
450 5.796615123748779
451 13.525435447692871
452 0.9661025404930115
453 14.491537094116211
454 10.627127647399902
455 3.864410161972046
456 0.9661025404930115
457 8.69492244720459
458 19.322050094604492
459 4.830512523651123
460 31.88138198852539
461 108.20347595214844
462 61.83055877685547
463 5.796615123748779
464 7.728820323944092
465 11.593230247497559
466 0.0
467 28.0169734954834
468 13.525435447692871
469 9.661025047302246
470 25.11866569519043
471 31.88138198852539
472 70.52548217773438
473 11.593230247497559
474 2.8983075618743896
475 50.23733139038086
476 48.30512619018555
477 0.9661025404930115
478 43.474613189697266
479 49.2712287902832
480 29.94917869567871
481 26.084768295288086
482 19.322050094604492
483 37.67799758911133
484 10.627127647399902
485 6.7627177238464355
486 42.50851058959961
487 45.40681838989258
488 0.0
489 11.593230247497559
490 40.5763053894043
491 4.830512523651123
492 114.96620178222656
493 14.491538047790527
494 44.44071578979492
495 45.40681838989258
496 63.76276397705078
497 58.932254791259766
498 0.0
499 20.28815269470215
500 35.745792388916016
501 30.915279388427734
502 15.457640647888184
503 1.932205080986023
504 0.0
505 44.44071578979492
506 21.254255294799805
507 54.101741790771484
508 22.22035789489746
509 9.661025047302246
510 15.457639694213867
511 12.559332847595215
512 17.38984489440918
513 14.491538047790527
514 10.627127647399902
515 6.7627177238464355
516 29.949176788330078
517 23.186460494995117
518 3.864410161972046
519 2.8983075618743896
520 11.593230247497559
521 41.54240798950195
522 28.983076095581055
523 6.7627177238464355
524 14.491538047790527
525 1.932205080986023
526 25.11866569519043
527 42.50851058959961
528 47.33902359008789
529 34.77968978881836
530 32.84748458862305
531 47.33902359008789
532 15.457639694213867
533 2.8983075618743896
534 10.627127647399902
535 38.644100189208984
536 0.0
537 24.152563095092773
538 0.0
539 0.0
540 4.830512523651123
541 42.50851058959961
542 8.69492244720459
543 2.8983075618743896
544 3.864410161972046
545 4.830512523651123
546 38.644100189208984
547 4.830512523651123
548 30.915279388427734
549 12.559332847595215
550 25.11866569519043
551 8.69492244720459
552 25.11866569519043
553 68.59327697753906
554 5.796615123748779
555 25.11866569519043
556 2.8983075618743896
557 0.0
558 0.9661025404930115
559 0.9661025404930115
560 4.830512523651123
561 8.69492244720459
562 33.8135871887207
563 53.13563919067383
564 22.22035789489746
565 7.728820323944092
566 21.254255294799805
567 26.084768295288086
568 31.88138198852539
569 15.457639694213867
570 45.40681838989258
571 2.8983075618743896
572 47.33902359008789
573 37.67799758911133
574 58.932254791259766
575 37.67799758911133
576 60.86445999145508
577 2.8983075618743896
578 0.0
579 21.254255294799805
580 80.18650817871094
581 54.101741790771484
582 8.69492244720459
583 6.7627177238464355
584 0.0
585 0.0
586 47.33902359008789
587 32.84748458862305
588 17.38984489440918
589 25.11866569519043
590 26.084768295288086
591 0.9661025404930115
592 18.355947494506836
593 3.864410161972046
594 5.796615123748779
595 9.661025047302246
596 8.69492244720459
597 40.5763053894043
598 4.830512523651123
599 16.423742294311523
600 0.0
601 13.525435447692871
602 3.864410161972046
603 1.932205080986023
604 2.8983075618743896
605 4.830512523651123
606 5.796615123748779
607 27.050870895385742
608 21.254255294799805
609 3.864410161972046
610 52.16953659057617
611 4.830512523651123
612 27.050870895385742
613 103.37297058105469
614 10.627127647399902
615 12.559332847595215
616 60.86445999145508
617 5.796615123748779
618 4.830512523651123
619 17.38984489440918
620 1.932205080986023
621 9.661025047302246
622 12.559332847595215
623 34.77968978881836
624 17.38984489440918
625 14.491538047790527
626 12.559332847595215
627 17.38984489440918
628 38.644100189208984
629 14.491538047790527
630 31.881383895874023
631 23.186460494995117
632 16.423742294311523
633 48.30512619018555
634 57.966148376464844
635 4.830512523651123
636 18.355947494506836
637 0.0
638 9.661025047302246
639 0.0
640 8.69492244720459
641 12.559332847595215
642 11.593230247497559
643 6.7627177238464355
644 45.40681838989258
645 10.627127647399902
646 3.864410161972046
647 12.559332847595215
648 1.932205080986023
649 14.491538047790527
650 15.457640647888184
651 0.0
652 1.932205080986023
653 1.932205080986023
654 44.44071578979492
655 2.8983075618743896
656 6.7627177238464355
657 20.28815269470215
658 4.830512523651123
659 3.864410161972046
660 17.38984489440918
661 10.627127647399902
662 33.8135871887207
663 8.69492244720459
664 0.0
665 8.69492244720459
666 9.661025047302246
667 9.661025047302246
668 28.983076095581055
669 20.28815269470215
670 27.05086898803711
671 16.423742294311523
672 62.796661376953125
673 15.457640647888184
674 18.355947494506836
675 6.7627177238464355
676 23.186460494995117
677 10.627127647399902
678 22.22035789489746
679 0.9661025404930115
680 19.322050094604492
681 23.186460494995117
682 0.9661025404930115
683 25.11866569519043
684 29.949176788330078
685 28.0169734954834
686 0.0
687 1.932205080986023
688 1.932205080986023
689 22.22035789489746
690 11.593230247497559
691 13.525435447692871
692 8.69492244720459
693 19.322050094604492
694 20.28815269470215
695 21.254255294799805
696 23.186460494995117
697 0.0
698 0.9661025404930115
699 19.322050094604492
700 19.322050094604492
701 0.0
702 46.372920989990234
703 17.38984489440918
704 24.152563095092773
705 18.355947494506836
706 69.55937957763672
707 55.06784439086914
708 7.728820323944092
709 16.423742294311523
710 20.28815269470215
711 6.7627177238464355
712 32.84748458862305
713 26.084768295288086
714 3.864410161972046
715 3.864410161972046
716 30.915279388427734
717 0.9661025404930115
718 33.8135871887207
719 16.423742294311523
720 4.830512523651123
721 0.0
722 11.593230247497559
723 0.0
724 0.0
725 17.38984489440918
726 68.59327697753906
727 0.9661025404930115
728 13.525435447692871
729 2.8983075618743896
730 18.355947494506836
731 18.355947494506836
732 16.423742294311523
733 34.77968978881836
734 0.9661025404930115
735 16.423742294311523
736 0.9661025404930115
737 25.11866569519043
738 13.525435447692871
739 0.0
740 0.0
741 26.084768295288086
742 3.864410161972046
743 10.627127647399902
744 0.0
745 6.7627177238464355
746 37.67799758911133
747 20.28815269470215
748 19.322050094604492
749 23.186460494995117
750 19.322050094604492
751 0.0
752 2.8983075618743896
753 11.593230247497559
754 19.322050094604492
755 7.728819847106934
756 22.22035789489746
757 24.152563095092773
758 12.559332847595215
759 1.932205080986023
760 2.8983075618743896
761 33.8135871887207
762 5.796615123748779
763 7.728820323944092
764 16.423742294311523
765 14.491538047790527
766 47.33902359008789
767 9.661025047302246
768 0.0
769 0.0
770 0.0
771 4.830512523651123
772 13.525435447692871
773 1.932205080986023
774 4.830512523651123
775 4.830512523651123
776 25.11866569519043
777 46.372920989990234
778 12.559332847595215
779 22.22035789489746
780 35.745792388916016
781 19.322050094604492
782 8.69492244720459
783 31.88138198852539
784 23.186460494995117
785 31.88138198852539
786 20.28815269470215
787 73.42378997802734
788 25.11866569519043
789 15.457640647888184
790 11.593230247497559
791 6.7627177238464355
792 44.44071578979492
793 87.91532897949219
794 38.644100189208984
795 82.11871337890625
796 71.49158477783203
797 11.593230247497559
798 73.42378997802734
799 63.76276779174805
800 9.661025047302246
801 16.423742294311523
802 29.94917869567871
803 0.0
804 22.22035789489746
805 69.55937957763672
806 7.728820323944092
807 15.457639694213867
808 41.54240798950195
809 26.084768295288086
810 26.084768295288086
811 3.864410161972046
812 4.830512523651123
813 31.88138198852539
814 4.830512523651123
815 0.0
816 12.559332847595215
817 0.0
818 0.0
819 2.8983075618743896
820 16.423742294311523
821 17.38984489440918
822 8.69492244720459
823 27.050870895385742
824 41.54240798950195
825 27.050870895385742
826 2.8983075618743896
827 0.9661025404930115
828 23.186460494995117
829 13.525435447692871
830 18.355947494506836
831 10.627127647399902
832 7.728820323944092
833 27.050870895385742
834 45.40681838989258
835 5.796615123748779
836 26.084768295288086
837 0.9661025404930115
838 21.254255294799805
839 13.525435447692871
840 0.9661025404930115
841 55.06784439086914
842 11.593230247497559
843 13.525435447692871
844 0.0
845 4.830512523651123
846 0.0
847 31.881383895874023
848 5.796615123748779
849 4.830512523651123
850 16.423742294311523
851 7.728820323944092
852 5.796615123748779
853 1.932205080986023
854 4.830512523651123
855 10.627127647399902
856 5.796615123748779
857 30.915281295776367
858 31.88138198852539
859 2.8983075618743896
860 23.186460494995117
861 14.491538047790527
862 5.796615123748779
863 60.86445999145508
864 20.28815269470215
865 123.66112518310547
866 1.932205080986023
867 41.54240798950195
868 24.152563095092773
869 74.389892578125
870 1.932205080986023
871 4.830512523651123
872 0.9661025404930115
873 8.69492244720459
874 25.118663787841797
875 6.7627177238464355
876 23.186460494995117
877 0.9661025404930115
878 2.8983075618743896
879 6.7627177238464355
880 24.152563095092773
881 15.457640647888184
882 0.9661025404930115
883 11.593230247497559
884 36.71189498901367
885 12.559332847595215
886 17.38984489440918
887 48.30512619018555
888 10.627127647399902
889 9.661025047302246
890 6.7627177238464355
891 39.61020278930664
892 0.9661025404930115
893 0.9661025404930115
894 0.0
895 8.69492244720459
896 1.932205080986023
897 0.0
898 2.8983075618743896
899 0.9661025404930115
900 55.06784439086914
901 12.559332847595215
902 15.457639694213867
903 18.355947494506836
904 125.59332275390625
905 12.559332847595215
906 7.728819847106934
907 24.152563095092773
908 1.932205080986023
909 5.796615123748779
910 0.0
911 26.084768295288086
912 9.661025047302246
913 11.593230247497559
914 17.38984489440918
915 3.864410161972046
916 62.796661376953125
917 81.1526107788086
918 8.69492244720459
919 42.50851058959961
920 8.69492244720459
921 11.593230247497559
922 0.9661025404930115
923 4.830512523651123
924 54.101741790771484
925 25.11866569519043
926 3.864410161972046
927 17.38984489440918
928 5.796615123748779
929 1.932205080986023
930 0.9661025404930115
931 28.983076095581055
932 34.77968978881836
933 10.627127647399902
934 76.32209777832031
935 0.0
936 24.152563095092773
937 12.559332847595215
938 10.627127647399902
939 6.7627177238464355
940 0.0
941 57.00004959106445
942 9.661025047302246
943 8.69492244720459
944 16.423742294311523
945 9.661025047302246
946 33.8135871887207
947 14.491538047790527
948 76.32209777832031
949 5.796615123748779
950 82.11871337890625
951 18.355947494506836
952 28.983074188232422
953 3.864410161972046
954 25.11866569519043
955 23.186460494995117
956 64.72886657714844
957 41.54240798950195
958 23.186460494995117
959 32.84748458862305
960 5.796615123748779
961 3.864410161972046
962 11.593230247497559
963 0.0
964 26.084768295288086
965 11.593230247497559
966 9.661025047302246
967 0.0
968 69.55937957763672
969 35.745792388916016
970 2.8983075618743896
971 16.423742294311523
972 54.101741790771484
973 8.69492244720459
974 10.627127647399902
975 7.728819847106934
976 18.355947494506836
977 40.5763053894043
978 21.254255294799805
979 32.84748458862305
980 29.94917869567871
981 21.254255294799805
982 54.101741790771484
983 0.9661025404930115
984 2.8983075618743896
985 0.9661025404930115
986 18.355947494506836
987 10.627127647399902
988 0.9661025404930115
989 15.457639694213867
990 11.593230247497559
991 1.932205080986023
992 23.186460494995117
993 14.491538047790527
994 16.423742294311523
995 5.796615123748779
996 19.322050094604492
997 22.22035789489746
998 28.983076095581055
999 21.254255294799805
1000 0.0
1001 20.28815269470215
1002 20.28815269470215
