50 7 {{1 0 0 4 0 0 0 0 0 0} {0 2 0 0 0 0 0 8 0 10} {0 0 3 0 0 0 0 0 9 0} {0 0 0 0 5 6 0 0 0 0}}
51 7 {{1 0 0 4 0 0 0 0 0 0} {0 2 0 0 0 0 0 8 0 10} {0 0 3 0 0 0 0 0 9 0} {0 0 0 0 5 6 0 0 0 0}}
52 7 {{1 0 0 4 0 0 0 0 0 0} {0 2 0 0 0 0 0 8 0 10} {0 0 3 0 0 0 0 0 9 0} {0 0 0 0 5 6 0 0 0 0}}
53 7 {{1 0 0 4 0 0 0 0 0 0} {0 2 0 0 0 0 0 8 0 10} {0 0 3 0 0 0 0 0 9 0} {0 0 0 0 5 6 0 0 0 0}}
54 7 {{1 0 0 4 0 0 0 0 0 0} {0 2 0 0 0 0 0 8 0 10} {0 0 3 0 0 0 0 0 9 0} {0 0 0 0 5 6 0 0 0 0}}
55 7 {{1 0 0 4 0 0 0 0 0 0} {0 2 0 0 0 0 0 8 0 10} {0 0 3 0 0 0 0 0 9 0} {0 0 0 0 5 6 0 0 0 0}}
56 7 {{1 0 0 4 0 0 0 0 0 0} {0 2 0 0 0 0 0 8 0 10} {0 0 3 0 0 0 0 0 9 0} {0 0 0 0 5 6 0 0 0 0}}
57 7 {{1 0 0 4 0 0 0 0 0 0} {0 2 0 0 0 0 0 8 0 10} {0 0 3 0 0 0 0 0 9 0} {0 0 0 0 5 6 0 0 0 0}}
58 7 {{1 0 0 4 0 0 0 0 0 0} {0 2 0 0 0 0 0 8 0 10} {0 0 3 0 0 0 0 0 9 0} {0 0 0 0 5 6 0 0 0 0}}
59 7 {{1 0 0 4 0 0 0 0 0 0} {0 2 0 0 0 0 0 8 0 10} {0 0 3 0 0 0 0 0 9 0} {0 0 0 0 5 6 0 0 0 0}}
60 7 {{1 0 0 4 0 0 0 0 0 0} {0 2 0 0 0 0 0 8 0 10} {0 0 3 0 0 0 0 0 9 0} {0 0 0 0 5 6 0 0 0 0}}
61 7 {{1 0 0 4 0 0 0 0 0 0} {0 2 0 0 0 0 0 8 0 10} {0 0 3 0 0 0 0 0 9 0} {0 0 0 0 5 6 0 0 0 0}}
62 {3 7 9} {{1 0 0 4 0 0 0 0 0 0} {0 2 0 0 0 0 0 8 0 10} {0 0 0 0 5 6 0 0 0 0}}
63 7 {{1 0 0 4 0 0 0 0 0 0} {0 2 0 0 0 0 0 8 0 10} {0 0 3 0 0 0 0 0 9 0} {0 0 0 0 5 6 0 0 0 0}}
64 {3 7 9} {{1 0 0 4 0 0 0 0 0 0} {0 2 0 0 0 0 0 8 0 10} {0 0 0 0 5 6 0 0 0 0}}
65 {3 7 9} {{1 0 0 4 0 0 0 0 0 0} {0 2 0 0 0 0 0 8 0 10} {0 0 0 0 5 6 0 0 0 0}}
66 {3 7 9} {{1 0 0 4 0 0 0 0 0 0} {0 2 0 0 0 0 0 8 0 10} {0 0 0 0 5 6 0 0 0 0}}
67 7 {{1 0 0 4 0 0 0 0 0 0} {0 2 0 0 0 0 0 8 0 10} {0 0 3 0 0 0 0 0 9 0} {0 0 0 0 5 6 0 0 0 0}}
68 {3 7 9} {{1 0 0 4 0 0 0 0 0 0} {0 2 0 0 0 0 0 8 0 10} {0 0 0 0 5 6 0 0 0 0}}
69 {3 7 9} {{1 0 0 4 0 0 0 0 0 0} {0 2 0 0 0 0 0 8 0 10} {0 0 0 0 5 6 0 0 0 0}}
70 {3 7 9} {{1 0 0 4 0 0 0 0 0 0} {0 2 0 0 0 0 0 8 0 10} {0 0 0 0 5 6 0 0 0 0}}
71 {3 7 9} {{1 0 0 4 0 0 0 0 0 0} {0 2 0 0 0 0 0 8 0 10} {0 0 0 0 5 6 0 0 0 0}}
72 {3 7 9} {{1 0 0 4 0 0 0 0 0 0} {0 2 0 0 0 0 0 8 0 10} {0 0 0 0 5 6 0 0 0 0}}
73 7 {{1 0 0 4 0 0 0 0 0 0} {0 2 0 0 0 0 0 8 0 10} {0 0 3 0 0 0 0 0 9 0} {0 0 0 0 5 6 0 0 0 0}}
74 7 {{1 0 0 4 0 0 0 0 0 0} {0 2 0 0 0 0 0 8 0 10} {0 0 3 0 0 0 0 0 9 0} {0 0 0 0 5 6 0 0 0 0}}
75 7 {{1 0 0 4 0 0 0 0 0 0} {0 2 0 0 0 0 0 8 0 10} {0 0 3 0 0 0 0 0 9 0} {0 0 0 0 5 6 0 0 0 0}}
76 7 {{1 0 0 4 0 0 0 0 0 0} {0 2 0 0 0 0 0 8 0 10} {0 0 3 0 0 0 0 0 9 0} {0 0 0 0 5 6 0 0 0 0}}
77 7 {{1 0 0 4 0 0 0 0 0 0} {0 2 0 0 0 0 0 8 0 10} {0 0 3 0 0 0 0 0 9 0} {0 0 0 0 5 6 0 0 0 0}}
78 7 {{1 0 0 4 0 0 0 0 0 0} {0 2 0 0 0 0 0 8 0 10} {0 0 3 0 0 0 0 0 9 0} {0 0 0 0 5 6 0 0 0 0}}
79 7 {{1 0 0 4 0 0 0 0 0 0} {0 2 0 0 0 0 0 8 0 10} {0 0 3 0 0 0 0 0 9 0} {0 0 0 0 5 6 0 0 0 0}}
80 7 {{1 0 0 4 0 0 0 0 0 0} {0 2 0 0 0 0 0 8 0 10} {0 0 3 0 0 0 0 0 9 0} {0 0 0 0 5 6 0 0 0 0}}
81 7 {{1 0 0 4 0 0 0 0 0 0} {0 2 0 0 0 0 0 8 0 10} {0 0 3 0 0 0 0 0 9 0} {0 0 0 0 5 6 0 0 0 0}}
82 7 {{1 0 0 4 0 0 0 0 0 0} {0 2 0 0 0 0 0 8 0 10} {0 0 3 0 0 0 0 0 9 0} {0 0 0 0 5 6 0 0 0 0}}
83 7 {{1 0 0 4 0 0 0 0 0 0} {0 2 0 0 0 0 0 8 0 10} {0 0 3 0 0 0 0 0 9 0} {0 0 0 0 5 6 0 0 0 0}}
84 7 {{1 0 0 4 0 0 0 0 0 0} {0 2 0 0 0 0 0 8 0 10} {0 0 3 0 0 0 0 0 9 0} {0 0 0 0 5 6 0 0 0 0}}
85 7 {{1 0 0 4 0 0 0 0 0 0} {0 2 0 0 0 0 0 8 0 10} {0 0 3 0 0 0 0 0 9 0} {0 0 0 0 5 6 0 0 0 0}}
86 7 {{1 0 0 4 0 0 0 0 0 0} {0 2 0 0 0 0 0 8 0 10} {0 0 3 0 0 0 0 0 9 0} {0 0 0 0 5 6 0 0 0 0}}
87 7 {{1 0 0 4 0 0 0 0 0 0} {0 2 0 0 0 0 0 8 0 10} {0 0 3 0 0 0 0 0 9 0} {0 0 0 0 5 6 0 0 0 0}}
88 7 {{1 0 0 4 0 0 0 0 0 0} {0 2 0 0 0 0 0 8 0 10} {0 0 3 0 0 0 0 0 9 0} {0 0 0 0 5 6 0 0 0 0}}
89 7 {{1 0 0 4 0 0 0 0 0 0} {0 2 0 0 0 0 0 8 0 10} {0 0 3 0 0 0 0 0 9 0} {0 0 0 0 5 6 0 0 0 0}}
90 7 {{1 0 0 4 0 0 0 0 0 0} {0 2 0 0 0 0 0 8 0 10} {0 0 3 0 0 0 0 0 9 0} {0 0 0 0 5 6 0 0 0 0}}
91 7 {{1 0 0 4 0 0 0 0 0 0} {0 2 0 0 0 0 0 8 0 10} {0 0 3 0 0 0 0 0 9 0} {0 0 0 0 5 6 0 0 0 0}}
92 7 {{1 0 0 4 0 0 0 0 0 0} {0 2 0 0 0 0 0 8 0 10} {0 0 3 0 0 0 0 0 9 0} {0 0 0 0 5 6 0 0 0 0}}
93 7 {{1 0 0 4 0 0 0 0 0 0} {0 2 0 0 0 0 0 8 0 10} {0 0 3 0 0 0 0 0 9 0} {0 0 0 0 5 6 0 0 0 0}}
94 7 {{1 0 0 4 0 0 0 0 0 0} {0 2 0 0 0 0 0 8 0 10} {0 0 3 0 0 0 0 0 9 0} {0 0 0 0 5 6 0 0 0 0}}
95 7 {{1 0 0 4 0 0 0 0 0 0} {0 2 0 0 0 0 0 8 0 10} {0 0 3 0 0 0 0 0 9 0} {0 0 0 0 5 6 0 0 0 0}}
96 7 {{1 0 0 4 0 0 0 0 0 0} {0 2 0 0 0 0 0 8 0 10} {0 0 3 0 0 0 0 0 9 0} {0 0 0 0 5 6 0 0 0 0}}
97 7 {{1 0 0 4 0 0 0 0 0 0} {0 2 0 0 0 0 0 8 0 10} {0 0 3 0 0 0 0 0 9 0} {0 0 0 0 5 6 0 0 0 0}}
98 7 {{1 0 0 4 0 0 0 0 0 0} {0 2 0 0 0 0 0 8 0 10} {0 0 3 0 0 0 0 0 9 0} {0 0 0 0 5 6 0 0 0 0}}
99 7 {{1 0 0 4 0 0 0 0 0 0} {0 2 0 0 0 0 0 8 0 10} {0 0 3 0 0 0 0 0 9 0} {0 0 0 0 5 6 0 0 0 0}}
100 7 {{1 0 0 4 0 0 0 0 0 0} {0 2 0 0 0 0 0 8 0 10} {0 0 3 0 0 0 0 0 9 0} {0 0 0 0 5 6 0 0 0 0}}
101 7 {{1 0 0 4 0 0 0 0 0 0} {0 2 0 0 0 0 0 8 0 10} {0 0 3 0 0 0 0 0 9 0} {0 0 0 0 5 6 0 0 0 0}}
102 7 {{1 0 0 4 0 0 0 0 0 0} {0 2 0 0 0 0 0 8 0 10} {0 0 3 0 0 0 0 0 9 0} {0 0 0 0 5 6 0 0 0 0}}
103 7 {{1 0 0 4 0 0 0 0 0 0} {0 2 0 0 0 0 0 8 0 10} {0 0 3 0 0 0 0 0 9 0} {0 0 0 0 5 6 0 0 0 0}}
104 7 {{1 0 0 4 0 0 0 0 0 0} {0 2 0 0 0 0 0 8 0 10} {0 0 3 0 0 0 0 0 9 0} {0 0 0 0 5 6 0 0 0 0}}
105 7 {{1 0 0 4 0 0 0 0 0 0} {0 2 0 0 0 0 0 8 0 10} {0 0 3 0 0 0 0 0 9 0} {0 0 0 0 5 6 0 0 0 0}}
106 7 {{1 0 0 4 0 0 0 0 0 0} {0 2 0 0 0 0 0 8 0 10} {0 0 3 0 0 0 0 0 9 0} {0 0 0 0 5 6 0 0 0 0}}
107 {} {{1 0 0 4 0 0 0 0 0 0} {0 2 0 0 0 0 0 8 0 10} {0 0 3 0 0 0 0 0 9 0} {0 0 0 0 5 6 7 0 0 0}}
108 {} {{1 0 0 4 0 0 0 0 0 0} {0 2 0 0 0 0 0 8 0 10} {0 0 3 0 0 0 0 0 9 0} {0 0 0 0 5 6 7 0 0 0}}
109 {} {{1 0 0 4 0 0 0 0 0 0} {0 2 0 0 0 0 0 8 0 10} {0 0 3 0 0 0 0 0 9 0} {0 0 0 0 5 6 7 0 0 0}}
110 {} {{1 0 0 4 0 0 0 0 0 0} {0 2 0 0 0 0 0 8 0 10} {0 0 3 0 0 0 0 0 9 0} {0 0 0 0 5 6 7 0 0 0}}
111 {} {{1 0 0 4 0 0 0 0 0 0} {0 2 0 0 0 0 0 8 0 10} {0 0 3 0 0 0 0 0 9 0} {0 0 0 0 5 6 7 0 0 0}}
112 7 {{1 0 0 4 0 0 0 0 0 0} {0 2 0 0 0 0 0 8 0 10} {0 0 3 0 0 0 0 0 9 0} {0 0 0 0 5 6 0 0 0 0}}
113 7 {{1 0 0 4 0 0 0 0 0 0} {0 2 0 0 5 0 0 8 0 10} {0 0 3 0 0 0 0 0 9 0} {0 0 0 0 5 6 0 0 0 0}}
114 {} {{1 0 0 4 0 0 0 0 0 0} {0 2 0 0 5 0 0 8 0 10} {0 0 3 0 0 0 0 0 9 0} {0 0 0 0 5 6 7 0 0 0}}
115 {} {{1 0 0 4 0 0 0 0 0 0} {0 2 0 0 5 0 0 8 0 10} {0 0 3 0 0 0 0 0 9 0} {0 0 0 0 5 6 7 0 0 0}}
116 {} {{1 0 0 4 0 0 0 0 0 0} {0 2 0 0 5 0 0 8 0 10} {0 0 3 0 0 0 0 0 9 0} {0 0 0 0 5 6 7 0 0 0}}
117 {} {{1 0 0 4 0 0 0 0 0 0} {0 2 0 0 5 0 0 8 0 10} {0 0 3 0 0 0 0 0 9 0} {0 0 0 0 5 6 7 0 0 0}}
118 {} {{1 0 0 4 0 0 0 0 0 0} {0 2 0 0 5 0 0 8 0 10} {0 0 3 0 0 0 0 0 9 0} {0 0 0 0 5 6 7 0 0 0}}
119 {} {{1 0 0 4 0 0 0 0 0 0} {0 2 0 0 5 0 0 8 0 10} {0 0 3 0 0 0 0 0 9 0} {0 0 0 0 5 6 7 0 0 0}}
120 {} {{1 0 0 4 0 0 0 0 0 0} {0 2 0 0 5 0 0 8 0 10} {0 0 3 0 0 0 0 0 9 0} {0 0 0 0 5 6 7 0 0 0}}
121 {} {{1 0 0 4 0 0 0 0 0 0} {0 2 0 0 5 6 0 8 0 10} {0 0 3 0 0 0 0 0 9 0} {0 0 0 0 5 6 7 0 0 0}}
122 {} {{1 0 0 4 0 0 0 0 0 0} {0 2 0 0 5 6 0 8 0 10} {0 0 3 0 0 0 0 0 9 0} {0 0 0 0 5 6 7 0 0 0}}
123 {} {{1 0 0 4 0 0 0 0 0 0} {0 2 0 0 5 6 0 8 0 10} {0 0 3 0 0 0 0 0 9 0} {0 0 0 0 5 6 7 0 0 0}}
124 {} {{1 0 0 4 0 0 0 0 0 0} {0 2 0 0 5 6 0 8 0 10} {0 0 3 0 0 0 0 0 9 0} {0 0 0 0 5 6 7 0 0 0}}
125 {} {{1 0 0 4 0 0 0 0 0 0} {0 2 0 0 5 6 0 8 0 10} {0 0 3 0 0 0 0 0 9 0} {0 0 0 0 5 6 7 0 0 0}}
126 {} {{1 0 0 4 0 0 0 0 0 0} {0 2 0 0 5 6 0 8 0 10} {0 0 3 0 0 0 0 0 9 0} {0 0 0 0 5 6 7 0 0 0}}
127 {} {{1 0 0 4 0 0 0 0 0 0} {0 2 0 0 5 6 0 8 0 10} {0 0 3 0 0 0 0 0 9 0} {0 0 0 0 5 6 7 0 0 0}}
128 {} {{1 0 0 4 0 0 0 0 0 0} {0 2 0 0 5 6 0 8 0 10} {0 0 3 0 0 0 0 0 9 0} {0 0 0 0 5 6 7 0 0 0}}
129 {} {{1 0 0 4 0 0 0 0 0 0} {0 2 0 0 5 6 0 8 0 10} {0 0 3 0 0 0 0 0 9 0} {0 0 0 0 5 6 7 0 0 0}}
130 {} {{1 0 0 4 0 0 0 0 0 0} {0 2 0 0 5 6 0 8 0 10} {0 0 3 0 0 0 0 0 9 0} {0 0 0 0 5 6 7 0 0 0}}
131 {} {{1 0 0 4 0 0 0 0 0 0} {0 2 0 0 5 6 0 8 0 10} {0 0 3 0 0 0 0 0 9 0} {0 0 0 0 5 6 7 0 0 0}}
132 {} {{1 0 0 4 0 0 0 0 0 0} {0 2 0 0 5 6 0 8 0 10} {0 0 3 0 0 0 0 0 9 0} {0 0 0 0 5 6 7 0 0 0}}
133 {} {{1 0 0 4 0 0 0 0 0 0} {0 2 0 0 5 6 0 8 0 10} {0 0 3 0 0 0 0 0 9 0} {0 0 0 0 5 6 7 0 0 0}}
134 {} {{1 0 0 4 0 0 0 0 0 0} {0 2 0 0 5 6 0 8 0 10} {0 0 3 0 0 0 0 0 9 0} {0 0 0 0 5 6 7 0 0 0}}
135 {} {{1 0 0 4 0 0 0 0 0 0} {0 2 0 0 5 6 0 8 0 10} {0 0 3 0 0 0 0 0 9 0} {0 0 0 0 5 6 7 0 0 0}}
136 {} {{1 0 0 4 0 0 0 0 0 0} {0 2 0 0 5 6 0 8 0 10} {0 0 3 0 0 0 0 0 9 0} {0 0 0 0 5 6 7 0 0 0}}
137 {} {{1 0 0 4 0 0 0 0 0 0} {0 2 0 0 5 6 0 8 0 10} {0 0 3 0 0 0 0 0 9 0} {0 0 0 0 5 6 7 0 0 0}}
138 {} {{1 0 0 4 0 0 0 0 0 0} {0 2 0 0 5 6 0 8 0 10} {0 0 3 0 0 0 0 0 9 0} {0 0 0 0 5 6 7 0 0 0}}
139 {} {{1 0 0 4 0 0 0 0 0 0} {0 2 0 0 5 6 0 8 0 10} {0 0 3 0 0 0 0 0 9 0} {0 0 0 0 5 6 7 0 0 0}}
140 {} {{1 0 0 4 0 0 0 0 0 0} {0 2 0 0 5 6 7 8 0 10} {0 0 3 0 0 0 0 0 9 0}}
141 {} {{1 0 0 4 0 0 0 0 0 0} {0 2 0 0 5 6 7 8 0 10} {0 0 3 0 0 0 0 0 9 0}}
142 {} {{1 0 0 4 0 0 0 0 0 0} {0 2 0 0 5 6 7 8 0 10} {0 0 3 0 0 0 0 0 9 0}}
143 {} {{1 0 0 4 0 0 0 0 0 0} {0 2 0 0 5 6 7 8 0 10} {0 0 3 0 0 0 0 0 9 0}}
144 {} {{1 0 0 4 0 0 0 0 0 0} {0 2 0 0 5 6 7 8 0 10} {0 0 3 0 0 0 0 0 9 0}}
145 {} {{1 0 0 4 0 0 0 0 0 0} {0 2 0 0 5 6 7 8 0 10} {0 0 3 0 0 0 0 0 9 0}}
146 {} {{1 0 0 4 0 0 0 0 0 0} {0 2 0 0 5 6 7 8 0 10} {0 0 3 0 0 0 0 0 9 0}}
147 {} {{1 0 0 4 0 0 0 0 0 0} {0 2 0 0 5 6 7 8 0 10} {0 0 3 0 0 0 0 0 9 0}}
148 {} {{1 0 0 4 0 0 0 0 0 0} {0 2 0 0 5 6 7 8 0 10} {0 0 3 0 0 0 0 0 9 0}}
149 {} {{1 0 0 4 0 0 0 0 0 0} {0 2 0 0 5 6 7 8 0 10} {0 0 3 0 0 0 0 0 9 0}}
