# Selection:resname AU W ION Restricted:name AUC AUL AUSL Radius:2.64 Start:0 End:-1
0 302.39715576171875
1 302.3971862792969
2 98.21446228027344
3 130.0911102294922
4 99.07600402832031
5 108.98361206054688
6 77.5377426147461
7 129.22958374023438
8 132.6757049560547
9 127.93727111816406
10 133.96798706054688
11 131.81417846679688
12 71.50703430175781
13 111.99895477294922
14 128.36805725097656
15 160.24465942382813
16 201.59811401367188
17 171.01377868652344
18 93.90681457519531
19 127.93728637695313
20 116.73736572265625
21 125.78343963623047
22 186.090576171875
23 228.30557250976563
24 113.29125213623047
25 101.66059112548828
26 133.53720092773438
27 188.67515563964844
28 109.41436767578125
29 171.01380920410156
30 65.04554748535156
31 166.27536010742188
32 152.06011962890625
33 164.12155151367188
34 96.06063842773438
35 113.72201538085938
36 98.64523315429688
37 122.76808166503906
38 113.72203063964844
39 93.4760513305664
40 146.46017456054688
41 192.98284912109375
42 120.61426544189453
43 68.92243957519531
44 118.4604263305664
45 178.3367919921875
46 161.53695678710938
47 186.95211791992188
48 99.07600402832031
49 125.783447265625
50 192.98280334472656
51 179.19834899902344
52 123.62960815429688
53 81.41463470458984
54 148.18325805664063
55 88.7376480102539
56 140.42945861816406
57 80.12232971191406
58 132.2449188232422
59 107.69129943847656
60 149.90631103515625
61 152.49087524414063
62 163.26004028320313
63 157.22930908203125
64 164.98306274414063
65 202.89039611816406
66 246.3977508544922
67 144.73712158203125
68 161.10618591308594
69 160.6754150390625
70 218.8287353515625
71 200.73660278320313
72 108.98361206054688
73 165.41384887695313
74 95.6298828125
75 164.98306274414063
76 117.16814422607422
77 121.04502868652344
78 133.96798706054688
79 155.50625610351563
80 195.99818420410156
81 177.0445098876953
82 152.4908905029297
83 179.19834899902344
84 187.38287353515625
85 217.96722412109375
86 100.36829376220703
87 125.35267639160156
88 99.07599639892578
89 101.66059112548828
90 121.47579193115234
91 186.52133178710938
92 208.49038696289063
93 122.7680892944336
94 182.2136993408203
95 233.4747314453125
96 183.07522583007813
97 190.82899475097656
98 224.8594512939453
99 210.21340942382813
100 241.6593017578125
101 163.2600555419922
102 174.45994567871094
103 158.95236206054688
104 186.5213623046875
105 161.53695678710938
106 153.3524169921875
107 106.39900970458984
108 132.67567443847656
109 202.0288848876953
110 165.41384887695313
111 177.90603637695313
112 129.22958374023438
113 121.0450439453125
114 107.26053619384766
115 150.33706665039063
116 83.99922180175781
117 124.92192077636719
118 131.81417846679688
119 116.30662536621094
120 102.52212524414063
121 202.4596710205078
122 102.952880859375
123 158.09085083007813
124 103.81442260742188
125 139.9987030029297
126 154.6447296142578
127 227.87478637695313
128 196.85971069335938
129 195.99818420410156
130 99.07599639892578
131 85.29151153564453
132 106.82978057861328
133 119.75273895263672
134 139.56790161132813
135 149.04476928710938
136 185.65982055664063
137 170.58302307128906
138 148.614013671875
139 200.3058319091797
140 91.32223510742188
141 108.12206268310547
142 121.90654754638672
143 142.58326721191406
144 191.69053649902344
145 133.10646057128906
146 146.8909454345703
147 114.58356475830078
148 116.73737335205078
149 185.2290802001953
150 150.33706665039063
151 107.26055145263672
152 99.93753814697266
153 123.629638671875
154 183.5059814453125
155 161.53695678710938
156 151.19859313964844
157 134.82949829101563
158 130.0911102294922
159 160.24468994140625
160 105.10671997070313
161 146.46018981933594
162 127.07574462890625
163 139.5679473876953
164 202.89039611816406
165 202.45965576171875
166 120.61426544189453
167 143.01405334472656
168 87.44536590576172
169 173.59840393066406
170 256.30535888671875
171 121.90657043457031
172 97.78370666503906
173 121.90656280517578
174 171.44454956054688
175 199.87506103515625
176 153.78318786621094
177 122.76809692382813
178 161.96771240234375
179 187.81361389160156
180 217.96722412109375
181 220.12103271484375
182 97.78370666503906
183 110.27589416503906
184 68.0609130859375
185 133.53721618652344
186 220.1210479736328
187 145.59864807128906
188 171.01377868652344
189 145.16787719726563
190 152.4908905029297
191 139.56793212890625
192 88.7376480102539
193 174.02914428710938
194 127.50650787353516
195 174.45993041992188
196 218.82872009277344
197 151.62936401367188
198 146.02944946289063
199 156.79855346679688
200 173.598388671875
201 177.90603637695313
202 179.6291046142578
203 139.5679473876953
204 83.13768005371094
205 127.50651550292969
206 141.72174072265625
207 96.92218017578125
208 140.86021423339844
209 130.52186584472656
210 135.6910400390625
211 127.50650787353516
212 146.0294189453125
213 127.50650024414063
214 205.47499084472656
215 139.13714599609375
216 97.35294342041016
217 137.84486389160156
218 162.39846801757813
219 134.8295135498047
220 174.0291748046875
221 172.7368621826172
222 191.25978088378906
223 106.39901733398438
224 180.4906463623047
225 124.92192840576172
226 197.29046630859375
227 38.338104248046875
228 121.4758071899414
229 184.3675079345703
230 146.46017456054688
231 231.75169372558594
232 125.35267639160156
233 135.2602996826172
234 94.33757781982422
235 146.4601593017578
236 227.01327514648438
237 109.84513854980469
238 108.55284118652344
239 110.70667266845703
240 160.67544555664063
241 116.73738861083984
242 149.47557067871094
243 101.2298355102539
244 171.444580078125
245 149.0447540283203
246 128.79879760742188
247 147.32171630859375
248 186.52133178710938
249 177.4752655029297
250 136.12181091308594
251 158.52157592773438
252 192.9828338623047
253 217.53643798828125
254 128.79881286621094
255 228.73634338378906
256 218.39797973632813
257 160.24464416503906
258 191.69053649902344
259 144.73712158203125
260 105.9682388305664
261 167.1369171142578
262 209.3518829345703
263 153.78318786621094
264 112.8604965209961
265 133.5372314453125
266 214.5210723876953
267 84.42996978759766
268 148.61399841308594
269 189.96746826171875
270 248.9822998046875
271 157.6600799560547
272 176.6137237548828
273 157.6600799560547
274 132.67567443847656
275 115.44507598876953
276 137.41409301757813
277 150.33705139160156
278 167.5677032470703
279 158.09083557128906
280 164.9830780029297
281 175.75221252441406
282 152.92166137695313
283 141.72177124023438
284 170.1522979736328
285 83.5684585571289
286 99.07599639892578
287 128.3680419921875
288 109.41437530517578
289 146.02940368652344
290 70.21472930908203
291 156.36778259277344
292 153.78318786621094
293 131.38340759277344
294 133.1064453125
295 210.21343994140625
296 189.10592651367188
297 120.6142578125
298 108.98359680175781
299 194.27511596679688
300 200.736572265625
301 180.92138671875
302 124.06038665771484
303 126.64497375488281
304 147.75247192382813
305 116.73737335205078
306 143.8756103515625
307 147.7524871826172
308 123.62960815429688
309 78.83003234863281
310 88.7376480102539
311 125.78343963623047
312 157.66004943847656
313 118.02967071533203
314 149.47555541992188
315 112.42974090576172
316 122.33732604980469
317 149.04478454589844
318 102.09135437011719
319 74.09161376953125
320 41.78422927856445
321 68.4916763305664
322 59.876365661621094
323 113.291259765625
324 160.2446746826172
325 189.96746826171875
326 155.0754852294922
327 162.39849853515625
328 174.8906707763672
329 175.75221252441406
330 109.41436767578125
331 116.73737335205078
332 90.46070098876953
333 125.35269165039063
334 131.8141632080078
335 102.9529037475586
336 139.56793212890625
337 188.6751708984375
338 100.79906463623047
339 169.7215118408203
340 91.32222747802734
341 119.75272369384766
342 139.99868774414063
343 256.736083984375
344 93.47603607177734
345 136.98333740234375
346 112.8604965209961
347 88.30686950683594
348 186.5213623046875
349 150.33705139160156
350 104.67594909667969
351 99.50676727294922
352 183.07522583007813
353 188.67518615722656
354 176.1829833984375
355 173.598388671875
356 118.46043395996094
357 133.96798706054688
358 162.39849853515625
359 133.96798706054688
360 182.64443969726563
361 71.93778991699219
362 184.7982940673828
363 169.29074096679688
364 120.61425018310547
365 192.12130737304688
366 171.44456481933594
367 112.86048889160156
368 133.10646057128906
369 95.19911193847656
370 115.44508361816406
371 147.75245666503906
372 118.8912124633789
373 141.7217559814453
374 128.79881286621094
375 95.19910430908203
376 211.07496643066406
377 128.36802673339844
378 156.7985382080078
379 182.64443969726563
380 131.8141632080078
381 74.52238464355469
382 102.5221176147461
383 75.38391876220703
384 108.55284118652344
385 118.89119720458984
386 173.1676025390625
387 116.30661010742188
388 183.0752410888672
389 193.41358947753906
390 154.64471435546875
391 169.2907257080078
392 223.1363525390625
393 113.72201538085938
394 93.04529571533203
395 89.16839599609375
396 149.04476928710938
397 146.46017456054688
398 174.4599151611328
399 127.9372787475586
400 96.92218017578125
401 177.0445098876953
402 130.52183532714844
403 161.106201171875
404 136.98333740234375
405 92.18376159667969
406 144.30633544921875
407 112.4297103881836
408 177.90602111816406
409 249.41305541992188
410 158.0908203125
411 193.41360473632813
412 200.30581665039063
413 192.12130737304688
414 134.8295135498047
415 87.44534301757813
416 84.8607406616211
417 141.29100036621094
418 237.3516387939453
419 142.58328247070313
420 137.84487915039063
421 149.47552490234375
422 118.8912124633789
423 141.29098510742188
424 139.13719177246094
425 122.7680892944336
426 120.6142807006836
427 156.3677520751953
428 121.90655517578125
429 184.7982635498047
430 121.4758071899414
431 213.2288055419922
432 142.58328247070313
433 138.70640563964844
434 147.32171630859375
435 177.04452514648438
436 44.36881637573242
437 166.70614624023438
438 220.1210174560547
439 237.3516082763672
440 209.35189819335938
441 183.93675231933594
442 235.1977996826172
443 120.18348693847656
444 131.81414794921875
445 97.78370666503906
446 191.2597198486328
447 181.35215759277344
448 227.44407653808594
449 197.2904815673828
450 211.07498168945313
451 148.18324279785156
452 107.26052856445313
453 159.8138885498047
454 137.84487915039063
455 133.53721618652344
456 159.38314819335938
457 99.93753051757813
458 161.10621643066406
459 182.2136993408203
460 148.61399841308594
461 225.29022216796875
462 178.767578125
463 229.16709899902344
464 220.1210174560547
465 220.12103271484375
466 144.3063507080078
467 148.18324279785156
468 85.29150390625
469 103.38365173339844
470 128.79879760742188
471 89.59916687011719
472 134.3987579345703
473 164.12156677246094
474 170.15225219726563
475 163.25999450683594
476 137.84487915039063
477 133.53721618652344
478 108.12206268310547
479 164.12155151367188
480 96.0606460571289
481 157.22930908203125
482 113.7220230102539
483 114.15279388427734
484 105.53749084472656
485 167.13693237304688
486 250.2745819091797
487 212.3672332763672
488 199.0135498046875
489 98.21446990966797
490 157.6600799560547
491 153.35240173339844
492 96.06063842773438
493 198.15200805664063
494 161.5369873046875
495 129.2295684814453
496 165.84461975097656
497 102.52213287353516
498 126.2142105102539
499 180.0598907470703
500 131.38339233398438
501 161.96771240234375
502 185.65980529785156
503 205.0442657470703
504 226.58255004882813
505 204.18272399902344
506 154.6447296142578
507 219.259521484375
508 186.5213623046875
509 122.7680892944336
510 200.7366180419922
511 138.27565002441406
512 148.61399841308594
513 93.4760513305664
514 122.76809692382813
515 159.8138885498047
516 164.55230712890625
517 65.90708923339844
518 176.1829833984375
519 170.1522674560547
520 159.8138885498047
521 159.3831329345703
522 114.58354949951172
523 189.1059112548828
524 136.98333740234375
525 65.90708923339844
526 112.8604965209961
527 85.7222671508789
528 110.70667266845703
529 110.70667266845703
530 196.85972595214844
531 185.22906494140625
532 174.89068603515625
533 154.2139434814453
534 147.32171630859375
535 202.8904571533203
536 186.09060668945313
537 76.67620849609375
538 152.06011962890625
539 119.32196807861328
540 77.10697174072266
541 183.50601196289063
542 129.2295684814453
543 192.55206298828125
544 131.38339233398438
545 117.59890747070313
546 125.78343963623047
547 174.02914428710938
548 131.38339233398438
549 176.18295288085938
550 119.32196044921875
551 55.1379508972168
552 125.3526840209961
553 77.5377426147461
554 75.3839111328125
555 58.58407211303711
556 164.5523223876953
557 85.2915267944336
558 79.69156646728516
559 111.56819152832031
560 157.22930908203125
561 210.64418029785156
562 152.0601348876953
563 171.8753204345703
564 99.9375228881836
565 152.4908905029297
566 225.72097778320313
567 185.22903442382813
568 102.09136199951172
569 124.06038665771484
570 147.32171630859375
571 184.36752319335938
572 135.26028442382813
573 115.87583923339844
574 199.0135498046875
575 75.3839111328125
576 108.1220703125
577 140.86021423339844
578 87.01457214355469
579 121.04502868652344
580 125.35267639160156
581 210.2134246826172
582 164.55230712890625
583 152.49090576171875
584 165.84458923339844
585 174.89065551757813
586 111.1374282836914
587 168.85997009277344
588 151.6293487548828
589 182.6444549560547
590 133.96798706054688
591 115.445068359375
592 144.30633544921875
593 202.02890014648438
594 127.50652313232422
595 118.46041870117188
596 84.42998504638672
597 109.84513092041016
598 121.0450210571289
599 146.02943420410156
600 110.27588653564453
601 192.12127685546875
602 77.968505859375
603 62.891719818115234
604 122.76808166503906
605 123.1988525390625
606 58.15330505371094
607 80.55310821533203
608 52.98412322998047
609 75.81468200683594
610 105.5374755859375
611 146.8909454345703
612 127.50650024414063
613 146.46017456054688
614 74.9531478881836
615 172.3061065673828
616 113.29125213623047
617 117.16815185546875
618 85.72227478027344
619 58.15330505371094
620 124.06039428710938
621 65.47631072998047
622 172.73684692382813
623 140.86024475097656
624 111.13743591308594
625 252.42840576171875
626 85.29151916503906
627 77.5377426147461
628 250.2745819091797
629 125.35267639160156
630 188.244384765625
631 147.75247192382813
632 129.22958374023438
633 159.3831329345703
634 105.96824645996094
635 202.4596710205078
636 140.42945861816406
637 46.522647857666016
638 156.79856872558594
639 156.36776733398438
640 105.1067123413086
641 98.6452407836914
642 166.27537536621094
643 180.0598602294922
644 232.61322021484375
645 123.19886016845703
646 147.32171630859375
647 183.50596618652344
648 110.70667266845703
649 77.53773498535156
650 123.19884490966797
651 86.1530532836914
652 124.06037902832031
653 144.7371063232422
654 141.29100036621094
655 165.4138641357422
656 165.41384887695313
657 145.5986328125
658 187.81362915039063
659 38.338104248046875
660 46.522647857666016
661 204.61346435546875
662 150.76780700683594
663 108.55282592773438
664 166.7061309814453
665 172.7368621826172
666 202.02890014648438
667 114.15279388427734
668 173.1676025390625
669 85.29151153564453
670 178.33677673339844
671 147.32171630859375
672 157.2293243408203
673 180.92138671875
674 204.61346435546875
675 163.69078063964844
676 103.81441497802734
677 111.56819915771484
678 190.82899475097656
679 132.67567443847656
680 155.50625610351563
681 178.33680725097656
682 137.4141082763672
683 171.44454956054688
684 119.32196807861328
685 138.275634765625
686 161.10617065429688
687 136.9833526611328
688 82.70692443847656
689 180.92144775390625
690 118.89118957519531
691 208.05960083007813
692 175.75221252441406
693 189.5366973876953
694 162.3984832763672
695 199.01353454589844
696 157.2292938232422
697 180.49063110351563
698 95.1991195678711
699 227.4440155029297
700 109.84514617919922
701 197.29046630859375
702 204.18272399902344
703 158.952392578125
704 107.26055908203125
705 184.7982940673828
706 200.73658752441406
707 87.44534301757813
708 165.8446044921875
709 110.7066650390625
710 83.13768768310547
711 117.16813659667969
712 133.96798706054688
713 85.72228240966797
714 93.90682983398438
715 188.24440002441406
716 233.47474670410156
717 157.6600799560547
718 135.69105529785156
719 98.6452407836914
720 232.18247985839844
721 136.55259704589844
722 49.968772888183594
723 100.36829376220703
724 121.90656280517578
725 104.24518585205078
726 105.1067123413086
727 163.26002502441406
728 143.8756103515625
729 120.18350219726563
730 104.67594909667969
731 90.460693359375
732 137.84486389160156
733 53.414886474609375
734 128.79881286621094
735 127.93726348876953
736 83.13768768310547
737 151.62936401367188
738 38.76887130737305
739 112.42972564697266
740 106.82978057861328
741 164.9830780029297
742 71.93779754638672
743 132.67567443847656
744 118.46045684814453
745 96.49140930175781
746 144.30636596679688
747 145.16786193847656
748 173.16761779785156
749 139.56793212890625
750 155.93701171875
751 107.69131469726563
752 123.62960815429688
753 133.5372314453125
754 145.16787719726563
755 68.92243957519531
756 137.84486389160156
757 117.59891510009766
758 161.96774291992188
759 117.16813659667969
760 149.9062957763672
761 143.44482421875
762 76.2454605102539
763 121.90656280517578
764 215.38258361816406
765 54.27641677856445
766 171.4445343017578
767 202.89044189453125
768 121.90655517578125
769 195.56741333007813
770 143.87557983398438
771 183.07522583007813
772 126.64497375488281
773 241.22850036621094
774 260.6129455566406
775 168.42919921875
776 70.64549255371094
777 199.44430541992188
778 230.89015197753906
779 217.5364227294922
780 172.30609130859375
781 162.82925415039063
782 222.27484130859375
783 163.26002502441406
784 146.02938842773438
785 157.22930908203125
786 100.79906463623047
787 138.7063751220703
788 96.49140930175781
789 192.55203247070313
790 207.6288299560547
791 113.72201538085938
792 114.58355712890625
793 134.39874267578125
794 182.64447021484375
795 151.19862365722656
796 104.24518585205078
797 183.93675231933594
798 230.4593963623047
799 157.22930908203125
800 258.02838134765625
801 246.8284454345703
802 78.39927673339844
803 78.83003997802734
804 244.67465209960938
805 156.36778259277344
806 139.13717651367188
807 134.39877319335938
808 101.22982788085938
809 115.01432037353516
810 118.46043395996094
811 164.5523223876953
812 172.73683166503906
813 126.64497375488281
814 59.44560241699219
815 129.66033935546875
816 217.1056671142578
817 113.291259765625
818 164.98309326171875
819 165.4138641357422
820 71.50701904296875
821 132.67568969726563
822 90.89147186279297
823 101.22982788085938
824 170.15228271484375
825 186.52133178710938
826 140.42947387695313
827 157.22930908203125
828 115.87583923339844
829 179.1983184814453
830 226.15176391601563
831 144.7371063232422
832 171.01382446289063
833 115.44508361816406
834 144.30633544921875
835 150.767822265625
836 145.59866333007813
837 217.5364227294922
838 174.02919006347656
839 249.84384155273438
840 230.45938110351563
841 227.01324462890625
842 184.3675079345703
843 138.275634765625
844 185.22901916503906
845 91.75299072265625
846 118.46043395996094
847 151.1986083984375
848 233.04397583007813
849 198.58279418945313
850 116.73738098144531
851 213.65957641601563
852 90.460693359375
853 236.05935668945313
854 200.73658752441406
855 230.02867126464844
856 59.01483917236328
857 139.9987030029297
858 108.98361206054688
859 44.36882400512695
860 121.04503631591797
861 130.95263671875
862 134.39877319335938
863 183.93675231933594
864 115.87584686279297
865 123.62963104248047
866 68.92243957519531
867 60.30713653564453
868 231.75169372558594
869 120.61426544189453
870 177.4752655029297
871 146.8909454345703
872 178.33677673339844
873 153.78317260742188
874 161.53695678710938
875 118.02967071533203
876 124.0604019165039
877 54.27642059326172
878 125.783447265625
879 82.27615356445313
880 136.98333740234375
881 138.70640563964844
882 108.55284118652344
883 195.9981689453125
884 163.26004028320313
885 314.8893737792969
886 153.78318786621094
887 135.69105529785156
888 70.21473693847656
889 39.19963455200195
890 181.35214233398438
891 227.8748321533203
892 132.67568969726563
893 171.87533569335938
894 144.73712158203125
895 136.98333740234375
896 155.07546997070313
897 132.6757049560547
898 94.76834869384766
899 208.921142578125
900 203.32119750976563
901 188.6751708984375
902 93.4760513305664
903 152.9216766357422
904 116.73738098144531
905 138.27565002441406
906 115.87583923339844
907 162.82923889160156
908 183.07521057128906
909 140.86021423339844
910 80.9838638305664
911 95.1991195678711
912 81.84539794921875
913 168.42921447753906
914 223.1363983154297
915 152.06011962890625
916 164.5523223876953
917 155.50624084472656
918 130.5218505859375
919 149.90631103515625
920 168.42918395996094
921 101.66059112548828
922 143.87557983398438
923 210.2134246826172
924 181.35214233398438
925 278.70513916015625
926 208.05960083007813
927 168.8599395751953
928 182.21368408203125
929 119.32197570800781
930 146.46017456054688
931 233.47476196289063
932 216.6748809814453
933 93.90682220458984
934 147.32171630859375
935 189.10592651367188
936 65.04554748535156
937 172.30609130859375
938 190.82899475097656
939 71.50702667236328
940 217.5364532470703
941 96.0606460571289
942 128.36802673339844
943 166.70616149902344
944 128.3680419921875
945 185.22903442382813
946 175.32144165039063
947 140.42945861816406
948 135.69105529785156
949 174.89068603515625
950 94.33758544921875
951 83.99920654296875
952 172.30612182617188
953 110.2759017944336
954 43.07652282714844
955 80.9838638305664
956 113.7220230102539
957 138.27565002441406
958 156.79855346679688
959 136.12181091308594
960 109.41437530517578
961 195.1366424560547
962 103.8144302368164
963 125.783447265625
964 138.27565002441406
965 184.79830932617188
966 134.82952880859375
967 57.29178237915039
968 62.460960388183594
969 83.1376953125
970 149.90631103515625
971 177.0445098876953
972 177.4752655029297
973 71.93779754638672
974 83.56845092773438
975 195.1366424560547
976 125.78345489501953
977 105.53749084472656
978 101.66059875488281
979 189.53668212890625
980 127.93729400634766
981 130.0911102294922
982 152.92164611816406
983 87.87611389160156
984 57.291778564453125
985 163.26004028320313
986 158.95236206054688
987 100.36829376220703
988 105.1067123413086
989 148.18324279785156
990 164.1215362548828
991 137.84487915039063
992 86.58380889892578
993 196.8596954345703
994 128.36802673339844
995 107.26053619384766
996 46.95341491699219
997 69.35319519042969
998 97.78370666503906
999 100.79905700683594
1000 101.66060638427734
1001 125.35267639160156
1002 125.35267639160156
