# Selection 1:name C1A D2A C3A C4A C1B C2B C3B C4B Selection 2:name AUC AUSL AUL Cutoff:8 Start:0 End:-1
0 0
1 0
2 29
3 30
4 29
5 39
6 28
7 31
8 38
9 34
10 35
11 42
12 31
13 31
14 34
15 29
16 39
17 30
18 25
19 35
20 34
21 33
22 37
23 39
24 32
25 30
26 33
27 31
28 32
29 33
30 25
31 42
32 35
33 36
34 27
35 35
36 30
37 36
38 31
39 28
40 34
41 39
42 33
43 29
44 31
45 33
46 38
47 39
48 33
49 31
50 36
51 33
52 31
53 27
54 30
55 30
56 32
57 27
58 40
59 31
60 35
61 33
62 33
63 33
64 40
65 37
66 42
67 32
68 28
69 30
70 34
71 36
72 28
73 37
74 37
75 33
76 33
77 27
78 32
79 32
80 42
81 35
82 30
83 37
84 36
85 38
86 31
87 31
88 32
89 38
90 34
91 31
92 38
93 28
94 37
95 30
96 38
97 32
98 34
99 42
100 37
101 33
102 31
103 31
104 25
105 29
106 39
107 32
108 37
109 40
110 36
111 32
112 27
113 30
114 35
115 32
116 30
117 32
118 29
119 33
120 35
121 37
122 28
123 43
124 29
125 41
126 37
127 33
128 32
129 40
130 34
131 26
132 26
133 36
134 32
135 28
136 46
137 40
138 38
139 43
140 32
141 23
142 34
143 27
144 33
145 32
146 36
147 27
148 30
149 46
150 29
151 34
152 31
153 39
154 34
155 29
156 44
157 29
158 28
159 38
160 34
161 39
162 34
163 32
164 39
165 32
166 30
167 31
168 31
169 41
170 40
171 35
172 31
173 38
174 31
175 34
176 35
177 26
178 36
179 33
180 37
181 38
182 29
183 31
184 30
185 28
186 41
187 32
188 32
189 32
190 36
191 35
192 25
193 32
194 40
195 33
196 40
197 36
198 37
199 29
200 45
201 36
202 39
203 37
204 34
205 31
206 32
207 30
208 30
209 34
210 33
211 35
212 30
213 28
214 36
215 30
216 28
217 33
218 32
219 27
220 42
221 35
222 36
223 32
224 37
225 30
226 35
227 26
228 36
229 41
230 37
231 40
232 31
233 32
234 34
235 32
236 41
237 31
238 39
239 29
240 32
241 38
242 37
243 27
244 25
245 30
246 37
247 33
248 34
249 33
250 36
251 32
252 45
253 43
254 32
255 41
256 38
257 32
258 33
259 32
260 31
261 34
262 41
263 33
264 29
265 31
266 41
267 26
268 37
269 40
270 38
271 31
272 34
273 32
274 23
275 34
276 29
277 35
278 38
279 38
280 36
281 31
282 32
283 32
284 34
285 27
286 25
287 37
288 35
289 35
290 35
291 33
292 29
293 31
294 34
295 38
296 32
297 34
298 29
299 38
300 36
301 28
302 26
303 31
304 32
305 28
306 33
307 25
308 30
309 23
310 28
311 34
312 32
313 29
314 35
315 25
316 38
317 35
318 28
319 27
320 26
321 30
322 24
323 36
324 33
325 34
326 41
327 40
328 30
329 30
330 32
331 22
332 31
333 33
334 39
335 33
336 38
337 39
338 34
339 31
340 27
341 36
342 34
343 43
344 30
345 33
346 38
347 27
348 30
349 38
350 38
351 36
352 34
353 31
354 30
355 40
356 30
357 31
358 31
359 30
360 31
361 27
362 33
363 38
364 35
365 39
366 34
367 28
368 30
369 28
370 29
371 33
372 32
373 28
374 33
375 32
376 31
377 38
378 39
379 33
380 30
381 31
382 32
383 30
384 32
385 27
386 39
387 41
388 33
389 32
390 39
391 31
392 38
393 36
394 27
395 23
396 31
397 39
398 38
399 31
400 31
401 37
402 31
403 35
404 35
405 29
406 36
407 27
408 34
409 42
410 30
411 41
412 34
413 31
414 27
415 28
416 31
417 34
418 38
419 26
420 32
421 37
422 33
423 34
424 33
425 35
426 27
427 36
428 40
429 37
430 34
431 37
432 28
433 27
434 28
435 35
436 23
437 27
438 35
439 40
440 41
441 35
442 39
443 28
444 33
445 31
446 26
447 36
448 38
449 34
450 46
451 36
452 28
453 33
454 30
455 36
456 30
457 25
458 33
459 32
460 34
461 37
462 41
463 36
464 32
465 38
466 37
467 34
468 29
469 33
470 37
471 26
472 37
473 33
474 38
475 38
476 30
477 34
478 26
479 36
480 35
481 34
482 37
483 33
484 28
485 35
486 42
487 40
488 35
489 33
490 35
491 40
492 38
493 35
494 30
495 38
496 29
497 23
498 35
499 34
500 26
501 42
502 24
503 30
504 36
505 29
506 31
507 38
508 36
509 30
510 44
511 32
512 35
513 30
514 38
515 28
516 35
517 29
518 31
519 36
520 37
521 22
522 33
523 36
524 34
525 24
526 32
527 32
528 32
529 30
530 37
531 34
532 35
533 36
534 32
535 38
536 33
537 24
538 33
539 34
540 32
541 35
542 30
543 35
544 30
545 33
546 32
547 35
548 25
549 35
550 37
551 26
552 39
553 25
554 29
555 27
556 35
557 27
558 24
559 38
560 35
561 39
562 31
563 39
564 31
565 35
566 33
567 29
568 30
569 33
570 27
571 31
572 29
573 34
574 37
575 22
576 29
577 39
578 27
579 29
580 25
581 39
582 40
583 27
584 33
585 29
586 32
587 28
588 40
589 37
590 34
591 29
592 40
593 35
594 26
595 31
596 29
597 23
598 26
599 29
600 27
601 39
602 30
603 33
604 31
605 35
606 26
607 27
608 25
609 25
610 27
611 34
612 34
613 32
614 28
615 33
616 28
617 30
618 31
619 33
620 35
621 27
622 33
623 38
624 34
625 42
626 30
627 31
628 40
629 35
630 31
631 31
632 27
633 31
634 25
635 33
636 31
637 29
638 30
639 39
640 33
641 32
642 29
643 37
644 48
645 31
646 33
647 38
648 41
649 22
650 35
651 32
652 29
653 38
654 36
655 35
656 39
657 33
658 34
659 18
660 20
661 41
662 31
663 33
664 33
665 33
666 42
667 29
668 36
669 30
670 36
671 37
672 34
673 33
674 41
675 29
676 28
677 30
678 37
679 39
680 39
681 36
682 31
683 32
684 29
685 36
686 30
687 32
688 29
689 36
690 30
691 40
692 34
693 41
694 35
695 39
696 37
697 35
698 37
699 40
700 29
701 34
702 37
703 34
704 32
705 30
706 36
707 30
708 35
709 30
710 30
711 23
712 25
713 30
714 27
715 38
716 36
717 35
718 33
719 30
720 38
721 28
722 24
723 26
724 33
725 34
726 30
727 33
728 38
729 27
730 33
731 27
732 33
733 32
734 31
735 29
736 26
737 30
738 32
739 34
740 21
741 33
742 29
743 29
744 33
745 31
746 38
747 33
748 39
749 37
750 40
751 33
752 32
753 40
754 31
755 34
756 39
757 27
758 39
759 32
760 29
761 34
762 29
763 30
764 39
765 27
766 32
767 30
768 29
769 29
770 34
771 40
772 29
773 40
774 35
775 33
776 27
777 35
778 37
779 32
780 37
781 34
782 40
783 33
784 38
785 38
786 29
787 35
788 26
789 37
790 32
791 30
792 34
793 24
794 36
795 34
796 22
797 30
798 36
799 34
800 36
801 34
802 31
803 27
804 36
805 44
806 32
807 32
808 33
809 31
810 28
811 32
812 39
813 31
814 26
815 29
816 37
817 27
818 31
819 27
820 22
821 31
822 31
823 29
824 39
825 31
826 34
827 38
828 29
829 36
830 44
831 29
832 38
833 30
834 33
835 32
836 36
837 35
838 33
839 39
840 35
841 33
842 35
843 26
844 30
845 29
846 32
847 29
848 37
849 40
850 26
851 31
852 34
853 35
854 37
855 42
856 31
857 29
858 27
859 26
860 36
861 29
862 33
863 37
864 30
865 40
866 32
867 25
868 41
869 32
870 39
871 34
872 34
873 32
874 37
875 36
876 27
877 28
878 30
879 35
880 33
881 30
882 21
883 41
884 34
885 36
886 34
887 29
888 27
889 27
890 38
891 32
892 31
893 38
894 37
895 31
896 29
897 31
898 30
899 37
900 38
901 30
902 35
903 37
904 28
905 29
906 26
907 41
908 38
909 31
910 24
911 29
912 30
913 38
914 42
915 36
916 33
917 34
918 30
919 26
920 32
921 37
922 24
923 36
924 37
925 42
926 32
927 37
928 36
929 22
930 32
931 40
932 44
933 23
934 37
935 45
936 23
937 41
938 35
939 27
940 27
941 27
942 36
943 31
944 28
945 37
946 44
947 34
948 36
949 32
950 27
951 29
952 38
953 38
954 24
955 32
956 34
957 33
958 30
959 31
960 31
961 40
962 33
963 33
964 34
965 35
966 40
967 25
968 28
969 31
970 29
971 39
972 36
973 32
974 34
975 39
976 30
977 30
978 25
979 32
980 35
981 36
982 33
983 33
984 32
985 41
986 30
987 37
988 31
989 30
990 30
991 34
992 31
993 35
994 30
995 30
996 28
997 27
998 35
999 31
1000 36
1001 35
1002 35
