# Selection:resname AU POPC Restricted:name AUC AUL AUSL Radius:2.64 Start:0 End:-1
0 302.39715576171875
1 302.3971862792969
2 1.2922956943511963
3 1.7230608463287354
4 0.0
5 0.43076521158218384
6 0.0
7 0.43076521158218384
8 0.0
9 0.0
10 0.8615304231643677
11 0.43076521158218384
12 0.43076521158218384
13 0.0
14 7.3230085372924805
15 0.0
16 0.0
17 0.8615304231643677
18 0.0
19 0.0
20 0.0
21 0.0
22 0.8615304231643677
23 0.8615304231643677
24 3.0153565406799316
25 0.0
26 1.7230608463287354
27 0.8615304231643677
28 1.7230608463287354
29 0.0
30 0.0
31 0.0
32 1.7230608463287354
33 1.2922956943511963
34 0.43076521158218384
35 3.0153565406799316
36 0.0
37 0.0
38 0.0
39 0.43076521158218384
40 0.0
41 0.0
42 0.8615304231643677
43 0.43076521158218384
44 0.0
45 0.0
46 0.0
47 1.2922956943511963
48 0.0
49 0.43076521158218384
50 1.7230608463287354
51 0.0
52 0.43076521158218384
53 0.0
54 0.0
55 0.43076521158218384
56 0.0
57 0.0
58 4.738417625427246
59 0.8615304231643677
60 0.0
61 0.0
62 1.2922956943511963
63 0.0
64 0.0
65 1.7230608463287354
66 0.43076521158218384
67 0.0
68 0.0
69 2.1538259983062744
70 0.0
71 0.43076521158218384
72 0.0
73 0.0
74 0.0
75 0.0
76 1.7230608463287354
77 0.0
78 0.8615304231643677
79 0.0
80 0.0
81 0.0
82 0.43076521158218384
83 1.2922956943511963
84 0.0
85 0.0
86 0.0
87 0.8615304231643677
88 0.0
89 0.0
90 0.0
91 1.7230608463287354
92 0.43076521158218384
93 0.0
94 0.0
95 1.2922956943511963
96 0.8615304231643677
97 0.0
98 0.0
99 5.599947929382324
100 4.307651996612549
101 8.615303993225098
102 12.061426162719727
103 0.43076521158218384
104 0.0
105 0.0
106 2.5845913887023926
107 5.599947929382324
108 2.5845913887023926
109 0.0
110 0.0
111 1.2922956943511963
112 0.0
113 0.0
114 0.0
115 0.0
116 0.0
117 0.0
118 1.7230608463287354
119 0.0
120 0.0
121 0.43076521158218384
122 0.43076521158218384
123 0.0
124 1.2922956943511963
125 0.0
126 0.0
127 0.0
128 0.0
129 0.0
130 0.0
131 0.43076521158218384
132 3.0153565406799316
133 0.0
134 0.0
135 1.2922956943511963
136 1.2922956943511963
137 0.0
138 0.8615304231643677
139 0.0
140 0.8615304231643677
141 0.8615304231643677
142 0.0
143 0.0
144 1.7230608463287354
145 0.8615304231643677
146 0.0
147 2.1538262367248535
148 0.0
149 0.0
150 0.0
151 0.0
152 0.0
153 0.0
154 0.0
155 0.0
156 0.0
157 0.0
158 0.0
159 0.0
160 0.0
161 0.43076521158218384
162 0.0
163 0.0
164 0.8615304231643677
165 2.1538262367248535
166 3.4461214542388916
167 0.43076521158218384
168 0.8615304231643677
169 1.2922956943511963
170 1.7230608463287354
171 0.0
172 0.0
173 0.0
174 0.43076521158218384
175 0.43076521158218384
176 0.0
177 0.0
178 1.2922956943511963
179 0.43076521158218384
180 0.8615304231643677
181 0.0
182 0.0
183 0.0
184 0.43076521158218384
185 0.0
186 0.0
187 0.0
188 0.0
189 1.7230608463287354
190 0.0
191 0.0
192 0.0
193 0.0
194 0.0
195 2.5845913887023926
196 0.8615304231643677
197 0.43076521158218384
198 0.0
199 0.0
200 0.0
201 1.7230608463287354
202 0.0
203 0.0
204 0.0
205 0.0
206 0.0
207 0.0
208 0.8615304231643677
209 0.0
210 0.0
211 0.0
212 0.43076521158218384
213 0.43076521158218384
214 0.43076521158218384
215 0.8615304231643677
216 0.0
217 0.43076521158218384
218 6.461478233337402
219 0.0
220 0.0
221 0.0
222 5.169182777404785
223 0.8615304231643677
224 0.0
225 0.0
226 1.2922956943511963
227 0.0
228 0.43076521158218384
229 0.0
230 1.7230608463287354
231 6.030713081359863
232 1.2922956943511963
233 0.0
234 0.0
235 0.0
236 0.43076521158218384
237 4.307651996612549
238 1.2922956943511963
239 1.7230608463287354
240 0.0
241 1.7230608463287354
242 0.8615304231643677
243 0.8615304231643677
244 0.0
245 0.0
246 0.43076521158218384
247 0.0
248 0.43076521158218384
249 4.307652473449707
250 0.0
251 0.0
252 0.0
253 0.0
254 0.0
255 0.0
256 0.0
257 0.43076521158218384
258 0.43076521158218384
259 0.43076521158218384
260 0.0
261 0.0
262 0.0
263 0.43076521158218384
264 0.8615304231643677
265 0.0
266 0.0
267 5.599947929382324
268 0.0
269 0.0
270 0.0
271 1.2922956943511963
272 0.0
273 0.0
274 0.0
275 0.0
276 0.8615304231643677
277 0.0
278 0.0
279 0.0
280 0.0
281 0.43076521158218384
282 0.0
283 0.0
284 0.0
285 0.0
286 0.0
287 0.0
288 0.0
289 0.43076521158218384
290 0.0
291 0.0
292 0.43076521158218384
293 2.1538262367248535
294 0.0
295 0.0
296 1.2922956943511963
297 0.43076521158218384
298 0.0
299 0.0
300 0.0
301 0.0
302 0.0
303 0.0
304 1.2922956943511963
305 0.0
306 0.8615304231643677
307 0.0
308 0.0
309 0.0
310 1.7230608463287354
311 0.0
312 0.0
313 0.0
314 0.43076521158218384
315 3.876887083053589
316 0.0
317 0.43076521158218384
318 0.8615304231643677
319 0.0
320 0.43076521158218384
321 0.0
322 0.0
323 1.7230608463287354
324 0.0
325 0.0
326 0.0
327 0.0
328 0.43076521158218384
329 1.7230608463287354
330 0.0
331 4.738417625427246
332 4.307652473449707
333 0.0
334 0.0
335 0.0
336 0.0
337 1.2922956943511963
338 0.0
339 0.43076521158218384
340 0.43076521158218384
341 0.0
342 0.8615304231643677
343 0.43076521158218384
344 1.2922956943511963
345 0.0
346 0.0
347 0.0
348 0.0
349 1.2922956943511963
350 0.0
351 0.0
352 0.0
353 0.0
354 0.8615304231643677
355 0.0
356 0.8615304231643677
357 0.0
358 0.43076521158218384
359 0.43076521158218384
360 0.0
361 0.8615304231643677
362 0.0
363 0.43076521158218384
364 0.0
365 0.0
366 3.0153565406799316
367 1.7230608463287354
368 0.0
369 1.7230608463287354
370 0.0
371 0.0
372 0.0
373 0.0
374 0.0
375 0.0
376 0.0
377 0.8615304231643677
378 4.738417148590088
379 0.0
380 2.1538259983062744
381 0.43076521158218384
382 0.0
383 7.3230085372924805
384 0.0
385 0.0
386 0.0
387 0.0
388 0.8615304231643677
389 2.1538262367248535
390 0.0
391 0.8615304231643677
392 0.0
393 0.0
394 0.0
395 0.0
396 0.0
397 0.43076521158218384
398 1.7230608463287354
399 0.8615304231643677
400 0.0
401 0.43076521158218384
402 0.0
403 0.0
404 0.0
405 0.0
406 0.8615304231643677
407 3.8768868446350098
408 1.2922956943511963
409 0.0
410 0.0
411 1.7230608463287354
412 0.0
413 0.0
414 0.8615304231643677
415 0.8615304231643677
416 0.43076521158218384
417 2.1538259983062744
418 0.0
419 2.5845913887023926
420 0.0
421 0.0
422 0.43076521158218384
423 0.0
424 0.0
425 0.0
426 2.1538262367248535
427 0.0
428 1.2922956943511963
429 2.5845911502838135
430 0.0
431 0.43076521158218384
432 0.0
433 0.0
434 0.0
435 0.8615304231643677
436 1.2922956943511963
437 0.0
438 0.0
439 0.0
440 0.0
441 0.0
442 0.0
443 0.43076521158218384
444 3.0153565406799316
445 0.43076521158218384
446 5.169182777404785
447 0.0
448 3.4461216926574707
449 0.0
450 0.0
451 2.1538259983062744
452 2.1538259983062744
453 0.8615304231643677
454 1.2922956943511963
455 0.43076521158218384
456 0.0
457 3.0153563022613525
458 1.7230608463287354
459 3.8768868446350098
460 0.0
461 0.0
462 0.0
463 0.0
464 6.030713081359863
465 0.0
466 0.43076521158218384
467 0.0
468 0.0
469 0.0
470 0.0
471 0.8615304231643677
472 0.0
473 3.4461216926574707
474 0.0
475 0.43076521158218384
476 0.8615304231643677
477 0.0
478 2.1538259983062744
479 0.0
480 0.0
481 0.43076521158218384
482 0.43076521158218384
483 3.4461216926574707
484 1.2922956943511963
485 1.7230608463287354
486 0.8615304231643677
487 3.4461216926574707
488 8.184538841247559
489 0.0
490 8.184538841247559
491 0.0
492 0.0
493 0.8615304231643677
494 0.0
495 0.0
496 2.1538259983062744
497 0.8615304231643677
498 0.0
499 0.0
500 0.0
501 3.0153565406799316
502 3.8768868446350098
503 0.8615304231643677
504 0.43076521158218384
505 0.0
506 0.0
507 0.43076521158218384
508 0.0
509 0.0
510 0.8615304231643677
511 4.307651996612549
512 0.0
513 0.0
514 0.0
515 0.43076521158218384
516 0.0
517 1.7230608463287354
518 0.0
519 0.0
520 0.0
521 0.43076521158218384
522 0.0
523 0.43076521158218384
524 0.0
525 0.0
526 0.0
527 2.5845911502838135
528 1.2922956943511963
529 0.0
530 0.0
531 0.0
532 0.0
533 0.0
534 0.0
535 0.43076521158218384
536 0.0
537 0.8615304231643677
538 0.8615304231643677
539 4.738417148590088
540 0.43076521158218384
541 0.0
542 0.43076521158218384
543 0.0
544 0.43076521158218384
545 0.0
546 0.0
547 0.0
548 0.0
549 0.0
550 0.0
551 0.0
552 0.0
553 0.0
554 0.0
555 0.43076521158218384
556 0.43076521158218384
557 0.0
558 0.0
559 0.0
560 2.1538259983062744
561 0.0
562 0.0
563 0.0
564 0.0
565 0.0
566 0.0
567 0.0
568 0.0
569 0.0
570 0.0
571 0.0
572 0.0
573 0.0
574 3.876887083053589
575 0.0
576 0.0
577 0.8615304231643677
578 0.0
579 0.0
580 0.43076521158218384
581 0.0
582 0.0
583 0.0
584 0.0
585 0.8615304231643677
586 0.0
587 0.0
588 0.0
589 0.0
590 1.2922956943511963
591 0.43076521158218384
592 1.2922956943511963
593 0.0
594 0.8615304231643677
595 0.0
596 0.0
597 0.0
598 0.0
599 1.7230608463287354
600 0.0
601 0.43076521158218384
602 0.0
603 0.0
604 0.8615304231643677
605 4.307651996612549
606 0.0
607 0.0
608 0.0
609 0.43076521158218384
610 0.8615304231643677
611 0.43076521158218384
612 1.7230608463287354
613 0.0
614 0.0
615 0.43076521158218384
616 0.0
617 0.0
618 0.43076521158218384
619 0.8615304231643677
620 0.0
621 0.8615304231643677
622 0.0
623 0.0
624 0.0
625 0.0
626 2.5845911502838135
627 0.0
628 0.0
629 0.0
630 1.7230608463287354
631 3.4461216926574707
632 0.43076521158218384
633 0.0
634 0.43076521158218384
635 0.0
636 0.0
637 0.0
638 4.307652473449707
639 0.8615304231643677
640 0.0
641 0.0
642 0.0
643 0.8615304231643677
644 0.0
645 0.0
646 3.4461216926574707
647 0.43076521158218384
648 0.8615304231643677
649 0.0
650 0.8615304231643677
651 0.0
652 0.0
653 0.0
654 3.0153565406799316
655 0.0
656 0.0
657 0.0
658 1.2922956943511963
659 0.8615304231643677
660 0.8615304231643677
661 0.0
662 0.0
663 0.43076521158218384
664 0.0
665 2.1538259983062744
666 0.0
667 0.0
668 0.0
669 0.0
670 0.0
671 3.8768868446350098
672 0.8615304231643677
673 8.184538841247559
674 1.7230608463287354
675 0.0
676 0.0
677 1.7230608463287354
678 0.43076521158218384
679 0.0
680 0.43076521158218384
681 0.0
682 0.0
683 1.2922956943511963
684 1.7230608463287354
685 0.0
686 0.0
687 0.0
688 0.0
689 0.0
690 0.0
691 0.43076521158218384
692 0.0
693 0.0
694 0.0
695 0.0
696 0.0
697 0.0
698 0.0
699 0.0
700 0.0
701 1.7230608463287354
702 0.0
703 0.0
704 0.43076521158218384
705 0.8615304231643677
706 0.0
707 0.0
708 0.43076521158218384
709 0.0
710 1.2922956943511963
711 0.0
712 0.0
713 0.0
714 0.0
715 0.0
716 1.7230608463287354
717 0.0
718 0.0
719 0.0
720 0.0
721 3.4461216926574707
722 0.0
723 3.0153565406799316
724 1.7230608463287354
725 0.0
726 0.8615304231643677
727 0.43076521158218384
728 0.0
729 0.0
730 0.0
731 1.7230608463287354
732 0.43076521158218384
733 0.0
734 0.43076521158218384
735 0.0
736 0.8615304231643677
737 1.2922956943511963
738 1.2922956943511963
739 1.2922956943511963
740 3.8768868446350098
741 2.1538259983062744
742 0.0
743 1.2922956943511963
744 0.0
745 2.1538259983062744
746 0.8615304231643677
747 0.0
748 0.8615304231643677
749 0.43076521158218384
750 0.0
751 0.0
752 0.0
753 0.0
754 0.0
755 0.0
756 0.0
757 0.0
758 1.2922956943511963
759 0.0
760 2.1538262367248535
761 2.5845913887023926
762 1.2922956943511963
763 0.0
764 0.0
765 1.7230608463287354
766 1.7230608463287354
767 0.0
768 2.1538259983062744
769 0.8615304231643677
770 0.0
771 1.2922956943511963
772 0.0
773 0.0
774 0.8615304231643677
775 0.0
776 0.0
777 0.8615304231643677
778 0.0
779 0.43076521158218384
780 0.0
781 4.307651996612549
782 2.1538259983062744
783 0.0
784 0.0
785 0.0
786 0.8615304231643677
787 1.7230608463287354
788 0.0
789 0.0
790 0.0
791 0.0
792 0.0
793 0.0
794 0.0
795 0.0
796 0.0
797 0.0
798 0.8615304231643677
799 0.43076521158218384
800 0.0
801 0.0
802 0.0
803 0.0
804 0.0
805 0.0
806 0.43076521158218384
807 3.0153563022613525
808 0.0
809 0.0
810 2.1538259983062744
811 2.1538259983062744
812 0.0
813 0.0
814 0.0
815 0.0
816 0.0
817 1.7230608463287354
818 0.0
819 0.0
820 0.0
821 0.0
822 0.8615304231643677
823 0.0
824 0.0
825 0.0
826 0.0
827 2.1538262367248535
828 0.8615304231643677
829 0.0
830 0.0
831 0.0
832 0.0
833 0.43076521158218384
834 0.0
835 0.43076521158218384
836 0.0
837 0.0
838 0.0
839 0.0
840 0.43076521158218384
841 0.8615304231643677
842 0.8615304231643677
843 0.0
844 0.43076521158218384
845 0.0
846 0.0
847 0.0
848 5.169182300567627
849 0.43076521158218384
850 3.0153565406799316
851 0.0
852 0.0
853 0.0
854 1.7230608463287354
855 0.0
856 0.0
857 0.0
858 0.0
859 0.8615304231643677
860 0.0
861 0.0
862 0.0
863 2.1538259983062744
864 0.43076521158218384
865 0.0
866 0.0
867 5.169182777404785
868 0.43076521158218384
869 0.0
870 0.0
871 0.0
872 0.0
873 0.8615304231643677
874 0.0
875 0.43076521158218384
876 0.0
877 0.0
878 0.0
879 0.0
880 0.0
881 0.0
882 0.0
883 0.43076521158218384
884 0.8615304231643677
885 0.0
886 0.0
887 0.0
888 0.43076521158218384
889 0.0
890 0.0
891 3.0153565406799316
892 0.0
893 1.2922956943511963
894 0.43076521158218384
895 0.0
896 0.0
897 0.0
898 0.0
899 2.1538259983062744
900 0.0
901 0.43076521158218384
902 0.43076521158218384
903 0.0
904 0.0
905 0.0
906 2.1538262367248535
907 0.0
908 0.0
909 0.43076521158218384
910 0.0
911 0.43076521158218384
912 1.7230608463287354
913 0.43076521158218384
914 0.0
915 1.2922956943511963
916 0.0
917 0.0
918 0.43076521158218384
919 0.0
920 0.43076521158218384
921 0.8615304231643677
922 0.0
923 0.43076521158218384
924 0.0
925 0.43076521158218384
926 2.1538259983062744
927 0.43076521158218384
928 0.0
929 0.0
930 2.5845913887023926
931 0.0
932 1.2922956943511963
933 0.0
934 0.0
935 0.8615304231643677
936 0.0
937 0.0
938 1.2922956943511963
939 0.0
940 0.43076521158218384
941 1.2922956943511963
942 0.0
943 0.8615304231643677
944 0.0
945 2.1538259983062744
946 0.0
947 2.1538259983062744
948 0.0
949 0.0
950 1.2922956943511963
951 0.0
952 0.0
953 0.0
954 0.8615304231643677
955 2.1538259983062744
956 0.0
957 0.0
958 4.307651996612549
959 0.0
960 0.0
961 0.0
962 0.43076521158218384
963 0.0
964 0.0
965 1.7230608463287354
966 2.5845913887023926
967 0.0
968 0.8615304231643677
969 0.0
970 0.8615304231643677
971 0.43076521158218384
972 0.0
973 0.0
974 0.0
975 0.43076521158218384
976 1.7230608463287354
977 3.4461216926574707
978 0.0
979 0.8615304231643677
980 0.0
981 0.0
982 0.0
983 0.43076521158218384
984 0.0
985 0.0
986 0.0
987 0.0
988 0.8615304231643677
989 4.738417148590088
990 3.0153565406799316
991 0.0
992 0.8615304231643677
993 0.0
994 0.43076521158218384
995 0.0
996 0.0
997 0.43076521158218384
998 0.8615304231643677
999 0.43076521158218384
1000 0.8615304231643677
1001 0.0
1002 0.0
