# Selection:resname AU POPC Restricted:name AUC AUL AUSL Radius:2.64 Start:0 End:-1
0 343.31982421875
1 351.0736083984375
2 2.5845911502838135
3 0.0
4 1.7230608463287354
5 2.5845913887023926
6 2.5845911502838135
7 5.599947929382324
8 0.43076521158218384
9 0.43076521158218384
10 0.0
11 3.0153565406799316
12 0.8615304231643677
13 0.0
14 0.0
15 1.2922956943511963
16 2.1538259983062744
17 3.4461216926574707
18 0.43076521158218384
19 0.0
20 1.7230608463287354
21 0.0
22 0.0
23 2.1538262367248535
24 0.0
25 0.0
26 0.0
27 31.445858001708984
28 3.0153565406799316
29 0.43076521158218384
30 4.307651996612549
31 0.0
32 0.43076521158218384
33 2.1538262367248535
34 3.0153565406799316
35 0.0
36 3.0153565406799316
37 0.0
38 2.1538259983062744
39 1.7230608463287354
40 2.1538259983062744
41 0.43076521158218384
42 0.8615304231643677
43 1.2922956943511963
44 8.184539794921875
45 13.784486770629883
46 10.33836555480957
47 5.599947929382324
48 9.046069145202637
49 0.43076521158218384
50 19.81519889831543
51 18.95366859436035
52 20.676729202270508
53 1.7230608463287354
54 0.0
55 0.0
56 3.0153565406799316
57 1.2922956943511963
58 0.43076521158218384
59 10.76913070678711
60 1.7230608463287354
61 5.169182777404785
62 7.3230085372924805
63 2.5845911502838135
64 6.461478233337402
65 23.69208526611328
66 11.199895858764648
67 18.522903442382813
68 21.53826141357422
69 2.5845911502838135
70 0.0
71 0.8615304231643677
72 0.0
73 0.0
74 0.0
75 2.1538259983062744
76 0.0
77 3.8768868446350098
78 7.7537736892700195
79 6.461478233337402
80 0.43076521158218384
81 1.2922956943511963
82 8.184538841247559
83 0.43076521158218384
84 1.2922956943511963
85 0.0
86 0.0
87 1.2922956943511963
88 0.0
89 0.0
90 0.8615304231643677
91 0.0
92 0.43076521158218384
93 0.0
94 0.0
95 1.7230608463287354
96 0.8615304231643677
97 0.0
98 3.876887083053589
99 3.4461216926574707
100 5.599947929382324
101 1.2922956943511963
102 0.0
103 3.0153565406799316
104 0.0
105 0.0
106 0.0
107 0.0
108 0.0
109 1.2922956943511963
110 0.0
111 0.0
112 0.0
113 0.0
114 0.0
115 1.7230608463287354
116 0.0
117 0.0
118 0.8615304231643677
119 0.43076521158218384
120 0.0
121 0.0
122 0.0
123 0.0
124 0.8615304231643677
125 2.1538259983062744
126 0.0
127 0.43076521158218384
128 0.0
129 1.2922956943511963
130 0.0
131 2.1538259983062744
132 0.0
133 1.2922956943511963
134 0.0
135 0.0
136 0.0
137 1.7230608463287354
138 1.2922956943511963
139 2.1538262367248535
140 0.0
141 3.0153565406799316
142 0.43076521158218384
143 0.0
144 0.0
145 1.7230608463287354
146 0.0
147 5.599947929382324
148 0.0
149 0.43076521158218384
150 0.0
151 0.0
152 0.0
153 3.4461216926574707
154 0.0
155 0.0
156 0.0
157 0.43076521158218384
158 9.046069145202637
159 0.0
160 0.8615304231643677
161 0.0
162 0.0
163 0.0
164 0.0
165 0.0
166 0.0
167 0.0
168 0.0
169 0.0
170 0.0
171 0.0
172 2.1538259983062744
173 3.8768868446350098
174 9.907600402832031
175 2.5845913887023926
176 1.2922956943511963
177 0.8615304231643677
178 0.43076521158218384
179 0.0
180 0.0
181 0.43076521158218384
182 0.0
183 4.738417148590088
184 0.8615304231643677
185 1.2922956943511963
186 0.0
187 0.0
188 0.0
189 0.0
190 1.7230608463287354
191 1.7230608463287354
192 0.43076521158218384
193 0.43076521158218384
194 1.7230608463287354
195 0.0
196 0.0
197 0.0
198 0.43076521158218384
199 0.0
200 0.0
201 0.0
202 0.0
203 0.0
204 0.0
205 0.0
206 0.8615304231643677
207 2.1538259983062744
208 0.0
209 0.8615304231643677
210 0.43076521158218384
211 0.0
212 0.0
213 0.0
214 0.8615304231643677
215 3.876887083053589
216 0.8615304231643677
217 0.0
218 0.8615304231643677
219 0.43076521158218384
220 0.0
221 0.0
222 0.0
223 15.0767822265625
224 7.3230085372924805
225 20.676729202270508
226 11.199895858764648
227 8.615303993225098
228 0.0
229 0.43076521158218384
230 0.8615304231643677
231 0.0
232 1.7230608463287354
233 0.0
234 0.0
235 0.0
236 1.7230608463287354
237 0.43076521158218384
238 5.169182300567627
239 0.0
240 0.8615304231643677
241 0.0
242 0.0
243 0.43076521158218384
244 2.1538262367248535
245 0.0
246 0.0
247 0.0
248 1.7230608463287354
249 13.784486770629883
250 0.0
251 0.0
252 0.0
253 0.0
254 0.0
255 0.0
256 23.261320114135742
257 1.2922956943511963
258 1.7230608463287354
259 0.0
260 0.0
261 1.2922956943511963
262 0.0
263 0.0
264 0.43076521158218384
265 0.0
266 0.43076521158218384
267 0.0
268 0.0
269 0.0
270 9.046070098876953
271 19.38443374633789
272 10.76913070678711
273 0.8615304231643677
274 0.0
275 0.0
276 0.0
277 0.0
278 0.43076521158218384
279 0.0
280 0.8615304231643677
281 1.2922956943511963
282 0.0
283 0.0
284 2.1538259983062744
285 0.8615304231643677
286 1.7230608463287354
287 7.7537736892700195
288 8.615303993225098
289 0.0
290 0.0
291 0.0
292 3.4461216926574707
293 2.5845913887023926
294 2.1538259983062744
295 0.0
296 0.0
297 0.43076521158218384
298 0.0
299 0.0
300 7.3230085372924805
301 0.43076521158218384
302 4.738417625427246
303 0.0
304 0.0
305 3.0153565406799316
306 0.43076521158218384
307 1.2922956943511963
308 0.43076521158218384
309 0.0
310 13.784486770629883
311 0.0
312 1.7230608463287354
313 0.0
314 0.43076521158218384
315 0.0
316 5.169182777404785
317 0.0
318 0.0
319 20.676729202270508
320 6.461478233337402
321 4.738417625427246
322 2.5845913887023926
323 0.8615304231643677
324 5.169182777404785
325 0.0
326 0.0
327 1.2922956943511963
328 0.43076521158218384
329 0.43076521158218384
330 0.0
331 1.2922956943511963
332 0.0
333 0.0
334 0.43076521158218384
335 0.0
336 0.0
337 1.7230608463287354
338 0.0
339 0.0
340 0.0
341 0.0
342 0.0
343 0.0
344 1.7230608463287354
345 9.476835250854492
346 0.43076521158218384
347 17.230607986450195
348 2.1538262367248535
349 0.43076521158218384
350 7.7537736892700195
351 1.7230608463287354
352 0.0
353 0.43076521158218384
354 0.8615304231643677
355 0.8615304231643677
356 0.43076521158218384
357 0.43076521158218384
358 0.0
359 0.0
360 6.461478233337402
361 1.2922956943511963
362 4.738417148590088
363 0.0
364 0.43076521158218384
365 0.0
366 0.0
367 0.8615304231643677
368 1.7230608463287354
369 0.8615304231643677
370 1.2922956943511963
371 2.1538259983062744
372 1.2922956943511963
373 1.7230608463287354
374 0.0
375 0.43076521158218384
376 0.0
377 0.8615304231643677
378 0.0
379 0.0
380 0.0
381 0.0
382 6.461478233337402
383 1.7230608463287354
384 0.0
385 1.7230608463287354
386 0.43076521158218384
387 0.0
388 0.0
389 2.1538259983062744
390 0.0
391 0.0
392 2.1538259983062744
393 0.43076521158218384
394 4.307651996612549
395 0.0
396 0.43076521158218384
397 0.8615304231643677
398 0.0
399 0.0
400 0.0
401 0.43076521158218384
402 1.7230608463287354
403 0.43076521158218384
404 0.0
405 1.2922956943511963
406 3.4461216926574707
407 7.3230085372924805
408 6.892243385314941
409 3.8768868446350098
410 0.43076521158218384
411 0.8615304231643677
412 0.43076521158218384
413 0.0
414 0.0
415 0.0
416 0.0
417 0.0
418 0.0
419 0.0
420 0.0
421 3.0153565406799316
422 0.43076521158218384
423 0.0
424 9.046069145202637
425 1.2922956943511963
426 0.0
427 0.43076521158218384
428 0.0
429 0.0
430 0.0
431 0.43076521158218384
432 0.8615304231643677
433 0.0
434 0.0
435 0.8615304231643677
436 0.8615304231643677
437 0.8615304231643677
438 0.0
439 0.0
440 0.0
441 0.43076521158218384
442 0.43076521158218384
443 0.0
444 0.0
445 1.2922956943511963
446 0.0
447 0.0
448 0.0
449 0.43076521158218384
450 3.0153565406799316
451 0.0
452 3.4461216926574707
453 0.0
454 0.0
455 6.461478233337402
456 5.169182777404785
457 5.169182777404785
458 8.615303993225098
459 0.0
460 0.0
461 0.43076521158218384
462 0.0
463 1.2922956943511963
464 1.2922956943511963
465 3.8768868446350098
466 0.43076521158218384
467 0.0
468 0.0
469 0.43076521158218384
470 15.0767822265625
471 1.2922956943511963
472 0.0
473 0.43076521158218384
474 7.3230085372924805
475 0.0
476 0.0
477 1.2922956943511963
478 0.8615304231643677
479 0.0
480 1.2922956943511963
481 0.0
482 0.43076521158218384
483 1.2922956943511963
484 2.5845913887023926
485 0.0
486 22.830554962158203
487 19.38443374633789
488 14.215251922607422
489 27.138206481933594
490 8.184538841247559
491 25.845911026000977
492 33.59968566894531
493 0.8615304231643677
494 0.8615304231643677
495 0.43076521158218384
496 0.0
497 0.0
498 0.43076521158218384
499 1.7230608463287354
500 0.0
501 2.5845913887023926
502 0.43076521158218384
503 0.0
504 4.307651996612549
505 0.0
506 1.2922956943511963
507 0.0
508 0.0
509 0.0
510 0.0
511 0.0
512 2.5845913887023926
513 1.2922956943511963
514 2.5845913887023926
515 11.630661010742188
516 9.476835250854492
517 1.2922956943511963
518 0.43076521158218384
519 0.43076521158218384
520 0.0
521 0.0
522 0.43076521158218384
523 0.0
524 0.0
525 0.0
526 1.2922956943511963
527 1.7230608463287354
528 0.0
529 0.0
530 0.0
531 0.0
532 0.0
533 2.1538262367248535
534 0.0
535 0.43076521158218384
536 2.5845913887023926
537 3.8768868446350098
538 0.0
539 0.0
540 0.0
541 0.0
542 0.43076521158218384
543 1.2922956943511963
544 0.43076521158218384
545 0.0
546 0.0
547 0.43076521158218384
548 0.43076521158218384
549 5.599947929382324
550 0.0
551 3.4461216926574707
552 0.43076521158218384
553 0.8615304231643677
554 2.1538262367248535
555 0.0
556 0.0
557 2.5845911502838135
558 3.0153563022613525
559 1.7230608463287354
560 2.1538259983062744
561 0.0
562 0.0
563 0.43076521158218384
564 7.7537736892700195
565 0.0
566 0.0
567 0.0
568 2.1538259983062744
569 0.0
570 0.8615304231643677
571 0.0
572 2.5845913887023926
573 3.0153565406799316
574 1.7230608463287354
575 0.0
576 0.0
577 0.0
578 2.1538259983062744
579 0.0
580 0.43076521158218384
581 0.8615304231643677
582 1.7230608463287354
583 0.0
584 0.43076521158218384
585 2.5845913887023926
586 0.0
587 0.0
588 0.0
589 0.0
590 0.0
591 3.8768868446350098
592 2.5845913887023926
593 0.0
594 2.1538259983062744
595 0.0
596 0.0
597 2.1538262367248535
598 0.0
599 0.0
600 0.0
601 0.0
602 0.8615304231643677
603 0.43076521158218384
604 0.0
605 0.43076521158218384
606 1.2922956943511963
607 0.43076521158218384
608 0.43076521158218384
609 0.0
610 1.2922956943511963
611 0.0
612 0.0
613 1.7230608463287354
614 10.76913070678711
615 0.0
616 3.4461216926574707
617 0.43076521158218384
618 1.7230608463287354
619 0.8615304231643677
620 0.43076521158218384
621 0.0
622 4.307651996612549
623 0.0
624 7.7537736892700195
625 0.0
626 0.0
627 0.0
628 0.8615304231643677
629 0.0
630 1.2922956943511963
631 0.0
632 0.0
633 0.0
634 0.0
635 3.0153565406799316
636 0.0
637 0.0
638 0.0
639 17.661373138427734
640 15.0767822265625
641 0.8615304231643677
642 0.43076521158218384
643 2.1538259983062744
644 4.307651996612549
645 0.0
646 0.43076521158218384
647 0.0
648 0.0
649 0.0
650 3.4461216926574707
651 0.0
652 0.43076521158218384
653 1.7230608463287354
654 2.1538262367248535
655 0.0
656 0.0
657 3.876887083053589
658 0.0
659 0.0
660 0.0
661 0.0
662 0.0
663 0.0
664 0.0
665 0.0
666 1.2922956943511963
667 0.43076521158218384
668 2.1538262367248535
669 3.0153565406799316
670 0.0
671 0.8615304231643677
672 0.43076521158218384
673 0.43076521158218384
674 0.8615304231643677
675 0.43076521158218384
676 18.092140197753906
677 2.1538259983062744
678 1.2922956943511963
679 3.0153565406799316
680 0.0
681 3.4461214542388916
682 0.0
683 0.0
684 1.7230608463287354
685 0.0
686 1.2922956943511963
687 0.0
688 0.0
689 0.0
690 0.0
691 0.0
692 0.0
693 1.2922956943511963
694 1.2922956943511963
695 0.0
696 0.0
697 0.43076521158218384
698 14.646017074584961
699 0.43076521158218384
700 0.43076521158218384
701 0.0
702 0.43076521158218384
703 0.0
704 10.769129753112793
705 0.0
706 2.1538259983062744
707 5.169182777404785
708 0.0
709 2.1538259983062744
710 0.0
711 0.0
712 0.0
713 0.0
714 0.43076521158218384
715 4.307651996612549
716 0.0
717 1.7230608463287354
718 0.0
719 1.7230608463287354
720 0.0
721 0.0
722 0.0
723 0.0
724 9.476835250854492
725 0.0
726 0.43076521158218384
727 0.0
728 0.43076521158218384
729 0.43076521158218384
730 3.8768868446350098
731 0.0
732 0.0
733 4.307651996612549
734 0.0
735 0.0
736 0.0
737 0.8615304231643677
738 0.0
739 0.8615304231643677
740 0.43076521158218384
741 0.8615304231643677
742 3.4461216926574707
743 0.8615304231643677
744 0.0
745 0.8615304231643677
746 0.0
747 1.7230608463287354
748 0.43076521158218384
749 0.0
750 1.2922956943511963
751 0.0
752 34.46121597290039
753 0.43076521158218384
754 2.1538259983062744
755 0.0
756 0.0
757 0.43076521158218384
758 0.0
759 0.0
760 0.0
761 0.0
762 0.0
763 0.0
764 2.1538259983062744
765 6.461478233337402
766 3.8768868446350098
767 0.0
768 1.7230608463287354
769 0.0
770 0.43076521158218384
771 0.0
772 1.7230608463287354
773 9.046069145202637
774 19.38443374633789
775 14.215251922607422
776 1.2922956943511963
777 0.0
778 3.4461216926574707
779 1.7230608463287354
780 0.0
781 2.5845913887023926
782 7.7537736892700195
783 12.922956466674805
784 11.630661010742188
785 2.5845913887023926
786 0.0
787 0.0
788 0.8615304231643677
789 0.0
790 0.0
791 0.0
792 0.0
793 0.0
794 0.0
795 0.0
796 0.0
797 0.0
798 0.0
799 0.0
800 0.8615304231643677
801 1.7230608463287354
802 0.43076521158218384
803 0.0
804 3.4461216926574707
805 1.2922956943511963
806 0.43076521158218384
807 0.0
808 0.0
809 0.0
810 0.0
811 2.5845913887023926
812 0.8615304231643677
813 0.0
814 2.5845913887023926
815 0.43076521158218384
816 0.0
817 0.0
818 0.0
819 4.307651996612549
820 0.0
821 1.2922956943511963
822 0.43076521158218384
823 0.0
824 0.0
825 0.0
826 0.0
827 0.0
828 4.738417625427246
829 0.0
830 2.5845911502838135
831 0.43076521158218384
832 0.0
833 0.43076521158218384
834 0.8615304231643677
835 0.0
836 0.0
837 0.0
838 1.2922956943511963
839 0.0
840 0.8615304231643677
841 0.0
842 2.1538262367248535
843 1.7230608463287354
844 0.0
845 1.2922956943511963
846 0.0
847 0.0
848 0.43076521158218384
849 0.0
850 0.0
851 6.892243385314941
852 0.0
853 1.2922956943511963
854 0.8615304231643677
855 4.307651996612549
856 13.353720664978027
857 18.522903442382813
858 5.169182300567627
859 0.0
860 1.2922956943511963
861 1.7230608463287354
862 0.0
863 0.8615304231643677
864 0.0
865 0.43076521158218384
866 0.0
867 0.0
868 0.0
869 0.0
870 0.0
871 1.2922956943511963
872 0.0
873 7.7537736892700195
874 0.8615304231643677
875 0.43076521158218384
876 0.0
877 0.43076521158218384
878 0.43076521158218384
879 0.0
880 0.0
881 0.43076521158218384
882 2.1538259983062744
883 0.8615304231643677
884 1.2922956943511963
885 0.0
886 0.43076521158218384
887 0.43076521158218384
888 0.0
889 0.0
890 1.7230608463287354
891 0.0
892 0.0
893 1.2922956943511963
894 0.43076521158218384
895 0.0
896 0.43076521158218384
897 0.43076521158218384
898 1.2922956943511963
899 0.0
900 10.338364601135254
901 1.7230608463287354
902 0.43076521158218384
903 0.0
904 2.1538262367248535
905 0.43076521158218384
906 0.0
907 0.0
908 0.43076521158218384
909 0.0
910 1.2922956943511963
911 0.0
912 0.8615304231643677
913 9.907600402832031
914 0.0
915 0.8615304231643677
916 0.0
917 0.8615304231643677
918 0.0
919 0.8615304231643677
920 0.0
921 2.1538259983062744
922 0.0
923 1.2922956943511963
924 1.7230608463287354
925 2.1538259983062744
926 0.8615304231643677
927 0.0
928 1.2922956943511963
929 1.2922956943511963
930 0.0
931 0.43076521158218384
932 0.0
933 0.43076521158218384
934 9.476835250854492
935 6.892243385314941
936 0.0
937 0.8615304231643677
938 2.5845913887023926
939 0.0
940 9.046069145202637
941 0.0
942 0.0
943 2.1538259983062744
944 12.06142520904541
945 24.553617477416992
946 19.81519889831543
947 1.2922956943511963
948 9.476835250854492
949 3.0153565406799316
950 0.0
951 4.307652473449707
952 1.2922956943511963
953 0.0
954 2.1538259983062744
955 0.0
956 0.8615304231643677
957 0.0
958 0.8615304231643677
959 0.0
960 0.0
961 0.8615304231643677
962 0.0
963 16.799842834472656
964 21.969024658203125
965 14.646017074584961
966 17.230607986450195
967 14.646017074584961
968 12.492191314697266
969 17.230609893798828
970 29.292034149169922
971 1.7230608463287354
972 0.0
973 0.0
974 0.0
975 0.0
976 1.2922956943511963
977 0.0
978 0.43076521158218384
979 0.0
980 1.2922956943511963
981 0.0
982 0.0
983 16.369077682495117
984 7.323008060455322
985 10.76913070678711
986 4.738417148590088
987 0.0
988 0.0
989 0.0
990 2.1538262367248535
991 0.43076521158218384
992 1.2922956943511963
993 0.0
994 0.8615304231643677
995 0.43076521158218384
996 4.738417625427246
997 0.8615304231643677
998 0.0
999 1.7230608463287354
1000 0.0
1001 0.0
1002 0.0
