0 {1 2 3 6 9 10} {{0 0 0 4 5 0 7 8 0 0}}
1 {1 2 3 6 9 10} {{0 0 0 4 5 0 7 8 0 0}}
2 {1 2 3 10} {{0 0 0 4 5 0 7 8 0 0} {0 0 0 0 0 6 0 0 9 0}}
3 {1 2 3 10} {{0 0 0 4 5 0 7 8 0 0} {0 0 0 0 0 6 0 0 9 0}}
4 {1 2 3 10} {{0 0 0 4 5 0 7 8 0 0} {0 0 0 0 0 6 0 0 9 0}}
5 {1 2 3 10} {{0 0 0 4 5 0 7 8 0 0} {0 0 0 0 0 6 0 0 9 0}}
6 {1 2 3 10} {{0 0 0 4 5 0 7 8 0 0} {0 0 0 0 0 6 0 0 9 0}}
7 {1 2 3 10} {{0 0 0 4 5 0 7 8 0 0} {0 0 0 0 0 6 0 0 9 0}}
8 {1 2 3 10} {{0 0 0 4 5 0 7 8 0 0} {0 0 0 0 0 6 0 0 9 0}}
9 {1 2 3 10} {{0 0 0 4 5 0 7 8 0 0} {0 0 0 0 0 6 0 0 9 0}}
10 {1 2 3 10} {{0 0 0 4 5 0 7 8 0 0} {0 0 0 0 0 6 0 0 9 0}}
11 {1 2 3 10} {{0 0 0 4 5 0 7 8 0 0} {0 0 0 0 0 6 0 0 9 0}}
12 {1 2 3 10} {{0 0 0 4 5 0 7 8 0 0} {0 0 0 0 0 6 0 0 9 0}}
13 {1 2 3 10} {{0 0 0 4 5 0 7 8 0 0} {0 0 0 0 0 6 0 0 9 0}}
14 {1 2 3 10} {{0 0 0 4 5 0 7 8 0 0} {0 0 0 0 0 6 0 0 9 0}}
15 {1 2 3 10} {{0 0 0 4 5 0 7 8 0 0} {0 0 0 0 0 6 0 0 9 0}}
16 {1 2 3 10} {{0 0 0 4 5 0 7 8 0 0} {0 0 0 0 0 6 0 0 9 0}}
17 {1 2 3 10} {{0 0 0 4 5 0 7 8 0 0} {0 0 0 0 0 6 0 0 9 0}}
18 {1 2 3 10} {{0 0 0 4 5 0 7 8 0 0} {0 0 0 0 0 6 0 0 9 0}}
19 {1 2 3 10} {{0 0 0 4 5 0 7 8 0 0} {0 0 0 0 0 6 0 0 9 0}}
20 {1 2 3 10} {{0 0 0 4 5 0 7 8 0 0} {0 0 0 0 0 6 0 0 9 0}}
21 {1 2 3 10} {{0 0 0 4 5 0 7 8 0 0} {0 0 0 0 0 6 0 0 9 0}}
22 {1 2 3 10} {{0 0 0 4 5 0 7 8 0 0} {0 0 0 0 0 6 0 0 9 0}}
23 {1 2 3 10} {{0 0 0 4 5 0 7 8 0 0} {0 0 0 0 0 6 0 0 9 0}}
24 {1 2 3 10} {{0 0 0 4 5 0 7 8 0 0} {0 0 0 0 0 6 0 0 9 0}}
25 {1 2 3 10} {{0 0 0 4 5 0 7 8 0 0} {0 0 0 0 0 6 0 0 9 0}}
26 {1 2 3 10} {{0 0 0 4 5 0 7 8 0 0} {0 0 0 0 0 6 0 0 9 0}}
27 {1 2 3 10} {{0 0 0 4 5 0 7 8 0 0} {0 0 0 0 0 6 0 0 9 0}}
28 {1 2 3 10} {{0 0 0 4 5 0 7 8 0 0} {0 0 0 0 0 6 0 0 9 0}}
29 {1 2 3 10} {{0 0 0 4 5 0 7 8 0 0} {0 0 0 0 0 6 0 0 9 0}}
30 {1 2 3 10} {{0 0 0 4 5 0 7 8 0 0} {0 0 0 0 0 6 0 0 9 0}}
31 {1 2 3 10} {{0 0 0 4 5 0 7 8 0 0} {0 0 0 0 0 6 0 0 9 0}}
32 {1 2 3 10} {{0 0 0 4 5 0 7 8 0 0} {0 0 0 0 0 6 0 0 9 0}}
33 {1 2 3 10} {{0 0 0 4 5 0 7 8 0 0} {0 0 0 0 0 6 0 0 9 0}}
34 {1 2 3 10} {{0 0 0 4 5 0 7 8 0 0} {0 0 0 0 0 6 0 0 9 0}}
35 {1 2 3 10} {{0 0 0 4 5 0 7 8 0 0} {0 0 0 0 0 6 0 0 9 0}}
36 {1 2 3 10} {{0 0 0 4 5 0 7 8 0 0} {0 0 0 0 0 6 0 0 9 0}}
37 {1 2 3 10} {{0 0 0 4 5 0 7 8 0 0} {0 0 0 0 0 6 0 0 9 0}}
38 {1 2 3 10} {{0 0 0 4 5 0 7 8 0 0} {0 0 0 0 0 6 0 0 9 0}}
39 {1 2 3 10} {{0 0 0 4 5 0 7 8 0 0} {0 0 0 0 0 6 0 0 9 0}}
40 {1 2 3 10} {{0 0 0 4 5 0 7 8 0 0} {0 0 0 0 0 6 0 0 9 0}}
41 {1 2 3 10} {{0 0 0 4 5 0 7 8 0 0} {0 0 0 0 0 6 0 0 9 0}}
42 {1 2 3 10} {{0 0 0 4 5 0 7 8 0 0} {0 0 0 0 0 6 0 0 9 0}}
43 {1 2 3 10} {{0 0 0 4 5 0 7 8 0 0} {0 0 0 0 0 6 0 0 9 0}}
44 {1 2 3 10} {{0 0 0 4 5 0 7 8 0 0} {0 0 0 0 0 6 0 0 9 0}}
45 {1 2 3 10} {{0 0 0 4 5 0 7 8 0 0} {0 0 0 0 0 6 0 0 9 0}}
46 {1 2 3 10} {{0 0 0 4 5 0 7 8 0 0} {0 0 0 0 0 6 0 0 9 0}}
47 {1 2 3 10} {{0 0 0 4 5 0 7 8 0 0} {0 0 0 0 0 6 0 0 9 0}}
48 {1 2 3 10} {{0 0 0 4 5 0 7 8 0 0} {0 0 0 0 0 6 0 0 9 0}}
49 {1 2 3 10} {{0 0 0 4 5 0 7 8 0 0} {0 0 0 0 0 6 0 0 9 0}}
50 {1 2 3 10} {{0 0 0 4 5 0 7 8 0 0} {0 0 0 0 0 6 0 0 9 0}}
51 {1 2 3 10} {{0 0 0 4 5 0 7 8 0 0} {0 0 0 0 0 6 0 0 9 0}}
52 {1 2 3 10} {{0 0 0 4 5 0 7 8 0 0} {0 0 0 0 0 6 0 0 9 0}}
53 {1 2 3 10} {{0 0 0 4 5 0 7 8 0 0} {0 0 0 0 0 6 0 0 9 0}}
54 {1 2 3 10} {{0 0 0 4 5 0 7 8 0 0} {0 0 0 0 0 6 0 0 9 0}}
55 {1 2 3 10} {{0 0 0 4 5 0 7 8 0 0} {0 0 0 0 0 6 0 0 9 0}}
56 {1 2 3 10} {{0 0 0 4 5 0 7 8 0 0} {0 0 0 0 0 6 0 0 9 0}}
57 {1 2 3 10} {{0 0 0 4 5 0 7 8 0 0} {0 0 0 0 0 6 0 0 9 0}}
58 {1 2 3 10} {{0 0 0 4 5 0 7 8 0 0} {0 0 0 0 0 6 0 0 9 0}}
59 {1 2 3 10} {{0 0 0 4 5 0 7 8 0 0} {0 0 0 0 0 6 0 0 9 0}}
60 {1 2 3 10} {{0 0 0 4 5 0 7 8 0 0} {0 0 0 0 0 6 0 0 9 0}}
61 {1 2 3 10} {{0 0 0 4 5 0 7 8 0 0} {0 0 0 0 0 6 0 0 9 0}}
62 {1 2 3 10} {{0 0 0 4 5 0 7 8 0 0} {0 0 0 0 0 6 0 0 9 0}}
63 {1 2 3 10} {{0 0 0 4 5 0 7 8 0 0} {0 0 0 0 0 6 0 0 9 0}}
64 {1 2 3 10} {{0 0 0 4 5 0 7 8 0 0} {0 0 0 0 0 6 0 0 9 0}}
65 {1 2 3 10} {{0 0 0 4 5 0 7 8 0 0} {0 0 0 0 0 6 0 0 9 0}}
66 {1 2 3 10} {{0 0 0 4 5 0 7 8 0 0} {0 0 0 0 0 6 0 0 9 0}}
67 {1 2 3 10} {{0 0 0 4 5 0 7 8 0 0} {0 0 0 0 0 6 0 0 9 0}}
68 {1 2 3 10} {{0 0 0 4 5 0 7 8 0 0} {0 0 0 0 0 6 0 0 9 0}}
69 {1 2 3 10} {{0 0 0 4 5 0 7 8 0 0} {0 0 0 0 0 6 0 0 9 0}}
70 {1 2 3 10} {{0 0 0 4 5 0 7 8 0 0} {0 0 0 0 0 6 0 0 9 0}}
71 {1 2 3 10} {{0 0 0 4 5 0 7 8 0 0} {0 0 0 0 0 6 0 0 9 0}}
72 {1 2 3 10} {{0 0 0 4 5 0 7 8 0 0} {0 0 0 0 0 6 0 0 9 0}}
73 {1 2 3 10} {{0 0 0 4 5 0 7 8 0 0} {0 0 0 0 0 6 0 0 9 0}}
74 {1 2 3 10} {{0 0 0 4 5 0 7 8 0 0} {0 0 0 0 0 6 0 0 9 0}}
75 {1 2 3 10} {{0 0 0 4 5 0 7 8 0 0} {0 0 0 0 0 6 0 0 9 0}}
76 {1 2 3 10} {{0 0 0 4 5 0 7 8 0 0} {0 0 0 0 0 6 0 0 9 0}}
77 {1 2 3 10} {{0 0 0 4 5 0 7 8 0 0} {0 0 0 0 0 6 0 0 9 0}}
78 {1 2 3 10} {{0 0 0 4 5 0 7 8 0 0} {0 0 0 0 0 6 0 0 9 0}}
79 {1 2 3 10} {{0 0 0 4 5 0 7 8 0 0} {0 0 0 0 0 6 0 0 9 0}}
80 {1 2 3 10} {{0 0 0 4 5 0 7 8 0 0} {0 0 0 0 0 6 0 0 9 0}}
81 {1 2 3 10} {{0 0 0 4 5 0 7 8 0 0} {0 0 0 0 0 6 0 0 9 0}}
82 {1 2 3 10} {{0 0 0 4 5 0 7 8 0 0} {0 0 0 0 0 6 0 0 9 0}}
83 {1 2 3 10} {{0 0 0 4 5 0 7 8 0 0} {0 0 0 0 0 6 0 0 9 0}}
84 {1 2 3 10} {{0 0 0 4 5 0 7 8 0 0} {0 0 0 0 0 6 0 0 9 0}}
85 {1 2 3 10} {{0 0 0 4 5 0 7 8 0 0} {0 0 0 0 0 6 0 0 9 0}}
86 {1 2 3 10} {{0 0 0 4 5 0 7 8 0 0} {0 0 0 0 0 6 0 0 9 0}}
87 {1 2 3 10} {{0 0 0 4 5 0 7 8 0 0} {0 0 0 0 0 6 0 0 9 0}}
88 {1 2 3 10} {{0 0 0 4 5 0 7 8 0 0} {0 0 0 0 0 6 0 0 9 0}}
89 {1 2 3 10} {{0 0 0 4 5 0 7 8 0 0} {0 0 0 0 0 6 0 0 9 0}}
90 {1 2 3 10} {{0 0 0 4 5 0 7 8 0 0} {0 0 0 0 0 6 0 0 9 0}}
91 {1 2 3 10} {{0 0 0 4 5 0 7 8 0 0} {0 0 0 0 0 6 0 0 9 0}}
92 {1 2 3 10} {{0 0 0 4 5 0 7 8 0 0} {0 0 0 0 0 6 0 0 9 0}}
93 {1 2 3 10} {{0 0 0 4 5 0 7 8 0 0} {0 0 0 0 0 6 0 0 9 0}}
94 {1 2 3 10} {{0 0 0 4 5 0 7 8 0 0} {0 0 0 0 0 6 0 0 9 0}}
95 {1 2 3 10} {{0 0 0 4 5 0 7 8 0 0} {0 0 0 0 0 6 0 0 9 0}}
96 {1 2 3 10} {{0 0 0 4 5 0 7 8 0 0} {0 0 0 0 0 6 0 0 9 0}}
97 {1 2 3 10} {{0 0 0 4 5 0 7 8 0 0} {0 0 0 0 0 6 0 0 9 0}}
98 {1 2 3 10} {{0 0 0 4 5 0 7 8 0 0} {0 0 0 0 0 6 0 0 9 0}}
99 {1 2 3 10} {{0 0 0 4 5 0 7 8 0 0} {0 0 0 0 0 6 0 0 9 0}}
100 {1 2 3 10} {{0 0 0 4 5 0 7 8 0 0} {0 0 0 0 0 6 0 0 9 0}}
101 {1 2 3 10} {{0 0 0 4 5 0 7 8 0 0} {0 0 0 0 0 6 0 0 9 0}}
102 {1 2 3 10} {{0 0 0 4 5 0 7 8 0 0} {0 0 0 0 0 6 0 0 9 0}}
103 {1 2 3 10} {{0 0 0 4 5 0 7 8 0 0} {0 0 0 0 0 6 0 0 9 0}}
104 {1 2 3 10} {{0 0 0 4 5 0 7 8 0 0} {0 0 0 0 0 6 0 0 9 0}}
105 {1 2 3 10} {{0 0 0 4 5 0 7 8 0 0} {0 0 0 0 0 6 0 0 9 0}}
106 {1 2 3 10} {{0 0 0 4 5 0 7 8 0 0} {0 0 0 0 0 6 0 0 9 0}}
107 {1 2 3 10} {{0 0 0 4 5 0 7 8 0 0} {0 0 0 0 0 6 0 0 9 0}}
108 {1 2 3 10} {{0 0 0 4 5 0 7 8 0 0} {0 0 0 0 0 6 0 0 9 0}}
109 {1 2 3 10} {{0 0 0 4 5 0 7 8 0 0} {0 0 0 0 0 6 0 0 9 0}}
110 {1 2 3 10} {{0 0 0 4 5 0 7 8 0 0} {0 0 0 0 0 6 0 0 9 0}}
111 {1 2 3 10} {{0 0 0 4 5 0 7 8 0 0} {0 0 0 0 0 6 0 0 9 0}}
112 {1 2 3 10} {{0 0 0 4 5 0 7 8 0 0} {0 0 0 0 0 6 0 0 9 0}}
113 {1 2 3 10} {{0 0 0 4 5 0 7 8 0 0} {0 0 0 0 0 6 0 0 9 0}}
114 {1 2 3 10} {{0 0 0 4 5 0 7 8 0 0} {0 0 0 0 0 6 0 0 9 0}}
115 {1 2 3 10} {{0 0 0 4 5 0 7 8 0 0} {0 0 0 0 0 6 0 0 9 0}}
116 {1 2 3 10} {{0 0 0 4 5 0 7 8 0 0} {0 0 0 0 0 6 0 0 9 0}}
117 {1 2 3 10} {{0 0 0 4 5 0 7 8 0 0} {0 0 0 0 0 6 0 0 9 0}}
118 {1 2 3 10} {{0 0 0 4 5 0 7 8 0 0} {0 0 0 0 0 6 0 0 9 0}}
119 {1 2 3 10} {{0 0 0 4 5 0 7 8 0 0} {0 0 0 0 0 6 0 0 9 0}}
120 {1 2 3 10} {{0 0 0 4 5 0 7 8 0 0} {0 0 0 0 0 6 0 0 9 0}}
121 {1 2 3 10} {{0 0 0 4 5 0 7 8 0 0} {0 0 0 0 0 6 0 0 9 0}}
122 {1 2 3 10} {{0 0 0 4 5 0 7 8 0 0} {0 0 0 0 0 6 0 0 9 0}}
123 {1 2 3 10} {{0 0 0 4 5 0 7 8 0 0} {0 0 0 0 0 6 0 0 9 0}}
124 {1 2 3 10} {{0 0 0 4 5 0 7 8 0 0} {0 0 0 0 0 6 0 0 9 0}}
125 {1 2 3 10} {{0 0 0 4 5 0 7 8 0 0} {0 0 0 0 0 6 0 0 9 0}}
126 {1 2 3 10} {{0 0 0 4 5 0 7 8 0 0} {0 0 0 0 0 6 0 0 9 0}}
127 {1 2 3 10} {{0 0 0 4 5 0 7 8 0 0} {0 0 0 0 0 6 0 0 9 0}}
128 {1 2 3 10} {{0 0 0 4 5 0 7 8 0 0} {0 0 0 0 0 6 0 0 9 0}}
129 {1 2 3 10} {{0 0 0 4 5 0 7 8 0 0} {0 0 0 0 0 6 0 0 9 0}}
130 {1 2 3 10} {{0 0 0 4 5 0 7 8 0 0} {0 0 0 0 0 6 0 0 9 0}}
131 {1 2 3 10} {{0 0 0 4 5 0 7 8 0 0} {0 0 0 0 0 6 0 0 9 0}}
132 {1 2 3 10} {{0 0 0 4 5 0 7 8 0 0} {0 0 0 0 0 6 0 0 9 0}}
133 {1 2 3 10} {{0 0 0 4 5 0 7 8 0 0} {0 0 0 0 0 6 0 0 9 0}}
134 {1 2 3 10} {{0 0 0 4 5 0 7 8 0 0} {0 0 0 0 0 6 0 0 9 0}}
135 {1 2 3 10} {{0 0 0 4 5 0 7 8 0 0} {0 0 0 0 0 6 0 0 9 0}}
136 {1 2 3 10} {{0 0 0 4 5 0 7 8 0 0} {0 0 0 0 0 6 0 0 9 0}}
137 {1 2 3 10} {{0 0 0 4 5 0 7 8 0 0} {0 0 0 0 0 6 0 0 9 0}}
138 {1 2 3 10} {{0 0 0 4 5 0 7 8 0 0} {0 0 0 0 0 6 0 0 9 0}}
139 {1 2 3 10} {{0 0 0 4 5 0 7 8 0 0} {0 0 0 0 0 6 0 0 9 0}}
140 {1 2 3 10} {{0 0 0 4 5 0 7 8 0 0} {0 0 0 0 0 6 0 0 9 0}}
141 {1 2 3 10} {{0 0 0 4 5 0 7 8 0 0} {0 0 0 0 0 6 0 0 9 0}}
142 {1 2 3 10} {{0 0 0 4 5 0 7 8 0 0} {0 0 0 0 0 6 0 0 9 0}}
143 {1 2 3 10} {{0 0 0 4 5 0 7 8 0 0} {0 0 0 0 0 6 0 0 9 0}}
144 {1 2 3 10} {{0 0 0 4 5 0 7 8 0 0} {0 0 0 0 0 6 0 0 9 0}}
145 {1 2 3 10} {{0 0 0 4 5 0 7 8 0 0} {0 0 0 0 0 6 0 0 9 0}}
146 {1 2 3 10} {{0 0 0 4 5 0 7 8 0 0} {0 0 0 0 0 6 0 0 9 0}}
147 {1 2 3 10} {{0 0 0 4 5 0 7 8 0 0} {0 0 0 0 0 6 0 0 9 0}}
148 {1 2 3 10} {{0 0 0 4 5 0 7 8 0 0} {0 0 0 0 0 6 0 0 9 0}}
149 {1 2 3 10} {{0 0 0 4 5 0 7 8 0 0} {0 0 0 0 0 6 0 0 9 0}}
150 {1 2 3 10} {{0 0 0 4 5 0 7 8 0 0} {0 0 0 0 0 6 0 0 9 0}}
151 {1 2 3 10} {{0 0 0 4 5 0 7 8 0 0} {0 0 0 0 0 6 0 0 9 0}}
152 {1 2 3 10} {{0 0 0 4 5 0 7 8 0 0} {0 0 0 0 0 6 0 0 9 0}}
153 {1 2 3 10} {{0 0 0 4 5 0 7 8 0 0} {0 0 0 0 0 6 0 0 9 0}}
154 {1 2 3 10} {{0 0 0 4 5 0 7 8 0 0} {0 0 0 0 0 6 0 0 9 0}}
155 {1 2 3 10} {{0 0 0 4 5 0 7 8 0 0} {0 0 0 0 0 6 0 0 9 0}}
156 {1 2 3 10} {{0 0 0 4 5 0 7 8 0 0} {0 0 0 0 0 6 0 0 9 0}}
157 {1 2 3 10} {{0 0 0 4 5 0 7 8 0 0} {0 0 0 0 0 6 0 0 9 0}}
158 {1 2 3 10} {{0 0 0 4 5 0 7 8 0 0} {0 0 0 0 0 6 0 0 9 0}}
159 {1 2 3 10} {{0 0 0 4 5 0 7 8 0 0} {0 0 0 0 0 6 0 0 9 0}}
160 {1 2 3 10} {{0 0 0 4 5 0 7 8 0 0} {0 0 0 0 0 6 0 0 9 0}}
161 {1 2 3 10} {{0 0 0 4 5 0 7 8 0 0} {0 0 0 0 0 6 0 0 9 0}}
162 {1 2 3 10} {{0 0 0 4 5 0 7 8 0 0} {0 0 0 0 0 6 0 0 9 0}}
163 {1 2 3 10} {{0 0 0 4 5 0 7 8 0 0} {0 0 0 0 0 6 0 0 9 0}}
164 {1 2 3 10} {{0 0 0 4 5 0 7 8 0 0} {0 0 0 0 0 6 0 0 9 0}}
165 {1 2 3 10} {{0 0 0 4 5 0 7 8 0 0} {0 0 0 0 0 6 0 0 9 0}}
166 {1 2 3 10} {{0 0 0 4 5 0 7 8 0 0} {0 0 0 0 0 6 0 0 9 0}}
167 {1 2 3 10} {{0 0 0 4 5 0 7 8 0 0} {0 0 0 0 0 6 0 0 9 0}}
168 {1 2 3 10} {{0 0 0 4 5 0 7 8 0 0} {0 0 0 0 0 6 0 0 9 0}}
169 {1 2 3 10} {{0 0 0 4 5 0 7 8 0 0} {0 0 0 0 0 6 0 0 9 0}}
170 {1 2 3 10} {{0 0 0 4 5 0 7 8 0 0} {0 0 0 0 0 6 0 0 9 0}}
171 {1 2 3 10} {{0 0 0 4 5 0 7 8 0 0} {0 0 0 0 0 6 0 0 9 0}}
172 {1 2 3 10} {{0 0 0 4 5 0 7 8 0 0} {0 0 0 0 0 6 0 0 9 0}}
173 {1 2 3 10} {{0 0 0 4 5 0 7 8 0 0} {0 0 0 0 0 6 0 0 9 0}}
174 {1 2 3 10} {{0 0 0 4 5 0 7 8 0 0} {0 0 0 0 0 6 0 0 9 0}}
175 {1 2 3 10} {{0 0 0 4 5 0 7 8 0 0} {0 0 0 0 0 6 0 0 9 0}}
176 {1 2 3 10} {{0 0 0 4 5 0 7 8 0 0} {0 0 0 0 0 6 0 0 9 0}}
177 {1 2 3 10} {{0 0 0 4 5 0 7 8 0 0} {0 0 0 0 0 6 0 0 9 0}}
178 {1 2 3 10} {{0 0 0 4 5 0 7 8 0 0} {0 0 0 0 0 6 0 0 9 0}}
179 {1 2 3 10} {{0 0 0 4 5 0 7 8 0 0} {0 0 0 0 0 6 0 0 9 0}}
180 {1 2 3 10} {{0 0 0 4 5 0 7 8 0 0} {0 0 0 0 0 6 0 0 9 0}}
181 {1 2 3 10} {{0 0 0 4 5 0 7 8 0 0} {0 0 0 0 0 6 0 0 9 0}}
182 {1 2 3 10} {{0 0 0 4 5 0 7 8 0 0} {0 0 0 0 0 6 0 0 9 0}}
183 {1 2 3 10} {{0 0 0 4 5 0 7 8 0 0} {0 0 0 0 0 6 0 0 9 0}}
184 {1 2 3 10} {{0 0 0 4 5 0 7 8 0 0} {0 0 0 0 0 6 0 0 9 0}}
185 {1 2 3 10} {{0 0 0 4 5 0 7 8 0 0} {0 0 0 0 0 6 0 0 9 0}}
186 {1 2 3 10} {{0 0 0 4 5 0 7 8 0 0} {0 0 0 0 0 6 0 0 9 0}}
187 {1 2 3 10} {{0 0 0 4 5 0 7 8 0 0} {0 0 0 0 0 6 0 0 9 0}}
188 {1 2 3 10} {{0 0 0 4 5 0 7 8 0 0} {0 0 0 0 0 6 0 0 9 0}}
189 {1 2 3 10} {{0 0 0 4 5 0 7 8 0 0} {0 0 0 0 0 6 0 0 9 0}}
190 {1 2 3 10} {{0 0 0 4 5 0 7 8 0 0} {0 0 0 0 0 6 0 0 9 0}}
191 {1 2 3 10} {{0 0 0 4 5 0 7 8 0 0} {0 0 0 0 0 6 0 0 9 0}}
192 {1 2 3 10} {{0 0 0 4 5 0 7 8 0 0} {0 0 0 0 0 6 0 0 9 0}}
193 {1 2 3 10} {{0 0 0 4 5 0 7 8 0 0} {0 0 0 0 0 6 0 0 9 0}}
194 {1 2 3 10} {{0 0 0 4 5 0 7 8 0 0} {0 0 0 0 0 6 0 0 9 0}}
195 {1 2 3 10} {{0 0 0 4 5 0 7 8 0 0} {0 0 0 0 0 6 0 0 9 0}}
196 {1 2 3 10} {{0 0 0 4 5 0 7 8 0 0} {0 0 0 0 0 6 0 0 9 0}}
197 {1 2 3 10} {{0 0 0 4 5 0 7 8 0 0} {0 0 0 0 0 6 0 0 9 0}}
198 {1 2 3 10} {{0 0 0 4 5 0 7 8 0 0} {0 0 0 0 0 6 0 0 9 0}}
199 {1 2 3 10} {{0 0 0 4 5 0 7 8 0 0} {0 0 0 0 0 6 0 0 9 0}}
200 {1 2 3 10} {{0 0 0 4 5 0 7 8 0 0} {0 0 0 0 0 6 0 0 9 0}}
201 {1 2 3 10} {{0 0 0 4 5 0 7 8 0 0} {0 0 0 0 0 6 0 0 9 0}}
202 {1 2 3 10} {{0 0 0 4 5 0 7 8 0 0} {0 0 0 0 0 6 0 0 9 0}}
203 {1 2 3 10} {{0 0 0 4 5 0 7 8 0 0} {0 0 0 0 0 6 0 0 9 0}}
204 {1 2 3 10} {{0 0 0 4 5 0 7 8 0 0} {0 0 0 0 0 6 0 0 9 0}}
205 {1 2 3 10} {{0 0 0 4 5 0 7 8 0 0} {0 0 0 0 0 6 0 0 9 0}}
206 {1 2 3 10} {{0 0 0 4 5 0 7 8 0 0} {0 0 0 0 0 6 0 0 9 0}}
207 {1 2 3 10} {{0 0 0 4 5 0 7 8 0 0} {0 0 0 0 0 6 0 0 9 0}}
208 {1 2 3 10} {{0 0 0 4 5 0 7 8 0 0} {0 0 0 0 0 6 0 0 9 0}}
209 {1 2 3 10} {{0 0 0 4 5 0 7 8 0 0} {0 0 0 0 0 6 0 0 9 0}}
210 {1 2 3 10} {{0 0 0 4 5 0 7 8 0 0} {0 0 0 0 0 6 0 0 9 0}}
211 {1 2 3 10} {{0 0 0 4 5 0 7 8 0 0} {0 0 0 0 0 6 0 0 9 0}}
212 {1 2 3 10} {{0 0 0 4 5 0 7 8 0 0} {0 0 0 0 0 6 0 0 9 0}}
213 {1 2 3 10} {{0 0 0 4 5 0 7 8 0 0} {0 0 0 0 0 6 0 0 9 0}}
214 {1 2 3 10} {{0 0 0 4 5 0 7 8 0 0} {0 0 0 0 0 6 0 0 9 0}}
215 {1 2 3 10} {{0 0 0 4 5 0 7 8 0 0} {0 0 0 0 0 6 0 0 9 0}}
216 {1 2 3 10} {{0 0 0 4 5 0 7 8 0 0} {0 0 0 0 0 6 0 0 9 0}}
217 {1 2 3 10} {{0 0 0 4 5 0 7 8 0 0} {0 0 0 0 0 6 0 0 9 0}}
218 {1 2 3 10} {{0 0 0 4 5 0 7 8 0 0} {0 0 0 0 0 6 0 0 9 0}}
219 {1 2 3 10} {{0 0 0 4 5 0 7 8 0 0} {0 0 0 0 0 6 0 0 9 0}}
220 {3 10} {{1 2 0 0 0 0 0 0 0 0} {0 0 0 4 5 0 7 8 0 0} {0 0 0 0 0 6 0 0 9 0}}
221 {3 10} {{1 2 0 0 0 0 0 0 0 0} {0 0 0 4 5 0 7 8 0 0} {0 0 0 0 0 6 0 0 9 0}}
222 {3 10} {{1 2 0 0 0 0 0 0 0 0} {0 0 0 4 5 0 7 8 0 0} {0 0 0 0 0 6 0 0 9 0}}
223 {3 10} {{1 2 0 0 0 0 0 0 0 0} {0 0 0 4 5 0 7 8 0 0} {0 0 0 0 0 6 0 0 9 0}}
224 {3 10} {{1 2 0 0 0 0 0 0 0 0} {0 0 0 4 5 0 7 8 0 0} {0 0 0 0 0 6 0 0 9 0}}
225 {3 10} {{1 2 0 0 0 0 0 0 0 0} {0 0 0 4 5 0 7 8 0 0} {0 0 0 0 0 6 0 0 9 0}}
226 {3 10} {{1 2 0 0 0 0 0 0 0 0} {0 0 0 4 5 0 7 8 0 0} {0 0 0 0 0 6 0 0 9 0}}
227 {3 10} {{1 2 0 0 0 0 0 0 0 0} {0 0 0 4 5 0 7 8 0 0} {0 0 0 0 0 6 0 0 9 0}}
228 {3 10} {{1 2 0 0 0 0 0 0 0 0} {0 0 0 4 5 0 7 8 0 0} {0 0 0 0 0 6 0 0 9 0}}
229 {3 10} {{1 2 0 0 0 0 0 0 0 0} {0 0 0 4 5 0 7 8 0 0} {0 0 0 0 0 6 0 0 9 0}}
230 {3 10} {{1 2 0 0 0 0 0 0 0 0} {0 0 0 4 5 0 7 8 0 0} {0 0 0 0 0 6 0 0 9 0}}
231 {3 10} {{1 2 0 0 0 0 0 0 0 0} {0 0 0 4 5 0 7 8 0 0} {0 0 0 0 0 6 0 0 9 0}}
232 {3 10} {{1 2 0 0 0 0 0 0 0 0} {0 0 0 4 5 0 7 8 0 0} {0 0 0 0 0 6 0 0 9 0}}
233 {3 10} {{1 2 0 0 0 0 0 0 0 0} {0 0 0 4 5 0 7 8 0 0} {0 0 0 0 0 6 0 0 9 0}}
234 {3 10} {{1 2 0 0 0 0 0 0 0 0} {0 0 0 4 5 0 7 8 0 0} {0 0 0 0 0 6 0 0 9 0}}
235 {3 10} {{1 2 0 0 0 0 0 0 0 0} {0 0 0 4 5 0 7 8 0 0} {0 0 0 0 0 6 0 0 9 0}}
236 {3 10} {{1 2 0 0 0 0 0 0 0 0} {0 0 0 4 5 0 7 8 0 0} {0 0 0 0 0 6 0 0 9 0}}
237 {3 10} {{1 2 0 0 0 0 0 0 0 0} {0 0 0 4 5 0 7 8 0 0} {0 0 0 0 0 6 0 0 9 0}}
238 {3 10} {{1 2 0 0 0 0 0 0 0 0} {0 0 0 4 5 0 7 8 0 0} {0 0 0 0 0 6 0 0 9 0}}
239 {3 10} {{1 2 0 0 0 0 0 0 0 0} {0 0 0 4 5 0 7 8 0 0} {0 0 0 0 0 6 0 0 9 0}}
240 {3 10} {{1 2 0 0 0 0 0 0 0 0} {0 0 0 4 5 0 7 8 0 0} {0 0 0 0 0 6 0 0 9 0}}
241 {3 10} {{1 2 0 0 0 0 0 0 0 0} {0 0 0 4 5 0 7 8 0 0} {0 0 0 0 0 6 0 0 9 0}}
242 {3 10} {{1 2 0 0 0 0 0 0 0 0} {0 0 0 4 5 0 7 8 0 0} {0 0 0 0 0 6 0 0 9 0}}
243 {3 10} {{1 2 0 0 0 0 0 0 0 0} {0 0 0 4 5 0 7 8 0 0} {0 0 0 0 0 6 0 0 9 0}}
244 {3 10} {{1 2 0 0 0 0 0 0 0 0} {0 0 0 4 5 0 7 8 0 0} {0 0 0 0 0 6 0 0 9 0}}
245 {3 10} {{1 2 0 0 0 0 0 0 0 0} {0 0 0 4 5 0 7 8 0 0} {0 0 0 0 0 6 0 0 9 0}}
246 {3 10} {{1 2 0 0 0 0 0 0 0 0} {0 0 0 4 5 0 7 8 0 0} {0 0 0 0 0 6 0 0 9 0}}
247 {3 10} {{1 2 0 0 0 0 0 0 0 0} {0 0 0 4 5 0 7 8 0 0} {0 0 0 0 0 6 0 0 9 0}}
248 {3 10} {{1 2 0 0 0 0 0 0 0 0} {0 0 0 4 5 0 7 8 0 0} {0 0 0 0 0 6 0 0 9 0}}
249 {3 10} {{1 2 0 0 0 0 0 0 0 0} {0 0 0 4 5 0 7 8 0 0} {0 0 0 0 0 6 0 0 9 0}}
250 {3 10} {{1 2 0 0 0 0 0 0 0 0} {0 0 0 4 5 0 7 8 0 0} {0 0 0 0 0 6 0 0 9 0}}
251 {3 10} {{1 2 0 0 0 0 0 0 0 0} {0 0 0 4 5 0 7 8 0 0} {0 0 0 0 0 6 0 0 9 0}}
252 {3 10} {{1 2 0 0 0 0 0 0 0 0} {0 0 0 4 5 0 7 8 0 0} {0 0 0 0 0 6 0 0 9 0}}
253 {3 10} {{1 2 0 0 0 0 0 0 0 0} {0 0 0 4 5 0 7 8 0 0} {0 0 0 0 0 6 0 0 9 0}}
254 {3 10} {{1 2 0 0 0 0 0 0 0 0} {0 0 0 4 5 0 7 8 0 0} {0 0 0 0 0 6 0 0 9 0}}
255 {3 10} {{1 2 0 0 0 0 0 0 0 0} {0 0 0 4 5 0 7 8 0 0} {0 0 0 0 0 6 0 0 9 0}}
256 {3 10} {{1 2 0 0 0 0 0 0 0 0} {0 0 0 4 5 0 7 8 0 0} {0 0 0 0 0 6 0 0 9 0}}
257 {3 10} {{1 2 0 0 0 0 0 0 0 0} {0 0 0 4 5 0 7 8 0 0} {0 0 0 0 0 6 0 0 9 0}}
258 {3 10} {{1 2 0 0 0 0 0 0 0 0} {0 0 0 4 5 0 7 8 0 0} {0 0 0 0 0 6 0 0 9 0}}
259 {3 10} {{1 2 0 0 0 0 0 0 0 0} {0 0 0 4 5 0 7 8 0 0} {0 0 0 0 0 6 0 0 9 0}}
260 {3 10} {{1 2 0 0 0 0 0 0 0 0} {0 0 0 4 5 0 7 8 0 0} {0 0 0 0 0 6 0 0 9 0}}
261 {3 10} {{1 2 0 0 0 0 0 0 0 0} {0 0 0 4 5 0 7 8 0 0} {0 0 0 0 0 6 0 0 9 0}}
262 {3 10} {{1 2 0 0 0 0 0 0 0 0} {0 0 0 4 5 0 7 8 0 0} {0 0 0 0 0 6 0 0 9 0}}
263 {3 10} {{1 2 0 0 0 0 0 0 0 0} {0 0 0 4 5 0 7 8 0 0} {0 0 0 0 0 6 0 0 9 0}}
264 {3 10} {{1 2 0 0 0 0 0 0 0 0} {0 0 0 4 5 0 7 8 0 0} {0 0 0 0 0 6 0 0 9 0}}
265 {3 10} {{1 2 0 0 0 0 0 0 0 0} {0 0 0 4 5 0 7 8 0 0} {0 0 0 0 0 6 0 0 9 0}}
266 {3 10} {{1 2 0 0 0 0 0 0 0 0} {0 0 0 4 5 0 7 8 0 0} {0 0 0 0 0 6 0 0 9 0}}
267 {3 10} {{1 2 0 0 0 0 0 0 0 0} {0 0 0 4 5 0 7 8 0 0} {0 0 0 0 0 6 0 0 9 0}}
268 {3 10} {{1 2 0 0 0 0 0 0 0 0} {0 0 0 4 5 0 7 8 0 0} {0 0 0 0 0 6 0 0 9 0}}
269 {3 10} {{1 2 0 0 0 0 0 0 0 0} {0 0 0 4 5 0 7 8 0 0} {0 0 0 0 0 6 0 0 9 0}}
270 {3 10} {{1 2 0 0 0 0 0 0 0 0} {0 0 0 4 5 0 7 8 0 0} {0 0 0 0 0 6 0 0 9 0}}
271 {3 10} {{1 2 0 0 0 0 0 0 0 0} {0 0 0 4 5 0 7 8 0 0} {0 0 0 0 0 6 0 0 9 0}}
272 {3 10} {{1 2 0 0 0 0 0 0 0 0} {0 0 0 4 5 0 7 8 0 0} {0 0 0 0 0 6 0 0 9 0}}
273 {3 10} {{1 2 0 0 0 0 0 0 0 0} {0 0 0 4 5 0 7 8 0 0} {0 0 0 0 0 6 0 0 9 0}}
274 {3 10} {{1 2 0 0 0 0 0 0 0 0} {0 0 0 4 5 0 7 8 0 0} {0 0 0 0 0 6 0 0 9 0}}
275 {3 10} {{1 2 0 0 0 0 0 0 0 0} {0 0 0 4 5 0 7 8 0 0} {0 0 0 0 0 6 0 0 9 0}}
276 {3 10} {{1 2 0 0 0 0 0 0 0 0} {0 0 0 4 5 0 7 8 0 0} {0 0 0 0 0 6 0 0 9 0}}
277 {3 10} {{1 2 0 0 0 0 0 0 0 0} {0 0 0 4 5 0 7 8 0 0} {0 0 0 0 0 6 0 0 9 0}}
278 {3 10} {{1 2 0 0 0 0 0 0 0 0} {0 0 0 4 5 0 7 8 0 0} {0 0 0 0 0 6 0 0 9 0}}
279 {3 10} {{1 2 0 0 0 0 0 0 0 0} {0 0 0 4 5 0 7 8 0 0} {0 0 0 0 0 6 0 0 9 0}}
280 {3 10} {{1 2 0 0 0 0 0 0 0 0} {0 0 0 4 5 0 7 8 0 0} {0 0 0 0 0 6 0 0 9 0}}
281 {3 10} {{1 2 0 0 0 0 0 0 0 0} {0 0 0 4 5 0 7 8 0 0} {0 0 0 0 0 6 0 0 9 0}}
282 {3 10} {{1 2 0 0 0 0 0 0 0 0} {0 0 0 4 5 0 7 8 0 0} {0 0 0 0 0 6 0 0 9 0}}
283 {3 10} {{1 2 0 0 0 0 0 0 0 0} {0 0 0 4 5 0 7 8 0 0} {0 0 0 0 0 6 0 0 9 0}}
284 {3 10} {{1 2 0 0 0 0 0 0 0 0} {0 0 0 4 5 0 7 8 0 0} {0 0 0 0 0 6 0 0 9 0}}
285 {3 10} {{1 2 0 0 0 0 0 0 0 0} {0 0 0 4 5 0 7 8 0 0} {0 0 0 0 0 6 0 0 9 0}}
286 {3 10} {{1 2 0 0 0 0 0 0 0 0} {0 0 0 4 5 0 7 8 0 0} {0 0 0 0 0 6 0 0 9 0}}
287 {3 10} {{1 2 0 0 0 0 0 0 0 0} {0 0 0 4 5 0 7 8 0 0} {0 0 0 0 0 6 0 0 9 0}}
288 {3 10} {{1 2 0 0 0 0 0 0 0 0} {0 0 0 4 5 0 7 8 0 0} {0 0 0 0 0 6 0 0 9 0}}
289 {3 10} {{1 2 0 0 0 0 0 0 0 0} {0 0 0 4 5 0 7 8 0 0} {0 0 0 0 0 6 0 0 9 0}}
290 {3 10} {{1 2 0 0 0 0 0 0 0 0} {0 0 0 4 5 0 7 8 0 0} {0 0 0 0 0 6 0 0 9 0}}
291 {3 10} {{1 2 0 0 0 0 0 0 0 0} {0 0 0 4 5 0 7 8 0 0} {0 0 0 0 0 6 0 0 9 0}}
292 {3 10} {{1 2 0 0 0 0 0 0 0 0} {0 0 0 4 5 0 7 8 0 0} {0 0 0 0 0 6 0 0 9 0}}
293 {3 10} {{1 2 0 0 0 0 0 0 0 0} {0 0 0 4 5 0 7 8 0 0} {0 0 0 0 0 6 0 0 9 0}}
294 {3 10} {{1 2 0 0 0 0 0 0 0 0} {0 0 0 4 5 0 7 8 0 0} {0 0 0 0 0 6 0 0 9 0}}
295 {3 10} {{1 2 0 0 0 0 0 0 0 0} {0 0 0 4 5 0 7 8 0 0} {0 0 0 0 0 6 0 0 9 0}}
296 {3 10} {{1 2 0 0 0 0 0 0 0 0} {0 0 0 4 5 0 7 8 0 0} {0 0 0 0 0 6 0 0 9 0}}
297 {3 10} {{1 2 0 0 0 0 0 0 0 0} {0 0 0 4 5 0 7 8 0 0} {0 0 0 0 0 6 0 0 9 0}}
298 {3 10} {{1 2 0 0 0 0 0 0 0 0} {0 0 0 4 5 0 7 8 0 0} {0 0 0 0 0 6 0 0 9 0}}
299 {3 10} {{1 2 0 0 0 0 0 0 0 0} {0 0 0 4 5 0 7 8 0 0} {0 0 0 0 0 6 0 0 9 0}}
300 {3 10} {{1 2 0 0 0 0 0 0 0 0} {0 0 0 4 5 0 7 8 0 0} {0 0 0 0 0 6 0 0 9 0}}
301 {3 10} {{1 2 0 0 0 0 0 0 0 0} {0 0 0 4 5 0 7 8 0 0} {0 0 0 0 0 6 0 0 9 0}}
302 {3 10} {{1 2 0 0 0 0 0 0 0 0} {0 0 0 4 5 0 7 8 0 0} {0 0 0 0 0 6 0 0 9 0}}
303 {3 10} {{1 2 0 0 0 0 0 0 0 0} {0 0 0 4 5 0 7 8 0 0} {0 0 0 0 0 6 0 0 9 0}}
304 {3 10} {{1 2 0 0 0 0 0 0 0 0} {0 0 0 4 5 0 7 8 0 0} {0 0 0 0 0 6 0 0 9 0}}
305 {3 10} {{1 2 0 0 0 0 0 0 0 0} {0 0 0 4 5 0 7 8 0 0} {0 0 0 0 0 6 0 0 9 0}}
306 {3 10} {{1 2 0 0 0 0 0 0 0 0} {0 0 0 4 5 0 7 8 0 0} {0 0 0 0 0 6 0 0 9 0}}
307 {3 10} {{1 2 0 0 0 0 0 0 0 0} {0 0 0 4 5 0 7 8 0 0} {0 0 0 0 0 6 0 0 9 0}}
308 {3 10} {{1 2 0 0 0 0 0 0 0 0} {0 0 0 4 5 0 7 8 0 0} {0 0 0 0 0 6 0 0 9 0}}
309 {3 10} {{1 2 0 0 0 0 0 0 0 0} {0 0 0 4 5 0 7 8 0 0} {0 0 0 0 0 6 0 0 9 0}}
310 {3 10} {{1 2 0 0 0 0 0 0 0 0} {0 0 0 4 5 0 7 8 0 0} {0 0 0 0 0 6 0 0 9 0}}
311 {3 10} {{1 2 0 0 0 0 0 0 0 0} {0 0 0 4 5 0 7 8 0 0} {0 0 0 0 0 6 0 0 9 0}}
312 {3 10} {{1 2 0 0 0 0 0 0 0 0} {0 0 0 4 5 0 7 8 0 0} {0 0 0 0 0 6 0 0 9 0}}
313 {3 10} {{1 2 0 0 0 0 0 0 0 0} {0 0 0 4 5 0 7 8 0 0} {0 0 0 0 0 6 0 0 9 0}}
314 {3 10} {{1 2 0 0 0 0 0 0 0 0} {0 0 0 4 5 0 7 8 0 0} {0 0 0 0 0 6 0 0 9 0}}
315 {3 10} {{1 2 0 0 0 0 0 0 0 0} {0 0 0 4 5 0 7 8 0 0} {0 0 0 0 0 6 0 0 9 0}}
316 {3 10} {{1 2 0 0 0 0 0 0 0 0} {0 0 0 4 5 0 7 8 0 0} {0 0 0 0 0 6 0 0 9 0}}
317 {3 10} {{1 2 0 0 0 0 0 0 0 0} {0 0 0 4 5 0 7 8 0 0} {0 0 0 0 0 6 0 0 9 0}}
318 {3 10} {{1 2 0 0 0 0 0 0 0 0} {0 0 0 4 5 0 7 8 0 0} {0 0 0 0 0 6 0 0 9 0}}
319 {3 10} {{1 2 0 0 0 0 0 0 0 0} {0 0 0 4 5 0 7 8 0 0} {0 0 0 0 0 6 0 0 9 0}}
320 {3 10} {{1 2 0 0 0 0 0 0 0 0} {0 0 0 4 5 0 7 8 0 0} {0 0 0 0 0 6 0 0 9 0}}
321 {3 10} {{1 2 0 0 0 0 0 0 0 0} {0 0 0 4 5 0 7 8 0 0} {0 0 0 0 0 6 0 0 9 0}}
322 {3 10} {{1 2 0 0 0 0 0 0 0 0} {0 0 0 4 5 0 7 8 0 0} {0 0 0 0 0 6 0 0 9 0}}
323 {3 10} {{1 2 0 0 0 0 0 0 0 0} {0 0 0 4 5 0 7 8 0 0} {0 0 0 0 0 6 0 0 9 0}}
324 {3 10} {{1 2 0 0 0 0 0 0 0 0} {0 0 0 4 5 0 7 8 0 0} {0 0 0 0 0 6 0 0 9 0}}
325 {3 10} {{1 2 0 0 0 0 0 0 0 0} {0 0 0 4 5 0 7 8 0 0} {0 0 0 0 0 6 0 0 9 0}}
326 {3 10} {{1 2 0 0 0 0 0 0 0 0} {0 0 0 4 5 0 7 8 0 0} {0 0 0 0 0 6 0 0 9 0}}
327 {3 10} {{1 2 0 0 0 0 0 0 0 0} {0 0 0 4 5 0 7 8 0 0} {0 0 0 0 0 6 0 0 9 0}}
328 {3 10} {{1 2 0 0 0 0 0 0 0 0} {0 0 0 4 5 0 7 8 0 0} {0 0 0 0 0 6 0 0 9 0}}
329 {3 10} {{1 2 0 0 0 0 0 0 0 0} {0 0 0 4 5 0 7 8 0 0} {0 0 0 0 0 6 0 0 9 0}}
330 {3 10} {{1 2 0 0 0 0 0 0 0 0} {0 0 0 4 5 0 7 8 0 0} {0 0 0 0 0 6 0 0 9 0}}
331 {3 10} {{1 2 0 0 0 0 0 0 0 0} {0 0 0 4 5 0 7 8 0 0} {0 0 0 0 0 6 0 0 9 0}}
332 {3 10} {{1 2 0 0 0 0 0 0 0 0} {0 0 0 4 5 0 7 8 0 0} {0 0 0 0 0 6 0 0 9 0}}
333 {3 10} {{1 2 0 0 0 0 0 0 0 0} {0 0 0 4 5 0 7 8 0 0} {0 0 0 0 0 6 0 0 9 0}}
334 {3 10} {{1 2 0 0 0 0 0 0 0 0} {0 0 0 4 5 0 7 8 0 0} {0 0 0 0 0 6 0 0 9 0}}
335 {3 10} {{1 2 0 0 0 0 0 0 0 0} {0 0 0 4 5 0 7 8 0 0} {0 0 0 0 0 6 0 0 9 0}}
336 {3 10} {{1 2 0 0 0 0 0 0 0 0} {0 0 0 4 5 0 7 8 0 0} {0 0 0 0 0 6 0 0 9 0}}
337 {3 10} {{1 2 0 0 0 0 0 0 0 0} {0 0 0 4 5 0 7 8 0 0} {0 0 0 0 0 6 0 0 9 0}}
338 {3 10} {{1 2 0 0 0 0 0 0 0 0} {0 0 0 4 5 0 7 8 0 0} {0 0 0 0 0 6 0 0 9 0}}
339 {3 10} {{1 2 0 0 0 0 0 0 0 0} {0 0 0 4 5 0 7 8 0 0} {0 0 0 0 0 6 0 0 9 0}}
340 {3 10} {{1 2 0 0 0 0 0 0 0 0} {0 0 0 4 5 0 7 8 0 0} {0 0 0 0 0 6 0 0 9 0}}
341 {3 10} {{1 2 0 0 0 0 0 0 0 0} {0 0 0 4 5 0 7 8 0 0} {0 0 0 0 0 6 0 0 9 0}}
342 {3 10} {{1 2 0 0 0 0 0 0 0 0} {0 0 0 4 5 0 7 8 0 0} {0 0 0 0 0 6 0 0 9 0}}
343 {3 10} {{1 2 0 0 0 0 0 0 0 0} {0 0 0 4 5 0 7 8 0 0} {0 0 0 0 0 6 0 0 9 0}}
344 {3 10} {{1 2 0 0 0 0 0 0 0 0} {0 0 0 4 5 0 7 8 0 0} {0 0 0 0 0 6 0 0 9 0}}
345 {3 10} {{1 2 0 0 0 0 0 0 0 0} {0 0 0 4 5 0 7 8 0 0} {0 0 0 0 0 6 0 0 9 0}}
346 {3 10} {{1 2 0 0 0 0 0 0 0 0} {0 0 0 4 5 0 7 8 0 0} {0 0 0 0 0 6 0 0 9 0}}
347 {3 10} {{1 2 0 0 0 0 0 0 0 0} {0 0 0 4 5 0 7 8 0 0} {0 0 0 0 0 6 0 0 9 0}}
348 {3 10} {{1 2 0 0 0 0 0 0 0 0} {0 0 0 4 5 0 7 8 0 0} {0 0 0 0 0 6 0 0 9 0}}
349 {3 10} {{1 2 0 0 0 0 0 0 0 0} {0 0 0 4 5 0 7 8 0 0} {0 0 0 0 0 6 0 0 9 0}}
350 {3 10} {{1 2 0 0 0 0 0 0 0 0} {0 0 0 4 5 0 7 8 0 0} {0 0 0 0 0 6 0 0 9 0}}
351 {3 10} {{1 2 0 0 0 0 0 0 0 0} {0 0 0 4 5 0 7 8 0 0} {0 0 0 0 0 6 0 0 9 0}}
352 {3 10} {{1 2 0 0 0 0 0 0 0 0} {0 0 0 4 5 0 7 8 0 0} {0 0 0 0 0 6 0 0 9 0}}
353 {3 10} {{1 2 0 0 0 0 0 0 0 0} {0 0 0 4 5 0 7 8 0 0} {0 0 0 0 0 6 0 0 9 0}}
354 {3 10} {{1 2 0 0 0 0 0 0 0 0} {0 0 0 4 5 0 7 8 0 0} {0 0 0 0 0 6 0 0 9 0}}
355 {3 10} {{1 2 0 0 0 0 0 0 0 0} {0 0 0 4 5 0 7 8 0 0} {0 0 0 0 0 6 0 0 9 0}}
356 {3 10} {{1 2 0 0 0 0 0 0 0 0} {0 0 0 4 5 0 7 8 0 0} {0 0 0 0 0 6 0 0 9 0}}
357 {3 10} {{1 2 0 0 0 0 0 0 0 0} {0 0 0 4 5 0 7 8 0 0} {0 0 0 0 0 6 0 0 9 0}}
358 {3 10} {{1 2 0 0 0 0 0 0 0 0} {0 0 0 4 5 0 7 8 0 0} {0 0 0 0 0 6 0 0 9 0}}
359 {3 10} {{1 2 0 0 0 0 0 0 0 0} {0 0 0 4 5 0 7 8 0 0} {0 0 0 0 0 6 0 0 9 0}}
360 {3 10} {{1 2 0 0 0 0 0 0 0 0} {0 0 0 4 5 0 7 8 0 0} {0 0 0 0 0 6 0 0 9 0}}
361 {3 10} {{1 2 0 0 0 0 0 0 0 0} {0 0 0 4 5 0 7 8 0 0} {0 0 0 0 0 6 0 0 9 0}}
362 {3 10} {{1 2 0 0 0 0 0 0 0 0} {0 0 0 4 5 0 7 8 0 0} {0 0 0 0 0 6 0 0 9 0}}
363 {3 10} {{1 2 0 0 0 0 0 0 0 0} {0 0 0 4 5 0 7 8 0 0} {0 0 0 0 0 6 0 0 9 0}}
364 {3 10} {{1 2 0 0 0 0 0 0 0 0} {0 0 0 4 5 0 7 8 0 0} {0 0 0 0 0 6 0 0 9 0}}
365 {3 10} {{1 2 0 0 0 0 0 0 0 0} {0 0 0 4 5 0 7 8 0 0} {0 0 0 0 0 6 0 0 9 0}}
366 {3 10} {{1 2 0 0 0 0 0 0 0 0} {0 0 0 4 5 0 7 8 0 0} {0 0 0 0 0 6 0 0 9 0}}
367 {3 10} {{1 2 0 0 0 0 0 0 0 0} {0 0 0 4 5 0 7 8 0 0} {0 0 0 0 0 6 0 0 9 0}}
368 {3 10} {{1 2 0 0 0 0 0 0 0 0} {0 0 0 4 5 0 7 8 0 0} {0 0 0 0 0 6 0 0 9 0}}
369 {3 10} {{1 2 0 0 0 0 0 0 0 0} {0 0 0 4 5 0 7 8 0 0} {0 0 0 0 0 6 0 0 9 0}}
370 {3 10} {{1 2 0 0 0 0 0 0 0 0} {0 0 0 4 5 0 7 8 0 0} {0 0 0 0 0 6 0 0 9 0}}
371 {3 10} {{1 2 0 0 0 0 0 0 0 0} {0 0 0 4 5 0 7 8 0 0} {0 0 0 0 0 6 0 0 9 0}}
372 {3 10} {{1 2 0 0 0 0 0 0 0 0} {0 0 0 4 5 0 7 8 0 0} {0 0 0 0 0 6 0 0 9 0}}
373 {3 10} {{1 2 0 0 0 0 0 0 0 0} {0 0 0 4 5 0 7 8 0 0} {0 0 0 0 0 6 0 0 9 0}}
374 {3 10} {{1 2 0 0 0 0 0 0 0 0} {0 0 0 4 5 0 7 8 0 0} {0 0 0 0 0 6 0 0 9 0}}
375 {3 10} {{1 2 0 0 0 0 0 0 0 0} {0 0 0 4 5 0 7 8 0 0} {0 0 0 0 0 6 0 0 9 0}}
376 {3 10} {{1 2 0 0 0 0 0 0 0 0} {0 0 0 4 5 0 7 8 0 0} {0 0 0 0 0 6 0 0 9 0}}
377 {3 10} {{1 2 0 0 0 0 0 0 0 0} {0 0 0 4 5 0 7 8 0 0} {0 0 0 0 0 6 0 0 9 0}}
378 {3 10} {{1 2 0 0 0 0 0 0 0 0} {0 0 0 4 5 0 7 8 0 0} {0 0 0 0 0 6 0 0 9 0}}
379 {3 10} {{1 2 0 0 0 0 0 0 0 0} {0 0 0 4 5 0 7 8 0 0} {0 0 0 0 0 6 0 0 9 0}}
380 {3 10} {{1 2 0 0 0 0 0 0 0 0} {0 0 0 4 5 0 7 8 0 0} {0 0 0 0 0 6 0 0 9 0}}
381 {3 10} {{1 2 0 0 0 0 0 0 0 0} {0 0 0 4 5 0 7 8 0 0} {0 0 0 0 0 6 0 0 9 0}}
382 {3 10} {{1 2 0 0 0 0 0 0 0 0} {0 0 0 4 5 0 7 8 0 0} {0 0 0 0 0 6 0 0 9 0}}
383 {3 10} {{1 2 0 0 0 0 0 0 0 0} {0 0 0 4 5 0 7 8 0 0} {0 0 0 0 0 6 0 0 9 0}}
384 {3 10} {{1 2 0 0 0 0 0 0 0 0} {0 0 0 4 5 0 7 8 0 0} {0 0 0 0 0 6 0 0 9 0}}
385 {3 10} {{1 2 0 0 0 0 0 0 0 0} {0 0 0 4 5 0 7 8 0 0} {0 0 0 0 0 6 0 0 9 0}}
386 {3 10} {{1 2 0 0 0 0 0 0 0 0} {0 0 0 4 5 0 7 8 0 0} {0 0 0 0 0 6 0 0 9 0}}
387 {3 10} {{1 2 0 0 0 0 0 0 0 0} {0 0 0 4 5 0 7 8 0 0} {0 0 0 0 0 6 0 0 9 0}}
388 {3 10} {{1 2 0 0 0 0 0 0 0 0} {0 0 0 4 5 0 7 8 0 0} {0 0 0 0 0 6 0 0 9 0}}
389 {3 10} {{1 2 0 0 0 0 0 0 0 0} {0 0 0 4 5 0 7 8 0 0} {0 0 0 0 0 6 0 0 9 0}}
390 {3 10} {{1 2 0 0 0 0 0 0 0 0} {0 0 0 4 5 0 7 8 0 0} {0 0 0 0 0 6 0 0 9 0}}
391 {3 10} {{1 2 0 0 0 0 0 0 0 0} {0 0 0 4 5 0 7 8 0 0} {0 0 0 0 0 6 0 0 9 0}}
392 {3 10} {{1 2 0 0 0 0 0 0 0 0} {0 0 0 4 5 0 7 8 0 0} {0 0 0 0 0 6 0 0 9 0}}
393 {3 10} {{1 2 0 0 0 0 0 0 0 0} {0 0 0 4 5 0 7 8 0 0} {0 0 0 0 0 6 0 0 9 0}}
394 {3 10} {{1 2 0 0 0 0 0 0 0 0} {0 0 0 4 5 0 7 8 0 0} {0 0 0 0 0 6 0 0 9 0}}
395 {3 10} {{1 2 0 0 0 0 0 0 0 0} {0 0 0 4 5 0 7 8 0 0} {0 0 0 0 0 6 0 0 9 0}}
396 {3 10} {{1 2 0 0 0 0 0 0 0 0} {0 0 0 4 5 0 7 8 0 0} {0 0 0 0 0 6 0 0 9 0}}
397 {3 10} {{1 2 0 0 0 0 0 0 0 0} {0 0 0 4 5 0 7 8 0 0} {0 0 0 0 0 6 0 0 9 0}}
398 {3 10} {{1 2 0 0 0 0 0 0 0 0} {0 0 0 4 5 0 7 8 0 0} {0 0 0 0 0 6 0 0 9 0}}
399 {3 10} {{1 2 0 0 0 0 0 0 0 0} {0 0 0 4 5 0 7 8 0 0} {0 0 0 0 0 6 0 0 9 0}}
400 {3 10} {{1 2 0 0 0 0 0 0 0 0} {0 0 0 4 5 0 7 8 0 0} {0 0 0 0 0 6 0 0 9 0}}
401 {3 10} {{1 2 0 0 0 0 0 0 0 0} {0 0 0 4 5 0 7 8 0 0} {0 0 0 0 0 6 0 0 9 0}}
402 {3 10} {{1 2 0 0 0 0 0 0 0 0} {0 0 0 4 5 0 7 8 0 0} {0 0 0 0 0 6 0 0 9 0}}
403 {3 10} {{1 2 0 0 0 0 0 0 0 0} {0 0 0 4 5 0 7 8 0 0} {0 0 0 0 0 6 0 0 9 0}}
404 {3 10} {{1 2 0 0 0 0 0 0 0 0} {0 0 0 4 5 0 7 8 0 0} {0 0 0 0 0 6 0 0 9 0}}
405 {3 10} {{1 2 0 0 0 0 0 0 0 0} {0 0 0 4 5 0 7 8 0 0} {0 0 0 0 0 6 0 0 9 0}}
406 {3 10} {{1 2 0 0 0 0 0 0 0 0} {0 0 0 4 5 0 7 8 0 0} {0 0 0 0 0 6 0 0 9 0}}
407 {3 10} {{1 2 0 0 0 0 0 0 0 0} {0 0 0 4 5 0 7 8 0 0} {0 0 0 0 0 6 0 0 9 0}}
408 {3 10} {{1 2 0 0 0 0 0 0 0 0} {0 0 0 4 5 0 7 8 0 0} {0 0 0 0 0 6 0 0 9 0}}
409 {3 10} {{1 2 0 0 0 0 0 0 0 0} {0 0 0 4 5 0 7 8 0 0} {0 0 0 0 0 6 0 0 9 0}}
410 {3 10} {{1 2 0 0 0 0 0 0 0 0} {0 0 0 4 5 0 7 8 0 0} {0 0 0 0 0 6 0 0 9 0}}
411 {3 10} {{1 2 0 0 0 0 0 0 0 0} {0 0 0 4 5 0 7 8 0 0} {0 0 0 0 0 6 0 0 9 0}}
412 {3 10} {{1 2 0 0 0 0 0 0 0 0} {0 0 0 4 5 0 7 8 0 0} {0 0 0 0 0 6 0 0 9 0}}
413 {3 10} {{1 2 0 0 0 0 0 0 0 0} {0 0 0 4 5 0 7 8 0 0} {0 0 0 0 0 6 0 0 9 0}}
414 {3 10} {{1 2 0 0 0 0 0 0 0 0} {0 0 0 4 5 0 7 8 0 0} {0 0 0 0 0 6 0 0 9 0}}
415 {3 10} {{1 2 0 0 0 0 0 0 0 0} {0 0 0 4 5 0 7 8 0 0} {0 0 0 0 0 6 0 0 9 0}}
416 {3 10} {{1 2 0 0 0 0 0 0 0 0} {0 0 0 4 5 0 7 8 0 0} {0 0 0 0 0 6 0 0 9 0}}
417 {3 10} {{1 2 0 0 0 0 0 0 0 0} {0 0 0 4 5 0 7 8 0 0} {0 0 0 0 0 6 0 0 9 0}}
418 {3 10} {{1 2 0 0 0 0 0 0 0 0} {0 0 0 4 5 0 7 8 0 0} {0 0 0 0 0 6 0 0 9 0}}
419 {3 10} {{1 2 0 0 0 0 0 0 0 0} {0 0 0 4 5 0 7 8 0 0} {0 0 0 0 0 6 0 0 9 0}}
420 {3 10} {{1 2 0 0 0 0 0 0 0 0} {0 0 0 4 5 0 7 8 0 0} {0 0 0 0 0 6 0 0 9 0}}
421 {3 10} {{1 2 0 0 0 0 0 0 0 0} {0 0 0 4 5 0 7 8 0 0} {0 0 0 0 0 6 0 0 9 0}}
422 {3 10} {{1 2 0 0 0 0 0 0 0 0} {0 0 0 4 5 0 7 8 0 0} {0 0 0 0 0 6 0 0 9 0}}
423 {3 10} {{1 2 0 0 0 0 0 0 0 0} {0 0 0 4 5 0 7 8 0 0} {0 0 0 0 0 6 0 0 9 0}}
424 {3 10} {{1 2 0 0 0 0 0 0 0 0} {0 0 0 4 5 0 7 8 0 0} {0 0 0 0 0 6 0 0 9 0}}
425 {3 10} {{1 2 0 0 0 0 0 0 0 0} {0 0 0 4 5 0 7 8 0 0} {0 0 0 0 0 6 0 0 9 0}}
426 {3 10} {{1 2 0 0 0 0 0 0 0 0} {0 0 0 4 5 0 7 8 0 0} {0 0 0 0 0 6 0 0 9 0}}
427 {3 10} {{1 2 0 0 0 0 0 0 0 0} {0 0 0 4 5 0 7 8 0 0} {0 0 0 0 0 6 0 0 9 0}}
428 {3 10} {{1 2 0 0 0 0 0 0 0 0} {0 0 0 4 5 0 7 8 0 0} {0 0 0 0 0 6 0 0 9 0}}
429 {3 10} {{1 2 0 0 0 0 0 0 0 0} {0 0 0 4 5 0 7 8 0 0} {0 0 0 0 0 6 0 0 9 0}}
430 {3 10} {{1 2 0 0 0 0 0 0 0 0} {0 0 0 4 5 0 7 8 0 0} {0 0 0 0 0 6 0 0 9 0}}
431 {3 10} {{1 2 0 0 0 0 0 0 0 0} {0 0 0 4 5 0 7 8 0 0} {0 0 0 0 0 6 0 0 9 0}}
432 {3 10} {{1 2 0 0 0 0 0 0 0 0} {0 0 0 4 5 0 7 8 0 0} {0 0 0 0 0 6 0 0 9 0}}
433 {3 10} {{1 2 0 0 0 0 0 0 0 0} {0 0 0 4 5 0 7 8 0 0} {0 0 0 0 0 6 0 0 9 0}}
434 {3 10} {{1 2 0 0 0 0 0 0 0 0} {0 0 0 4 5 0 7 8 0 0} {0 0 0 0 0 6 0 0 9 0}}
435 {3 10} {{1 2 0 0 0 0 0 0 0 0} {0 0 0 4 5 0 7 8 0 0} {0 0 0 0 0 6 0 0 9 0}}
436 {3 10} {{1 2 0 0 0 0 0 0 0 0} {0 0 0 4 5 0 7 8 0 0} {0 0 0 0 0 6 0 0 9 0}}
437 {3 10} {{1 2 0 0 0 0 0 0 0 0} {0 0 0 4 5 0 7 8 0 0} {0 0 0 0 0 6 0 0 9 0}}
438 {3 10} {{1 2 0 0 0 0 0 0 0 0} {0 0 0 4 5 0 7 8 0 0} {0 0 0 0 0 6 0 0 9 0}}
439 {3 10} {{1 2 0 0 0 0 0 0 0 0} {0 0 0 4 5 0 7 8 0 0} {0 0 0 0 0 6 0 0 9 0}}
440 {3 10} {{1 2 0 0 0 0 0 0 0 0} {0 0 0 4 5 0 7 8 0 0} {0 0 0 0 0 6 0 0 9 0}}
441 {3 10} {{1 2 0 0 0 0 0 0 0 0} {0 0 0 4 5 0 7 8 0 0} {0 0 0 0 0 6 0 0 9 0}}
442 {3 10} {{1 2 0 0 0 0 0 0 0 0} {0 0 0 4 5 0 7 8 0 0} {0 0 0 0 0 6 0 0 9 0}}
443 {3 10} {{1 2 0 0 0 0 0 0 0 0} {0 0 0 4 5 0 7 8 0 0} {0 0 0 0 0 6 0 0 9 0}}
444 {3 10} {{1 2 0 0 0 0 0 0 0 0} {0 0 0 4 5 0 7 8 0 0} {0 0 0 0 0 6 0 0 9 0}}
445 {3 10} {{1 2 0 0 0 0 0 0 0 0} {0 0 0 4 5 0 7 8 0 0} {0 0 0 0 0 6 0 0 9 0}}
446 {3 10} {{1 2 0 0 0 0 0 0 0 0} {0 0 0 4 5 0 7 8 0 0} {0 0 0 0 0 6 0 0 9 0}}
447 {3 10} {{1 2 0 0 0 0 0 0 0 0} {0 0 0 4 5 0 7 8 0 0} {0 0 0 0 0 6 0 0 9 0}}
448 {3 10} {{1 2 0 0 0 0 0 0 0 0} {0 0 0 4 5 0 7 8 0 0} {0 0 0 0 0 6 0 0 9 0}}
449 {3 10} {{1 2 0 0 0 0 0 0 0 0} {0 0 0 4 5 0 7 8 0 0} {0 0 0 0 0 6 0 0 9 0}}
450 {3 10} {{1 2 0 0 0 0 0 0 0 0} {0 0 0 4 5 0 7 8 0 0} {0 0 0 0 0 6 0 0 9 0}}
451 {3 10} {{1 2 0 0 0 0 0 0 0 0} {0 0 0 4 5 0 7 8 0 0} {0 0 0 0 0 6 0 0 9 0}}
452 {3 10} {{1 2 0 0 0 0 0 0 0 0} {0 0 0 4 5 0 7 8 0 0} {0 0 0 0 0 6 0 0 9 0}}
453 {3 10} {{1 2 0 0 0 0 0 0 0 0} {0 0 0 4 5 0 7 8 0 0} {0 0 0 0 0 6 0 0 9 0}}
454 {3 10} {{1 2 0 0 0 0 0 0 0 0} {0 0 0 4 5 0 7 8 0 0} {0 0 0 0 0 6 0 0 9 0}}
455 {3 10} {{1 2 0 0 0 0 0 0 0 0} {0 0 0 4 5 0 7 8 0 0} {0 0 0 0 0 6 0 0 9 0}}
456 {3 10} {{1 2 0 0 0 0 0 0 0 0} {0 0 0 4 5 0 7 8 0 0} {0 0 0 0 0 6 0 0 9 0}}
457 {3 10} {{1 2 0 0 0 0 0 0 0 0} {0 0 0 4 5 0 7 8 0 0} {0 0 0 0 0 6 0 0 9 0}}
458 {3 10} {{1 2 0 0 0 0 0 0 0 0} {0 0 0 4 5 0 7 8 0 0} {0 0 0 0 0 6 0 0 9 0}}
459 {3 10} {{1 2 0 0 0 0 0 0 0 0} {0 0 0 4 5 0 7 8 0 0} {0 0 0 0 0 6 0 0 9 0}}
460 {3 10} {{1 2 0 0 0 0 0 0 0 0} {0 0 0 4 5 0 7 8 0 0} {0 0 0 0 0 6 0 0 9 0}}
461 {3 10} {{1 2 0 0 0 0 0 0 0 0} {0 0 0 4 5 0 7 8 0 0} {0 0 0 0 0 6 0 0 9 0}}
462 {3 10} {{1 2 0 0 0 0 0 0 0 0} {0 0 0 4 5 0 7 8 0 0} {0 0 0 0 0 6 0 0 9 0}}
463 {3 10} {{1 2 0 0 0 0 0 0 0 0} {0 0 0 4 5 0 7 8 0 0} {0 0 0 0 0 6 0 0 9 0}}
464 {3 10} {{1 2 0 0 0 0 0 0 0 0} {0 0 0 4 5 0 7 8 0 0} {0 0 0 0 0 6 0 0 9 0}}
465 {3 10} {{1 2 0 0 0 0 0 0 0 0} {0 0 0 4 5 0 7 8 0 0} {0 0 0 0 0 6 0 0 9 0}}
466 {3 10} {{1 2 0 0 0 0 0 0 0 0} {0 0 0 4 5 0 7 8 0 0} {0 0 0 0 0 6 0 0 9 0}}
467 {3 10} {{1 2 0 0 0 0 0 0 0 0} {0 0 0 4 5 0 7 8 0 0} {0 0 0 0 0 6 0 0 9 0}}
468 {3 10} {{1 2 0 0 0 0 0 0 0 0} {0 0 0 4 5 0 7 8 0 0} {0 0 0 0 0 6 0 0 9 0}}
469 {3 10} {{1 2 0 0 0 0 0 0 0 0} {0 0 0 4 5 0 7 8 0 0} {0 0 0 0 0 6 0 0 9 0}}
470 {3 10} {{1 2 0 0 0 0 0 0 0 0} {0 0 0 4 5 0 7 8 0 0} {0 0 0 0 0 6 0 0 9 0}}
471 {3 10} {{1 2 0 0 0 0 0 0 0 0} {0 0 0 4 5 0 7 8 0 0} {0 0 0 0 0 6 0 0 9 0}}
472 {3 10} {{1 2 0 0 0 0 0 0 0 0} {0 0 0 4 5 0 7 8 0 0} {0 0 0 0 0 6 0 0 9 0}}
473 {3 10} {{1 2 0 0 0 0 0 0 0 0} {0 0 0 4 5 0 7 8 0 0} {0 0 0 0 0 6 0 0 9 0}}
474 {3 10} {{1 2 0 0 0 0 0 0 0 0} {0 0 0 4 5 0 7 8 0 0} {0 0 0 0 0 6 0 0 9 0}}
475 {3 10} {{1 2 0 0 0 0 0 0 0 0} {0 0 0 4 5 0 7 8 0 0} {0 0 0 0 0 6 0 0 9 0}}
476 {3 10} {{1 2 0 0 0 0 0 0 0 0} {0 0 0 4 5 0 7 8 0 0} {0 0 0 0 0 6 0 0 9 0}}
477 {3 10} {{1 2 0 0 0 0 0 0 0 0} {0 0 0 4 5 0 7 8 0 0} {0 0 0 0 0 6 0 0 9 0}}
478 {3 10} {{1 2 0 0 0 0 0 0 0 0} {0 0 0 4 5 0 7 8 0 0} {0 0 0 0 0 6 0 0 9 0}}
479 {3 10} {{1 2 0 0 0 0 0 0 0 0} {0 0 0 4 5 0 7 8 0 0} {0 0 0 0 0 6 0 0 9 0}}
480 {3 10} {{1 2 0 0 0 0 0 0 0 0} {0 0 0 4 5 0 7 8 0 0} {0 0 0 0 0 6 0 0 9 0}}
481 {3 10} {{1 2 0 0 0 0 0 0 0 0} {0 0 0 4 5 0 7 8 0 0} {0 0 0 0 0 6 0 0 9 0}}
482 {3 10} {{1 2 0 0 0 0 0 0 0 0} {0 0 0 4 5 0 7 8 0 0} {0 0 0 0 0 6 0 0 9 0}}
483 {3 10} {{1 2 0 0 0 0 0 0 0 0} {0 0 0 4 5 0 7 8 0 0} {0 0 0 0 0 6 0 0 9 0}}
484 {3 10} {{1 2 0 0 0 0 0 0 0 0} {0 0 0 4 5 0 7 8 0 0} {0 0 0 0 0 6 0 0 9 0}}
485 {3 10} {{1 2 0 0 0 0 0 0 0 0} {0 0 0 4 5 0 7 8 0 0} {0 0 0 0 0 6 0 0 9 0}}
486 {3 10} {{1 2 0 0 0 0 0 0 0 0} {0 0 0 4 5 0 7 8 0 0} {0 0 0 0 0 6 0 0 9 0}}
487 {3 10} {{1 2 0 0 0 0 0 0 0 0} {0 0 0 4 5 0 7 8 0 0} {0 0 0 0 0 6 0 0 9 0}}
488 {3 10} {{1 2 0 0 0 0 0 0 0 0} {0 0 0 4 5 0 7 8 0 0} {0 0 0 0 0 6 0 0 9 0}}
489 {3 10} {{1 2 0 0 0 0 0 0 0 0} {0 0 0 4 5 0 7 8 0 0} {0 0 0 0 0 6 0 0 9 0}}
490 {3 10} {{1 2 0 0 0 0 0 0 0 0} {0 0 0 4 5 0 7 8 0 0} {0 0 0 0 0 6 0 0 9 0}}
491 {3 10} {{1 2 0 0 0 0 0 0 0 0} {0 0 0 4 5 0 7 8 0 0} {0 0 0 0 0 6 0 0 9 0}}
492 {3 10} {{1 2 0 0 0 0 0 0 0 0} {0 0 0 4 5 0 7 8 0 0} {0 0 0 0 0 6 0 0 9 0}}
493 {3 10} {{1 2 0 0 0 0 0 0 0 0} {0 0 0 4 5 0 7 8 0 0} {0 0 0 0 0 6 0 0 9 0}}
494 {3 10} {{1 2 0 0 0 0 0 0 0 0} {0 0 0 4 5 0 7 8 0 0} {0 0 0 0 0 6 0 0 9 0}}
495 {3 10} {{1 2 0 0 0 0 0 0 0 0} {0 0 0 4 5 0 7 8 0 0} {0 0 0 0 0 6 0 0 9 0}}
496 {3 10} {{1 2 0 0 0 0 0 0 0 0} {0 0 0 4 5 0 7 8 0 0} {0 0 0 0 0 6 0 0 9 0}}
497 {3 10} {{1 2 0 0 0 0 0 0 0 0} {0 0 0 4 5 0 7 8 0 0} {0 0 0 0 0 6 0 0 9 0}}
498 {3 10} {{1 2 0 0 0 0 0 0 0 0} {0 0 0 4 5 0 7 8 0 0} {0 0 0 0 0 6 0 0 9 0}}
499 {3 10} {{1 2 0 0 0 0 0 0 0 0} {0 0 0 4 5 0 7 8 0 0} {0 0 0 0 0 6 0 0 9 0}}
500 {3 10} {{1 2 0 0 0 0 0 0 0 0} {0 0 0 4 5 0 7 8 0 0} {0 0 0 0 0 6 0 0 9 0}}
501 {3 10} {{1 2 0 0 0 0 0 0 0 0} {0 0 0 4 5 0 7 8 0 0} {0 0 0 0 0 6 0 0 9 0}}
