# Selection:resname AU W ION Restricted:name AUC AUL AUSL Radius:2.64 Start:0 End:-1
0 280.85894775390625
1 282.5820007324219
2 164.5523223876953
3 86.1530532836914
4 155.50621032714844
5 197.72125244140625
6 143.0140380859375
7 167.99844360351563
8 236.92086791992188
9 69.78396606445313
10 100.799072265625
11 156.79855346679688
12 147.32171630859375
13 177.90602111816406
14 175.3214569091797
15 90.89146423339844
16 159.38311767578125
17 87.01457214355469
18 139.5679168701172
19 117.5988998413086
20 126.64497375488281
21 177.9060516357422
22 111.99897003173828
23 99.93753051757813
24 68.0609130859375
25 120.61427307128906
26 80.1223373413086
27 103.38365173339844
28 98.64523315429688
29 118.02967071533203
30 115.87583923339844
31 130.09109497070313
32 133.53721618652344
33 101.22982788085938
34 125.78345489501953
35 131.38339233398438
36 192.55206298828125
37 111.99897003173828
38 136.55258178710938
39 132.24493408203125
40 154.64474487304688
41 169.7214813232422
42 141.291015625
43 77.5377426147461
44 68.4916763305664
45 157.6600799560547
46 133.10646057128906
47 160.2446746826172
48 114.58354949951172
49 130.0911102294922
50 86.58380889892578
51 61.16865539550781
52 141.7217559814453
53 160.2446746826172
54 182.2136993408203
55 161.53695678710938
56 205.90579223632813
57 147.32171630859375
58 183.93675231933594
59 85.72228240966797
60 116.30660247802734
61 101.66059875488281
62 146.0294189453125
63 140.86024475097656
64 231.32089233398438
65 100.79905700683594
66 102.09135437011719
67 111.1374282836914
68 87.87611389160156
69 86.58381652832031
70 80.12232971191406
71 124.49114227294922
72 143.44482421875
73 74.9531478881836
74 86.58380126953125
75 131.38340759277344
76 80.5531005859375
77 83.1376953125
78 71.07626342773438
79 78.83003997802734
80 146.02940368652344
81 214.5210723876953
82 175.75222778320313
83 161.96774291992188
84 162.82925415039063
85 248.1208038330078
86 119.75273132324219
87 121.47578430175781
88 179.1983184814453
89 178.76756286621094
90 136.5525665283203
91 138.27565002441406
92 125.78343963623047
93 50.39952850341797
94 155.5062713623047
95 127.9372787475586
96 127.93727111816406
97 75.38391876220703
98 179.1983642578125
99 82.70691680908203
100 103.38365936279297
101 86.58380889892578
102 177.90603637695313
103 111.1374282836914
104 111.13742065429688
105 175.75221252441406
106 155.93701171875
107 167.5676727294922
108 97.35295104980469
109 141.29100036621094
110 143.87559509277344
111 147.32168579101563
112 164.98306274414063
113 142.1525421142578
114 133.96798706054688
115 105.96824645996094
116 200.3058319091797
117 177.04449462890625
118 99.93753814697266
119 120.1834945678711
120 176.18296813964844
121 100.36830139160156
122 179.6291046142578
123 143.87557983398438
124 136.55258178710938
125 122.7680892944336
126 100.799072265625
127 71.50702667236328
128 233.0439910888672
129 229.16709899902344
130 168.85995483398438
131 122.33732604980469
132 152.0601043701172
133 108.12206268310547
134 98.21448516845703
135 144.7371063232422
136 80.1223373413086
137 90.0299301147461
138 124.49114990234375
139 122.33732604980469
140 151.6293487548828
141 99.93753814697266
142 127.5064926147461
143 79.69156646728516
144 101.66058349609375
145 87.87611389160156
146 122.33731079101563
147 118.89120483398438
148 178.33682250976563
149 115.0143051147461
150 194.70587158203125
151 202.4596405029297
152 174.4599151611328
153 194.27513122558594
154 158.95240783691406
155 135.26026916503906
156 143.87559509277344
157 140.86024475097656
158 184.3675079345703
159 98.21446990966797
160 211.07493591308594
161 93.90681457519531
162 227.87478637695313
163 197.7212371826172
164 118.89118957519531
165 67.63014221191406
166 96.0606460571289
167 138.7063751220703
168 121.90655517578125
169 121.47579193115234
170 186.5213623046875
171 232.6132354736328
172 158.5216064453125
173 163.260009765625
174 179.19833374023438
175 158.0908203125
176 205.4750213623047
177 119.75273132324219
178 96.49140930175781
179 135.69105529785156
180 108.98360443115234
181 153.783203125
182 97.78370666503906
183 71.50702667236328
184 102.95288848876953
185 106.39900207519531
186 205.4750213623047
187 85.72227478027344
188 194.70590209960938
189 83.56844329833984
190 92.6145248413086
191 137.84487915039063
192 184.79827880859375
193 210.64418029785156
194 181.3521728515625
195 179.1983184814453
196 110.27589416503906
197 87.44532775878906
198 97.78370666503906
199 72.79932403564453
200 101.66059875488281
201 97.78370666503906
202 144.73712158203125
203 55.99948501586914
204 205.0442352294922
205 114.58354187011719
206 167.99842834472656
207 202.0288848876953
208 127.9372787475586
209 88.30687713623047
210 121.90655517578125
211 38.76887130737305
212 127.9372787475586
213 197.2904815673828
214 191.69053649902344
215 205.90576171875
216 96.49140930175781
217 158.95236206054688
218 77.53773498535156
219 126.2142105102539
220 104.24518585205078
221 47.38417434692383
222 68.49166107177734
223 134.8295135498047
224 132.2449188232422
225 132.24493408203125
226 220.9826202392578
227 236.059326171875
228 162.82923889160156
229 89.59917449951172
230 87.4453353881836
231 43.938053131103516
232 114.58354949951172
233 82.70692443847656
234 144.3063507080078
235 155.50624084472656
236 150.76783752441406
237 199.87509155273438
238 104.24518585205078
239 108.55282592773438
240 169.72152709960938
241 118.46043395996094
242 174.4599151611328
243 115.44508361816406
244 143.44480895996094
245 138.27565002441406
246 133.5372314453125
247 81.84540557861328
248 161.9677276611328
249 139.99871826171875
250 58.58407211303711
251 38.76887512207031
252 49.538002014160156
253 93.0452880859375
254 81.41461944580078
255 95.19911193847656
256 104.24519348144531
257 104.67596435546875
258 71.93778991699219
259 120.18350219726563
260 49.53799819946289
261 52.98412322998047
262 86.58380889892578
263 75.81468963623047
264 104.67594909667969
265 42.214988708496094
266 61.168670654296875
267 112.86048889160156
268 180.05982971191406
269 131.38339233398438
270 53.41489028930664
271 179.1983184814453
272 135.26028442382813
273 158.0908203125
274 77.968505859375
275 116.30660247802734
276 80.5531005859375
277 143.01405334472656
278 106.82976531982422
279 98.21446228027344
280 56.43024444580078
281 61.168663024902344
282 152.0601348876953
283 105.10670471191406
284 195.1366424560547
285 185.22906494140625
286 217.96719360351563
287 147.75245666503906
288 74.95315551757813
289 113.29125213623047
290 128.3680419921875
291 159.38316345214844
292 86.1530532836914
293 161.106201171875
294 118.02965545654297
295 62.46096420288086
296 110.7066650390625
297 132.67567443847656
298 95.19911193847656
299 93.90682983398438
300 105.96825408935547
301 115.87583923339844
302 195.56739807128906
303 99.93753814697266
304 164.9830780029297
305 95.19911193847656
306 83.99922180175781
307 55.99948501586914
308 186.52133178710938
309 146.0294189453125
310 132.6757049560547
311 146.0294189453125
312 58.58407211303711
313 35.32274627685547
314 80.98385620117188
315 106.39901733398438
316 97.35293579101563
317 141.72174072265625
318 129.66033935546875
319 80.55310821533203
320 165.8446044921875
321 95.1991195678711
322 153.35244750976563
323 185.6597900390625
324 187.38287353515625
325 125.35267639160156
326 88.73764038085938
327 152.0601348876953
328 195.99818420410156
329 165.84463500976563
330 133.9679718017578
331 182.64442443847656
332 36.18427658081055
333 141.29100036621094
334 149.04476928710938
335 127.07573699951172
336 149.04478454589844
337 145.59864807128906
338 175.75222778320313
339 95.19911193847656
340 65.9070816040039
341 88.7376480102539
342 154.2139434814453
343 96.49141693115234
344 107.26054382324219
345 174.4599151611328
346 66.33784484863281
347 68.49166870117188
348 121.47578430175781
349 80.12232971191406
350 135.6910400390625
351 33.168922424316406
352 115.44507598876953
353 80.98385620117188
354 101.66059875488281
355 176.18295288085938
356 143.01406860351563
357 181.78292846679688
358 160.2446746826172
359 199.01351928710938
360 188.24441528320313
361 131.38340759277344
362 101.66059112548828
363 168.42921447753906
364 182.2136688232422
365 190.82899475097656
366 216.244140625
367 255.0130157470703
368 146.46017456054688
369 168.42922973632813
370 169.2907257080078
371 92.6145248413086
372 151.62936401367188
373 200.3058319091797
374 156.79852294921875
375 118.02967834472656
376 158.5216064453125
377 152.49085998535156
378 223.99790954589844
379 121.04502868652344
380 202.8904266357422
381 131.3833770751953
382 139.99868774414063
383 215.81338500976563
384 161.96774291992188
385 137.8448944091797
386 154.2139434814453
387 88.73764038085938
388 115.44510650634766
389 120.61426544189453
390 68.92243957519531
391 96.92217254638672
392 83.56845092773438
393 80.55309295654297
394 85.72227478027344
395 119.75273132324219
396 174.4599151611328
397 90.0299301147461
398 149.04476928710938
399 145.16787719726563
400 156.36776733398438
401 98.2144775390625
402 80.98385620117188
403 64.61477661132813
404 72.36856079101563
405 76.67621612548828
406 104.67594146728516
407 152.0601043701172
408 178.76756286621094
409 55.13795471191406
410 129.2295684814453
411 41.353458404541016
412 168.42918395996094
413 177.47525024414063
414 111.13743591308594
415 174.02915954589844
416 160.24464416503906
417 242.9515838623047
418 214.95187377929688
419 183.07521057128906
420 155.50625610351563
421 218.82872009277344
422 159.38314819335938
423 80.1223373413086
424 111.56819915771484
425 102.5221176147461
426 99.50677490234375
427 100.36830139160156
428 171.01380920410156
429 110.2759017944336
430 125.35267639160156
431 189.53671264648438
432 127.93727111816406
433 118.89120483398438
434 166.70611572265625
435 91.75300598144531
436 132.24493408203125
437 96.92217254638672
438 71.07626342773438
439 68.0609130859375
440 203.751953125
441 83.56845092773438
442 174.45993041992188
443 104.24519348144531
444 70.21473693847656
445 76.24544525146484
446 114.15277862548828
447 123.62963104248047
448 161.10618591308594
449 192.9828338623047
450 139.56793212890625
451 116.30660247802734
452 77.53773498535156
453 51.69183349609375
454 81.84540557861328
455 40.4919319152832
456 84.86074829101563
457 120.18347930908203
458 147.32171630859375
459 189.9674835205078
460 95.19911193847656
461 141.72177124023438
462 166.70614624023438
463 170.15225219726563
464 161.10617065429688
465 165.84463500976563
466 86.58380889892578
467 104.24517822265625
468 123.6296157836914
469 152.06011962890625
470 198.58274841308594
471 171.01380920410156
472 173.16761779785156
473 139.5679473876953
474 161.106201171875
475 89.59916687011719
476 167.1369171142578
477 112.86048889160156
478 114.15278625488281
479 92.6145248413086
480 76.67621612548828
481 113.72203063964844
482 134.82949829101563
483 152.92166137695313
484 135.6910400390625
485 116.73736572265625
486 120.61425018310547
487 129.66033935546875
488 78.83003234863281
489 101.22982788085938
490 106.39900207519531
491 120.1834945678711
492 208.4903564453125
493 187.8136444091797
494 205.47500610351563
495 150.33705139160156
496 146.46017456054688
497 156.7985382080078
498 109.41436767578125
499 122.33732604980469
500 130.95263671875
501 81.41463470458984
502 101.22984313964844
503 47.38418197631836
504 152.92166137695313
505 164.55230712890625
506 62.03019332885742
507 107.26055145263672
508 167.13690185546875
509 211.5057373046875
510 222.7056121826172
511 172.30609130859375
512 119.32197570800781
513 161.96771240234375
514 158.95236206054688
515 100.79905700683594
516 174.0291748046875
517 148.61399841308594
518 72.36856079101563
519 142.1525421142578
520 70.64550018310547
521 127.50650787353516
522 147.3217315673828
523 135.26028442382813
524 113.29125213623047
525 61.59942626953125
526 113.72201538085938
527 111.56819152832031
528 153.78318786621094
529 95.1991195678711
530 134.82952880859375
531 90.89147186279297
532 47.384178161621094
533 70.6455078125
534 87.01458740234375
535 93.47605895996094
536 118.02967071533203
537 101.22982788085938
538 114.58354187011719
539 59.876373291015625
540 138.70640563964844
541 93.90682220458984
542 150.33705139160156
543 113.7220230102539
544 217.10568237304688
545 91.75299072265625
546 97.35294342041016
547 164.5523223876953
548 114.58354949951172
549 74.52238464355469
550 163.6907958984375
551 191.69053649902344
552 133.10646057128906
553 117.16814422607422
554 106.39900970458984
555 160.6754150390625
556 147.75247192382813
557 135.6910400390625
558 193.8443603515625
559 102.95288848876953
560 194.2751007080078
561 165.84463500976563
562 66.76861572265625
563 164.98306274414063
564 99.50675964355469
565 82.27616882324219
566 99.50676727294922
567 121.90656280517578
568 98.64523315429688
569 90.0299301147461
570 88.30686950683594
571 94.76835632324219
572 143.8755645751953
573 150.767822265625
574 135.6910400390625
575 61.59942626953125
576 167.9984130859375
577 128.79879760742188
578 90.89146423339844
579 163.26004028320313
580 162.39849853515625
581 148.18324279785156
582 187.81362915039063
583 155.50624084472656
584 114.58355712890625
585 223.99790954589844
586 224.42869567871094
587 178.33680725097656
588 191.69052124023438
589 143.01405334472656
590 98.21446990966797
591 189.10592651367188
592 134.39874267578125
593 199.0135498046875
594 131.8141632080078
595 89.59916687011719
596 73.2300796508789
597 117.16814422607422
598 131.81414794921875
599 112.42972564697266
600 94.76834869384766
601 76.67621612548828
602 180.05984497070313
603 126.21420288085938
604 77.10697937011719
605 122.76808166503906
606 152.92166137695313
607 114.58355712890625
608 151.19857788085938
609 164.98309326171875
610 102.52212524414063
611 98.21446990966797
612 104.24517822265625
613 72.79933166503906
614 88.30687713623047
615 164.12155151367188
616 142.58328247070313
617 89.59916687011719
618 118.02967071533203
619 119.32197570800781
620 111.1374282836914
621 132.6757049560547
622 206.33651733398438
623 145.1678924560547
624 135.26028442382813
625 117.16813659667969
626 52.98412322998047
627 153.3524169921875
628 143.44482421875
629 131.81417846679688
630 124.92190551757813
631 84.86074829101563
632 93.47605895996094
633 190.8289794921875
634 202.8904266357422
635 134.39874267578125
636 63.75325393676758
637 184.79827880859375
638 271.3821105957031
639 114.58355712890625
640 62.8917236328125
641 235.1977996826172
642 97.7837142944336
643 61.59942626953125
644 106.39900970458984
645 90.89146423339844
646 85.29151916503906
647 98.6452407836914
648 186.09059143066406
649 153.35243225097656
650 150.767822265625
651 156.36776733398438
652 155.93702697753906
653 146.46018981933594
654 127.50650024414063
655 195.13665771484375
656 151.19857788085938
657 74.9531478881836
658 121.47579193115234
659 186.95208740234375
660 134.8295135498047
661 186.95211791992188
662 152.49090576171875
663 143.44480895996094
664 107.26054382324219
665 45.230350494384766
666 106.39900970458984
667 186.09056091308594
668 173.598388671875
669 65.9070816040039
670 31.445858001708984
671 105.96824645996094
672 140.4294891357422
673 115.44508361816406
674 60.73789596557617
675 109.84513092041016
676 90.460693359375
677 229.59786987304688
678 199.01353454589844
679 152.4908905029297
680 115.01432037353516
681 103.38365936279297
682 105.5374755859375
683 186.95211791992188
684 88.73764038085938
685 115.44508361816406
686 177.0445098876953
687 168.85997009277344
688 242.09007263183594
689 74.52238464355469
690 136.12181091308594
691 126.2142105102539
692 114.58354949951172
693 274.82818603515625
694 137.41409301757813
695 129.22955322265625
696 174.02915954589844
697 213.6595458984375
698 172.73684692382813
699 142.58328247070313
700 175.752197265625
701 180.49061584472656
702 141.7217559814453
703 262.7668151855469
704 90.46070098876953
705 133.10646057128906
706 121.47579956054688
707 211.50575256347656
708 162.82925415039063
709 203.32119750976563
710 80.98385620117188
711 117.16812896728516
712 92.6145248413086
713 27.138208389282227
714 57.72254180908203
715 56.86101531982422
716 53.414886474609375
717 277.4128112792969
718 184.7982940673828
719 243.38235473632813
720 222.27484130859375
721 226.58251953125
722 181.35214233398438
723 155.50624084472656
724 123.19886016845703
725 272.24359130859375
726 155.07550048828125
727 220.12100219726563
728 167.13690185546875
729 143.87559509277344
730 61.59942626953125
731 99.50675964355469
732 83.56846618652344
733 117.59890747070313
734 160.6754150390625
735 123.62963104248047
736 162.39849853515625
737 87.4453353881836
738 187.3828582763672
739 186.52134704589844
740 272.2436218261719
741 218.39797973632813
742 80.12232208251953
743 209.78265380859375
744 107.69129943847656
745 63.32248306274414
746 197.2904510498047
747 230.89012145996094
748 195.56741333007813
749 125.35267639160156
750 120.61426544189453
751 60.3071403503418
752 123.62963104248047
753 118.0296859741211
754 100.3682861328125
755 88.73763275146484
756 146.46017456054688
757 126.21420288085938
758 105.53749084472656
759 128.79879760742188
760 96.49141693115234
761 118.0296630859375
762 159.81390380859375
763 157.66009521484375
764 199.4442901611328
765 139.1371612548828
766 183.5059814453125
767 143.0140380859375
768 112.42971801757813
769 146.89096069335938
770 93.90682983398438
771 146.02938842773438
772 141.29098510742188
773 97.7837142944336
774 114.58354949951172
775 153.3524169921875
776 183.5059814453125
777 109.41436767578125
778 177.47528076171875
779 211.07493591308594
780 176.61375427246094
781 98.21446990966797
782 139.5679168701172
783 184.36749267578125
784 178.3367919921875
785 218.39794921875
786 237.35162353515625
787 146.89096069335938
788 90.8914566040039
789 159.8138885498047
790 143.44479370117188
791 118.46044158935547
792 147.3217010498047
793 121.90657043457031
794 121.47579193115234
795 138.70639038085938
796 259.7514343261719
797 242.0900421142578
798 113.29125213623047
799 114.58354187011719
800 128.3680419921875
801 182.21368408203125
802 100.3683090209961
803 69.78396606445313
804 242.52081298828125
805 157.66006469726563
806 178.3367919921875
807 110.27589416503906
808 152.06011962890625
809 153.78318786621094
810 149.04476928710938
811 206.7672882080078
812 85.72228240966797
813 101.22982788085938
814 86.15304565429688
815 120.6142578125
816 113.72203826904297
817 70.21473693847656
818 96.49141693115234
819 88.306884765625
820 80.55309295654297
821 47.384178161621094
822 88.7376480102539
823 31.876625061035156
824 99.07600402832031
825 75.81468200683594
826 166.7061309814453
827 97.78369140625
828 74.52238464355469
829 155.5062255859375
830 105.96824645996094
831 180.92140197753906
832 148.614013671875
833 181.78292846679688
834 118.46043395996094
835 215.38262939453125
836 103.81441497802734
837 105.10669708251953
838 140.42945861816406
839 271.8128967285156
840 156.36781311035156
841 80.1223373413086
842 105.53748321533203
843 110.7066650390625
844 151.19859313964844
845 91.32222747802734
846 215.38259887695313
847 111.56818389892578
848 109.84513092041016
849 124.06037139892578
850 148.1832275390625
851 159.8138885498047
852 127.07573699951172
853 93.04528045654297
854 125.35266876220703
855 72.3685531616211
856 125.35269927978516
857 174.45993041992188
858 78.83003234863281
859 110.70665740966797
860 90.02993774414063
861 115.44508361816406
862 174.45993041992188
863 183.07522583007813
864 127.50650024414063
865 143.01406860351563
866 192.5520782470703
867 124.92191314697266
868 134.8295135498047
869 152.92166137695313
870 155.0754852294922
871 111.1374282836914
872 153.78317260742188
873 129.6603240966797
874 45.66111373901367
875 116.30661010742188
876 60.73789978027344
877 149.04478454589844
878 96.49140930175781
879 188.24440002441406
880 143.87557983398438
881 102.5221176147461
882 88.73763275146484
883 168.42919921875
884 162.39846801757813
885 141.29098510742188
886 104.24518585205078
887 160.67544555664063
888 79.26079559326172
889 63.75325012207031
890 53.84565353393555
891 61.16866683959961
892 202.8904571533203
893 149.90628051757813
894 52.55336380004883
895 187.38287353515625
896 106.82977294921875
897 107.26055145263672
898 152.92166137695313
899 155.93701171875
900 167.5676727294922
901 87.01457977294922
902 205.04425048828125
903 188.24440002441406
904 90.460693359375
905 211.07496643066406
906 166.7061309814453
907 165.41384887695313
908 189.5366973876953
909 165.84461975097656
910 175.32144165039063
911 171.01380920410156
912 144.73709106445313
913 131.8141632080078
914 156.36776733398438
915 95.6298828125
916 175.3214569091797
917 150.76783752441406
918 167.56765747070313
919 109.41437530517578
920 50.3995361328125
921 150.76785278320313
922 87.44535064697266
923 142.1525421142578
924 88.73763275146484
925 125.78343963623047
926 87.87611389160156
927 141.7217559814453
928 132.67567443847656
929 156.79855346679688
930 97.35293579101563
931 77.5377426147461
932 94.33757781982422
933 149.9062957763672
934 86.58381652832031
935 100.36829376220703
936 42.214988708496094
937 160.24468994140625
938 63.32249069213867
939 76.24544525146484
940 119.32196044921875
941 109.84513092041016
942 197.7212371826172
943 78.39927673339844
944 77.10697937011719
945 95.62987518310547
946 142.58328247070313
947 142.58326721191406
948 146.0294189453125
949 117.16815185546875
950 188.244384765625
951 115.8758316040039
952 113.72203063964844
953 107.26053619384766
954 113.72201538085938
955 121.47579193115234
956 79.69157409667969
957 148.18324279785156
958 100.7990493774414
959 117.16814422607422
960 75.38391876220703
961 183.93673706054688
962 166.7061767578125
963 198.15200805664063
964 233.905517578125
965 69.35320281982422
966 127.50650024414063
967 160.6754150390625
968 119.75275421142578
969 178.33680725097656
970 190.82899475097656
971 109.41438293457031
972 133.96798706054688
973 170.58303833007813
974 196.428955078125
975 104.67594909667969
976 119.75273132324219
977 170.15225219726563
978 172.7368621826172
979 105.9682388305664
980 71.93778991699219
981 59.014835357666016
982 125.78345489501953
983 143.87559509277344
984 146.46017456054688
985 157.66006469726563
986 96.49140930175781
987 106.39900970458984
988 122.76808166503906
989 130.95262145996094
990 148.1832275390625
991 138.27565002441406
992 120.6142578125
993 65.476318359375
994 126.2142105102539
995 191.69052124023438
996 239.50546264648438
997 164.12156677246094
998 216.6749267578125
999 140.42945861816406
1000 114.58355712890625
1001 151.19859313964844
1002 151.19859313964844
