# Selection:resname AU POPC Restricted:name AUC AUL AUSL Radius:2.64 Start:0 End:-1
0 280.85894775390625
1 282.5820007324219
2 0.43076521158218384
3 0.0
4 0.0
5 2.1538262367248535
6 0.0
7 0.43076521158218384
8 0.0
9 0.0
10 0.0
11 1.2922956943511963
12 0.43076521158218384
13 1.7230608463287354
14 1.7230608463287354
15 0.8615304231643677
16 0.0
17 0.0
18 0.0
19 1.2922956943511963
20 0.0
21 0.0
22 0.0
23 2.1538259983062744
24 0.0
25 0.0
26 0.0
27 0.43076521158218384
28 0.0
29 0.0
30 0.0
31 0.0
32 0.0
33 0.0
34 0.43076521158218384
35 0.0
36 0.0
37 1.2922956943511963
38 0.0
39 0.0
40 0.0
41 0.0
42 0.0
43 0.0
44 0.0
45 0.0
46 0.0
47 0.0
48 0.43076521158218384
49 0.0
50 0.0
51 0.0
52 0.0
53 0.0
54 0.43076521158218384
55 0.0
56 0.43076521158218384
57 0.0
58 0.0
59 0.0
60 0.0
61 6.030713081359863
62 0.0
63 0.0
64 0.0
65 0.0
66 0.0
67 0.43076521158218384
68 0.43076521158218384
69 0.0
70 0.0
71 2.5845911502838135
72 0.0
73 0.0
74 0.0
75 0.0
76 0.0
77 0.0
78 0.0
79 0.0
80 0.8615304231643677
81 2.1538259983062744
82 0.8615304231643677
83 0.43076521158218384
84 0.0
85 0.0
86 0.8615304231643677
87 0.0
88 0.0
89 0.8615304231643677
90 1.2922956943511963
91 1.7230608463287354
92 0.0
93 1.2922956943511963
94 0.0
95 0.0
96 0.43076521158218384
97 0.0
98 0.0
99 2.1538259983062744
100 1.2922956943511963
101 0.0
102 0.43076521158218384
103 0.43076521158218384
104 5.599947929382324
105 0.0
106 0.0
107 0.0
108 0.0
109 1.7230608463287354
110 0.0
111 0.0
112 2.5845913887023926
113 0.0
114 0.0
115 0.8615304231643677
116 0.43076521158218384
117 0.0
118 0.0
119 2.5845911502838135
120 0.0
121 0.0
122 0.0
123 0.0
124 0.0
125 0.8615304231643677
126 0.0
127 0.0
128 1.7230608463287354
129 0.0
130 0.0
131 0.0
132 0.0
133 0.43076521158218384
134 1.7230608463287354
135 0.0
136 0.0
137 0.0
138 2.5845913887023926
139 1.7230608463287354
140 0.0
141 0.0
142 0.0
143 0.0
144 0.43076521158218384
145 0.0
146 0.8615304231643677
147 0.0
148 2.1538259983062744
149 0.0
150 1.2922956943511963
151 0.43076521158218384
152 0.0
153 2.1538262367248535
154 0.0
155 0.43076521158218384
156 0.8615304231643677
157 0.0
158 1.7230608463287354
159 0.0
160 0.0
161 0.0
162 0.0
163 0.0
164 0.43076521158218384
165 0.0
166 0.0
167 0.0
168 0.0
169 0.0
170 0.0
171 0.0
172 0.0
173 0.43076521158218384
174 0.43076521158218384
175 0.0
176 1.7230608463287354
177 0.0
178 0.43076521158218384
179 0.0
180 0.0
181 0.8615304231643677
182 0.43076521158218384
183 0.0
184 0.0
185 2.5845913887023926
186 0.0
187 0.8615304231643677
188 0.0
189 6.461478233337402
190 0.0
191 0.0
192 0.0
193 3.0153565406799316
194 0.0
195 0.0
196 0.0
197 0.43076521158218384
198 0.43076521158218384
199 0.0
200 2.1538259983062744
201 4.738417148590088
202 0.43076521158218384
203 0.0
204 0.0
205 0.8615304231643677
206 0.0
207 0.0
208 3.0153565406799316
209 0.0
210 0.0
211 0.0
212 0.0
213 0.0
214 0.0
215 0.8615304231643677
216 0.8615304231643677
217 0.0
218 1.7230608463287354
219 0.8615304231643677
220 0.0
221 0.43076521158218384
222 0.0
223 0.8615304231643677
224 0.0
225 0.0
226 0.0
227 1.2922956943511963
228 0.43076521158218384
229 0.0
230 0.43076521158218384
231 0.0
232 0.43076521158218384
233 0.43076521158218384
234 0.0
235 0.0
236 0.0
237 0.8615304231643677
238 0.8615304231643677
239 0.0
240 0.0
241 0.0
242 0.8615304231643677
243 0.0
244 0.8615304231643677
245 0.0
246 0.0
247 1.7230608463287354
248 0.0
249 0.8615304231643677
250 0.0
251 0.0
252 0.0
253 0.0
254 0.0
255 0.43076521158218384
256 0.0
257 1.2922956943511963
258 2.1538259983062744
259 0.0
260 0.0
261 1.2922956943511963
262 0.0
263 0.0
264 2.1538259983062744
265 0.0
266 0.0
267 0.8615304231643677
268 0.0
269 0.43076521158218384
270 0.43076521158218384
271 2.1538262367248535
272 3.0153565406799316
273 0.0
274 0.43076521158218384
275 0.0
276 0.0
277 0.0
278 0.0
279 0.0
280 0.43076521158218384
281 0.0
282 0.0
283 0.0
284 0.0
285 0.0
286 0.0
287 0.0
288 0.0
289 0.0
290 0.0
291 0.0
292 0.43076521158218384
293 0.0
294 0.0
295 0.0
296 0.43076521158218384
297 0.0
298 0.0
299 0.0
300 0.0
301 0.8615304231643677
302 0.0
303 0.0
304 0.43076521158218384
305 0.0
306 0.0
307 1.2922956943511963
308 0.43076521158218384
309 0.0
310 0.43076521158218384
311 0.0
312 0.8615304231643677
313 0.8615304231643677
314 1.7230608463287354
315 0.0
316 0.0
317 6.892243385314941
318 0.0
319 1.2922956943511963
320 0.0
321 0.0
322 0.0
323 0.0
324 0.0
325 0.43076521158218384
326 0.0
327 0.0
328 1.2922956943511963
329 0.0
330 0.0
331 0.0
332 0.0
333 1.7230608463287354
334 0.0
335 0.43076521158218384
336 1.7230608463287354
337 0.0
338 0.0
339 1.2922956943511963
340 0.0
341 0.0
342 0.0
343 0.0
344 0.0
345 1.2922956943511963
346 0.0
347 0.0
348 0.43076521158218384
349 0.0
350 0.0
351 0.0
352 0.8615304231643677
353 0.0
354 0.0
355 0.0
356 0.0
357 0.43076521158218384
358 0.0
359 0.8615304231643677
360 0.0
361 2.5845913887023926
362 0.0
363 2.1538259983062744
364 0.0
365 0.0
366 1.7230608463287354
367 0.43076521158218384
368 0.0
369 2.1538262367248535
370 0.0
371 0.0
372 0.43076521158218384
373 0.0
374 0.0
375 0.0
376 0.43076521158218384
377 0.0
378 0.0
379 0.0
380 0.0
381 0.0
382 0.0
383 1.2922956943511963
384 0.8615304231643677
385 0.0
386 0.0
387 0.0
388 0.43076521158218384
389 0.0
390 0.8615304231643677
391 0.0
392 0.0
393 0.43076521158218384
394 1.2922956943511963
395 0.0
396 0.0
397 0.0
398 0.0
399 0.0
400 0.0
401 0.0
402 0.0
403 0.0
404 0.0
405 0.43076521158218384
406 0.0
407 0.0
408 0.0
409 0.0
410 0.0
411 1.7230608463287354
412 0.0
413 0.0
414 0.0
415 0.43076521158218384
416 0.0
417 1.2922956943511963
418 2.5845913887023926
419 0.43076521158218384
420 0.43076521158218384
421 0.43076521158218384
422 0.0
423 0.0
424 0.0
425 0.0
426 1.2922956943511963
427 0.0
428 0.0
429 0.0
430 0.8615304231643677
431 0.0
432 0.0
433 0.43076521158218384
434 0.0
435 0.43076521158218384
436 0.0
437 0.0
438 0.0
439 0.0
440 0.0
441 0.0
442 0.43076521158218384
443 0.43076521158218384
444 0.43076521158218384
445 0.0
446 0.0
447 0.0
448 0.0
449 0.0
450 0.43076521158218384
451 0.0
452 0.0
453 0.0
454 3.4461216926574707
455 0.8615304231643677
456 0.0
457 0.0
458 0.0
459 0.0
460 0.0
461 0.43076521158218384
462 0.43076521158218384
463 0.0
464 0.0
465 0.0
466 2.1538259983062744
467 0.0
468 0.0
469 0.0
470 0.0
471 0.0
472 0.0
473 0.0
474 0.0
475 0.0
476 0.43076521158218384
477 0.43076521158218384
478 0.0
479 0.0
480 4.738417148590088
481 0.0
482 0.0
483 0.0
484 0.0
485 0.0
486 0.0
487 0.0
488 0.0
489 0.0
490 0.0
491 0.43076521158218384
492 0.0
493 0.8615304231643677
494 0.0
495 0.0
496 0.0
497 0.43076521158218384
498 0.0
499 0.0
500 0.0
501 0.0
502 0.0
503 0.8615304231643677
504 0.0
505 0.0
506 0.0
507 0.43076521158218384
508 0.0
509 0.43076521158218384
510 0.0
511 0.43076521158218384
512 0.0
513 1.7230608463287354
514 0.0
515 0.0
516 0.0
517 0.0
518 0.0
519 0.0
520 0.0
521 0.0
522 0.0
523 0.43076521158218384
524 0.0
525 0.0
526 1.7230608463287354
527 0.43076521158218384
528 4.738417625427246
529 0.0
530 0.0
531 0.0
532 0.0
533 0.0
534 0.43076521158218384
535 0.0
536 0.8615304231643677
537 0.0
538 1.2922956943511963
539 0.0
540 0.0
541 0.0
542 0.0
543 0.0
544 0.0
545 0.8615304231643677
546 0.0
547 0.8615304231643677
548 0.0
549 0.0
550 0.8615304231643677
551 0.0
552 0.0
553 0.0
554 0.0
555 0.0
556 0.0
557 0.0
558 0.0
559 0.0
560 3.0153565406799316
561 0.0
562 0.43076521158218384
563 0.0
564 0.43076521158218384
565 0.0
566 0.0
567 4.307651996612549
568 0.0
569 0.8615304231643677
570 0.0
571 1.7230608463287354
572 0.0
573 0.0
574 0.0
575 0.0
576 0.0
577 0.0
578 0.8615304231643677
579 0.8615304231643677
580 0.0
581 0.0
582 1.2922956943511963
583 0.0
584 1.2922956943511963
585 0.0
586 0.0
587 0.0
588 0.0
589 0.0
590 0.0
591 2.1538259983062744
592 0.0
593 0.0
594 0.0
595 0.8615304231643677
596 0.0
597 0.43076521158218384
598 0.0
599 0.0
600 0.43076521158218384
601 0.8615304231643677
602 0.0
603 0.0
604 0.0
605 0.0
606 0.0
607 0.43076521158218384
608 0.0
609 0.0
610 1.2922956943511963
611 0.8615304231643677
612 3.0153565406799316
613 0.0
614 0.43076521158218384
615 0.0
616 0.0
617 0.0
618 0.0
619 3.4461216926574707
620 0.0
621 0.0
622 0.0
623 0.43076521158218384
624 0.0
625 0.43076521158218384
626 0.0
627 0.0
628 0.8615304231643677
629 0.0
630 0.0
631 0.8615304231643677
632 0.43076521158218384
633 0.0
634 0.43076521158218384
635 0.0
636 0.43076521158218384
637 0.43076521158218384
638 0.0
639 0.43076521158218384
640 0.43076521158218384
641 0.43076521158218384
642 0.0
643 0.0
644 0.0
645 0.0
646 0.0
647 0.0
648 3.4461216926574707
649 0.0
650 0.43076521158218384
651 0.8615304231643677
652 0.0
653 0.0
654 0.0
655 1.2922956943511963
656 0.0
657 0.0
658 0.0
659 0.0
660 0.0
661 0.43076521158218384
662 0.0
663 1.2922956943511963
664 0.0
665 2.1538259983062744
666 0.0
667 0.0
668 0.0
669 0.0
670 0.43076521158218384
671 0.0
672 0.43076521158218384
673 0.0
674 0.43076521158218384
675 0.0
676 0.0
677 0.43076521158218384
678 0.0
679 0.0
680 3.8768868446350098
681 0.0
682 0.0
683 0.0
684 0.43076521158218384
685 0.0
686 0.0
687 0.0
688 0.0
689 0.0
690 0.43076521158218384
691 0.0
692 0.0
693 0.0
694 0.0
695 0.0
696 0.0
697 1.7230608463287354
698 0.0
699 1.7230608463287354
700 0.0
701 0.0
702 0.0
703 5.169182777404785
704 0.0
705 0.0
706 1.2922956943511963
707 3.8768868446350098
708 0.43076521158218384
709 0.0
710 1.2922956943511963
711 0.0
712 0.0
713 0.0
714 2.1538262367248535
715 0.0
716 0.0
717 0.0
718 0.0
719 0.0
720 0.0
721 0.0
722 0.0
723 0.0
724 0.0
725 7.7537736892700195
726 0.43076521158218384
727 0.0
728 0.0
729 0.0
730 0.0
731 0.0
732 0.0
733 0.0
734 0.0
735 0.43076521158218384
736 0.43076521158218384
737 1.2922956943511963
738 0.43076521158218384
739 0.0
740 0.0
741 0.43076521158218384
742 0.0
743 0.43076521158218384
744 0.0
745 1.2922956943511963
746 0.0
747 0.0
748 0.0
749 0.8615304231643677
750 0.8615304231643677
751 0.43076521158218384
752 0.0
753 0.0
754 0.43076521158218384
755 0.0
756 0.0
757 1.2922956943511963
758 1.7230608463287354
759 0.0
760 0.0
761 0.8615304231643677
762 0.43076521158218384
763 0.43076521158218384
764 0.43076521158218384
765 0.0
766 0.0
767 0.0
768 0.0
769 1.7230608463287354
770 0.43076521158218384
771 0.0
772 0.43076521158218384
773 0.0
774 1.7230608463287354
775 0.0
776 0.0
777 1.2922956943511963
778 0.0
779 0.0
780 0.0
781 2.1538259983062744
782 0.0
783 0.0
784 0.43076521158218384
785 0.0
786 0.43076521158218384
787 0.0
788 0.0
789 0.0
790 0.43076521158218384
791 0.43076521158218384
792 0.0
793 3.0153565406799316
794 0.0
795 0.43076521158218384
796 0.0
797 0.0
798 0.43076521158218384
799 0.0
800 0.0
801 0.8615304231643677
802 0.43076521158218384
803 0.0
804 0.0
805 0.8615304231643677
806 0.43076521158218384
807 0.0
808 0.8615304231643677
809 0.0
810 0.0
811 0.0
812 0.0
813 0.0
814 0.0
815 0.0
816 0.43076521158218384
817 0.0
818 0.43076521158218384
819 0.43076521158218384
820 0.0
821 0.0
822 0.43076521158218384
823 0.0
824 0.0
825 0.0
826 0.0
827 0.0
828 0.43076521158218384
829 0.0
830 0.0
831 0.0
832 0.43076521158218384
833 0.43076521158218384
834 0.0
835 0.0
836 0.0
837 0.0
838 0.0
839 0.8615304231643677
840 0.0
841 0.0
842 1.2922956943511963
843 0.0
844 0.0
845 2.1538259983062744
846 0.0
847 0.0
848 0.0
849 0.0
850 0.0
851 1.2922956943511963
852 0.43076521158218384
853 1.2922956943511963
854 0.0
855 0.0
856 0.43076521158218384
857 4.307651996612549
858 0.8615304231643677
859 0.0
860 3.0153565406799316
861 0.0
862 0.0
863 0.0
864 0.0
865 0.0
866 0.0
867 0.8615304231643677
868 1.2922956943511963
869 0.0
870 1.2922956943511963
871 0.0
872 0.8615304231643677
873 0.0
874 0.0
875 2.1538259983062744
876 0.8615304231643677
877 1.2922956943511963
878 0.0
879 0.0
880 0.0
881 0.0
882 0.0
883 0.0
884 0.0
885 0.8615304231643677
886 0.0
887 0.0
888 0.0
889 0.8615304231643677
890 0.0
891 0.0
892 1.7230608463287354
893 0.0
894 0.0
895 0.0
896 0.0
897 0.0
898 0.0
899 0.0
900 0.8615304231643677
901 0.43076521158218384
902 0.0
903 0.0
904 0.43076521158218384
905 0.0
906 0.8615304231643677
907 0.0
908 0.0
909 0.8615304231643677
910 0.8615304231643677
911 0.0
912 0.0
913 3.4461216926574707
914 0.0
915 0.0
916 0.0
917 0.0
918 0.0
919 1.2922956943511963
920 0.0
921 0.0
922 0.0
923 0.0
924 0.0
925 0.0
926 0.0
927 0.0
928 0.0
929 0.0
930 0.43076521158218384
931 0.0
932 0.0
933 0.0
934 2.1538262367248535
935 0.0
936 0.8615304231643677
937 0.0
938 0.0
939 0.0
940 0.0
941 0.0
942 2.1538259983062744
943 0.0
944 0.0
945 0.0
946 0.0
947 4.738417148590088
948 0.0
949 0.0
950 0.0
951 0.0
952 0.0
953 0.43076521158218384
954 0.0
955 0.43076521158218384
956 0.0
957 0.0
958 3.8768868446350098
959 2.1538259983062744
960 0.0
961 0.0
962 0.0
963 0.0
964 0.0
965 0.0
966 0.0
967 2.5845911502838135
968 0.0
969 0.0
970 0.0
971 0.0
972 0.0
973 0.0
974 0.0
975 1.2922956943511963
976 0.0
977 0.0
978 0.43076521158218384
979 0.0
980 0.0
981 0.0
982 0.0
983 0.0
984 0.8615304231643677
985 1.2922956943511963
986 0.0
987 0.0
988 0.0
989 0.0
990 0.0
991 1.2922956943511963
992 0.0
993 0.8615304231643677
994 0.43076521158218384
995 0.43076521158218384
996 0.0
997 0.0
998 0.0
999 0.0
1000 0.43076521158218384
1001 0.0
1002 0.0
