250 {1 4 6 7 9 10} {{0 2 0 0 5 0 0 0 0 0} {0 0 3 0 0 0 0 8 0 0}}
251 {1 4 6 7 9 10} {{0 2 0 0 5 0 0 0 0 0} {0 0 3 0 0 0 0 8 0 0}}
252 {1 4 6 7 9 10} {{0 2 0 0 5 0 0 0 0 0} {0 0 3 0 0 0 0 8 0 0}}
253 {1 4 6 7 9 10} {{0 2 0 0 5 0 0 0 0 0} {0 0 3 0 0 0 0 8 0 0}}
254 {1 4 6 7 9 10} {{0 2 0 0 5 0 0 0 0 0} {0 0 3 0 0 0 0 8 0 0}}
255 {1 4 6 7 9 10} {{0 2 0 0 5 0 0 0 0 0} {0 0 3 0 0 0 0 8 0 0}}
256 {1 4 6 7 9 10} {{0 2 0 0 5 0 0 0 0 0} {0 0 3 0 0 0 0 8 0 0}}
257 {1 4 6 7 9 10} {{0 2 0 0 5 0 0 0 0 0} {0 0 3 0 0 0 0 8 0 0}}
258 {1 4 6 7 9 10} {{0 2 0 0 5 0 0 0 0 0} {0 0 3 0 0 0 0 8 0 0}}
259 {1 4 6 7 9 10} {{0 2 0 0 5 0 0 0 0 0} {0 0 3 0 0 0 0 8 0 0}}
260 {1 4 6 7 9 10} {{0 2 0 0 5 0 0 0 0 0} {0 0 3 0 0 0 0 8 0 0}}
261 {1 4 6 7 9 10} {{0 2 0 0 5 0 0 0 0 0} {0 0 3 0 0 0 0 8 0 0}}
262 {1 4 6 7 9 10} {{0 2 0 0 5 0 0 0 0 0} {0 0 3 0 0 0 0 8 0 0}}
263 {1 4 6 7 9 10} {{0 2 0 0 5 0 0 0 0 0} {0 0 3 0 0 0 0 8 0 0}}
264 {1 4 6 7 9 10} {{0 2 0 0 5 0 0 0 0 0} {0 0 3 0 0 0 0 8 0 0}}
265 {1 4 6 7 9 10} {{0 2 0 0 5 0 0 0 0 0} {0 0 3 0 0 0 0 8 0 0}}
266 {1 4 6 7 9 10} {{0 2 0 0 5 0 0 0 0 0} {0 0 3 0 0 0 0 8 0 0}}
267 {1 4 6 7 9 10} {{0 2 0 0 5 0 0 0 0 0} {0 0 3 0 0 0 0 8 0 0}}
268 {1 4 6 7 9 10} {{0 2 0 0 5 0 0 0 0 0} {0 0 3 0 0 0 0 8 0 0}}
269 {1 4 6 7 9 10} {{0 2 0 0 5 0 0 0 0 0} {0 0 3 0 0 0 0 8 0 0}}
270 {1 4 6 7 9 10} {{0 2 0 0 5 0 0 0 0 0} {0 0 3 0 0 0 0 8 0 0}}
271 {1 4 6 7 9 10} {{0 2 0 0 5 0 0 0 0 0} {0 0 3 0 0 0 0 8 0 0}}
272 {1 4 6 7 9 10} {{0 2 0 0 5 0 0 0 0 0} {0 0 3 0 0 0 0 8 0 0}}
273 {1 4 6 7 9 10} {{0 2 0 0 5 0 0 0 0 0} {0 0 3 0 0 0 0 8 0 0}}
274 {1 4 6 7 9 10} {{0 2 0 0 5 0 0 0 0 0} {0 0 3 0 0 0 0 8 0 0}}
275 {1 4 6 7 9 10} {{0 2 0 0 5 0 0 0 0 0} {0 0 3 0 0 0 0 8 0 0}}
276 {1 4 6 7 9 10} {{0 2 0 0 5 0 0 0 0 0} {0 0 3 0 0 0 0 8 0 0}}
277 {1 4 6 7 9 10} {{0 2 0 0 5 0 0 0 0 0} {0 0 3 0 0 0 0 8 0 0}}
278 {1 4 6 7 9 10} {{0 2 0 0 5 0 0 0 0 0} {0 0 3 0 0 0 0 8 0 0}}
279 {1 4 6 7 9 10} {{0 2 0 0 5 0 0 0 0 0} {0 0 3 0 0 0 0 8 0 0}}
280 {1 4 6 7 9 10} {{0 2 0 0 5 0 0 0 0 0} {0 0 3 0 0 0 0 8 0 0}}
281 {1 4 6 7 9 10} {{0 2 0 0 5 0 0 0 0 0} {0 0 3 0 0 0 0 8 0 0}}
282 {1 4 6 7 9 10} {{0 2 0 0 5 0 0 0 0 0} {0 0 3 0 0 0 0 8 0 0}}
283 {1 4 6 7 9 10} {{0 2 0 0 5 0 0 0 0 0} {0 0 3 0 0 0 0 8 0 0}}
284 {1 4 6 7 9 10} {{0 2 0 0 5 0 0 0 0 0} {0 0 3 0 0 0 0 8 0 0}}
285 {1 4 6 7 9 10} {{0 2 0 0 5 0 0 0 0 0} {0 0 3 0 0 0 0 8 0 0}}
286 {1 4 6 7 9 10} {{0 2 0 0 5 0 0 0 0 0} {0 0 3 0 0 0 0 8 0 0}}
287 {1 4 6 7 9 10} {{0 2 0 0 5 0 0 0 0 0} {0 0 3 0 0 0 0 8 0 0}}
288 {1 4 6 7 9 10} {{0 2 0 0 5 0 0 0 0 0} {0 0 3 0 0 0 0 8 0 0}}
289 {1 4 6 7 9 10} {{0 2 0 0 5 0 0 0 0 0} {0 0 3 0 0 0 0 8 0 0}}
290 {1 4 6 7 9 10} {{0 2 0 0 5 0 0 0 0 0} {0 0 3 0 0 0 0 8 0 0}}
291 {1 4 6 7 9 10} {{0 2 0 0 5 0 0 0 0 0} {0 0 3 0 0 0 0 8 0 0}}
292 {1 4 6 7 9 10} {{0 2 0 0 5 0 0 0 0 0} {0 0 3 0 0 0 0 8 0 0}}
293 {1 4 6 7 9 10} {{0 2 0 0 5 0 0 0 0 0} {0 0 3 0 0 0 0 8 0 0}}
294 {1 4 6 7 9 10} {{0 2 0 0 5 0 0 0 0 0} {0 0 3 0 0 0 0 8 0 0}}
295 {1 4 6 7 9 10} {{0 2 0 0 5 0 0 0 0 0} {0 0 3 0 0 0 0 8 0 0}}
296 {1 4 6 7 9 10} {{0 2 0 0 5 0 0 0 0 0} {0 0 3 0 0 0 0 8 0 0}}
297 {1 4 6 7 9 10} {{0 2 0 0 5 0 0 0 0 0} {0 0 3 0 0 0 0 8 0 0}}
298 {1 4 6 7 9 10} {{0 2 0 0 5 0 0 0 0 0} {0 0 3 0 0 0 0 8 0 0}}
299 {1 4 6 7 9 10} {{0 2 0 0 5 0 0 0 0 0} {0 0 3 0 0 0 0 8 0 0}}
300 {1 4 6 7 9 10} {{0 2 0 0 5 0 0 0 0 0} {0 0 3 0 0 0 0 8 0 0}}
301 {1 4 6 7 9 10} {{0 2 0 0 5 0 0 0 0 0} {0 0 3 0 0 0 0 8 0 0}}
302 {1 4 6 7 9 10} {{0 2 0 0 5 0 0 0 0 0} {0 0 3 0 0 0 0 8 0 0}}
303 {1 4 6 7 9 10} {{0 2 0 0 5 0 0 0 0 0} {0 0 3 0 0 0 0 8 0 0}}
304 {1 4 6 7 9 10} {{0 2 0 0 5 0 0 0 0 0} {0 0 3 0 0 0 0 8 0 0}}
305 {1 4 6 7 9 10} {{0 2 0 0 5 0 0 0 0 0} {0 0 3 0 0 0 0 8 0 0}}
306 {1 4 6 7 9 10} {{0 2 0 0 5 0 0 0 0 0} {0 0 3 0 0 0 0 8 0 0}}
307 {1 4 6 7 9 10} {{0 2 0 0 5 0 0 0 0 0} {0 0 3 0 0 0 0 8 0 0}}
308 {1 4 6 7 9 10} {{0 2 0 0 5 0 0 0 0 0} {0 0 3 0 0 0 0 8 0 0}}
309 {1 4 6 7 9 10} {{0 2 0 0 5 0 0 0 0 0} {0 0 3 0 0 0 0 8 0 0}}
310 {1 4 6 7 9 10} {{0 2 0 0 5 0 0 0 0 0} {0 0 3 0 0 0 0 8 0 0}}
311 {1 4 6 7 9 10} {{0 2 0 0 5 0 0 0 0 0} {0 0 3 0 0 0 0 8 0 0}}
312 {1 4 6 7 9 10} {{0 2 0 0 5 0 0 0 0 0} {0 0 3 0 0 0 0 8 0 0}}
313 {1 4 6 7 9 10} {{0 2 0 0 5 0 0 0 0 0} {0 0 3 0 0 0 0 8 0 0}}
314 {1 4 6 7 9 10} {{0 2 0 0 5 0 0 0 0 0} {0 0 3 0 0 0 0 8 0 0}}
315 {1 4 6 7 9 10} {{0 2 0 0 5 0 0 0 0 0} {0 0 3 0 0 0 0 8 0 0}}
316 {1 4 6 7 9 10} {{0 2 0 0 5 0 0 0 0 0} {0 0 3 0 0 0 0 8 0 0}}
317 {1 4 6 7 9 10} {{0 2 0 0 5 0 0 0 0 0} {0 0 3 0 0 0 0 8 0 0}}
318 {1 4 6 7 9 10} {{0 2 0 0 5 0 0 0 0 0} {0 0 3 0 0 0 0 8 0 0}}
319 {1 4 6 7 9 10} {{0 2 0 0 5 0 0 0 0 0} {0 0 3 0 0 0 0 8 0 0}}
320 {1 4 6 7 9 10} {{0 2 0 0 5 0 0 0 0 0} {0 0 3 0 0 0 0 8 0 0}}
321 {1 4 6 7 9 10} {{0 2 0 0 5 0 0 0 0 0} {0 0 3 0 0 0 0 8 0 0}}
322 {1 4 6 7 9 10} {{0 2 0 0 5 0 0 0 0 0} {0 0 3 0 0 0 0 8 0 0}}
323 {1 4 6 7 9 10} {{0 2 0 0 5 0 0 0 0 0} {0 0 3 0 0 0 0 8 0 0}}
324 {1 4 6 7 9 10} {{0 2 0 0 5 0 0 0 0 0} {0 0 3 0 0 0 0 8 0 0}}
325 {1 4 6 7 9 10} {{0 2 0 0 5 0 0 0 0 0} {0 0 3 0 0 0 0 8 0 0}}
326 {1 4 6 7 9 10} {{0 2 0 0 5 0 0 0 0 0} {0 0 3 0 0 0 0 8 0 0}}
327 {1 4 6 7 9 10} {{0 2 0 0 5 0 0 0 0 0} {0 0 3 0 0 0 0 8 0 0}}
328 {1 4 6 7 9 10} {{0 2 0 0 5 0 0 0 0 0} {0 0 3 0 0 0 0 8 0 0}}
329 {1 4 6 7 9 10} {{0 2 0 0 5 0 0 0 0 0} {0 0 3 0 0 0 0 8 0 0}}
330 {1 4 6 7 9 10} {{0 2 0 0 5 0 0 0 0 0} {0 0 3 0 0 0 0 8 0 0}}
331 {1 4 6 7 9 10} {{0 2 0 0 5 0 0 0 0 0} {0 0 3 0 0 0 0 8 0 0}}
332 {1 4 6 7 9 10} {{0 2 0 0 5 0 0 0 0 0} {0 0 3 0 0 0 0 8 0 0}}
333 {1 4 6 7 9 10} {{0 2 0 0 5 0 0 0 0 0} {0 0 3 0 0 0 0 8 0 0}}
334 {1 4 6 7 9 10} {{0 2 0 0 5 0 0 0 0 0} {0 0 3 0 0 0 0 8 0 0}}
335 {1 4 6 7 9 10} {{0 2 0 0 5 0 0 0 0 0} {0 0 3 0 0 0 0 8 0 0}}
336 {1 4 6 7 9 10} {{0 2 0 0 5 0 0 0 0 0} {0 0 3 0 0 0 0 8 0 0}}
337 {1 4 6 7 9 10} {{0 2 0 0 5 0 0 0 0 0} {0 0 3 0 0 0 0 8 0 0}}
338 {1 4 6 7 9 10} {{0 2 0 0 5 0 0 0 0 0} {0 0 3 0 0 0 0 8 0 0}}
339 {1 4 6 7 9 10} {{0 2 0 0 5 0 0 0 0 0} {0 0 3 0 0 0 0 8 0 0}}
340 {1 4 6 7 9 10} {{0 2 0 0 5 0 0 0 0 0} {0 0 3 0 0 0 0 8 0 0}}
341 {1 4 6 7 9 10} {{0 2 0 0 5 0 0 0 0 0} {0 0 3 0 0 0 0 8 0 0}}
342 {1 4 6 7 9 10} {{0 2 0 0 5 0 0 0 0 0} {0 0 3 0 0 0 0 8 0 0}}
343 {1 4 6 7 9 10} {{0 2 0 0 5 0 0 0 0 0} {0 0 3 0 0 0 0 8 0 0}}
344 {1 4 6 7 9 10} {{0 2 0 0 5 0 0 0 0 0} {0 0 3 0 0 0 0 8 0 0}}
345 {1 4 6 7 9 10} {{0 2 0 0 5 0 0 0 0 0} {0 0 3 0 0 0 0 8 0 0}}
346 {1 4 6 7 9 10} {{0 2 0 0 5 0 0 0 0 0} {0 0 3 0 0 0 0 8 0 0}}
347 {1 4 6 7 9 10} {{0 2 0 0 5 0 0 0 0 0} {0 0 3 0 0 0 0 8 0 0}}
348 {1 4 6 7 9 10} {{0 2 0 0 5 0 0 0 0 0} {0 0 3 0 0 0 0 8 0 0}}
349 {1 4 6 7 9 10} {{0 2 0 0 5 0 0 0 0 0} {0 0 3 0 0 0 0 8 0 0}}
350 {1 4 6 7 9 10} {{0 2 0 0 5 0 0 0 0 0} {0 0 3 0 0 0 0 8 0 0}}
351 {1 4 6 7 9 10} {{0 2 0 0 5 0 0 0 0 0} {0 0 3 0 0 0 0 8 0 0}}
352 {1 4 6 7 9 10} {{0 2 0 0 5 0 0 0 0 0} {0 0 3 0 0 0 0 8 0 0}}
353 {1 4 6 7 9 10} {{0 2 0 0 5 0 0 0 0 0} {0 0 3 0 0 0 0 8 0 0}}
354 {1 4 6 7 9 10} {{0 2 0 0 5 0 0 0 0 0} {0 0 3 0 0 0 0 8 0 0}}
355 {1 4 6 7 9 10} {{0 2 0 0 5 0 0 0 0 0} {0 0 3 0 0 0 0 8 0 0}}
356 {1 4 6 7 9 10} {{0 2 0 0 5 0 0 0 0 0} {0 0 3 0 0 0 0 8 0 0}}
357 {1 4 6 7 9 10} {{0 2 0 0 5 0 0 0 0 0} {0 0 3 0 0 0 0 8 0 0}}
358 {1 4 6 7 9 10} {{0 2 0 0 5 0 0 0 0 0} {0 0 3 0 0 0 0 8 0 0}}
359 {1 4 6 7 9 10} {{0 2 0 0 5 0 0 0 0 0} {0 0 3 0 0 0 0 8 0 0}}
360 {1 4 6 7 9 10} {{0 2 0 0 5 0 0 0 0 0} {0 0 3 0 0 0 0 8 0 0}}
361 {1 4 6 7 9 10} {{0 2 0 0 5 0 0 0 0 0} {0 0 3 0 0 0 0 8 0 0}}
362 {1 4 6 7 9 10} {{0 2 0 0 5 0 0 0 0 0} {0 0 3 0 0 0 0 8 0 0}}
363 {1 4 6 7 9 10} {{0 2 0 0 5 0 0 0 0 0} {0 0 3 0 0 0 0 8 0 0}}
364 {1 4 6 7 9 10} {{0 2 0 0 5 0 0 0 0 0} {0 0 3 0 0 0 0 8 0 0}}
365 {1 4 6 7 9 10} {{0 2 0 0 5 0 0 0 0 0} {0 0 3 0 0 0 0 8 0 0}}
366 {1 4 6 7 9 10} {{0 2 0 0 5 0 0 0 0 0} {0 0 3 0 0 0 0 8 0 0}}
367 {1 4 6 7 9 10} {{0 2 0 0 5 0 0 0 0 0} {0 0 3 0 0 0 0 8 0 0}}
368 {1 4 6 7 9 10} {{0 2 0 0 5 0 0 0 0 0} {0 0 3 0 0 0 0 8 0 0}}
369 {1 4 6 7 9 10} {{0 2 0 0 5 0 0 0 0 0} {0 0 3 0 0 0 0 8 0 0}}
370 {1 4 6 7 9 10} {{0 2 0 0 5 0 0 0 0 0} {0 0 3 0 0 0 0 8 0 0}}
371 {1 4 6 7 9 10} {{0 2 0 0 5 0 0 0 0 0} {0 0 3 0 0 0 0 8 0 0}}
372 {1 4 6 7 9 10} {{0 2 0 0 5 0 0 0 0 0} {0 0 3 0 0 0 0 8 0 0}}
373 {1 4 6 7 9 10} {{0 2 0 0 5 0 0 0 0 0} {0 0 3 0 0 0 0 8 0 0}}
374 {1 4 6 7 9 10} {{0 2 0 0 5 0 0 0 0 0} {0 0 3 0 0 0 0 8 0 0}}
375 {1 4 6 7 9 10} {{0 2 0 0 5 0 0 0 0 0} {0 0 3 0 0 0 0 8 0 0}}
376 {1 4 6 7 9 10} {{0 2 0 0 5 0 0 0 0 0} {0 0 3 0 0 0 0 8 0 0}}
377 {1 4 6 7 9 10} {{0 2 0 0 5 0 0 0 0 0} {0 0 3 0 0 0 0 8 0 0}}
378 {1 4 6 7 9 10} {{0 2 0 0 5 0 0 0 0 0} {0 0 3 0 0 0 0 8 0 0}}
379 {1 4 6 7 9 10} {{0 2 0 0 5 0 0 0 0 0} {0 0 3 0 0 0 0 8 0 0}}
380 {1 4 6 7 9 10} {{0 2 0 0 5 0 0 0 0 0} {0 0 3 0 0 0 0 8 0 0}}
381 {1 4 6 7 9 10} {{0 2 0 0 5 0 0 0 0 0} {0 0 3 0 0 0 0 8 0 0}}
382 {1 4 6 7 9 10} {{0 2 0 0 5 0 0 0 0 0} {0 0 3 0 0 0 0 8 0 0}}
383 {1 4 6 7 9 10} {{0 2 0 0 5 0 0 0 0 0} {0 0 3 0 0 0 0 8 0 0}}
384 {1 4 6 7 9 10} {{0 2 0 0 5 0 0 0 0 0} {0 0 3 0 0 0 0 8 0 0}}
385 {1 4 6 7 9 10} {{0 2 0 0 5 0 0 0 0 0} {0 0 3 0 0 0 0 8 0 0}}
386 {1 4 6 7 9 10} {{0 2 0 0 5 0 0 0 0 0} {0 0 3 0 0 0 0 8 0 0}}
387 {1 4 6 7 9 10} {{0 2 0 0 5 0 0 0 0 0} {0 0 3 0 0 0 0 8 0 0}}
388 {1 4 6 7 9 10} {{0 2 0 0 5 0 0 0 0 0} {0 0 3 0 0 0 0 8 0 0}}
389 {1 4 6 7 9 10} {{0 2 0 0 5 0 0 0 0 0} {0 0 3 0 0 0 0 8 0 0}}
390 {1 4 6 7 9 10} {{0 2 0 0 5 0 0 0 0 0} {0 0 3 0 0 0 0 8 0 0}}
391 {1 4 6 7 9 10} {{0 2 0 0 5 0 0 0 0 0} {0 0 3 0 0 0 0 8 0 0}}
392 {1 4 6 7 9 10} {{0 2 0 0 5 0 0 0 0 0} {0 0 3 0 0 0 0 8 0 0}}
393 {1 4 6 7 9 10} {{0 2 0 0 5 0 0 0 0 0} {0 0 3 0 0 0 0 8 0 0}}
394 {1 4 6 7 9 10} {{0 2 0 0 5 0 0 0 0 0} {0 0 3 0 0 0 0 8 0 0}}
395 {1 4 6 7 9 10} {{0 2 0 0 5 0 0 0 0 0} {0 0 3 0 0 0 0 8 0 0}}
396 {1 4 6 7 9 10} {{0 2 0 0 5 0 0 0 0 0} {0 0 3 0 0 0 0 8 0 0}}
397 {1 4 6 7 9 10} {{0 2 0 0 5 0 0 0 0 0} {0 0 3 0 0 0 0 8 0 0}}
398 {1 4 6 7 9 10} {{0 2 0 0 5 0 0 0 0 0} {0 0 3 0 0 0 0 8 0 0}}
399 {1 4 6 7 9 10} {{0 2 0 0 5 0 0 0 0 0} {0 0 3 0 0 0 0 8 0 0}}
400 {1 4 6 7 9 10} {{0 2 0 0 5 0 0 0 0 0} {0 0 3 0 0 0 0 8 0 0}}
401 {1 4 6 7 9 10} {{0 2 0 0 5 0 0 0 0 0} {0 0 3 0 0 0 0 8 0 0}}
402 {1 4 6 7 9 10} {{0 2 0 0 5 0 0 0 0 0} {0 0 3 0 0 0 0 8 0 0}}
403 {1 4 6 7 9 10} {{0 2 0 0 5 0 0 0 0 0} {0 0 3 0 0 0 0 8 0 0}}
404 {1 4 6 7 9 10} {{0 2 0 0 5 0 0 0 0 0} {0 0 3 0 0 0 0 8 0 0}}
405 {1 4 6 7 9 10} {{0 2 0 0 5 0 0 0 0 0} {0 0 3 0 0 0 0 8 0 0}}
406 {1 4 6 7 9 10} {{0 2 0 0 5 0 0 0 0 0} {0 0 3 0 0 0 0 8 0 0}}
407 {1 4 6 7 9 10} {{0 2 0 0 5 0 0 0 0 0} {0 0 3 0 0 0 0 8 0 0}}
408 {1 4 6 7 9 10} {{0 2 0 0 5 0 0 0 0 0} {0 0 3 0 0 0 0 8 0 0}}
409 {1 4 6 7 9 10} {{0 2 0 0 5 0 0 0 0 0} {0 0 3 0 0 0 0 8 0 0}}
410 {1 4 6 7 9 10} {{0 2 0 0 5 0 0 0 0 0} {0 0 3 0 0 0 0 8 0 0}}
411 {1 4 6 7 9 10} {{0 2 0 0 5 0 0 0 0 0} {0 0 3 0 0 0 0 8 0 0}}
412 {1 4 6 7 9 10} {{0 2 0 0 5 0 0 0 0 0} {0 0 3 0 0 0 0 8 0 0}}
413 {1 4 6 7 9 10} {{0 2 0 0 5 0 0 0 0 0} {0 0 3 0 0 0 0 8 0 0}}
414 {1 4 6 7 9 10} {{0 2 0 0 5 0 0 0 0 0} {0 0 3 0 0 0 0 8 0 0}}
415 {1 4 6 7 9 10} {{0 2 0 0 5 0 0 0 0 0} {0 0 3 0 0 0 0 8 0 0}}
416 {1 4 6 7 9 10} {{0 2 0 0 5 0 0 0 0 0} {0 0 3 0 0 0 0 8 0 0}}
417 {1 4 6 7 9 10} {{0 2 0 0 5 0 0 0 0 0} {0 0 3 0 0 0 0 8 0 0}}
418 {1 4 6 7 9 10} {{0 2 0 0 5 0 0 0 0 0} {0 0 3 0 0 0 0 8 0 0}}
419 {1 4 6 7 9 10} {{0 2 0 0 5 0 0 0 0 0} {0 0 3 0 0 0 0 8 0 0}}
420 {1 4 6 7 9 10} {{0 2 0 0 5 0 0 0 0 0} {0 0 3 0 0 0 0 8 0 0}}
421 {1 4 6 7 9 10} {{0 2 0 0 5 0 0 0 0 0} {0 0 3 0 0 0 0 8 0 0}}
422 {1 4 6 7 9 10} {{0 2 0 0 5 0 0 0 0 0} {0 0 3 0 0 0 0 8 0 0}}
423 {1 4 6 7 9 10} {{0 2 0 0 5 0 0 0 0 0} {0 0 3 0 0 0 0 8 0 0}}
424 {1 4 6 7 9 10} {{0 2 0 0 5 0 0 0 0 0} {0 0 3 0 0 0 0 8 0 0}}
425 {1 4 6 7 9 10} {{0 2 0 0 5 0 0 0 0 0} {0 0 3 0 0 0 0 8 0 0}}
426 {1 4 6 7 9 10} {{0 2 0 0 5 0 0 0 0 0} {0 0 3 0 0 0 0 8 0 0}}
427 {1 4 6 7 9 10} {{0 2 0 0 5 0 0 0 0 0} {0 0 3 0 0 0 0 8 0 0}}
428 {1 4 6 7 9 10} {{0 2 0 0 5 0 0 0 0 0} {0 0 3 0 0 0 0 8 0 0}}
429 {1 4 6 7 9 10} {{0 2 0 0 5 0 0 0 0 0} {0 0 3 0 0 0 0 8 0 0}}
430 {1 4 6 7 9 10} {{0 2 0 0 5 0 0 0 0 0} {0 0 3 0 0 0 0 8 0 0}}
431 {1 4 6 7 9 10} {{0 2 0 0 5 0 0 0 0 0} {0 0 3 0 0 0 0 8 0 0}}
432 {1 4 6 7 9 10} {{0 2 0 0 5 0 0 0 0 0} {0 0 3 0 0 0 0 8 0 0}}
433 {1 4 6 7 9 10} {{0 2 0 0 5 0 0 0 0 0} {0 0 3 0 0 0 0 8 0 0}}
434 {1 4 6 7 9 10} {{0 2 0 0 5 0 0 0 0 0} {0 0 3 0 0 0 0 8 0 0}}
435 {1 4 6 7 9 10} {{0 2 0 0 5 0 0 0 0 0} {0 0 3 0 0 0 0 8 0 0}}
436 {1 4 6 7 9 10} {{0 2 0 0 5 0 0 0 0 0} {0 0 3 0 0 0 0 8 0 0}}
437 {1 4 6 7 9 10} {{0 2 0 0 5 0 0 0 0 0} {0 0 3 0 0 0 0 8 0 0}}
438 {1 4 6 7 9 10} {{0 2 0 0 5 0 0 0 0 0} {0 0 3 0 0 0 0 8 0 0}}
439 {1 4 6 7 9 10} {{0 2 0 0 5 0 0 0 0 0} {0 0 3 0 0 0 0 8 0 0}}
440 {1 4 6 7 9 10} {{0 2 0 0 5 0 0 0 0 0} {0 0 3 0 0 0 0 8 0 0}}
441 {1 4 6 7 9 10} {{0 2 0 0 5 0 0 0 0 0} {0 0 3 0 0 0 0 8 0 0}}
442 {1 4 6 7 9 10} {{0 2 0 0 5 0 0 0 0 0} {0 0 3 0 0 0 0 8 0 0}}
443 {1 4 6 7 9 10} {{0 2 0 0 5 0 0 0 0 0} {0 0 3 0 0 0 0 8 0 0}}
444 {1 4 6 7 9 10} {{0 2 0 0 5 0 0 0 0 0} {0 0 3 0 0 0 0 8 0 0}}
445 {1 4 6 7 9 10} {{0 2 0 0 5 0 0 0 0 0} {0 0 3 0 0 0 0 8 0 0}}
446 {1 4 6 7 9 10} {{0 2 0 0 5 0 0 0 0 0} {0 0 3 0 0 0 0 8 0 0}}
447 {1 4 6 7 9 10} {{0 2 0 0 5 0 0 0 0 0} {0 0 3 0 0 0 0 8 0 0}}
448 {1 4 6 7 9 10} {{0 2 0 0 5 0 0 0 0 0} {0 0 3 0 0 0 0 8 0 0}}
449 {1 4 6 7 9 10} {{0 2 0 0 5 0 0 0 0 0} {0 0 3 0 0 0 0 8 0 0}}
450 {1 4 6 7 9 10} {{0 2 0 0 5 0 0 0 0 0} {0 0 3 0 0 0 0 8 0 0}}
451 {1 4 6 7 9 10} {{0 2 0 0 5 0 0 0 0 0} {0 0 3 0 0 0 0 8 0 0}}
452 {1 4 6 7 9 10} {{0 2 0 0 5 0 0 0 0 0} {0 0 3 0 0 0 0 8 0 0}}
453 {1 4 6 7 9 10} {{0 2 0 0 5 0 0 0 0 0} {0 0 3 0 0 0 0 8 0 0}}
454 {1 4 6 7 9 10} {{0 2 0 0 5 0 0 0 0 0} {0 0 3 0 0 0 0 8 0 0}}
455 {1 4 6 7 9 10} {{0 2 0 0 5 0 0 0 0 0} {0 0 3 0 0 0 0 8 0 0}}
456 {1 4 6 7 9 10} {{0 2 0 0 5 0 0 0 0 0} {0 0 3 0 0 0 0 8 0 0}}
457 {1 4 6 7 9 10} {{0 2 0 0 5 0 0 0 0 0} {0 0 3 0 0 0 0 8 0 0}}
458 {1 4 6 7 9 10} {{0 2 0 0 5 0 0 0 0 0} {0 0 3 0 0 0 0 8 0 0}}
459 {1 4 6 7 9 10} {{0 2 0 0 5 0 0 0 0 0} {0 0 3 0 0 0 0 8 0 0}}
460 {1 4 6 7 9 10} {{0 2 0 0 5 0 0 0 0 0} {0 0 3 0 0 0 0 8 0 0}}
461 {1 4 6 7 9 10} {{0 2 0 0 5 0 0 0 0 0} {0 0 3 0 0 0 0 8 0 0}}
462 {1 4 6 7 9 10} {{0 2 0 0 5 0 0 0 0 0} {0 0 3 0 0 0 0 8 0 0}}
463 {1 4 6 7 9 10} {{0 2 0 0 5 0 0 0 0 0} {0 0 3 0 0 0 0 8 0 0}}
464 {1 4 6 7 9 10} {{0 2 0 0 5 0 0 0 0 0} {0 0 3 0 0 0 0 8 0 0}}
465 {4 6 9 10} {{1 0 0 0 0 0 7 0 0 0} {0 2 0 0 5 0 0 0 0 0} {0 0 3 0 0 0 0 8 0 0}}
466 {4 6 9 10} {{1 0 0 0 0 0 7 0 0 0} {0 2 0 0 5 0 0 0 0 0} {0 0 3 0 0 0 0 8 0 0}}
467 {4 6 9 10} {{1 0 0 0 0 0 7 0 0 0} {0 2 0 0 5 0 0 0 0 0} {0 0 3 0 0 0 0 8 0 0}}
468 {4 6 9 10} {{1 0 0 0 0 0 7 0 0 0} {0 2 0 0 5 0 0 0 0 0} {0 0 3 0 0 0 0 8 0 0}}
469 {4 6 9 10} {{1 0 0 0 0 0 7 0 0 0} {0 2 0 0 5 0 0 0 0 0} {0 0 3 0 0 0 0 8 0 0}}
470 {4 6 9 10} {{1 0 0 0 0 0 7 0 0 0} {0 2 0 0 5 0 0 0 0 0} {0 0 3 0 0 0 0 8 0 0}}
471 {4 6 9 10} {{1 0 0 0 0 0 7 0 0 0} {0 2 0 0 5 0 0 0 0 0} {0 0 3 0 0 0 0 8 0 0}}
472 {4 6 9 10} {{1 0 0 0 0 0 7 0 0 0} {0 2 0 0 5 0 0 0 0 0} {0 0 3 0 0 0 0 8 0 0}}
473 {4 6 9 10} {{1 0 0 0 0 0 7 0 0 0} {0 2 0 0 5 0 0 0 0 0} {0 0 3 0 0 0 0 8 0 0}}
474 {4 6 9 10} {{1 0 0 0 0 0 7 0 0 0} {0 2 0 0 5 0 0 0 0 0} {0 0 3 0 0 0 0 8 0 0}}
475 {4 6 9 10} {{1 0 0 0 0 0 7 0 0 0} {0 2 0 0 5 0 0 0 0 0} {0 0 3 0 0 0 0 8 0 0}}
476 {4 6 9 10} {{1 0 0 0 0 0 7 0 0 0} {0 2 0 0 5 0 0 0 0 0} {0 0 3 0 0 0 0 8 0 0}}
477 {4 6 9 10} {{1 0 0 0 0 0 7 0 0 0} {0 2 0 0 5 0 0 0 0 0} {0 0 3 0 0 0 0 8 0 0}}
478 {4 6 9 10} {{1 0 0 0 0 0 7 0 0 0} {0 2 0 0 5 0 0 0 0 0} {0 0 3 0 0 0 0 8 0 0}}
479 {4 6 9 10} {{1 0 0 0 0 0 7 0 0 0} {0 2 0 0 5 0 0 0 0 0} {0 0 3 0 0 0 0 8 0 0}}
480 {4 6 9 10} {{1 0 0 0 0 0 7 0 0 0} {0 2 0 0 5 0 0 0 0 0} {0 0 3 0 0 0 0 8 0 0}}
481 {4 6 9 10} {{1 0 0 0 0 0 7 0 0 0} {0 2 0 0 5 0 0 0 0 0} {0 0 3 0 0 0 0 8 0 0}}
482 {4 6 9 10} {{1 0 0 0 0 0 7 0 0 0} {0 2 0 0 5 0 0 0 0 0} {0 0 3 0 0 0 0 8 0 0}}
483 {4 6 9 10} {{1 0 0 0 0 0 7 0 0 0} {0 2 0 0 5 0 0 0 0 0} {0 0 3 0 0 0 0 8 0 0}}
484 {4 6 9 10} {{1 0 0 0 0 0 7 0 0 0} {0 2 0 0 5 0 0 0 0 0} {0 0 3 0 0 0 0 8 0 0}}
485 {4 6 9 10} {{1 0 0 0 0 0 7 0 0 0} {0 2 0 0 5 0 0 0 0 0} {0 0 3 0 0 0 0 8 0 0}}
486 {4 6 9 10} {{1 0 0 0 0 0 7 0 0 0} {0 2 0 0 5 0 0 0 0 0} {0 0 3 0 0 0 0 8 0 0}}
487 {4 6 9 10} {{1 0 0 0 0 0 7 0 0 0} {0 2 0 0 5 0 0 0 0 0} {0 0 3 0 0 0 0 8 0 0}}
488 {4 6 9 10} {{1 0 0 0 0 0 7 0 0 0} {0 2 0 0 5 0 0 0 0 0} {0 0 3 0 0 0 0 8 0 0}}
489 {4 6 9 10} {{1 0 0 0 0 0 7 0 0 0} {0 2 0 0 5 0 0 0 0 0} {0 0 3 0 0 0 0 8 0 0}}
490 {4 6 9 10} {{1 0 0 0 0 0 7 0 0 0} {0 2 0 0 5 0 0 0 0 0} {0 0 3 0 0 0 0 8 0 0}}
491 {4 6 9 10} {{1 0 0 0 0 0 7 0 0 0} {0 2 0 0 5 0 0 0 0 0} {0 0 3 0 0 0 0 8 0 0}}
492 {4 6 9 10} {{1 0 0 0 0 0 7 0 0 0} {0 2 0 0 5 0 0 0 0 0} {0 0 3 0 0 0 0 8 0 0}}
493 {4 6 9 10} {{1 0 0 0 0 0 7 0 0 0} {0 2 0 0 5 0 0 0 0 0} {0 0 3 0 0 0 0 8 0 0}}
494 {4 6 9 10} {{1 0 0 0 0 0 7 0 0 0} {0 2 0 0 5 0 0 0 0 0} {0 0 3 0 0 0 0 8 0 0}}
495 {4 6 9 10} {{1 0 0 0 0 0 7 0 0 0} {0 2 0 0 5 0 0 0 0 0} {0 0 3 0 0 0 0 8 0 0}}
496 {4 6 9 10} {{1 0 0 0 0 0 7 0 0 0} {0 2 0 0 5 0 0 0 0 0} {0 0 3 0 0 0 0 8 0 0}}
497 {4 6 9 10} {{1 0 0 0 0 0 7 0 0 0} {0 2 0 0 5 0 0 0 0 0} {0 0 3 0 0 0 0 8 0 0}}
498 {4 6 9 10} {{1 0 0 0 0 0 7 0 0 0} {0 2 0 0 5 0 0 0 0 0} {0 0 3 0 0 0 0 8 0 0}}
499 {4 6 9 10} {{1 0 0 0 0 0 7 0 0 0} {0 2 0 0 5 0 0 0 0 0} {0 0 3 0 0 0 0 8 0 0}}
500 {4 6 9 10} {{1 0 0 0 0 0 7 0 0 0} {0 2 0 0 5 0 0 0 0 0} {0 0 3 0 0 0 0 8 0 0}}
501 {4 6 9 10} {{1 0 0 0 0 0 7 0 0 0} {0 2 0 0 5 0 0 0 0 0} {0 0 3 0 0 0 0 8 0 0}}
