# Selection:resname AU W ION Restricted:name AUC AUL AUSL Radius:2.64 Start:0 End:-1
0 311.4432678222656
1 313.1663818359375
2 55.56871795654297
3 102.52213287353516
4 59.01483917236328
5 68.92243957519531
6 105.96824645996094
7 109.84514617919922
8 100.36830139160156
9 90.89146423339844
10 93.47605895996094
11 65.90707397460938
12 118.46043395996094
13 164.9831085205078
14 143.8755645751953
15 113.29124450683594
16 96.49140930175781
17 115.44507598876953
18 111.1374282836914
19 116.73736572265625
20 78.83003234863281
21 147.75247192382813
22 158.95237731933594
23 150.33706665039063
24 146.46014404296875
25 156.36778259277344
26 53.41489028930664
27 82.70691680908203
28 65.476318359375
29 136.98333740234375
30 111.99895477294922
31 149.47555541992188
32 113.29126739501953
33 171.87533569335938
34 186.09056091308594
35 149.9062957763672
36 181.7829132080078
37 229.16708374023438
38 245.96694946289063
39 161.96771240234375
40 212.79800415039063
41 208.92112731933594
42 147.32171630859375
43 223.56712341308594
44 178.76759338378906
45 109.84513854980469
46 150.33706665039063
47 138.70640563964844
48 73.6608657836914
49 121.90657043457031
50 90.89146423339844
51 35.322750091552734
52 143.87557983398438
53 160.24465942382813
54 186.52133178710938
55 115.87584686279297
56 111.56819152832031
57 77.53775024414063
58 171.44459533691406
59 167.9984130859375
60 114.58355712890625
61 185.65982055664063
62 193.84434509277344
63 102.09134674072266
64 155.0754852294922
65 58.1533088684082
66 151.62936401367188
67 176.18299865722656
68 153.35243225097656
69 89.16839599609375
70 153.783203125
71 103.38365936279297
72 181.35214233398438
73 160.24465942382813
74 229.59786987304688
75 66.76861572265625
76 80.5531005859375
77 150.33705139160156
78 223.13638305664063
79 189.9674530029297
80 129.22958374023438
81 85.72228240966797
82 82.27616119384766
83 119.75273132324219
84 88.30686950683594
85 101.66059112548828
86 161.53697204589844
87 118.02969360351563
88 124.06037902832031
89 127.93727111816406
90 85.29151153564453
91 130.95262145996094
92 70.21472930908203
93 85.29151916503906
94 109.41436004638672
95 124.92190551757813
96 91.75299835205078
97 113.7220230102539
98 55.5687141418457
99 112.86048889160156
100 95.1991195678711
101 89.59917449951172
102 86.58380889892578
103 104.67594909667969
104 129.22958374023438
105 114.15278625488281
106 87.01457214355469
107 93.4760513305664
108 78.83002471923828
109 43.50728988647461
110 88.3068618774414
111 70.21473693847656
112 86.58381652832031
113 102.952880859375
114 141.29100036621094
115 142.5832977294922
116 87.44534301757813
117 90.89146423339844
118 74.9531478881836
119 170.1522674560547
120 95.19911193847656
121 110.70665740966797
122 73.23008728027344
123 163.69078063964844
124 142.58328247070313
125 133.5372314453125
126 104.24518585205078
127 188.2444305419922
128 228.73631286621094
129 84.86075592041016
130 154.21395874023438
131 81.41462707519531
132 141.72174072265625
133 124.92191314697266
134 156.79855346679688
135 113.72200775146484
136 143.44482421875
137 129.2295684814453
138 76.24544525146484
139 216.2441864013672
140 171.444580078125
141 150.33706665039063
142 74.9531478881836
143 120.1834945678711
144 208.921142578125
145 228.73634338378906
146 186.95208740234375
147 98.64523315429688
148 98.21446990966797
149 196.42892456054688
150 109.41436767578125
151 134.39874267578125
152 139.13717651367188
153 102.5221176147461
154 143.44480895996094
155 74.9531478881836
156 95.6298828125
157 89.59917449951172
158 171.87533569335938
159 69.7839584350586
160 78.3992691040039
161 124.9218978881836
162 126.21421813964844
163 159.81390380859375
164 127.93726348876953
165 163.260009765625
166 121.47578430175781
167 108.1220703125
168 98.64524841308594
169 99.50676727294922
170 92.18375396728516
171 105.5374755859375
172 205.4750213623047
173 167.99844360351563
174 130.95263671875
175 109.41437530517578
176 123.6296157836914
177 186.09054565429688
178 117.59889221191406
179 152.49087524414063
180 98.6452407836914
181 225.29022216796875
182 183.93675231933594
183 211.07496643066406
184 243.38232421875
185 172.3060760498047
186 163.69078063964844
187 200.73658752441406
188 170.58303833007813
189 133.1064453125
190 158.5216064453125
191 179.19834899902344
192 101.22984313964844
193 99.93753814697266
194 170.58302307128906
195 215.81338500976563
196 81.41461944580078
197 118.02967071533203
198 57.291778564453125
199 101.66060638427734
200 94.33758544921875
201 164.12152099609375
202 134.82952880859375
203 117.59890747070313
204 109.41437530517578
205 64.61478424072266
206 172.30612182617188
207 99.07600402832031
208 77.96849822998047
209 108.98360443115234
210 70.64550018310547
211 108.1220703125
212 131.8141632080078
213 51.69182586669922
214 146.89093017578125
215 92.61454010009766
216 143.44482421875
217 144.73712158203125
218 108.98361206054688
219 108.98360443115234
220 118.02967834472656
221 131.81417846679688
222 205.47503662109375
223 139.99871826171875
224 156.79852294921875
225 98.64523315429688
226 169.2907257080078
227 156.79855346679688
228 77.10698699951172
229 91.32222747802734
230 161.10618591308594
231 124.92192077636719
232 165.84461975097656
233 167.99844360351563
234 84.42999267578125
235 106.82977294921875
236 105.10671997070313
237 138.70640563964844
238 71.93778991699219
239 164.55233764648438
240 149.47555541992188
241 131.38339233398438
242 64.18402099609375
243 101.66059112548828
244 178.76756286621094
245 194.27511596679688
246 123.1988525390625
247 155.0754852294922
248 167.99842834472656
249 169.72149658203125
250 93.47606658935547
251 123.62960815429688
252 116.30661010742188
253 102.52213287353516
254 87.8760986328125
255 99.50675964355469
256 99.93753051757813
257 77.96851348876953
258 87.87611389160156
259 124.92191314697266
260 107.6913070678711
261 137.84487915039063
262 102.52213287353516
263 95.62987518310547
264 138.275634765625
265 88.7376480102539
266 116.3066177368164
267 113.7220230102539
268 70.64549255371094
269 154.21392822265625
270 42.214996337890625
271 59.87636947631836
272 122.76809692382813
273 100.3682861328125
274 105.5374755859375
275 208.921142578125
276 83.56845092773438
277 77.96851348876953
278 110.7066650390625
279 67.19937133789063
280 139.9987030029297
281 52.5533561706543
282 117.16813659667969
283 97.35294342041016
284 87.44535064697266
285 83.13768768310547
286 76.67620849609375
287 51.69182586669922
288 38.76887130737305
289 182.64443969726563
290 112.8604965209961
291 102.952880859375
292 92.18374633789063
293 103.81441497802734
294 180.0598907470703
295 165.41384887695313
296 150.33706665039063
297 232.1824951171875
298 194.27511596679688
299 169.72152709960938
300 87.01457214355469
301 188.6751708984375
302 145.59864807128906
303 219.69029235839844
304 87.01457977294922
305 114.15278625488281
306 103.38365936279297
307 181.78289794921875
308 189.9674835205078
309 127.50650024414063
310 179.62911987304688
311 149.9062957763672
312 153.3524169921875
313 138.70640563964844
314 139.13717651367188
315 46.953407287597656
316 196.42892456054688
317 244.24386596679688
318 118.89118957519531
319 72.36856079101563
320 195.56741333007813
321 207.1980743408203
322 178.33682250976563
323 158.09083557128906
324 154.21395874023438
325 109.41436004638672
326 122.33733367919922
327 98.6452407836914
328 180.05984497070313
329 156.7985382080078
330 99.93753051757813
331 49.10723876953125
332 94.76835632324219
333 117.59892272949219
334 168.85997009277344
335 81.84539031982422
336 133.96798706054688
337 150.76785278320313
338 158.95236206054688
339 89.16841125488281
340 164.98309326171875
341 164.5523223876953
342 125.35267639160156
343 92.18376159667969
344 157.2292938232422
345 86.15304565429688
346 105.5374755859375
347 145.16787719726563
348 174.8907012939453
349 127.07573699951172
350 134.82949829101563
351 148.1832275390625
352 108.98360443115234
353 122.33731842041016
354 109.41436004638672
355 102.09135437011719
356 145.16790771484375
357 89.59916687011719
358 70.6455078125
359 157.22927856445313
360 128.36802673339844
361 155.50624084472656
362 93.90682220458984
363 133.5372314453125
364 159.81390380859375
365 100.36829376220703
366 110.70667266845703
367 139.56793212890625
368 165.8446044921875
369 125.35267639160156
370 99.93754577636719
371 96.49141693115234
372 200.73660278320313
373 205.0442657470703
374 87.01457214355469
375 164.55230712890625
376 179.62908935546875
377 214.52108764648438
378 138.70640563964844
379 163.26002502441406
380 150.33705139160156
381 116.3066177368164
382 152.9216766357422
383 149.47552490234375
384 131.81414794921875
385 206.33653259277344
386 180.05987548828125
387 137.84487915039063
388 196.42897033691406
389 121.90655517578125
390 119.75272369384766
391 157.2292938232422
392 111.56819915771484
393 158.09085083007813
394 93.0452880859375
395 113.29125213623047
396 122.76808166503906
397 71.93780517578125
398 149.90628051757813
399 231.3209228515625
400 104.24519348144531
401 98.6452407836914
402 166.7061309814453
403 130.52186584472656
404 158.5216064453125
405 136.55259704589844
406 176.18296813964844
407 215.81336975097656
408 179.1983184814453
409 226.58250427246094
410 211.9364776611328
411 201.59811401367188
412 145.16787719726563
413 188.24440002441406
414 125.35267639160156
415 255.44375610351563
416 138.27565002441406
417 200.3058319091797
418 109.84513854980469
419 77.53775024414063
420 96.0606460571289
421 193.41358947753906
422 52.12260055541992
423 198.15200805664063
424 118.46043395996094
425 122.33734893798828
426 58.1533088684082
427 124.92190551757813
428 147.3217010498047
429 196.85971069335938
430 164.12158203125
431 96.49140930175781
432 113.72200775146484
433 91.32223510742188
434 124.92191314697266
435 175.75221252441406
436 200.73658752441406
437 183.93675231933594
438 253.2899627685547
439 57.29177474975586
440 141.72174072265625
441 255.01300048828125
442 241.65928649902344
443 177.4752960205078
444 139.9987030029297
445 163.6907958984375
446 303.2586975097656
447 129.6603546142578
448 202.89041137695313
449 203.75193786621094
450 226.15176391601563
451 165.41383361816406
452 177.4752655029297
453 132.2449493408203
454 134.8295135498047
455 149.90631103515625
456 242.95156860351563
457 138.27565002441406
458 142.5832977294922
459 137.41409301757813
460 87.87610626220703
461 116.3066177368164
462 240.79776000976563
463 131.81414794921875
464 126.21421813964844
465 76.24544525146484
466 73.23008728027344
467 165.41384887695313
468 159.81390380859375
469 208.4903564453125
470 238.2131805419922
471 146.02940368652344
472 131.8141632080078
473 193.41358947753906
474 106.39900207519531
475 122.33732604980469
476 223.99790954589844
477 173.59840393066406
478 134.39874267578125
479 170.58302307128906
480 99.93753051757813
481 124.92192077636719
482 158.09083557128906
483 152.49090576171875
484 161.96771240234375
485 159.38311767578125
486 164.1215362548828
487 105.1067123413086
488 161.53697204589844
489 54.70718002319336
490 124.49115753173828
491 86.58380126953125
492 105.1067123413086
493 143.0140380859375
494 177.04452514648438
495 110.2759017944336
496 92.18375396728516
497 87.44534301757813
498 86.1530532836914
499 72.3685531616211
500 113.29124450683594
501 81.84539031982422
502 52.122589111328125
503 110.2759017944336
504 73.66085052490234
505 63.322486877441406
506 78.83004760742188
507 188.67514038085938
508 73.23009490966797
509 180.49063110351563
510 210.2134246826172
511 90.46070098876953
512 79.69158935546875
513 111.99896240234375
514 43.938053131103516
515 77.968505859375
516 126.64497375488281
517 177.47528076171875
518 145.59866333007813
519 145.59866333007813
520 106.82977294921875
521 103.81440734863281
522 162.3984832763672
523 159.8138885498047
524 126.21421813964844
525 147.75247192382813
526 121.90655517578125
527 158.09083557128906
528 81.41461944580078
529 127.07573699951172
530 117.16812896728516
531 188.67515563964844
532 157.66006469726563
533 170.58299255371094
534 190.39822387695313
535 167.1369171142578
536 62.891727447509766
537 49.107234954833984
538 125.35266876220703
539 77.96851348876953
540 100.79905700683594
541 48.245704650878906
542 95.6298828125
543 61.16866683959961
544 71.93778228759766
545 65.04554748535156
546 130.52186584472656
547 208.92112731933594
548 104.67595672607422
549 118.89120483398438
550 118.89120483398438
551 118.89122009277344
552 121.90656280517578
553 89.59916687011719
554 132.2449188232422
555 118.89119720458984
556 175.32144165039063
557 87.01459503173828
558 84.42999267578125
559 162.82925415039063
560 36.61503982543945
561 55.5687141418457
562 25.84591293334961
563 140.8602294921875
564 95.6298828125
565 150.33706665039063
566 153.78318786621094
567 137.4141082763672
568 130.95263671875
569 138.275634765625
570 133.53721618652344
571 111.56819915771484
572 129.6603240966797
573 102.52212524414063
574 67.63013458251953
575 199.4442901611328
576 97.78369903564453
577 146.46017456054688
578 127.07573699951172
579 131.8141632080078
580 79.69156646728516
581 127.93726348876953
582 152.92164611816406
583 217.1056671142578
584 188.6751708984375
585 133.96798706054688
586 165.84461975097656
587 156.7985382080078
588 129.6603240966797
589 178.767578125
590 199.0135498046875
591 219.6902618408203
592 189.5366973876953
593 107.6913070678711
594 68.0609130859375
595 120.6142578125
596 62.89173126220703
597 85.72228240966797
598 96.49141693115234
599 97.35293579101563
600 121.90655517578125
601 101.22982788085938
602 47.384178161621094
603 108.12206268310547
604 141.7217559814453
605 110.27590942382813
606 85.7222671508789
607 100.3682861328125
608 121.47579193115234
609 111.99895477294922
610 205.47500610351563
611 193.84434509277344
612 99.50676727294922
613 136.12179565429688
614 61.59942626953125
615 78.83003997802734
616 78.39927673339844
617 155.0754852294922
618 194.27511596679688
619 146.02940368652344
620 126.64497375488281
621 192.5520782470703
622 119.32196807861328
623 74.09162902832031
624 90.02993774414063
625 146.8909454345703
626 109.84512329101563
627 60.307132720947266
628 105.1067123413086
629 117.59889221191406
630 101.22982788085938
631 119.32195281982422
632 143.44482421875
633 143.01405334472656
634 169.7215118408203
635 88.30687713623047
636 142.58331298828125
637 118.0296630859375
638 108.98359680175781
639 95.1991195678711
640 143.87559509277344
641 144.30633544921875
642 58.58407211303711
643 84.42997741699219
644 58.1533088684082
645 97.35293579101563
646 201.59811401367188
647 146.4601593017578
648 213.22882080078125
649 52.55335998535156
650 93.0452880859375
651 137.4141082763672
652 92.18376159667969
653 100.36829376220703
654 85.72228240966797
655 127.50652313232422
656 156.79852294921875
657 90.460693359375
658 176.1829833984375
659 86.1530532836914
660 110.70665740966797
661 72.36856842041016
662 110.27588653564453
663 168.42918395996094
664 152.06011962890625
665 93.47605895996094
666 101.66059112548828
667 80.98385620117188
668 112.86048889160156
669 67.6301498413086
670 70.6455078125
671 139.13717651367188
672 104.67594909667969
673 95.19911193847656
674 85.72227478027344
675 141.29100036621094
676 114.58355712890625
677 77.10697937011719
678 151.62936401367188
679 55.56871795654297
680 104.67596435546875
681 102.95288848876953
682 107.69132232666016
683 138.275634765625
684 130.95263671875
685 178.76754760742188
686 121.04502868652344
687 92.61453247070313
688 154.6446990966797
689 244.24388122558594
690 211.50572204589844
691 161.10617065429688
692 214.95184326171875
693 175.3214569091797
694 79.26081085205078
695 102.09136199951172
696 131.38340759277344
697 178.767578125
698 125.783447265625
699 205.0442657470703
700 128.79879760742188
701 118.89118957519531
702 177.90603637695313
703 205.04425048828125
704 143.87559509277344
705 177.90603637695313
706 96.06063842773438
707 111.56819915771484
708 182.21371459960938
709 77.10697937011719
710 147.7524871826172
711 127.50650787353516
712 152.49087524414063
713 125.35267639160156
714 128.79881286621094
715 83.13768768310547
716 100.36829376220703
717 71.07626342773438
718 110.7066650390625
719 186.09056091308594
720 136.55258178710938
721 118.02967834472656
722 91.32222747802734
723 100.79906463623047
724 122.76808166503906
725 70.21472930908203
726 95.19911193847656
727 110.70667266845703
728 64.61477661132813
729 141.29100036621094
730 89.16840362548828
731 66.33784484863281
732 152.49090576171875
733 185.65982055664063
734 164.98309326171875
735 204.18272399902344
736 140.8602294921875
737 183.50596618652344
738 143.87557983398438
739 142.58331298828125
740 142.1525421142578
741 148.1832275390625
742 160.67543029785156
743 162.39849853515625
744 71.07626342773438
745 103.81442260742188
746 90.02993774414063
747 166.27537536621094
748 155.07546997070313
749 106.82976531982422
750 160.67543029785156
751 77.96849822998047
752 116.30661010742188
753 149.47552490234375
754 149.90631103515625
755 154.64471435546875
756 98.64524841308594
757 196.85971069335938
758 143.44480895996094
759 181.35215759277344
760 96.06063842773438
761 154.21395874023438
762 103.81441497802734
763 247.6899871826172
764 207.62884521484375
765 139.9987030029297
766 100.79905700683594
767 151.6293487548828
768 207.62884521484375
769 170.1522674560547
770 109.41437530517578
771 130.09109497070313
772 173.598388671875
773 133.1064453125
774 120.1834945678711
775 164.55230712890625
776 130.5218505859375
777 120.61427307128906
778 123.62959289550781
779 171.44454956054688
780 90.46070098876953
781 119.32195281982422
782 134.8295135498047
783 111.13741302490234
784 127.07575225830078
785 110.27589416503906
786 167.99844360351563
787 51.69182586669922
788 91.32221984863281
789 124.49115753173828
790 195.13665771484375
791 87.44534301757813
792 184.7982940673828
793 142.1525421142578
794 124.92192077636719
795 89.59916687011719
796 104.24518585205078
797 170.15228271484375
798 117.59890747070313
799 80.98385620117188
800 84.42997741699219
801 93.0452880859375
802 90.46070098876953
803 123.62960815429688
804 58.1533088684082
805 155.93699645996094
806 52.9841194152832
807 143.87557983398438
808 145.16787719726563
809 116.73738098144531
810 83.99921417236328
811 101.2298355102539
812 86.58380889892578
813 120.61426544189453
814 91.32221984863281
815 103.8144302368164
816 131.38340759277344
817 160.24468994140625
818 90.460693359375
819 183.936767578125
820 127.93726348876953
821 118.89120483398438
822 149.9062957763672
823 146.4601593017578
824 162.82925415039063
825 100.79905700683594
826 84.86074829101563
827 94.33758544921875
828 127.07574462890625
829 128.36805725097656
830 65.476318359375
831 87.44535064697266
832 110.70665740966797
833 123.19886016845703
834 94.76835632324219
835 76.24544525146484
836 170.15225219726563
837 97.35293579101563
838 124.06037902832031
839 174.45989990234375
840 229.59783935546875
841 222.7056427001953
842 170.1522674560547
843 180.49066162109375
844 134.39874267578125
845 111.99895477294922
846 143.87557983398438
847 104.67595672607422
848 131.38339233398438
849 165.84463500976563
850 163.69082641601563
851 153.3524169921875
852 183.936767578125
853 140.86021423339844
854 140.42945861816406
855 135.6910400390625
856 162.39849853515625
857 121.47577667236328
858 146.0294189453125
859 100.36829376220703
860 90.89146423339844
861 46.52265167236328
862 128.79881286621094
863 110.27589416503906
864 125.78343963623047
865 174.45994567871094
866 74.52238464355469
867 94.33758544921875
868 130.95262145996094
869 63.322486877441406
870 102.09134674072266
871 120.1834945678711
872 102.952880859375
873 167.99842834472656
874 171.44456481933594
875 261.4744873046875
876 154.6447296142578
877 78.83003997802734
878 217.96719360351563
879 197.72122192382813
880 41.78422546386719
881 144.73712158203125
882 178.33680725097656
883 209.3519287109375
884 167.13690185546875
885 143.44482421875
886 110.7066650390625
887 74.52237701416016
888 183.07522583007813
889 147.75245666503906
890 137.4141082763672
891 183.07522583007813
892 160.2446746826172
893 132.2449188232422
894 109.41437530517578
895 133.10646057128906
896 215.81338500976563
897 199.87506103515625
898 165.84461975097656
899 231.3208770751953
900 165.8446044921875
901 79.69155883789063
902 114.15278625488281
903 152.06015014648438
904 122.33733367919922
905 75.38392639160156
906 131.8141632080078
907 204.18270874023438
908 177.0445098876953
909 83.5684585571289
910 83.1376953125
911 92.18375396728516
912 148.61399841308594
913 226.15174865722656
914 158.9523468017578
915 125.35266876220703
916 135.26026916503906
917 158.95237731933594
918 103.38365936279297
919 159.81390380859375
920 160.24464416503906
921 161.96774291992188
922 179.6291046142578
923 205.0442352294922
924 190.39822387695313
925 98.2144775390625
926 115.8758544921875
927 91.75300598144531
928 116.3066177368164
929 121.47578430175781
930 190.8290252685547
931 198.15200805664063
932 169.2907257080078
933 105.1067123413086
934 124.06038665771484
935 104.24519348144531
936 107.26054382324219
937 167.13690185546875
938 173.1676025390625
939 168.42921447753906
940 189.10595703125
941 181.35215759277344
942 169.7214813232422
943 146.46017456054688
944 155.93702697753906
945 136.5525665283203
946 124.92191314697266
947 90.02993774414063
948 114.58354187011719
949 149.9062957763672
950 115.445068359375
951 178.767578125
952 111.99895477294922
953 49.107234954833984
954 93.90682220458984
955 181.78294372558594
956 220.1210479736328
957 171.87535095214844
958 166.27537536621094
959 163.6907958984375
960 134.39874267578125
961 188.2444305419922
962 183.5059814453125
963 167.13693237304688
964 94.33758544921875
965 107.26053619384766
966 140.86024475097656
967 156.3677978515625
968 73.66085052490234
969 169.72152709960938
970 118.02967071533203
971 130.5218505859375
972 141.2909698486328
973 116.30660247802734
974 172.3061065673828
975 103.38365936279297
976 163.260009765625
977 105.9682388305664
978 129.6603240966797
979 228.73634338378906
980 133.96798706054688
981 143.44482421875
982 200.3058319091797
983 131.38340759277344
984 79.26080322265625
985 59.44560623168945
986 64.18402099609375
987 174.02915954589844
988 150.76783752441406
989 100.7990493774414
990 205.90574645996094
991 85.7222900390625
992 102.52212524414063
993 195.99819946289063
994 202.45965576171875
995 209.35189819335938
996 93.04528045654297
997 177.04449462890625
998 176.61375427246094
999 92.18375396728516
1000 121.04502868652344
1001 164.55233764648438
1002 164.55233764648438
