# Selection 1:name C1A D2A C3A C4A C1B C2B C3B C4B Selection 2:name AUC AUSL AUL Cutoff:8 Start:0 End:-1
0 0
1 0
2 25
3 28
4 23
5 24
6 34
7 29
8 35
9 32
10 32
11 30
12 32
13 32
14 33
15 29
16 32
17 37
18 35
19 31
20 26
21 34
22 34
23 37
24 30
25 40
26 23
27 28
28 28
29 31
30 33
31 36
32 32
33 34
34 34
35 35
36 35
37 41
38 37
39 40
40 40
41 37
42 38
43 41
44 33
45 25
46 26
47 34
48 33
49 35
50 32
51 26
52 37
53 34
54 34
55 34
56 34
57 26
58 32
59 34
60 26
61 32
62 37
63 30
64 35
65 23
66 29
67 38
68 37
69 36
70 36
71 37
72 32
73 31
74 36
75 24
76 36
77 32
78 39
79 35
80 30
81 28
82 30
83 37
84 28
85 25
86 30
87 29
88 26
89 32
90 32
91 34
92 26
93 27
94 25
95 35
96 29
97 40
98 31
99 27
100 28
101 26
102 28
103 33
104 30
105 39
106 31
107 34
108 27
109 28
110 21
111 27
112 31
113 29
114 38
115 33
116 30
117 29
118 28
119 33
120 26
121 27
122 22
123 37
124 32
125 29
126 25
127 37
128 37
129 28
130 33
131 26
132 39
133 28
134 36
135 29
136 32
137 33
138 32
139 45
140 33
141 32
142 26
143 33
144 44
145 48
146 41
147 32
148 30
149 40
150 32
151 32
152 32
153 33
154 31
155 27
156 31
157 32
158 35
159 29
160 26
161 30
162 30
163 34
164 30
165 35
166 32
167 35
168 29
169 31
170 25
171 28
172 43
173 35
174 31
175 31
176 33
177 37
178 38
179 34
180 27
181 37
182 37
183 32
184 41
185 39
186 34
187 31
188 34
189 40
190 30
191 36
192 27
193 36
194 35
195 38
196 34
197 26
198 22
199 32
200 31
201 30
202 28
203 31
204 33
205 24
206 39
207 33
208 30
209 33
210 28
211 34
212 30
213 24
214 38
215 26
216 37
217 31
218 29
219 30
220 32
221 30
222 36
223 26
224 33
225 31
226 36
227 29
228 34
229 31
230 38
231 39
232 32
233 33
234 31
235 32
236 26
237 37
238 30
239 37
240 34
241 33
242 29
243 31
244 40
245 35
246 31
247 41
248 34
249 32
250 31
251 33
252 35
253 30
254 26
255 29
256 29
257 29
258 28
259 30
260 33
261 38
262 28
263 24
264 31
265 29
266 34
267 31
268 27
269 27
270 21
271 29
272 37
273 30
274 33
275 42
276 29
277 30
278 27
279 25
280 29
281 38
282 31
283 29
284 29
285 26
286 27
287 25
288 27
289 30
290 24
291 32
292 31
293 26
294 34
295 34
296 33
297 37
298 37
299 38
300 23
301 33
302 29
303 38
304 33
305 40
306 32
307 33
308 29
309 33
310 34
311 35
312 36
313 28
314 38
315 23
316 37
317 36
318 34
319 28
320 29
321 28
322 34
323 34
324 38
325 30
326 35
327 31
328 39
329 34
330 31
331 23
332 29
333 33
334 38
335 30
336 33
337 33
338 41
339 31
340 31
341 39
342 29
343 31
344 37
345 36
346 30
347 36
348 36
349 38
350 32
351 32
352 33
353 29
354 30
355 29
356 40
357 32
358 30
359 30
360 40
361 34
362 31
363 32
364 31
365 30
366 29
367 28
368 32
369 27
370 38
371 29
372 37
373 38
374 25
375 36
376 39
377 42
378 30
379 31
380 34
381 28
382 34
383 32
384 26
385 33
386 35
387 32
388 28
389 32
390 29
391 34
392 32
393 28
394 30
395 31
396 28
397 30
398 33
399 37
400 35
401 36
402 36
403 36
404 35
405 32
406 36
407 34
408 39
409 39
410 39
411 40
412 31
413 37
414 34
415 42
416 39
417 33
418 24
419 29
420 27
421 39
422 21
423 36
424 36
425 33
426 22
427 39
428 34
429 37
430 25
431 33
432 33
433 22
434 29
435 28
436 37
437 33
438 36
439 24
440 33
441 39
442 40
443 33
444 35
445 28
446 40
447 25
448 31
449 32
450 36
451 34
452 34
453 37
454 37
455 37
456 35
457 30
458 34
459 36
460 35
461 29
462 38
463 33
464 30
465 30
466 32
467 32
468 31
469 34
470 39
471 38
472 35
473 32
474 24
475 28
476 35
477 37
478 28
479 32
480 27
481 35
482 39
483 33
484 36
485 36
486 34
487 32
488 30
489 22
490 30
491 31
492 23
493 35
494 36
495 31
496 30
497 24
498 31
499 25
500 27
501 26
502 24
503 34
504 21
505 30
506 26
507 40
508 28
509 34
510 40
511 29
512 25
513 30
514 28
515 30
516 34
517 39
518 34
519 36
520 39
521 31
522 33
523 29
524 35
525 36
526 32
527 35
528 28
529 33
530 26
531 29
532 34
533 35
534 44
535 35
536 28
537 31
538 33
539 29
540 25
541 24
542 35
543 26
544 27
545 28
546 35
547 41
548 28
549 28
550 38
551 32
552 30
553 29
554 38
555 35
556 38
557 32
558 26
559 34
560 26
561 18
562 22
563 36
564 29
565 33
566 41
567 37
568 30
569 33
570 36
571 33
572 30
573 26
574 25
575 35
576 32
577 31
578 36
579 34
580 31
581 30
582 33
583 40
584 35
585 34
586 35
587 35
588 34
589 38
590 41
591 42
592 41
593 33
594 21
595 35
596 30
597 25
598 40
599 31
600 32
601 34
602 34
603 28
604 34
605 33
606 31
607 31
608 31
609 28
610 38
611 40
612 37
613 38
614 25
615 28
616 26
617 35
618 37
619 33
620 32
621 45
622 29
623 27
624 32
625 41
626 29
627 26
628 29
629 31
630 28
631 31
632 36
633 29
634 38
635 30
636 35
637 26
638 33
639 28
640 39
641 28
642 20
643 29
644 28
645 29
646 38
647 34
648 31
649 24
650 34
651 35
652 31
653 27
654 29
655 32
656 36
657 31
658 35
659 31
660 29
661 31
662 29
663 32
664 31
665 26
666 33
667 23
668 30
669 21
670 29
671 31
672 26
673 30
674 26
675 30
676 29
677 28
678 37
679 29
680 33
681 33
682 26
683 30
684 32
685 39
686 33
687 33
688 34
689 40
690 38
691 31
692 34
693 37
694 27
695 33
696 42
697 44
698 30
699 37
700 38
701 29
702 35
703 36
704 28
705 34
706 35
707 30
708 36
709 28
710 32
711 29
712 35
713 28
714 37
715 25
716 28
717 29
718 29
719 30
720 32
721 32
722 30
723 31
724 34
725 30
726 33
727 38
728 28
729 35
730 33
731 32
732 34
733 34
734 40
735 41
736 30
737 34
738 32
739 30
740 32
741 32
742 30
743 32
744 23
745 32
746 27
747 33
748 33
749 32
750 41
751 25
752 29
753 34
754 40
755 36
756 32
757 31
758 27
759 37
760 27
761 30
762 22
763 38
764 32
765 35
766 29
767 30
768 42
769 34
770 31
771 23
772 40
773 31
774 29
775 34
776 34
777 32
778 28
779 35
780 25
781 29
782 35
783 29
784 34
785 36
786 38
787 34
788 25
789 33
790 32
791 23
792 37
793 30
794 34
795 29
796 29
797 37
798 30
799 29
800 24
801 29
802 27
803 31
804 32
805 29
806 22
807 33
808 38
809 32
810 26
811 33
812 35
813 37
814 26
815 30
816 37
817 28
818 30
819 35
820 31
821 27
822 25
823 33
824 38
825 37
826 30
827 31
828 30
829 29
830 26
831 30
832 30
833 37
834 33
835 35
836 33
837 26
838 28
839 36
840 38
841 33
842 36
843 36
844 32
845 34
846 35
847 25
848 32
849 32
850 30
851 38
852 34
853 30
854 27
855 36
856 31
857 27
858 34
859 29
860 27
861 25
862 31
863 35
864 36
865 30
866 30
867 32
868 34
869 23
870 26
871 29
872 26
873 38
874 36
875 36
876 34
877 29
878 37
879 41
880 25
881 30
882 37
883 34
884 32
885 36
886 33
887 27
888 29
889 33
890 31
891 36
892 40
893 23
894 34
895 36
896 33
897 42
898 33
899 32
900 33
901 20
902 35
903 36
904 30
905 29
906 34
907 37
908 37
909 31
910 27
911 30
912 34
913 36
914 37
915 36
916 37
917 32
918 25
919 27
920 36
921 33
922 33
923 30
924 38
925 30
926 36
927 34
928 28
929 29
930 34
931 33
932 30
933 26
934 34
935 32
936 28
937 35
938 34
939 37
940 31
941 40
942 29
943 38
944 39
945 33
946 29
947 27
948 36
949 26
950 32
951 32
952 28
953 27
954 35
955 38
956 41
957 42
958 36
959 36
960 30
961 31
962 38
963 33
964 28
965 23
966 35
967 34
968 28
969 35
970 32
971 38
972 38
973 28
974 34
975 33
976 38
977 32
978 33
979 28
980 33
981 38
982 37
983 29
984 28
985 31
986 28
987 40
988 40
989 30
990 42
991 28
992 27
993 41
994 39
995 39
996 25
997 37
998 35
999 25
1000 30
1001 32
1002 32
