# Selection:resname AU POPC Restricted:name AUC AUL AUSL Radius:2.64 Start:0 End:-1
0 311.4432678222656
1 313.1663818359375
2 9.907599449157715
3 5.169182777404785
4 6.030713081359863
5 9.046070098876953
6 18.522903442382813
7 11.199895858764648
8 14.646017074584961
9 11.199894905090332
10 19.38443374633789
11 13.784486770629883
12 13.353721618652344
13 12.492191314697266
14 31.015092849731445
15 11.199895858764648
16 20.676729202270508
17 13.784486770629883
18 6.030713081359863
19 12.922956466674805
20 8.615303993225098
21 13.784486770629883
22 10.338364601135254
23 11.199894905090332
24 21.10749626159668
25 34.03044891357422
26 14.215251922607422
27 6.892243385314941
28 10.338364601135254
29 7.7537736892700195
30 15.507547378540039
31 7.7537736892700195
32 13.784486770629883
33 1.2922956943511963
34 6.030713081359863
35 0.0
36 0.43076521158218384
37 0.0
38 6.030713081359863
39 13.784486770629883
40 0.0
41 0.0
42 0.0
43 0.0
44 2.1538259983062744
45 31.445859909057617
46 16.36907958984375
47 10.76913070678711
48 6.892243385314941
49 25.84591293334961
50 15.938312530517578
51 15.0767822265625
52 25.84591293334961
53 27.138206481933594
54 12.061426162719727
55 17.661373138427734
56 9.476835250854492
57 8.615304946899414
58 14.646017074584961
59 15.507547378540039
60 21.969024658203125
61 6.892243385314941
62 1.7230608463287354
63 0.0
64 2.1538259983062744
65 5.169182777404785
66 0.43076521158218384
67 0.0
68 0.0
69 0.43076521158218384
70 0.0
71 0.43076521158218384
72 1.2922956943511963
73 0.43076521158218384
74 0.0
75 0.43076521158218384
76 0.0
77 0.0
78 10.76913070678711
79 16.369077682495117
80 15.076783180236816
81 10.76913070678711
82 3.0153565406799316
83 14.646017074584961
84 10.76913070678711
85 20.24596405029297
86 11.199894905090332
87 14.215250968933105
88 8.615303993225098
89 6.030713081359863
90 7.3230085372924805
91 10.769129753112793
92 12.061426162719727
93 24.12285041809082
94 24.55361557006836
95 6.892243385314941
96 21.107494354248047
97 15.507547378540039
98 21.107494354248047
99 23.261320114135742
100 21.538259506225586
101 30.153562545776367
102 12.492191314697266
103 9.046069145202637
104 12.061426162719727
105 9.476835250854492
106 18.522903442382813
107 8.184538841247559
108 17.661373138427734
109 9.907599449157715
110 14.215251922607422
111 15.0767822265625
112 10.76913070678711
113 17.661373138427734
114 14.646017074584961
115 12.061426162719727
116 16.799842834472656
117 4.307652473449707
118 12.061426162719727
119 10.769129753112793
120 11.630661010742188
121 18.95366859436035
122 15.507547378540039
123 0.0
124 0.43076521158218384
125 0.0
126 6.030713081359863
127 6.461478233337402
128 8.184538841247559
129 12.922956466674805
130 16.369077682495117
131 19.81519889831543
132 6.461478233337402
133 17.230607986450195
134 10.33836555480957
135 12.922956466674805
136 20.676729202270508
137 20.24596405029297
138 8.615303993225098
139 8.615303993225098
140 3.4461216926574707
141 6.030713081359863
142 5.169182777404785
143 3.4461216926574707
144 4.307651996612549
145 0.0
146 0.0
147 14.646017074584961
148 13.353721618652344
149 12.922955513000488
150 4.307652473449707
151 6.892243385314941
152 11.630661010742188
153 9.476835250854492
154 8.184538841247559
155 20.676729202270508
156 14.215251922607422
157 13.784486770629883
158 15.507547378540039
159 39.630401611328125
160 38.338104248046875
161 42.214996337890625
162 29.292034149169922
163 11.199895858764648
164 27.138206481933594
165 15.507547378540039
166 14.215251922607422
167 17.661373138427734
168 24.98438262939453
169 4.738417625427246
170 2.1538262367248535
171 2.5845913887023926
172 0.0
173 1.2922956943511963
174 0.43076521158218384
175 0.0
176 1.2922956943511963
177 3.8768868446350098
178 1.7230608463287354
179 0.43076521158218384
180 1.7230608463287354
181 13.784486770629883
182 0.0
183 0.0
184 1.7230608463287354
185 3.0153563022613525
186 5.599947929382324
187 0.0
188 0.0
189 0.0
190 0.43076521158218384
191 12.922956466674805
192 9.907600402832031
193 14.646017074584961
194 16.36907958984375
195 13.784486770629883
196 14.646017074584961
197 12.061426162719727
198 9.046070098876953
199 14.646017074584961
200 9.907600402832031
201 23.261320114135742
202 11.199895858764648
203 10.76913070678711
204 25.845911026000977
205 21.107494354248047
206 26.27667808532715
207 11.630661010742188
208 13.353721618652344
209 18.092138290405273
210 12.492191314697266
211 18.95366859436035
212 12.922956466674805
213 16.369077682495117
214 21.107494354248047
215 22.399791717529297
216 38.33810043334961
217 40.92269515991211
218 11.630661010742188
219 8.615303993225098
220 21.107494354248047
221 17.661373138427734
222 9.046070098876953
223 6.892243385314941
224 11.199895858764648
225 18.092138290405273
226 7.3230085372924805
227 7.3230085372924805
228 5.599947929382324
229 5.169182300567627
230 6.030713081359863
231 11.630661010742188
232 13.353721618652344
233 9.046069145202637
234 9.046069145202637
235 6.892243385314941
236 12.492191314697266
237 7.753774166107178
238 32.738155364990234
239 9.046070098876953
240 15.938312530517578
241 28.861268997192383
242 25.41514778137207
243 18.092138290405273
244 20.67673110961914
245 18.092138290405273
246 33.16891860961914
247 33.168922424316406
248 25.845911026000977
249 9.907599449157715
250 4.307651996612549
251 13.353721618652344
252 32.30739212036133
253 25.845911026000977
254 41.35346984863281
255 29.29203224182129
256 29.29203224182129
257 37.47657012939453
258 20.24596405029297
259 25.415145874023438
260 22.830556869506836
261 23.261320114135742
262 20.676729202270508
263 14.215250968933105
264 20.676729202270508
265 25.845911026000977
266 17.661373138427734
267 16.369077682495117
268 14.646017074584961
269 40.922698974609375
270 12.922955513000488
271 13.784486770629883
272 15.507547378540039
273 9.476835250854492
274 18.522903442382813
275 12.922956466674805
276 9.907599449157715
277 9.907599449157715
278 22.399791717529297
279 19.81519889831543
280 30.153564453125
281 14.646017074584961
282 20.24596405029297
283 10.33836555480957
284 12.922956466674805
285 9.907600402832031
286 21.107494354248047
287 12.49219036102295
288 11.199895858764648
289 16.799842834472656
290 2.1538262367248535
291 0.43076521158218384
292 0.0
293 0.0
294 4.307651996612549
295 0.0
296 0.0
297 0.0
298 0.8615304231643677
299 0.0
300 1.7230608463287354
301 0.43076521158218384
302 9.476835250854492
303 0.0
304 1.2922956943511963
305 0.0
306 0.8615304231643677
307 0.0
308 1.2922956943511963
309 0.0
310 2.1538259983062744
311 0.8615304231643677
312 1.2922956943511963
313 0.0
314 0.0
315 0.0
316 0.43076521158218384
317 2.1538259983062744
318 1.2922956943511963
319 0.0
320 0.0
321 5.169182777404785
322 0.0
323 0.0
324 9.907599449157715
325 9.907600402832031
326 3.8768868446350098
327 10.76913070678711
328 18.95366859436035
329 24.12285041809082
330 8.184538841247559
331 12.492191314697266
332 11.630660057067871
333 16.799842834472656
334 6.892243385314941
335 5.599947452545166
336 0.0
337 1.2922956943511963
338 0.0
339 2.1538262367248535
340 0.8615304231643677
341 6.892243385314941
342 13.784486770629883
343 20.67673110961914
344 10.76913070678711
345 9.907600402832031
346 21.538259506225586
347 12.922956466674805
348 11.630660057067871
349 11.630661010742188
350 18.092138290405273
351 12.922956466674805
352 15.938312530517578
353 8.615303993225098
354 14.646017074584961
355 16.369077682495117
356 9.476834297180176
357 16.369077682495117
358 5.169182300567627
359 9.046070098876953
360 9.046070098876953
361 12.492191314697266
362 10.76913070678711
363 21.10749626159668
364 11.630660057067871
365 17.230607986450195
366 12.06142520904541
367 6.461478233337402
368 4.738417148590088
369 0.0
370 1.2922956943511963
371 0.0
372 0.43076521158218384
373 2.5845911502838135
374 1.2922956943511963
375 0.0
376 0.0
377 0.0
378 0.0
379 3.4461216926574707
380 1.2922956943511963
381 0.0
382 1.2922956943511963
383 0.0
384 0.0
385 2.5845911502838135
386 0.8615304231643677
387 2.5845911502838135
388 9.476834297180176
389 9.476834297180176
390 6.892243385314941
391 0.0
392 0.0
393 0.0
394 0.0
395 0.43076521158218384
396 2.1538259983062744
397 0.0
398 0.0
399 2.5845911502838135
400 3.0153563022613525
401 2.1538259983062744
402 2.5845911502838135
403 2.5845913887023926
404 3.0153565406799316
405 10.769129753112793
406 0.0
407 0.0
408 0.0
409 0.0
410 4.307651996612549
411 0.0
412 0.0
413 1.7230608463287354
414 0.0
415 1.2922956943511963
416 0.0
417 1.2922956943511963
418 0.0
419 0.0
420 0.0
421 9.907599449157715
422 0.0
423 0.0
424 0.0
425 0.0
426 0.0
427 1.2922956943511963
428 0.43076521158218384
429 0.0
430 9.046069145202637
431 4.738417625427246
432 3.0153565406799316
433 0.0
434 0.0
435 0.0
436 0.43076521158218384
437 2.1538259983062744
438 3.4461216926574707
439 0.8615304231643677
440 1.2922956943511963
441 0.0
442 0.43076521158218384
443 0.43076521158218384
444 0.0
445 0.0
446 0.0
447 0.0
448 1.2922956943511963
449 0.0
450 0.0
451 3.0153565406799316
452 0.0
453 3.4461216926574707
454 0.43076521158218384
455 0.0
456 0.0
457 1.2922956943511963
458 41.35346221923828
459 15.938312530517578
460 13.784485816955566
461 4.307651996612549
462 2.5845913887023926
463 19.815200805664063
464 19.81519889831543
465 25.84591293334961
466 24.12285041809082
467 3.4461216926574707
468 0.0
469 5.169182777404785
470 0.0
471 0.0
472 0.0
473 1.2922956943511963
474 0.0
475 0.0
476 0.0
477 0.0
478 0.0
479 0.0
480 1.7230608463287354
481 0.8615304231643677
482 19.38443374633789
483 0.43076521158218384
484 2.1538259983062744
485 1.2922956943511963
486 12.492191314697266
487 14.215251922607422
488 14.646017074584961
489 15.0767822265625
490 22.830554962158203
491 34.03044891357422
492 24.553617477416992
493 8.615304946899414
494 0.8615304231643677
495 9.046069145202637
496 12.061426162719727
497 20.67673110961914
498 12.922956466674805
499 7.7537736892700195
500 9.907599449157715
501 3.8768868446350098
502 4.738417148590088
503 15.938312530517578
504 12.061426162719727
505 14.215251922607422
506 16.369077682495117
507 28.861268997192383
508 23.261320114135742
509 16.369077682495117
510 4.307651996612549
511 11.199895858764648
512 11.630661010742188
513 12.922956466674805
514 21.538259506225586
515 13.353720664978027
516 9.046069145202637
517 12.492191314697266
518 24.98438262939453
519 9.907600402832031
520 10.76913070678711
521 19.38443374633789
522 15.938312530517578
523 1.2922956943511963
524 0.43076521158218384
525 0.0
526 0.0
527 0.43076521158218384
528 0.43076521158218384
529 0.0
530 0.0
531 0.0
532 9.907600402832031
533 30.153562545776367
534 11.630661010742188
535 14.646017074584961
536 6.892243385314941
537 30.584331512451172
538 18.953670501708984
539 10.769129753112793
540 8.615303993225098
541 21.107494354248047
542 14.215250968933105
543 13.784486770629883
544 17.230607986450195
545 18.95366859436035
546 14.215251922607422
547 22.399789810180664
548 9.476834297180176
549 34.03044891357422
550 7.3230085372924805
551 18.522903442382813
552 15.938312530517578
553 16.799842834472656
554 9.476834297180176
555 20.2459659576416
556 12.922956466674805
557 23.69208526611328
558 16.799842834472656
559 16.799842834472656
560 19.815200805664063
561 13.353721618652344
562 7.3230085372924805
563 31.876625061035156
564 9.046069145202637
565 13.784486770629883
566 17.230607986450195
567 12.922955513000488
568 19.384435653686523
569 0.8615304231643677
570 0.0
571 0.0
572 0.43076521158218384
573 3.0153565406799316
574 12.492191314697266
575 3.0153565406799316
576 0.0
577 0.0
578 0.0
579 5.169182777404785
580 6.030713081359863
581 0.0
582 0.43076521158218384
583 0.0
584 0.0
585 1.2922956943511963
586 0.43076521158218384
587 0.43076521158218384
588 0.0
589 0.0
590 7.3230085372924805
591 18.092138290405273
592 8.615303993225098
593 6.030713081359863
594 11.630661010742188
595 19.38443374633789
596 9.907600402832031
597 6.892243385314941
598 6.030713081359863
599 11.199894905090332
600 10.33836555480957
601 24.12285041809082
602 38.76887130737305
603 12.061426162719727
604 17.230609893798828
605 12.922956466674805
606 11.630661010742188
607 6.461478233337402
608 8.184539794921875
609 6.030713081359863
610 11.630661010742188
611 6.030713081359863
612 7.7537736892700195
613 23.69208526611328
614 24.9843807220459
615 15.0767822265625
616 19.81519889831543
617 12.061426162719727
618 3.0153565406799316
619 3.4461216926574707
620 10.76913070678711
621 12.922956466674805
622 2.5845913887023926
623 22.399789810180664
624 0.8615304231643677
625 0.0
626 6.461478233337402
627 13.353721618652344
628 17.230607986450195
629 15.507547378540039
630 17.230609893798828
631 12.922956466674805
632 9.046069145202637
633 17.230607986450195
634 10.33836555480957
635 15.938312530517578
636 10.338364601135254
637 12.492191314697266
638 25.84591293334961
639 12.492191314697266
640 16.369077682495117
641 10.338364601135254
642 12.061426162719727
643 10.76913070678711
644 25.84591293334961
645 9.046069145202637
646 21.538259506225586
647 53.84565353393555
648 5.599947929382324
649 26.276676177978516
650 22.399789810180664
651 37.045806884765625
652 21.107494354248047
653 19.38443374633789
654 16.369077682495117
655 26.276676177978516
656 17.230607986450195
657 31.876625061035156
658 13.353721618652344
659 28.86126708984375
660 10.769129753112793
661 15.0767822265625
662 9.907599449157715
663 19.38443374633789
664 14.215251922607422
665 20.2459659576416
666 16.799842834472656
667 20.24596405029297
668 8.184538841247559
669 10.76913070678711
670 14.215251922607422
671 10.33836555480957
672 8.615303993225098
673 19.81519889831543
674 25.415145874023438
675 17.230607986450195
676 20.24596405029297
677 24.9843807220459
678 31.015092849731445
679 13.784486770629883
680 25.41514778137207
681 9.476834297180176
682 23.69208526611328
683 29.29203224182129
684 6.892243385314941
685 8.184539794921875
686 2.1538259983062744
687 0.8615304231643677
688 1.2922956943511963
689 0.0
690 14.215251922607422
691 6.892243385314941
692 18.522903442382813
693 9.046069145202637
694 7.3230085372924805
695 9.907600402832031
696 7.7537736892700195
697 5.599947929382324
698 3.0153565406799316
699 4.307651996612549
700 7.753774166107178
701 11.199895858764648
702 7.7537736892700195
703 17.661373138427734
704 8.184538841247559
705 8.184539794921875
706 7.3230085372924805
707 11.199895858764648
708 0.43076521158218384
709 0.0
710 4.307651996612549
711 0.0
712 0.43076521158218384
713 6.030713081359863
714 8.184538841247559
715 8.615303993225098
716 11.630661010742188
717 11.199895858764648
718 6.461477756500244
719 12.922956466674805
720 10.76913070678711
721 18.092138290405273
722 3.8768868446350098
723 3.4461216926574707
724 0.8615304231643677
725 3.8768868446350098
726 0.0
727 0.43076521158218384
728 0.43076521158218384
729 0.0
730 0.0
731 0.0
732 0.0
733 0.0
734 1.2922956943511963
735 0.8615304231643677
736 1.2922956943511963
737 0.8615304231643677
738 5.169182777404785
739 3.8768868446350098
740 37.90734100341797
741 5.599947929382324
742 4.307651996612549
743 2.1538259983062744
744 17.661373138427734
745 13.353721618652344
746 7.7537736892700195
747 10.33836555480957
748 10.76913070678711
749 0.0
750 0.0
751 0.43076521158218384
752 0.0
753 0.0
754 0.0
755 3.0153565406799316
756 4.307651996612549
757 3.0153565406799316
758 0.0
759 1.2922956943511963
760 0.43076521158218384
761 0.0
762 0.8615304231643677
763 0.0
764 0.8615304231643677
765 1.2922956943511963
766 0.43076521158218384
767 8.184538841247559
768 1.2922956943511963
769 0.0
770 12.922956466674805
771 15.938312530517578
772 13.353721618652344
773 6.461478233337402
774 11.630661010742188
775 9.907600402832031
776 26.707443237304688
777 3.8768868446350098
778 15.0767822265625
779 34.89198303222656
780 23.261320114135742
781 15.0767822265625
782 16.369077682495117
783 16.799842834472656
784 14.646017074584961
785 14.215251922607422
786 9.907599449157715
787 17.230607986450195
788 1.2922956943511963
789 0.0
790 8.184538841247559
791 0.8615304231643677
792 0.0
793 1.2922956943511963
794 0.0
795 0.0
796 0.0
797 0.43076521158218384
798 14.215251922607422
799 15.938312530517578
800 16.36907958984375
801 12.922956466674805
802 24.122852325439453
803 23.261320114135742
804 20.2459659576416
805 19.384435653686523
806 21.538259506225586
807 22.399791717529297
808 12.922956466674805
809 13.353721618652344
810 24.9843807220459
811 20.24596405029297
812 24.9843807220459
813 13.784486770629883
814 27.568973541259766
815 29.292034149169922
816 7.7537736892700195
817 10.76913070678711
818 11.199895858764648
819 8.184539794921875
820 17.661373138427734
821 12.061426162719727
822 7.323009014129639
823 0.0
824 3.0153565406799316
825 9.476834297180176
826 6.892243385314941
827 3.8768868446350098
828 15.0767822265625
829 19.81519889831543
830 14.646016120910645
831 7.3230085372924805
832 0.8615304231643677
833 0.0
834 0.43076521158218384
835 0.0
836 0.8615304231643677
837 0.0
838 0.0
839 0.0
840 0.0
841 0.8615304231643677
842 0.0
843 1.7230608463287354
844 0.0
845 0.0
846 13.353721618652344
847 17.661373138427734
848 3.8768868446350098
849 8.615303993225098
850 6.461478233337402
851 3.8768868446350098
852 2.1538259983062744
853 0.0
854 0.0
855 4.738417625427246
856 3.44612193107605
857 31.445859909057617
858 10.769129753112793
859 12.492191314697266
860 14.646017074584961
861 28.430503845214844
862 19.38443374633789
863 16.799842834472656
864 0.8615304231643677
865 0.0
866 6.892243385314941
867 3.8768868446350098
868 2.1538259983062744
869 0.0
870 0.0
871 0.0
872 0.0
873 0.0
874 0.0
875 2.1538262367248535
876 0.43076521158218384
877 2.1538259983062744
878 0.0
879 0.0
880 0.0
881 0.0
882 9.476835250854492
883 6.461478233337402
884 9.046069145202637
885 11.199895858764648
886 12.922956466674805
887 0.8615304231643677
888 0.43076521158218384
889 0.0
890 16.799842834472656
891 0.0
892 0.0
893 3.4461216926574707
894 0.0
895 4.307652473449707
896 6.030713081359863
897 9.907600402832031
898 13.784486770629883
899 3.8768868446350098
900 10.769129753112793
901 14.646017074584961
902 1.7230608463287354
903 0.0
904 0.8615304231643677
905 13.784486770629883
906 0.8615304231643677
907 0.0
908 0.0
909 5.599947929382324
910 4.738417625427246
911 15.0767822265625
912 9.476835250854492
913 7.3230085372924805
914 6.892243385314941
915 8.615303993225098
916 3.8768868446350098
917 0.8615304231643677
918 0.0
919 0.8615304231643677
920 0.0
921 0.8615304231643677
922 0.0
923 2.1538259983062744
924 1.2922956943511963
925 0.0
926 0.43076521158218384
927 0.0
928 2.5845913887023926
929 2.1538262367248535
930 0.43076521158218384
931 0.0
932 0.8615304231643677
933 0.0
934 0.0
935 0.0
936 0.0
937 0.0
938 0.0
939 0.0
940 2.1538262367248535
941 1.7230608463287354
942 0.8615304231643677
943 0.0
944 0.43076521158218384
945 1.7230608463287354
946 0.43076521158218384
947 0.0
948 1.2922956943511963
949 0.0
950 6.892243385314941
951 0.0
952 0.43076521158218384
953 0.0
954 1.2922956943511963
955 1.2922956943511963
956 1.2922956943511963
957 0.8615304231643677
958 0.43076521158218384
959 0.0
960 1.7230608463287354
961 1.2922956943511963
962 0.0
963 0.0
964 6.030713081359863
965 8.615303993225098
966 17.661373138427734
967 9.907600402832031
968 12.492191314697266
969 7.3230085372924805
970 6.030713081359863
971 4.307651996612549
972 10.338364601135254
973 10.769129753112793
974 5.599947929382324
975 12.922956466674805
976 11.630661010742188
977 15.0767822265625
978 4.307652473449707
979 25.845911026000977
980 10.338364601135254
981 9.907599449157715
982 10.338364601135254
983 27.568973541259766
984 9.046069145202637
985 6.892243385314941
986 8.184538841247559
987 20.24596405029297
988 12.061426162719727
989 6.892243385314941
990 13.353721618652344
991 14.215251922607422
992 10.76913070678711
993 5.169182777404785
994 4.738417625427246
995 0.0
996 0.0
997 0.43076521158218384
998 0.0
999 3.8768868446350098
1000 0.0
1001 1.2922956943511963
1002 1.2922956943511963
