0 10.627127647399902
1 9.661025047302246
2 19.322050094604492
3 6.7627177238464355
4 49.2712287902832
5 87.91532897949219
6 11.593230247497559
7 85.01702117919922
8 67.6271743774414
9 18.355947494506836
10 7.728820323944092
11 21.254255294799805
12 1.932205080986023
13 61.83055877685547
14 43.474613189697266
15 7.728820323944092
16 58.932254791259766
17 3.864410161972046
18 28.0169734954834
19 11.593230247497559
20 59.898353576660156
21 23.186460494995117
22 13.525435447692871
23 13.525434494018555
24 10.627127647399902
25 15.457640647888184
26 0.0
27 0.0
28 0.9661025404930115
29 13.525435447692871
30 12.559332847595215
31 6.7627177238464355
32 20.28815269470215
33 23.186460494995117
34 8.69492244720459
35 6.7627177238464355
36 97.57635498046875
37 32.84748458862305
38 56.0339469909668
39 42.50851058959961
40 42.50851058959961
41 58.932254791259766
42 21.254255294799805
43 26.084768295288086
44 8.69492244720459
45 64.72886657714844
46 17.38984489440918
47 56.0339469909668
48 58.9322509765625
49 38.644100189208984
50 22.22035789489746
51 0.9661025404930115
52 14.491538047790527
53 38.644100189208984
54 108.20348358154297
55 30.915281295776367
56 106.27127838134766
57 28.983076095581055
58 19.322050094604492
59 4.830512523651123
60 25.11866569519043
61 5.796615123748779
62 30.915279388427734
63 30.915281295776367
64 106.27127838134766
65 6.7627177238464355
66 12.559332847595215
67 15.457640647888184
68 30.915279388427734
69 5.796615123748779
70 23.186460494995117
71 25.11866569519043
72 12.559332847595215
73 38.644100189208984
74 25.118663787841797
75 22.22035789489746
76 25.118663787841797
77 13.525435447692871
78 11.593230247497559
79 2.8983075618743896
80 31.88138198852539
81 68.59327697753906
82 42.50851058959961
83 98.5424575805664
84 54.101741790771484
85 106.27127838134766
86 20.28815269470215
87 56.03394317626953
88 44.44071578979492
89 28.983076095581055
90 24.152563095092773
91 36.71189498901367
92 40.5763053894043
93 1.932205080986023
94 37.67799758911133
95 30.915281295776367
96 22.22035789489746
97 12.559332847595215
98 53.13563919067383
99 6.7627177238464355
100 23.186460494995117
101 1.932205080986023
102 63.76276779174805
103 8.69492244720459
104 3.864410161972046
105 37.67799758911133
106 30.915279388427734
107 38.644100189208984
108 3.864410161972046
109 62.79666519165039
110 81.1526107788086
111 27.050870895385742
112 51.203433990478516
113 1.932205080986023
114 43.474613189697266
115 4.830512523651123
116 67.6271743774414
117 32.84748458862305
118 27.050870895385742
119 19.322050094604492
120 41.54240798950195
121 5.796615123748779
122 69.55937957763672
123 13.525435447692871
124 13.525435447692871
125 0.9661025404930115
126 45.40681838989258
127 12.559332847595215
128 80.18650817871094
129 141.05096435546875
130 37.67799758911133
131 43.474613189697266
132 23.186460494995117
133 40.5763053894043
134 28.0169734954834
135 21.254255294799805
136 20.28815269470215
137 12.559332847595215
138 36.71189498901367
139 20.28815269470215
140 0.0
141 4.830512523651123
142 0.0
143 4.830512523651123
144 16.423742294311523
145 9.661025047302246
146 22.22035789489746
147 6.7627177238464355
148 32.84748458862305
149 9.661025047302246
150 43.474613189697266
151 6.7627177238464355
152 64.72886657714844
153 23.186460494995117
154 53.13563919067383
155 29.94917869567871
156 53.13563919067383
157 53.13563919067383
158 108.20348358154297
159 41.54240798950195
160 61.83055877685547
161 0.0
162 51.203433990478516
163 62.796661376953125
164 1.932205080986023
165 0.9661025404930115
166 18.355947494506836
167 37.67799758911133
168 21.254255294799805
169 14.491537094116211
170 86.94922637939453
171 145.8814697265625
172 27.050870895385742
173 43.474613189697266
174 63.76276779174805
175 87.91532897949219
176 93.71194458007813
177 4.830512523651123
178 25.11866569519043
179 12.559332847595215
180 1.932205080986023
181 59.898353576660156
182 19.322050094604492
183 13.525434494018555
184 17.38984489440918
185 17.38984489440918
186 55.06784439086914
187 21.254255294799805
188 68.59327697753906
189 5.796615123748779
190 14.491538047790527
191 57.966148376464844
192 34.77968978881836
193 138.15264892578125
194 76.32209777832031
195 23.186460494995117
196 15.457639694213867
197 20.28815269470215
198 42.50851058959961
199 20.28815269470215
200 11.593230247497559
201 19.322050094604492
202 1.932205080986023
203 0.0
204 69.55937957763672
205 12.559332847595215
206 48.30512619018555
207 28.016971588134766
208 11.593230247497559
209 25.11866569519043
210 39.61020278930664
211 0.0
212 35.745792388916016
213 104.33907318115234
214 117.86450958251953
215 81.1526107788086
216 5.796615123748779
217 29.94917869567871
218 19.322050094604492
219 26.084768295288086
220 38.644100189208984
221 0.0
222 18.355947494506836
223 38.644100189208984
224 34.77968978881836
225 13.525434494018555
226 56.0339469909668
227 154.57638549804688
228 21.254255294799805
229 8.69492244720459
230 28.983076095581055
231 0.0
232 34.77968978881836
233 41.54240798950195
234 72.45768737792969
235 44.44071578979492
236 73.42378997802734
237 111.10179138183594
238 8.69492244720459
239 33.8135871887207
240 42.50851058959961
241 14.491537094116211
242 30.915279388427734
243 17.38984489440918
244 54.101741790771484
245 64.72886657714844
246 39.61020278930664
247 17.38984489440918
248 18.355947494506836
249 8.69492244720459
250 0.0
251 3.864410161972046
252 1.932205080986023
253 0.0
254 0.0
255 0.9661025404930115
256 0.9661025404930115
257 19.322050094604492
258 2.8983075618743896
259 8.69492244720459
260 3.864410161972046
261 0.0
262 0.0
263 31.881383895874023
264 10.627127647399902
265 3.864410161972046
266 1.932205080986023
267 18.355947494506836
268 74.389892578125
269 24.152563095092773
270 7.728819847106934
271 35.745792388916016
272 66.66107177734375
273 27.050870895385742
274 9.661025047302246
275 25.11866569519043
276 0.0
277 12.559332847595215
278 2.8983075618743896
279 23.186460494995117
280 0.9661025404930115
281 4.830512523651123
282 0.9661025404930115
283 3.864410161972046
284 68.59327697753906
285 92.74584197998047
286 51.20343017578125
287 56.03394317626953
288 6.7627177238464355
289 0.0
290 10.627127647399902
291 37.67799758911133
292 0.0
293 8.69492244720459
294 8.69492244720459
295 1.932205080986023
296 9.661025047302246
297 28.016971588134766
298 13.525435447692871
299 2.8983075618743896
300 3.864410161972046
301 15.457639694213867
302 14.491537094116211
303 32.84748458862305
304 28.983076095581055
305 17.38984489440918
306 16.423742294311523
307 0.9661025404930115
308 50.23733139038086
309 56.03394317626953
310 39.61020278930664
311 33.8135871887207
312 3.864410161972046
313 0.0
314 1.932205080986023
315 25.11866569519043
316 14.491538047790527
317 17.38984489440918
318 24.152563095092773
319 3.864410161972046
320 60.86445999145508
321 0.0
322 35.745792388916016
323 67.6271743774414
324 48.30512619018555
325 18.355947494506836
326 23.186460494995117
327 21.254255294799805
328 27.050870895385742
329 38.644100189208984
330 35.745792388916016
331 65.6949691772461
332 0.0
333 4.830512523651123
334 80.18650817871094
335 22.22035789489746
336 49.2712287902832
337 23.186460494995117
338 107.23738098144531
339 22.22035789489746
340 17.38984489440918
341 0.9661025404930115
342 51.203433990478516
343 25.11866569519043
344 14.491538047790527
345 54.101741790771484
346 17.38984489440918
347 10.627127647399902
348 18.355947494506836
349 18.355947494506836
350 14.491538047790527
351 0.0
352 72.45768737792969
353 6.7627177238464355
354 11.593230247497559
355 33.8135871887207
356 52.16953659057617
357 34.77968978881836
358 81.1526107788086
359 46.372920989990234
360 42.50851058959961
361 5.796615123748779
362 28.983076095581055
363 90.81363677978516
364 101.44076538085938
365 110.13568878173828
366 78.25430297851563
367 162.3052215576172
368 40.5763053894043
369 24.152563095092773
370 129.45773315429688
371 31.88138198852539
372 70.52548217773438
373 94.67804718017578
374 44.44071578979492
375 35.745792388916016
376 18.355947494506836
377 28.983074188232422
378 77.28820037841797
379 28.0169734954834
380 60.86445617675781
381 26.084768295288086
382 65.6949691772461
383 71.49158477783203
384 68.59327697753906
385 42.50851058959961
386 10.627127647399902
387 3.864410161972046
388 5.796615123748779
389 61.83055877685547
390 0.9661025404930115
391 5.796615123748779
392 8.69492244720459
393 0.0
394 0.0
395 24.152563095092773
396 79.22040557861328
397 23.186460494995117
398 28.983074188232422
399 21.254255294799805
400 27.050870895385742
401 5.796615123748779
402 5.796615123748779
403 0.9661025404930115
404 3.864410161972046
405 5.796615123748779
406 2.8983075618743896
407 76.32209777832031
408 107.23738098144531
409 3.864410161972046
410 47.33902359008789
411 0.0
412 34.77968978881836
413 53.13563919067383
414 45.40681838989258
415 44.44071578979492
416 50.23733139038086
417 141.0509490966797
418 110.13568878173828
419 65.6949691772461
420 74.389892578125
421 51.203433990478516
422 53.13563537597656
423 16.423742294311523
424 10.627127647399902
425 6.7627177238464355
426 6.7627177238464355
427 5.796615123748779
428 36.71189498901367
429 13.525435447692871
430 61.830562591552734
431 62.79666519165039
432 17.38984489440918
433 4.830512523651123
434 36.71189498901367
435 2.8983075618743896
436 14.491538047790527
437 42.50851058959961
438 0.0
439 4.830512523651123
440 29.94917869567871
441 5.796615123748779
442 20.28815269470215
443 21.254255294799805
444 8.69492244720459
445 9.661025047302246
446 17.38984489440918
447 31.881383895874023
448 106.27127838134766
449 64.72886657714844
450 26.084768295288086
451 19.322050094604492
452 14.491537094116211
453 0.0
454 13.525435447692871
455 0.0
456 12.559332847595215
457 37.67799758911133
458 12.559332847595215
459 60.86445999145508
460 21.254255294799805
461 40.5763053894043
462 101.44076538085938
463 119.79670715332031
464 52.16953659057617
465 37.67799758911133
466 10.627127647399902
467 12.559332847595215
468 40.5763053894043
469 4.830512523651123
470 134.2882537841797
471 20.28815269470215
472 39.61020278930664
473 27.050870895385742
474 43.474613189697266
475 7.728820323944092
476 50.23733139038086
477 40.5763053894043
478 16.423742294311523
479 15.457639694213867
480 2.8983075618743896
481 29.949176788330078
482 13.525435447692871
483 32.84748458862305
484 25.11866569519043
485 37.67799758911133
486 18.355947494506836
487 24.152563095092773
488 3.864410161972046
489 15.457640647888184
490 16.423742294311523
491 21.254255294799805
492 102.4068603515625
493 46.372920989990234
494 115.93230438232422
495 44.44071578979492
496 28.983074188232422
497 37.67799758911133
498 11.593230247497559
499 32.84748458862305
500 42.50851058959961
501 26.084768295288086
502 29.94917869567871
503 0.0
504 66.66107177734375
505 30.915281295776367
506 10.627127647399902
507 41.54240798950195
508 80.18650817871094
509 110.13568878173828
510 164.23741149902344
511 91.77973937988281
512 33.8135871887207
513 86.94922637939453
514 105.30517578125
515 21.254255294799805
516 114.0000991821289
517 17.38984489440918
518 0.9661025404930115
519 22.22035789489746
520 0.0
521 9.661025047302246
522 54.10173797607422
523 35.745792388916016
524 23.186460494995117
525 0.0
526 8.69492244720459
527 21.254255294799805
528 13.525435447692871
529 0.0
530 61.83055877685547
531 6.7627177238464355
532 0.0
533 4.830512523651123
534 5.796615123748779
535 2.8983075618743896
536 47.33902359008789
537 36.71189498901367
538 2.8983075618743896
539 14.491538047790527
540 13.525435447692871
541 4.830512523651123
542 35.745792388916016
543 35.745792388916016
544 99.50856018066406
545 23.186460494995117
546 16.423742294311523
547 21.254255294799805
548 12.559332847595215
549 6.7627177238464355
550 24.152563095092773
551 48.30512619018555
552 27.050870895385742
553 30.915281295776367
554 22.22035789489746
555 70.52548217773438
556 27.05086898803711
557 21.254255294799805
558 44.44071578979492
559 0.0
560 53.13563919067383
561 63.76276397705078
562 15.457640647888184
563 72.45768737792969
564 15.457640647888184
565 14.491538047790527
566 31.881383895874023
567 55.067840576171875
568 12.559332847595215
569 29.949176788330078
570 11.593230247497559
571 29.94917869567871
572 40.5763053894043
573 45.40681838989258
574 64.72886657714844
575 0.0
576 46.372920989990234
577 13.525435447692871
578 16.423742294311523
579 31.881383895874023
580 53.13563919067383
581 23.186460494995117
582 131.3899383544922
583 75.35599517822266
584 11.593230247497559
585 84.05091857910156
586 75.35599517822266
587 120.7628173828125
588 84.05091857910156
589 28.0169734954834
590 12.559332847595215
591 80.18650817871094
592 57.966148376464844
593 62.79666519165039
594 61.830562591552734
595 9.661025047302246
596 17.38984489440918
597 65.6949691772461
598 61.830562591552734
599 41.54240798950195
600 9.661025047302246
601 17.38984489440918
602 6.7627177238464355
603 42.50851058959961
604 1.932205080986023
605 21.254255294799805
606 28.0169734954834
607 28.983074188232422
608 34.77968978881836
609 84.05091857910156
610 4.830512523651123
611 27.050870895385742
612 9.661025047302246
613 0.0
614 12.559332847595215
615 28.983076095581055
616 40.5763053894043
617 1.932205080986023
618 13.525435447692871
619 27.050870895385742
620 34.77968978881836
621 32.84748458862305
622 59.898353576660156
623 26.084768295288086
624 24.152563095092773
625 11.593230247497559
626 8.69492244720459
627 62.796661376953125
628 42.50851058959961
629 51.203433990478516
630 42.50851058959961
631 9.661025047302246
632 0.9661025404930115
633 47.33902359008789
634 88.88143157958984
635 38.644100189208984
636 0.9661025404930115
637 82.11871337890625
638 131.3899383544922
639 15.457640647888184
640 3.864410161972046
641 69.55937957763672
642 19.322050094604492
643 7.728819847106934
644 25.11866569519043
645 17.38984489440918
646 6.7627177238464355
647 1.932205080986023
648 50.23733139038086
649 24.152563095092773
650 50.23733139038086
651 55.06784439086914
652 2.8983075618743896
653 25.11866569519043
654 11.593230247497559
655 37.67799758911133
656 33.8135871887207
657 0.0
658 49.2712287902832
659 133.3221435546875
660 20.28815269470215
661 91.77973937988281
662 59.89835739135742
663 49.2712287902832
664 23.186460494995117
665 3.864410161972046
666 25.11866569519043
667 93.71194458007813
668 41.54240798950195
669 2.8983075618743896
670 0.0
671 40.5763053894043
672 0.9661025404930115
673 8.69492244720459
674 0.9661025404930115
675 50.23733139038086
676 21.254255294799805
677 79.22040557861328
678 21.254255294799805
679 53.13563919067383
680 17.38984489440918
681 28.983076095581055
682 31.881383895874023
683 30.915281295776367
684 13.525435447692871
685 18.355947494506836
686 60.86445617675781
687 50.23733139038086
688 120.7628173828125
689 28.0169734954834
690 1.932205080986023
691 57.96615219116211
692 52.169532775878906
693 128.49163818359375
694 44.44071578979492
695 40.5763053894043
696 28.0169734954834
697 57.00004959106445
698 55.06784439086914
699 30.915281295776367
700 29.94917869567871
701 37.67799758911133
702 31.881383895874023
703 203.84762573242188
704 4.830512523651123
705 25.11866569519043
706 9.661025047302246
707 32.84748458862305
708 33.8135871887207
709 77.28820037841797
710 29.94917869567871
711 15.457639694213867
712 1.932205080986023
713 0.0
714 16.423742294311523
715 0.0
716 0.0
717 85.98312377929688
718 114.96620178222656
719 117.864501953125
720 94.67804718017578
721 151.67808532714844
722 121.72891235351563
723 19.322050094604492
724 22.22035789489746
725 117.86450958251953
726 65.6949691772461
727 60.86445617675781
728 20.28815269470215
729 25.11866569519043
730 3.864410161972046
731 51.203433990478516
732 45.40681838989258
733 56.0339469909668
734 5.796615123748779
735 11.593230247497559
736 47.33902359008789
737 14.491538047790527
738 30.915279388427734
739 120.7628173828125
740 167.1357421875
741 159.40692138671875
742 29.94917869567871
743 28.0169734954834
744 20.28815269470215
745 6.7627177238464355
746 148.77978515625
747 104.33907318115234
748 141.05096435546875
749 19.322050094604492
750 34.77968978881836
751 18.355947494506836
752 15.457640647888184
753 12.559332847595215
754 4.830512523651123
755 10.627127647399902
756 31.881383895874023
757 24.152563095092773
758 41.54240798950195
759 39.61020278930664
760 11.593230247497559
761 22.22035789489746
762 23.186460494995117
763 50.23733139038086
764 104.33907318115234
765 39.61020278930664
766 55.067840576171875
767 22.22035789489746
768 82.11871337890625
769 26.084768295288086
770 11.593230247497559
771 26.084768295288086
772 36.71189498901367
773 18.355947494506836
774 22.22035789489746
775 55.06784439086914
776 73.42378997802734
777 34.77968978881836
778 94.67804718017578
779 121.72891998291016
780 84.05091857910156
781 12.559332847595215
782 46.372920989990234
783 32.84748458862305
784 0.9661025404930115
785 41.54240798950195
786 104.33907318115234
787 28.983076095581055
788 7.728820323944092
789 34.77968978881836
790 39.61020278930664
791 28.983076095581055
792 29.94917869567871
793 89.8475341796875
794 35.745792388916016
795 11.593230247497559
796 135.2543487548828
797 61.830562591552734
798 12.559332847595215
799 13.525435447692871
800 5.796615123748779
801 71.49158477783203
802 47.33902359008789
803 13.525435447692871
804 146.8475799560547
805 20.28815269470215
806 55.06784439086914
807 16.423742294311523
808 53.13563919067383
809 28.016971588134766
810 24.152563095092773
811 27.050870895385742
812 1.932205080986023
813 27.050870895385742
814 0.9661025404930115
815 21.254255294799805
816 0.0
817 2.8983075618743896
818 29.949176788330078
819 0.0
820 13.525435447692871
821 2.8983075618743896
822 0.9661025404930115
823 0.0
824 2.8983075618743896
825 4.830512523651123
826 78.25430297851563
827 52.16953659057617
828 7.728820323944092
829 55.067840576171875
830 6.7627177238464355
831 63.76276779174805
832 31.881383895874023
833 56.0339469909668
834 28.983076095581055
835 59.89835739135742
836 29.94917869567871
837 16.423742294311523
838 23.186460494995117
839 118.83061218261719
840 66.66107177734375
841 3.864410161972046
842 2.8983075618743896
843 22.22035789489746
844 32.84748458862305
845 0.0
846 3.864410161972046
847 38.644100189208984
848 0.9661025404930115
849 4.830512523651123
850 44.44071578979492
851 21.254255294799805
852 56.03394317626953
853 12.559332847595215
854 14.491537094116211
855 21.254255294799805
856 9.661025047302246
857 29.949176788330078
858 0.9661025404930115
859 15.457640647888184
860 6.7627177238464355
861 42.50851058959961
862 83.0848159790039
863 72.45768737792969
864 34.77968978881836
865 25.11866569519043
866 58.9322509765625
867 58.932254791259766
868 39.61020278930664
869 36.71189498901367
870 54.101741790771484
871 11.593230247497559
872 44.44071578979492
873 29.94917869567871
874 0.0
875 40.5763053894043
876 0.0
877 58.932254791259766
878 0.9661025404930115
879 29.949176788330078
880 27.05086898803711
881 48.30512619018555
882 4.830512523651123
883 54.101741790771484
884 40.5763053894043
885 57.96615219116211
886 12.559332847595215
887 40.5763053894043
888 0.9661025404930115
889 15.457640647888184
890 0.0
891 0.0
892 64.72886657714844
893 38.644100189208984
894 23.186460494995117
895 62.796661376953125
896 21.254255294799805
897 16.423742294311523
898 55.06784439086914
899 56.03394317626953
900 82.11871337890625
901 24.152563095092773
902 51.203433990478516
903 60.86445999145508
904 11.593230247497559
905 40.5763053894043
906 58.9322509765625
907 99.50856018066406
908 135.2543487548828
909 47.33902359008789
910 137.18655395507813
911 50.23733139038086
912 60.86445999145508
913 14.491538047790527
914 39.61020278930664
915 13.525434494018555
916 56.03394317626953
917 17.38984489440918
918 25.11866569519043
919 14.491538047790527
920 1.932205080986023
921 82.11871337890625
922 27.050870895385742
923 48.30512619018555
924 14.491538047790527
925 37.67799758911133
926 8.69492244720459
927 66.66107177734375
928 14.491538047790527
929 5.796615123748779
930 27.05086898803711
931 13.525434494018555
932 27.050870895385742
933 42.50851058959961
934 19.322050094604492
935 18.355947494506836
936 1.932205080986023
937 22.22035789489746
938 0.9661025404930115
939 2.8983075618743896
940 4.830512523651123
941 18.355947494506836
942 42.50851058959961
943 14.491538047790527
944 32.84748458862305
945 19.322050094604492
946 4.830512523651123
947 33.8135871887207
948 45.40681838989258
949 10.627127647399902
950 28.983076095581055
951 60.86445617675781
952 29.949176788330078
953 6.7627177238464355
954 7.728820323944092
955 19.322050094604492
956 9.661025047302246
957 41.54240798950195
958 44.44071578979492
959 40.5763053894043
960 23.186460494995117
961 25.11866569519043
962 44.44071578979492
963 130.423828125
964 102.40686798095703
965 35.745792388916016
966 7.728820323944092
967 44.44071578979492
968 30.915281295776367
969 26.084768295288086
970 57.966148376464844
971 32.84748458862305
972 40.5763053894043
973 45.40681838989258
974 35.745792388916016
975 26.084766387939453
976 58.9322509765625
977 60.86445999145508
978 63.76276779174805
979 33.8135871887207
980 10.627127647399902
981 11.593230247497559
982 17.38984489440918
983 17.38984489440918
984 63.76276779174805
985 94.67804718017578
986 29.94917869567871
987 42.50851058959961
988 18.355947494506836
989 20.28815269470215
990 89.8475341796875
991 90.81363677978516
992 28.983076095581055
993 0.0
994 28.983076095581055
995 69.55937957763672
996 141.05096435546875
997 26.084766387939453
998 138.1526641845703
999 10.627127647399902
1000 0.9661025404930115
1001 73.42378997802734
1002 73.42378997802734
