# Selection 1:name C1A D2A C3A C4A C1B C2B C3B C4B Selection 2:name AUC AUSL AUL Cutoff:8 Start:0 End:-1
0 0
1 0
2 32
3 22
4 20
5 25
6 23
7 24
8 22
9 29
10 22
11 32
12 29
13 27
14 23
15 31
16 31
17 26
18 29
19 29
20 39
21 28
22 27
23 28
24 33
25 33
26 26
27 26
28 32
29 29
30 26
31 20
32 30
33 33
34 31
35 31
36 29
37 29
38 25
39 31
40 28
41 23
42 32
43 31
44 34
45 25
46 33
47 27
48 30
49 30
50 29
51 30
52 26
53 33
54 23
55 33
56 26
57 26
58 24
59 24
60 30
61 36
62 28
63 33
64 28
65 23
66 25
67 23
68 24
69 31
70 26
71 28
72 33
73 30
74 27
75 25
76 29
77 30
78 31
79 27
80 37
81 31
82 32
83 33
84 33
85 34
86 20
87 36
88 24
89 34
90 28
91 35
92 36
93 37
94 32
95 31
96 24
97 34
98 31
99 26
100 34
101 32
102 29
103 34
104 30
105 25
106 32
107 27
108 22
109 30
110 28
111 23
112 32
113 22
114 24
115 31
116 26
117 30
118 30
119 30
120 23
121 35
122 25
123 27
124 27
125 23
126 25
127 31
128 33
129 22
130 22
131 27
132 32
133 31
134 27
135 22
136 33
137 21
138 22
139 27
140 21
141 27
142 31
143 28
144 25
145 32
146 30
147 29
148 30
149 23
150 21
151 22
152 25
153 22
154 32
155 30
156 30
157 33
158 36
159 29
160 30
161 31
162 29
163 35
164 30
165 32
166 30
167 33
168 27
169 29
170 40
171 26
172 23
173 30
174 30
175 29
176 30
177 27
178 35
179 31
180 23
181 25
182 28
183 33
184 31
185 24
186 30
187 26
188 37
189 28
190 28
191 28
192 25
193 30
194 30
195 26
196 29
197 20
198 25
199 27
200 40
201 34
202 27
203 29
204 31
205 25
206 32
207 28
208 34
209 35
210 30
211 26
212 29
213 34
214 33
215 28
216 31
217 27
218 26
219 21
220 26
221 31
222 28
223 40
224 31
225 29
226 30
227 35
228 36
229 25
230 20
231 32
232 35
233 23
234 27
235 31
236 35
237 30
238 29
239 26
240 33
241 21
242 23
243 35
244 38
245 30
246 30
247 22
248 28
249 31
250 20
251 28
252 33
253 27
254 27
255 35
256 32
257 21
258 23
259 26
260 25
261 23
262 34
263 27
264 34
265 30
266 28
267 27
268 24
269 26
270 25
271 28
272 36
273 38
274 28
275 33
276 31
277 27
278 33
279 33
280 31
281 28
282 41
283 24
284 26
285 27
286 32
287 28
288 28
289 21
290 26
291 32
292 25
293 34
294 34
295 24
296 21
297 22
298 23
299 31
300 23
301 30
302 31
303 30
304 27
305 32
306 25
307 26
308 27
309 33
310 22
311 26
312 28
313 30
314 27
315 29
316 32
317 32
318 34
319 24
320 29
321 29
322 37
323 34
324 36
325 29
326 31
327 27
328 30
329 29
330 31
331 23
332 30
333 26
334 26
335 34
336 26
337 34
338 28
339 21
340 32
341 27
342 24
343 26
344 30
345 30
346 33
347 36
348 35
349 32
350 31
351 34
352 31
353 17
354 33
355 24
356 30
357 28
358 33
359 31
360 23
361 37
362 28
363 21
364 25
365 25
366 31
367 23
368 29
369 30
370 23
371 29
372 27
373 31
374 18
375 27
376 24
377 27
378 24
379 24
380 32
381 26
382 29
383 28
384 24
385 30
386 31
387 26
388 28
389 33
390 32
391 30
392 31
393 24
394 14
395 31
396 29
397 20
398 24
399 26
400 30
401 32
402 31
403 29
404 31
405 30
406 37
407 31
408 20
409 25
410 19
411 31
412 31
413 31
414 27
415 24
416 23
417 28
418 28
419 26
420 29
421 29
422 24
423 30
424 28
425 32
426 25
427 18
428 25
429 27
430 30
431 21
432 25
433 26
434 27
435 17
436 28
437 24
438 29
439 29
440 23
441 26
442 23
443 24
444 27
445 30
446 31
447 38
448 31
449 25
450 31
451 35
452 26
453 30
454 27
455 26
456 28
457 32
458 24
459 21
460 22
461 37
462 30
463 26
464 27
465 31
466 33
467 22
468 27
469 29
470 36
471 34
472 27
473 12
474 24
475 25
476 21
477 28
478 28
479 33
480 22
481 30
482 34
483 29
484 28
485 29
486 42
487 37
488 26
489 22
490 26
491 24
492 30
493 28
494 25
495 28
496 28
497 27
498 30
499 30
500 27
501 34
502 36
503 35
504 33
505 32
506 26
507 34
508 31
509 31
510 32
511 29
512 24
513 30
514 43
515 25
516 31
517 35
518 42
519 29
520 29
521 34
522 31
523 29
524 24
525 34
526 32
527 30
528 33
529 32
530 28
531 33
532 37
533 36
534 30
535 21
536 20
537 23
538 37
539 35
540 28
541 24
542 29
543 22
544 21
545 26
546 30
547 27
548 35
549 32
550 26
551 27
552 36
553 33
554 35
555 28
556 35
557 27
558 24
559 32
560 24
561 31
562 27
563 28
564 33
565 26
566 32
567 24
568 30
569 28
570 27
571 29
572 19
573 31
574 25
575 30
576 19
577 23
578 25
579 34
580 36
581 38
582 27
583 33
584 29
585 29
586 32
587 31
588 26
589 31
590 20
591 36
592 27
593 35
594 32
595 29
596 31
597 24
598 21
599 33
600 31
601 32
602 34
603 27
604 28
605 32
606 24
607 32
608 32
609 22
610 29
611 28
612 18
613 28
614 27
615 27
616 31
617 33
618 31
619 18
620 22
621 27
622 33
623 32
624 22
625 35
626 22
627 20
628 28
629 38
630 33
631 30
632 27
633 38
634 34
635 28
636 37
637 38
638 30
639 30
640 30
641 29
642 30
643 29
644 27
645 31
646 39
647 27
648 32
649 31
650 27
651 29
652 31
653 31
654 25
655 26
656 30
657 33
658 31
659 30
660 24
661 31
662 27
663 27
664 28
665 27
666 20
667 20
668 20
669 26
670 29
671 24
672 25
673 25
674 29
675 27
676 20
677 21
678 24
679 24
680 30
681 27
682 20
683 29
684 25
685 29
686 24
687 22
688 31
689 30
690 27
691 37
692 30
693 28
694 29
695 34
696 31
697 32
698 33
699 28
700 34
701 21
702 30
703 26
704 27
705 29
706 18
707 29
708 29
709 32
710 32
711 34
712 35
713 29
714 27
715 27
716 32
717 29
718 27
719 24
720 25
721 27
722 21
723 33
724 31
725 30
726 35
727 19
728 32
729 24
730 28
731 25
732 31
733 35
734 29
735 25
736 31
737 34
738 31
739 39
740 33
741 24
742 28
743 27
744 24
745 18
746 27
747 32
748 27
749 34
750 21
751 24
752 32
753 26
754 30
755 31
756 38
757 31
758 27
759 23
760 27
761 33
762 29
763 29
764 33
765 28
766 27
767 25
768 20
769 25
770 32
771 32
772 26
773 34
774 19
775 25
776 24
777 20
778 29
779 27
780 28
781 25
782 32
783 31
784 34
785 30
786 33
787 25
788 23
789 35
790 33
791 24
792 37
793 34
794 25
795 32
796 32
797 34
798 24
799 27
800 39
801 29
802 30
803 22
804 27
805 27
806 32
807 31
808 35
809 32
810 31
811 26
812 30
813 31
814 33
815 32
816 32
817 30
818 30
819 36
820 29
821 31
822 30
823 33
824 30
825 24
826 23
827 37
828 31
829 18
830 32
831 39
832 31
833 23
834 24
835 36
836 29
837 24
838 28
839 18
840 37
841 34
842 24
843 21
844 24
845 27
846 32
847 33
848 29
849 30
850 26
851 29
852 23
853 31
854 25
855 30
856 26
857 24
858 20
859 22
860 27
861 28
862 24
863 30
864 30
865 32
866 31
867 30
868 32
869 23
870 28
871 29
872 22
873 33
874 33
875 32
876 32
877 25
878 23
879 27
880 36
881 33
882 30
883 33
884 36
885 24
886 22
887 28
888 27
889 30
890 26
891 26
892 25
893 37
894 21
895 30
896 34
897 29
898 35
899 23
900 23
901 18
902 31
903 40
904 26
905 28
906 25
907 31
908 37
909 36
910 26
911 28
912 17
913 30
914 31
915 24
916 29
917 21
918 29
919 29
920 42
921 30
922 30
923 33
924 26
925 30
926 32
927 28
928 31
929 20
930 29
931 30
932 27
933 23
934 23
935 30
936 26
937 22
938 20
939 23
940 29
941 32
942 26
943 29
944 31
945 35
946 25
947 23
948 31
949 27
950 36
951 23
952 31
953 30
954 16
955 35
956 29
957 26
958 34
959 27
960 29
961 30
962 30
963 29
964 31
965 31
966 27
967 28
968 35
969 42
970 35
971 31
972 31
973 21
974 33
975 29
976 30
977 33
978 34
979 29
980 23
981 30
982 26
983 29
984 17
985 26
986 29
987 27
988 34
989 29
990 33
991 33
992 25
993 29
994 28
995 29
996 21
997 21
998 22
999 24
1000 31
1001 35
1002 35
