# Selection:resname AU POPC Restricted:name AUC AUL AUSL Radius:2.64 Start:0 End:-1
0 292.9203186035156
1 293.35107421875
2 0.0
3 0.8615304231643677
4 0.43076521158218384
5 0.0
6 0.0
7 0.0
8 0.0
9 0.0
10 0.0
11 0.0
12 0.8615304231643677
13 0.43076521158218384
14 0.0
15 0.0
16 1.2922956943511963
17 0.43076521158218384
18 0.8615304231643677
19 1.7230608463287354
20 0.0
21 0.0
22 0.0
23 11.199895858764648
24 0.0
25 0.0
26 0.43076521158218384
27 0.0
28 0.43076521158218384
29 0.0
30 0.0
31 0.8615304231643677
32 0.0
33 0.43076521158218384
34 0.0
35 0.0
36 5.169182777404785
37 0.43076521158218384
38 0.0
39 0.0
40 2.5845913887023926
41 0.0
42 0.0
43 0.0
44 0.0
45 0.0
46 0.0
47 0.0
48 0.43076521158218384
49 0.43076521158218384
50 4.738417148590088
51 0.0
52 1.2922956943511963
53 0.0
54 0.43076521158218384
55 0.0
56 0.43076521158218384
57 0.0
58 0.0
59 0.43076521158218384
60 0.43076521158218384
61 0.0
62 0.8615304231643677
63 1.2922956943511963
64 0.0
65 0.0
66 0.0
67 3.4461216926574707
68 0.0
69 0.0
70 4.738417625427246
71 0.0
72 0.43076521158218384
73 0.0
74 0.0
75 5.599947929382324
76 0.0
77 0.0
78 0.0
79 2.1538259983062744
80 2.1538259983062744
81 1.2922956943511963
82 0.8615304231643677
83 0.0
84 0.43076521158218384
85 0.0
86 0.0
87 0.0
88 0.0
89 0.0
90 0.0
91 0.0
92 0.0
93 0.0
94 0.8615304231643677
95 0.0
96 0.43076521158218384
97 0.0
98 0.43076521158218384
99 1.2922956943511963
100 0.0
101 1.7230608463287354
102 1.7230608463287354
103 0.0
104 0.0
105 0.0
106 0.0
107 0.0
108 0.0
109 6.030713081359863
110 0.0
111 6.030713081359863
112 0.0
113 0.8615304231643677
114 3.0153565406799316
115 0.0
116 0.43076521158218384
117 4.738417148590088
118 0.0
119 0.43076521158218384
120 0.0
121 0.43076521158218384
122 0.0
123 0.0
124 0.43076521158218384
125 0.8615304231643677
126 7.3230085372924805
127 0.0
128 0.0
129 0.0
130 0.0
131 5.599947929382324
132 0.0
133 0.0
134 0.0
135 0.43076521158218384
136 0.0
137 0.0
138 0.43076521158218384
139 0.43076521158218384
140 0.43076521158218384
141 0.0
142 0.8615304231643677
143 0.8615304231643677
144 0.0
145 0.0
146 0.0
147 0.0
148 0.8615304231643677
149 0.0
150 0.0
151 0.0
152 0.8615304231643677
153 0.0
154 0.0
155 3.0153565406799316
156 0.8615304231643677
157 2.1538259983062744
158 4.307652473449707
159 0.0
160 0.0
161 0.0
162 0.0
163 0.0
164 0.0
165 0.0
166 0.8615304231643677
167 0.0
168 0.0
169 0.0
170 0.0
171 0.43076521158218384
172 0.43076521158218384
173 0.0
174 0.0
175 0.0
176 0.0
177 1.2922956943511963
178 0.0
179 0.8615304231643677
180 2.1538259983062744
181 0.0
182 0.8615304231643677
183 0.0
184 0.0
185 0.0
186 0.0
187 2.1538259983062744
188 1.7230608463287354
189 0.0
190 1.2922956943511963
191 1.7230608463287354
192 3.8768868446350098
193 4.738417148590088
194 0.0
195 0.0
196 0.0
197 0.43076521158218384
198 0.0
199 1.7230608463287354
200 0.43076521158218384
201 0.0
202 2.5845913887023926
203 1.7230608463287354
204 0.8615304231643677
205 0.0
206 0.43076521158218384
207 0.43076521158218384
208 0.0
209 0.0
210 1.7230608463287354
211 0.0
212 1.2922956943511963
213 0.43076521158218384
214 0.0
215 1.2922956943511963
216 0.0
217 1.2922956943511963
218 0.43076521158218384
219 0.0
220 0.0
221 2.1538259983062744
222 1.7230608463287354
223 0.43076521158218384
224 0.0
225 0.0
226 0.0
227 0.0
228 0.0
229 0.0
230 0.0
231 0.0
232 1.2922956943511963
233 2.5845913887023926
234 0.43076521158218384
235 0.0
236 12.061426162719727
237 0.0
238 0.43076521158218384
239 0.0
240 0.43076521158218384
241 2.5845913887023926
242 1.7230608463287354
243 0.0
244 0.0
245 0.0
246 0.43076521158218384
247 0.0
248 0.0
249 3.4461216926574707
250 0.0
251 0.0
252 0.0
253 0.0
254 0.0
255 0.43076521158218384
256 3.0153565406799316
257 1.2922956943511963
258 1.7230608463287354
259 0.43076521158218384
260 0.0
261 0.8615304231643677
262 0.0
263 0.0
264 0.0
265 0.0
266 0.0
267 0.8615304231643677
268 0.0
269 0.0
270 0.8615304231643677
271 0.8615304231643677
272 0.0
273 1.2922956943511963
274 0.0
275 0.0
276 3.8768868446350098
277 0.8615304231643677
278 1.2922956943511963
279 0.0
280 0.0
281 0.0
282 0.0
283 2.1538259983062744
284 0.0
285 1.7230608463287354
286 0.8615304231643677
287 3.8768868446350098
288 0.0
289 1.7230608463287354
290 0.43076521158218384
291 0.0
292 1.2922956943511963
293 0.0
294 0.0
295 0.0
296 0.0
297 6.892243385314941
298 0.0
299 0.0
300 4.307651996612549
301 0.43076521158218384
302 8.184538841247559
303 0.0
304 0.0
305 0.0
306 2.5845913887023926
307 1.2922956943511963
308 0.0
309 0.0
310 0.0
311 3.0153565406799316
312 0.43076521158218384
313 0.0
314 0.0
315 0.0
316 0.43076521158218384
317 0.8615304231643677
318 0.0
319 0.43076521158218384
320 0.8615304231643677
321 0.0
322 3.0153565406799316
323 0.0
324 1.2922956943511963
325 0.0
326 0.43076521158218384
327 0.0
328 0.43076521158218384
329 0.0
330 1.7230608463287354
331 1.2922956943511963
332 1.2922956943511963
333 0.0
334 3.8768868446350098
335 0.0
336 0.0
337 1.7230608463287354
338 0.0
339 0.0
340 1.2922956943511963
341 0.0
342 0.8615304231643677
343 0.0
344 0.0
345 0.0
346 0.0
347 0.0
348 1.2922956943511963
349 0.43076521158218384
350 0.43076521158218384
351 0.0
352 0.0
353 0.0
354 0.8615304231643677
355 0.43076521158218384
356 0.0
357 0.0
358 1.2922956943511963
359 0.8615304231643677
360 0.0
361 1.2922956943511963
362 7.3230085372924805
363 0.8615304231643677
364 0.8615304231643677
365 0.0
366 0.0
367 0.0
368 0.0
369 0.43076521158218384
370 0.0
371 0.0
372 0.8615304231643677
373 0.0
374 0.8615304231643677
375 0.0
376 0.43076521158218384
377 0.0
378 0.0
379 0.0
380 0.0
381 0.43076521158218384
382 0.0
383 0.43076521158218384
384 0.0
385 0.0
386 0.0
387 1.7230608463287354
388 0.0
389 0.0
390 0.0
391 0.0
392 0.43076521158218384
393 0.0
394 0.0
395 0.0
396 0.0
397 0.0
398 2.5845913887023926
399 0.0
400 0.8615304231643677
401 0.0
402 0.0
403 3.4461216926574707
404 0.0
405 1.7230608463287354
406 0.0
407 0.43076521158218384
408 0.8615304231643677
409 0.43076521158218384
410 0.0
411 0.0
412 0.43076521158218384
413 0.0
414 1.7230608463287354
415 0.0
416 0.8615304231643677
417 1.2922956943511963
418 0.8615304231643677
419 0.8615304231643677
420 0.43076521158218384
421 0.8615304231643677
422 0.8615304231643677
423 4.738417148590088
424 2.1538259983062744
425 0.8615304231643677
426 0.0
427 0.0
428 0.0
429 6.892243385314941
430 0.8615304231643677
431 0.0
432 0.8615304231643677
433 0.0
434 0.0
435 0.0
436 0.0
437 0.43076521158218384
438 0.0
439 0.0
440 0.0
441 0.0
442 1.2922956943511963
443 0.0
444 1.7230608463287354
445 0.43076521158218384
446 0.0
447 0.0
448 0.0
449 0.8615304231643677
450 0.0
451 0.0
452 0.0
453 0.0
454 0.0
455 0.43076521158218384
456 0.0
457 1.7230608463287354
458 0.0
459 0.0
460 0.43076521158218384
461 0.0
462 0.0
463 1.2922956943511963
464 4.307651996612549
465 0.0
466 0.0
467 0.8615304231643677
468 0.0
469 0.0
470 0.0
471 0.0
472 0.0
473 1.2922956943511963
474 0.0
475 0.0
476 0.0
477 0.0
478 0.0
479 6.461478233337402
480 0.0
481 0.0
482 0.0
483 0.0
484 0.0
485 0.0
486 2.1538259983062744
487 0.43076521158218384
488 4.738417148590088
489 0.0
490 1.2922956943511963
491 0.0
492 0.8615304231643677
493 0.0
494 3.4461216926574707
495 0.8615304231643677
496 0.43076521158218384
497 0.43076521158218384
498 0.0
499 6.030713081359863
500 0.0
501 0.8615304231643677
502 0.0
503 0.0
504 5.169182777404785
505 0.0
506 0.0
507 0.0
508 5.169182777404785
509 0.0
510 0.43076521158218384
511 0.0
512 0.43076521158218384
513 0.43076521158218384
514 0.8615304231643677
515 0.0
516 0.0
517 0.0
518 0.0
519 0.0
520 3.0153565406799316
521 1.2922956943511963
522 0.0
523 4.307651996612549
524 0.43076521158218384
525 0.0
526 3.0153565406799316
527 10.769129753112793
528 0.0
529 2.5845913887023926
530 0.43076521158218384
531 0.0
532 0.8615304231643677
533 0.0
534 0.0
535 0.0
536 0.0
537 2.5845913887023926
538 2.5845913887023926
539 1.7230608463287354
540 6.030713081359863
541 0.43076521158218384
542 1.2922956943511963
543 0.0
544 0.0
545 0.0
546 0.43076521158218384
547 0.0
548 0.8615304231643677
549 0.0
550 0.0
551 0.0
552 0.0
553 0.0
554 0.43076521158218384
555 0.8615304231643677
556 0.8615304231643677
557 0.0
558 0.0
559 0.0
560 0.43076521158218384
561 0.0
562 0.0
563 0.0
564 9.046069145202637
565 0.43076521158218384
566 0.0
567 0.0
568 1.7230608463287354
569 0.0
570 0.8615304231643677
571 1.7230608463287354
572 1.2922956943511963
573 0.0
574 0.0
575 0.0
576 0.0
577 0.0
578 1.2922956943511963
579 0.0
580 0.8615304231643677
581 0.0
582 0.0
583 0.0
584 0.0
585 5.599947452545166
586 0.0
587 0.0
588 0.0
589 0.8615304231643677
590 6.030713081359863
591 0.43076521158218384
592 0.0
593 0.0
594 0.8615304231643677
595 0.0
596 0.0
597 0.0
598 0.0
599 6.030713081359863
600 0.8615304231643677
601 0.8615304231643677
602 0.0
603 1.2922956943511963
604 0.43076521158218384
605 0.0
606 0.0
607 0.0
608 0.8615304231643677
609 0.0
610 0.0
611 0.8615304231643677
612 0.43076521158218384
613 0.8615304231643677
614 0.0
615 0.43076521158218384
616 0.0
617 3.0153565406799316
618 0.0
619 0.0
620 0.43076521158218384
621 0.0
622 5.169182777404785
623 1.2922956943511963
624 0.0
625 0.0
626 0.43076521158218384
627 0.0
628 0.0
629 0.0
630 0.0
631 0.8615304231643677
632 0.43076521158218384
633 0.0
634 0.0
635 3.4461216926574707
636 0.0
637 1.2922956943511963
638 0.0
639 0.0
640 0.0
641 0.43076521158218384
642 5.169182777404785
643 0.0
644 0.8615304231643677
645 0.43076521158218384
646 5.169182777404785
647 3.8768868446350098
648 0.0
649 1.2922956943511963
650 0.43076521158218384
651 0.0
652 0.0
653 8.184538841247559
654 0.0
655 0.0
656 0.0
657 1.7230608463287354
658 0.43076521158218384
659 0.8615304231643677
660 0.0
661 0.0
662 0.0
663 0.0
664 0.0
665 3.4461216926574707
666 2.5845911502838135
667 1.2922956943511963
668 2.5845913887023926
669 0.0
670 0.0
671 0.0
672 0.0
673 0.43076521158218384
674 1.2922956943511963
675 0.43076521158218384
676 0.43076521158218384
677 0.43076521158218384
678 0.8615304231643677
679 0.0
680 0.0
681 3.0153565406799316
682 0.43076521158218384
683 0.8615304231643677
684 0.0
685 0.0
686 0.43076521158218384
687 3.4461216926574707
688 0.0
689 0.0
690 0.8615304231643677
691 0.0
692 0.0
693 3.0153565406799316
694 0.8615304231643677
695 0.0
696 0.0
697 0.8615304231643677
698 0.43076521158218384
699 0.0
700 0.0
701 0.8615304231643677
702 1.2922956943511963
703 0.0
704 1.2922956943511963
705 8.615304946899414
706 0.0
707 0.0
708 0.43076521158218384
709 0.0
710 0.43076521158218384
711 0.0
712 0.0
713 0.0
714 1.2922956943511963
715 0.0
716 0.43076521158218384
717 0.0
718 1.7230608463287354
719 6.461478233337402
720 0.8615304231643677
721 0.0
722 0.0
723 3.0153565406799316
724 0.0
725 0.43076521158218384
726 0.0
727 0.0
728 0.0
729 0.0
730 0.0
731 0.43076521158218384
732 0.43076521158218384
733 0.0
734 0.0
735 3.0153565406799316
736 3.0153565406799316
737 1.7230608463287354
738 0.0
739 0.8615304231643677
740 0.43076521158218384
741 0.0
742 0.0
743 0.0
744 0.0
745 0.0
746 0.0
747 1.2922956943511963
748 0.43076521158218384
749 0.0
750 3.8768868446350098
751 0.0
752 0.0
753 0.0
754 0.0
755 0.43076521158218384
756 0.43076521158218384
757 0.43076521158218384
758 0.43076521158218384
759 0.8615304231643677
760 0.0
761 0.0
762 2.5845913887023926
763 0.0
764 2.5845913887023926
765 0.43076521158218384
766 0.8615304231643677
767 1.2922956943511963
768 0.0
769 0.0
770 0.0
771 1.7230608463287354
772 1.7230608463287354
773 0.0
774 0.0
775 0.0
776 0.0
777 0.0
778 2.5845913887023926
779 0.0
780 0.0
781 0.0
782 0.0
783 0.43076521158218384
784 0.0
785 1.2922956943511963
786 0.0
787 0.0
788 0.0
789 0.0
790 0.0
791 0.0
792 0.0
793 1.2922956943511963
794 0.43076521158218384
795 1.7230608463287354
796 0.8615304231643677
797 0.0
798 0.0
799 0.0
800 0.8615304231643677
801 0.0
802 0.0
803 0.0
804 0.43076521158218384
805 4.738417625427246
806 0.43076521158218384
807 3.0153565406799316
808 5.599947929382324
809 0.0
810 0.0
811 2.1538259983062744
812 0.0
813 0.0
814 7.3230085372924805
815 0.0
816 2.5845913887023926
817 0.0
818 0.43076521158218384
819 0.43076521158218384
820 0.0
821 1.7230608463287354
822 1.7230608463287354
823 0.0
824 1.2922956943511963
825 0.0
826 0.43076521158218384
827 0.43076521158218384
828 0.0
829 0.43076521158218384
830 0.0
831 0.0
832 0.0
833 0.0
834 0.43076521158218384
835 0.43076521158218384
836 0.0
837 1.7230608463287354
838 0.0
839 0.0
840 3.4461216926574707
841 0.43076521158218384
842 0.0
843 0.0
844 3.0153565406799316
845 0.0
846 0.43076521158218384
847 1.7230608463287354
848 0.0
849 0.8615304231643677
850 7.3230085372924805
851 0.43076521158218384
852 0.0
853 0.0
854 0.0
855 0.43076521158218384
856 0.0
857 0.0
858 0.0
859 0.43076521158218384
860 0.0
861 0.0
862 3.0153565406799316
863 0.0
864 2.5845913887023926
865 0.0
866 0.0
867 2.5845913887023926
868 0.0
869 0.43076521158218384
870 1.7230608463287354
871 1.7230608463287354
872 0.0
873 0.0
874 0.0
875 0.0
876 0.0
877 0.0
878 5.169182777404785
879 0.0
880 0.0
881 3.4461216926574707
882 0.0
883 6.892243385314941
884 1.2922956943511963
885 1.2922956943511963
886 0.0
887 0.0
888 0.43076521158218384
889 0.0
890 0.0
891 0.0
892 0.0
893 0.0
894 0.0
895 5.169182300567627
896 0.8615304231643677
897 1.7230608463287354
898 0.0
899 0.8615304231643677
900 0.0
901 0.0
902 0.0
903 0.0
904 0.0
905 2.1538259983062744
906 0.0
907 0.43076521158218384
908 0.0
909 1.7230608463287354
910 0.0
911 0.43076521158218384
912 0.0
913 0.43076521158218384
914 0.0
915 0.0
916 0.0
917 6.892243385314941
918 0.8615304231643677
919 0.0
920 0.0
921 0.0
922 1.2922956943511963
923 3.0153565406799316
924 0.0
925 0.43076521158218384
926 0.0
927 2.1538262367248535
928 6.892243385314941
929 1.7230608463287354
930 0.0
931 0.43076521158218384
932 0.43076521158218384
933 0.0
934 18.522903442382813
935 0.0
936 0.0
937 0.8615304231643677
938 0.8615304231643677
939 1.7230608463287354
940 0.0
941 0.0
942 0.0
943 0.0
944 0.0
945 0.0
946 0.0
947 0.0
948 0.0
949 0.0
950 0.43076521158218384
951 0.8615304231643677
952 0.43076521158218384
953 0.0
954 0.0
955 0.0
956 0.0
957 0.43076521158218384
958 1.7230608463287354
959 0.43076521158218384
960 0.0
961 0.0
962 0.0
963 0.43076521158218384
964 0.0
965 0.0
966 6.030713081359863
967 0.0
968 0.43076521158218384
969 0.0
970 4.307651996612549
971 6.030713081359863
972 0.0
973 0.0
974 3.876887083053589
975 0.0
976 0.8615304231643677
977 3.0153565406799316
978 0.0
979 0.0
980 0.0
981 0.43076521158218384
982 0.0
983 4.738417625427246
984 0.0
985 0.0
986 0.0
987 0.8615304231643677
988 0.43076521158218384
989 0.0
990 0.0
991 0.0
992 2.1538259983062744
993 7.3230085372924805
994 0.0
995 0.43076521158218384
996 0.0
997 0.8615304231643677
998 0.0
999 0.0
1000 0.0
1001 0.0
1002 0.0
