0 36.71189498901367
1 37.67799758911133
2 13.525435447692871
3 33.8135871887207
4 11.593230247497559
5 12.559332847595215
6 4.830512523651123
7 4.830512523651123
8 34.77968978881836
9 3.864410161972046
10 39.61020278930664
11 9.661025047302246
12 24.152563095092773
13 21.254255294799805
14 0.0
15 55.067840576171875
16 0.0
17 10.627127647399902
18 0.9661025404930115
19 22.22035789489746
20 37.67799758911133
21 75.35599517822266
22 25.11866569519043
23 85.98312377929688
24 58.932254791259766
25 31.88138198852539
26 28.983076095581055
27 0.0
28 31.88138198852539
29 5.796615123748779
30 48.30512619018555
31 8.69492244720459
32 22.22035789489746
33 19.322050094604492
34 24.152563095092773
35 12.559332847595215
36 93.71194458007813
37 25.11866569519043
38 10.627127647399902
39 14.491538047790527
40 17.38984489440918
41 6.7627177238464355
42 42.50851058959961
43 2.8983075618743896
44 2.8983075618743896
45 2.8983075618743896
46 2.8983075618743896
47 17.38984489440918
48 134.2882537841797
49 3.864410161972046
50 28.983074188232422
51 2.8983075618743896
52 18.355947494506836
53 33.8135871887207
54 27.050870895385742
55 3.864410161972046
56 34.77968978881836
57 9.661025047302246
58 4.830512523651123
59 7.728820323944092
60 8.69492244720459
61 0.9661025404930115
62 21.254255294799805
63 31.88138198852539
64 23.186460494995117
65 28.983074188232422
66 19.322050094604492
67 25.11866569519043
68 36.71189498901367
69 28.983076095581055
70 27.050870895385742
71 19.322050094604492
72 24.152563095092773
73 2.8983075618743896
74 7.728820323944092
75 23.186460494995117
76 19.322050094604492
77 3.864410161972046
78 21.254255294799805
79 26.084768295288086
80 15.457640647888184
81 15.457639694213867
82 0.0
83 0.0
84 0.9661025404930115
85 12.559332847595215
86 21.254255294799805
87 10.627127647399902
88 2.8983075618743896
89 16.423742294311523
90 7.728820323944092
91 0.9661025404930115
92 5.796615123748779
93 51.203433990478516
94 2.8983075618743896
95 14.491537094116211
96 2.8983075618743896
97 4.830512523651123
98 16.423742294311523
99 2.8983075618743896
100 1.932205080986023
101 0.0
102 2.8983075618743896
103 6.7627177238464355
104 41.54240798950195
105 16.423742294311523
106 0.0
107 9.661025047302246
108 41.54240798950195
109 0.9661025404930115
110 62.796661376953125
111 78.25430297851563
112 61.83055877685547
113 0.0
114 6.7627177238464355
115 29.94917869567871
116 1.932205080986023
117 0.9661025404930115
118 5.796615123748779
119 28.983076095581055
120 2.8983075618743896
121 31.881383895874023
122 18.355947494506836
123 8.69492244720459
124 58.932254791259766
125 2.8983075618743896
126 36.71189498901367
127 113.03399658203125
128 18.355947494506836
129 19.322050094604492
130 2.8983075618743896
131 2.8983075618743896
132 3.864410161972046
133 89.8475341796875
134 46.372920989990234
135 16.423742294311523
136 0.0
137 23.186460494995117
138 18.355947494506836
139 0.0
140 4.830512523651123
141 8.69492244720459
142 18.355947494506836
143 0.0
144 34.77968978881836
145 3.864410161972046
146 3.864410161972046
147 8.69492244720459
148 21.254255294799805
149 3.864410161972046
150 5.796615123748779
151 3.864410161972046
152 41.54240798950195
153 17.38984489440918
154 1.932205080986023
155 75.35599517822266
156 0.0
157 11.593230247497559
158 13.525435447692871
159 21.254255294799805
160 20.28815269470215
161 8.69492244720459
162 17.38984489440918
163 22.22035789489746
164 1.932205080986023
165 5.796615123748779
166 5.796615123748779
167 0.0
168 0.9661025404930115
169 6.7627177238464355
170 22.22035789489746
171 6.7627177238464355
172 13.525435447692871
173 10.627127647399902
174 23.186460494995117
175 27.050870895385742
176 23.186460494995117
177 19.322050094604492
178 9.661025047302246
179 21.254255294799805
180 11.593230247497559
181 13.525435447692871
182 11.593230247497559
183 0.9661025404930115
184 0.9661025404930115
185 14.491537094116211
186 0.0
187 42.50851058959961
188 6.7627177238464355
189 15.457640647888184
190 21.254255294799805
191 28.983074188232422
192 15.457639694213867
193 12.559332847595215
194 12.559332847595215
195 3.864410161972046
196 21.254255294799805
197 14.491538047790527
198 16.423742294311523
199 4.830512523651123
200 9.661025047302246
201 4.830512523651123
202 1.932205080986023
203 11.593230247497559
204 1.932205080986023
205 19.322050094604492
206 55.06784439086914
207 27.050870895385742
208 6.7627177238464355
209 20.28815269470215
210 2.8983075618743896
211 22.22035789489746
212 16.423742294311523
213 0.0
214 43.474613189697266
215 22.22035789489746
216 30.915281295776367
217 11.593230247497559
218 39.61020278930664
219 0.9661025404930115
220 53.13563537597656
221 5.796615123748779
222 25.11866569519043
223 76.32209777832031
224 0.0
225 17.38984489440918
226 16.423742294311523
227 6.7627177238464355
228 24.152563095092773
229 16.423742294311523
230 4.830512523651123
231 1.932205080986023
232 2.8983075618743896
233 5.796615123748779
234 49.27122497558594
235 30.915279388427734
236 79.22040557861328
237 25.11866569519043
238 8.69492244720459
239 18.355947494506836
240 40.5763053894043
241 16.423742294311523
242 33.8135871887207
243 25.11866569519043
244 2.8983075618743896
245 0.9661025404930115
246 5.796615123748779
247 13.525435447692871
248 22.22035789489746
249 54.101741790771484
250 77.28820037841797
251 2.8983075618743896
252 17.38984489440918
253 13.525435447692871
254 37.67799758911133
255 21.254255294799805
256 15.457640647888184
257 22.22035789489746
258 10.627127647399902
259 11.593230247497559
260 33.8135871887207
261 1.932205080986023
262 9.661025047302246
263 2.8983075618743896
264 19.322050094604492
265 10.627127647399902
266 0.0
267 33.8135871887207
268 11.593230247497559
269 17.38984489440918
270 7.728820323944092
271 6.7627177238464355
272 23.186460494995117
273 3.864410161972046
274 19.322050094604492
275 19.322050094604492
276 10.627127647399902
277 5.796615123748779
278 9.661025047302246
279 22.22035789489746
280 19.322050094604492
281 27.050870895385742
282 36.71189498901367
283 31.881383895874023
284 12.559332847595215
285 25.11866569519043
286 1.932205080986023
287 1.932205080986023
288 4.830512523651123
289 17.38984489440918
290 0.9661025404930115
291 6.7627177238464355
292 15.457640647888184
293 15.457640647888184
294 17.38984489440918
295 16.423742294311523
296 0.0
297 3.864410161972046
298 16.423742294311523
299 15.457640647888184
300 22.22035789489746
301 3.864410161972046
302 36.71189498901367
303 26.084768295288086
304 0.0
305 1.932205080986023
306 11.593230247497559
307 0.9661025404930115
308 2.8983075618743896
309 2.8983075618743896
310 4.830512523651123
311 31.88138198852539
312 23.186460494995117
313 19.322050094604492
314 0.0
315 16.423742294311523
316 8.69492244720459
317 9.661025047302246
318 13.525435447692871
319 3.864410161972046
320 5.796615123748779
321 0.9661025404930115
322 29.94917869567871
323 9.661025047302246
324 17.38984489440918
325 10.627127647399902
326 1.932205080986023
327 2.8983075618743896
328 0.9661025404930115
329 20.28815269470215
330 0.0
331 7.728820323944092
332 0.9661025404930115
333 47.33902359008789
334 2.8983075618743896
335 9.661025047302246
336 2.8983075618743896
337 2.8983075618743896
338 47.33902359008789
339 38.644100189208984
340 100.47466278076172
341 32.84748458862305
342 10.627127647399902
343 41.54240798950195
344 7.728820323944092
345 46.372920989990234
346 8.69492244720459
347 1.932205080986023
348 14.491538047790527
349 18.355947494506836
350 8.69492244720459
351 5.796615123748779
352 9.661025047302246
353 19.322050094604492
354 18.355947494506836
355 5.796615123748779
356 6.7627177238464355
357 8.69492244720459
358 14.491538047790527
359 37.67799758911133
360 6.7627177238464355
361 0.0
362 22.22035789489746
363 45.40681838989258
364 13.525434494018555
365 33.8135871887207
366 21.254255294799805
367 28.983076095581055
368 54.101741790771484
369 43.474613189697266
370 0.0
371 0.0
372 1.932205080986023
373 8.69492244720459
374 53.13563919067383
375 12.559332847595215
376 8.69492244720459
377 21.254255294799805
378 12.559332847595215
379 11.593230247497559
380 15.457639694213867
381 6.7627177238464355
382 10.627127647399902
383 12.559332847595215
384 1.932205080986023
385 1.932205080986023
386 11.593230247497559
387 37.67799758911133
388 0.0
389 2.8983075618743896
390 0.0
391 4.830512523651123
392 3.864410161972046
393 0.9661025404930115
394 12.559332847595215
395 11.593230247497559
396 29.949176788330078
397 18.355947494506836
398 11.593230247497559
399 12.559332847595215
400 9.661025047302246
401 4.830512523651123
402 4.830512523651123
403 29.94917869567871
404 12.559332847595215
405 43.474613189697266
406 7.728820323944092
407 3.864410161972046
408 0.0
409 0.0
410 0.9661025404930115
411 7.728819847106934
412 16.423742294311523
413 28.983074188232422
414 9.661025047302246
415 8.69492244720459
416 3.864410161972046
417 35.745792388916016
418 30.915279388427734
419 49.2712287902832
420 16.423742294311523
421 38.644100189208984
422 130.42384338378906
423 89.8475341796875
424 44.44071578979492
425 84.05091857910156
426 8.69492244720459
427 2.8983075618743896
428 0.0
429 25.11866569519043
430 2.8983075618743896
431 37.67799758911133
432 16.423742294311523
433 0.0
434 39.61020278930664
435 23.186460494995117
436 25.11866569519043
437 11.593230247497559
438 20.28815269470215
439 0.0
440 3.864410161972046
441 1.932205080986023
442 17.38984489440918
443 0.0
444 21.254255294799805
445 20.28815269470215
446 31.88138198852539
447 0.0
448 12.559332847595215
449 3.864410161972046
450 13.525435447692871
451 0.9661025404930115
452 1.932205080986023
453 10.627127647399902
454 7.728820323944092
455 3.864410161972046
456 0.0
457 0.9661025404930115
458 28.0169734954834
459 57.966148376464844
460 32.84748458862305
461 0.0
462 28.0169734954834
463 6.7627177238464355
464 1.932205080986023
465 34.77968978881836
466 21.254255294799805
467 24.152563095092773
468 17.38984489440918
469 47.33902359008789
470 16.423742294311523
471 13.525435447692871
472 12.559332847595215
473 38.644100189208984
474 3.864410161972046
475 17.38984489440918
476 2.8983075618743896
477 0.0
478 3.864410161972046
479 3.864410161972046
480 11.593230247497559
481 9.661025047302246
482 5.796615123748779
483 28.983076095581055
484 26.084768295288086
485 33.8135871887207
486 0.0
487 9.661025047302246
488 22.22035789489746
489 15.457639694213867
490 8.69492244720459
491 39.61020278930664
492 30.915281295776367
493 2.8983075618743896
494 77.28820037841797
495 16.423742294311523
496 0.0
497 33.8135871887207
498 11.593230247497559
499 15.457640647888184
500 13.525435447692871
501 0.9661025404930115
502 60.86445999145508
503 21.254255294799805
504 0.0
505 27.050870895385742
506 40.5763053894043
507 52.16953659057617
508 8.69492244720459
509 9.661025047302246
510 12.559332847595215
511 12.559332847595215
512 29.949176788330078
513 19.322050094604492
514 11.593230247497559
515 4.830512523651123
516 7.728820323944092
517 5.796615123748779
518 24.152563095092773
519 1.932205080986023
520 36.71189498901367
521 0.0
522 5.796615123748779
523 7.728819847106934
524 19.322050094604492
525 38.644100189208984
526 2.8983075618743896
527 2.8983075618743896
528 2.8983075618743896
529 36.71189498901367
530 8.69492244720459
531 0.9661025404930115
532 14.491538047790527
533 16.423742294311523
534 0.0
535 23.186460494995117
536 23.186460494995117
537 36.71189498901367
538 40.5763053894043
539 14.491538047790527
540 49.2712287902832
541 14.491538047790527
542 0.0
543 47.339019775390625
544 4.830512523651123
545 37.67799758911133
546 0.0
547 17.38984489440918
548 18.355947494506836
549 43.474613189697266
550 18.355947494506836
551 42.50851058959961
552 0.0
553 3.864410161972046
554 3.864410161972046
555 16.423742294311523
556 35.745792388916016
557 30.915279388427734
558 3.864410161972046
559 0.0
560 0.9661025404930115
561 24.152563095092773
562 8.69492244720459
563 6.7627177238464355
564 70.52548217773438
565 9.661025047302246
566 40.5763053894043
567 0.9661025404930115
568 19.322050094604492
569 11.593230247497559
570 5.796615123748779
571 0.9661025404930115
572 1.932205080986023
573 17.38984489440918
574 28.0169734954834
575 17.38984489440918
576 4.830512523651123
577 3.864410161972046
578 10.627127647399902
579 76.32209777832031
580 28.0169734954834
581 18.355947494506836
582 12.559332847595215
583 1.932205080986023
584 0.9661025404930115
585 48.30512619018555
586 41.54240798950195
587 25.11866569519043
588 5.796615123748779
589 65.6949691772461
590 4.830512523651123
591 8.69492244720459
592 0.0
593 13.525435447692871
594 16.423742294311523
595 48.30512619018555
596 8.69492244720459
597 32.84748458862305
598 6.7627177238464355
599 9.661025047302246
600 17.38984489440918
601 6.7627177238464355
602 21.254255294799805
603 23.186460494995117
604 28.983076095581055
605 8.69492244720459
606 33.8135871887207
607 24.152563095092773
608 29.94917869567871
609 7.728820323944092
610 5.796615123748779
611 1.932205080986023
612 1.932205080986023
613 0.9661025404930115
614 17.38984489440918
615 7.728820323944092
616 31.881383895874023
617 14.491538047790527
618 0.0
619 0.0
620 9.661025047302246
621 10.627127647399902
622 1.932205080986023
623 26.084768295288086
624 2.8983075618743896
625 53.13563919067383
626 7.728820323944092
627 13.525435447692871
628 11.593230247497559
629 44.44071578979492
630 13.525435447692871
631 11.593230247497559
632 9.661025047302246
633 8.69492244720459
634 16.423742294311523
635 20.28815269470215
636 38.644100189208984
637 1.932205080986023
638 26.084768295288086
639 46.37291717529297
640 0.0
641 0.0
642 23.186460494995117
643 14.491538047790527
644 55.067840576171875
645 48.30512619018555
646 30.915281295776367
647 16.423742294311523
648 10.627127647399902
649 16.423742294311523
650 0.9661025404930115
651 4.830512523651123
652 8.69492244720459
653 25.11866569519043
654 18.355947494506836
655 0.9661025404930115
656 16.423742294311523
657 4.830512523651123
658 3.864410161972046
659 3.864410161972046
660 14.491537094116211
661 8.69492244720459
662 28.983076095581055
663 21.254255294799805
664 28.0169734954834
665 13.525435447692871
666 19.322050094604492
667 25.11866569519043
668 11.593230247497559
669 14.491537094116211
670 30.915281295776367
671 12.559332847595215
672 64.72886657714844
673 0.0
674 62.79666519165039
675 32.84748458862305
676 11.593230247497559
677 9.661025047302246
678 0.9661025404930115
679 8.69492244720459
680 9.661025047302246
681 45.40681838989258
682 3.864410161972046
683 8.69492244720459
684 1.932205080986023
685 9.661025047302246
686 22.22035789489746
687 85.01702117919922
688 27.050870895385742
689 9.661025047302246
690 26.084768295288086
691 2.8983075618743896
692 8.69492244720459
693 7.728820323944092
694 21.254255294799805
695 17.38984489440918
696 1.932205080986023
697 52.169532775878906
698 3.864410161972046
699 0.0
700 84.05091857910156
701 4.830512523651123
702 10.627127647399902
703 25.11866569519043
704 19.322050094604492
705 9.661025047302246
706 31.88138198852539
707 13.525435447692871
708 20.28815269470215
709 31.881383895874023
710 15.457639694213867
711 3.864410161972046
712 5.796615123748779
713 19.322050094604492
714 41.54240798950195
715 28.983076095581055
716 33.8135871887207
717 7.728820323944092
718 9.661025047302246
719 24.152563095092773
720 5.796615123748779
721 38.644100189208984
722 4.830512523651123
723 2.8983075618743896
724 18.355947494506836
725 0.0
726 13.525435447692871
727 25.11866569519043
728 63.76276779174805
729 0.9661025404930115
730 33.8135871887207
731 1.932205080986023
732 52.16953659057617
733 125.59333038330078
734 27.050870895385742
735 43.474613189697266
736 1.932205080986023
737 45.40681838989258
738 10.627127647399902
739 0.9661025404930115
740 7.728820323944092
741 0.9661025404930115
742 0.9661025404930115
743 7.728820323944092
744 0.9661025404930115
745 17.38984489440918
746 5.796615123748779
747 3.864410161972046
748 0.0
749 26.084768295288086
750 7.728820323944092
751 9.661025047302246
752 26.084768295288086
753 1.932205080986023
754 28.0169734954834
755 25.11866569519043
756 0.0
757 15.457640647888184
758 13.525435447692871
759 14.491538047790527
760 22.22035789489746
761 6.7627177238464355
762 7.728820323944092
763 0.0
764 3.864410161972046
765 48.30512619018555
766 8.69492244720459
767 0.9661025404930115
768 42.50851058959961
769 47.33902359008789
770 17.38984489440918
771 9.661025047302246
772 24.152563095092773
773 31.881383895874023
774 12.559332847595215
775 0.0
776 5.796615123748779
777 13.525435447692871
778 0.9661025404930115
779 25.11866569519043
780 1.932205080986023
781 1.932205080986023
782 23.186460494995117
783 43.474613189697266
784 0.0
785 0.9661025404930115
786 4.830512523651123
787 23.186460494995117
788 32.84748458862305
789 6.7627177238464355
790 0.9661025404930115
791 2.8983075618743896
792 52.16953659057617
793 92.74584197998047
794 26.084768295288086
795 8.69492244720459
796 63.76276779174805
797 1.932205080986023
798 2.8983075618743896
799 1.932205080986023
800 3.864410161972046
801 17.38984489440918
802 51.203433990478516
803 60.86445617675781
804 13.525435447692871
805 41.54240798950195
806 9.661025047302246
807 0.9661025404930115
808 3.864410161972046
809 15.457639694213867
810 20.28815269470215
811 3.864410161972046
812 92.74584197998047
813 29.94917869567871
814 9.661025047302246
815 15.457639694213867
816 71.49158477783203
817 15.457639694213867
818 13.525435447692871
819 1.932205080986023
820 7.728819847106934
821 10.627127647399902
822 2.8983075618743896
823 16.423742294311523
824 67.6271743774414
825 25.11866569519043
826 6.7627177238464355
827 0.0
828 2.8983075618743896
829 20.28815269470215
830 3.864410161972046
831 36.71189498901367
832 5.796615123748779
833 2.8983075618743896
834 0.0
835 30.915279388427734
836 15.457640647888184
837 11.593230247497559
838 29.949176788330078
839 29.94917869567871
840 29.94917869567871
841 2.8983075618743896
842 19.322050094604492
843 0.0
844 0.0
845 35.745792388916016
846 10.627127647399902
847 16.423742294311523
848 0.0
849 0.0
850 34.77968978881836
851 22.22035789489746
852 12.559332847595215
853 0.9661025404930115
854 11.593230247497559
855 0.0
856 0.9661025404930115
857 20.28815269470215
858 0.0
859 0.9661025404930115
860 25.11866569519043
861 35.745792388916016
862 0.0
863 57.96615219116211
864 0.0
865 17.38984489440918
866 9.661025047302246
867 8.69492244720459
868 9.661025047302246
869 25.11866569519043
870 0.0
871 0.9661025404930115
872 6.7627177238464355
873 7.728820323944092
874 32.84748458862305
875 10.627127647399902
876 0.0
877 7.728820323944092
878 23.186460494995117
879 7.728820323944092
880 3.864410161972046
881 4.830512523651123
882 72.45768737792969
883 4.830512523651123
884 30.915279388427734
885 24.152563095092773
886 17.38984489440918
887 10.627127647399902
888 11.593230247497559
889 25.11866569519043
890 55.067840576171875
891 15.457640647888184
892 55.06784439086914
893 0.0
894 27.05086898803711
895 20.28815269470215
896 1.932205080986023
897 18.355947494506836
898 9.661025047302246
899 23.186460494995117
900 23.186460494995117
901 5.796615123748779
902 10.627127647399902
903 10.627127647399902
904 22.22035789489746
905 23.186460494995117
906 3.864410161972046
907 1.932205080986023
908 57.966148376464844
909 2.8983075618743896
910 12.559332847595215
911 16.423742294311523
912 10.627127647399902
913 12.559332847595215
914 23.186460494995117
915 7.728820323944092
916 35.745792388916016
917 16.423742294311523
918 0.9661025404930115
919 36.71189498901367
920 11.593230247497559
921 1.932205080986023
922 0.9661025404930115
923 7.728820323944092
924 11.593230247497559
925 11.593230247497559
926 0.0
927 26.084766387939453
928 16.423742294311523
929 0.9661025404930115
930 3.864410161972046
931 11.593230247497559
932 0.0
933 11.593230247497559
934 21.254255294799805
935 5.796615123748779
936 19.322050094604492
937 45.40681838989258
938 54.101741790771484
939 29.949176788330078
940 0.0
941 44.44071578979492
942 54.101741790771484
943 0.9661025404930115
944 13.525435447692871
945 9.661025047302246
946 2.8983075618743896
947 1.932205080986023
948 0.0
949 10.627127647399902
950 18.355947494506836
951 11.593230247497559
952 17.38984489440918
953 6.7627177238464355
954 17.38984489440918
955 76.32209777832031
956 20.28815269470215
957 3.864410161972046
958 8.69492244720459
959 21.254255294799805
960 2.8983075618743896
961 12.559332847595215
962 0.9661025404930115
963 32.84748458862305
964 10.627127647399902
965 47.33902359008789
966 17.38984489440918
967 39.61020278930664
968 2.8983075618743896
969 6.7627177238464355
970 1.932205080986023
971 8.69492244720459
972 4.830512523651123
973 12.559332847595215
974 21.254255294799805
975 7.728820323944092
976 21.254255294799805
977 0.0
978 29.94917869567871
979 1.932205080986023
980 28.983074188232422
981 29.94917869567871
982 0.0
983 10.627127647399902
984 28.983076095581055
985 1.932205080986023
986 16.423742294311523
987 30.915281295776367
988 9.661025047302246
989 8.69492244720459
990 0.0
991 0.0
992 28.0169734954834
993 38.644100189208984
994 0.0
995 2.8983075618743896
996 6.7627177238464355
997 79.22040557861328
998 28.0169734954834
999 28.983074188232422
1000 3.864410161972046
1001 0.0
1002 0.0
