0 17.38984489440918
1 16.423742294311523
2 54.101741790771484
3 65.6949691772461
4 10.627127647399902
5 24.152563095092773
6 54.101741790771484
7 13.525435447692871
8 1.932205080986023
9 40.5763053894043
10 63.76276397705078
11 72.45768737792969
12 9.661025047302246
13 56.0339469909668
14 28.0169734954834
15 17.38984489440918
16 0.0
17 32.84748458862305
18 26.084766387939453
19 11.593230247497559
20 72.45768737792969
21 33.8135871887207
22 18.355947494506836
23 5.796615123748779
24 82.11871337890625
25 51.203433990478516
26 1.932205080986023
27 20.28815269470215
28 1.932205080986023
29 93.71194458007813
30 49.2712287902832
31 5.796615123748779
32 19.322050094604492
33 73.42378997802734
34 17.38984489440918
35 28.0169734954834
36 25.11866569519043
37 45.40681838989258
38 31.88138198852539
39 15.457640647888184
40 16.423742294311523
41 17.38984489440918
42 4.830512523651123
43 33.8135871887207
44 2.8983075618743896
45 19.322050094604492
46 13.525435447692871
47 0.0
48 6.7627177238464355
49 0.0
50 13.525435447692871
51 2.8983075618743896
52 0.0
53 24.152563095092773
54 16.423742294311523
55 9.661025047302246
56 9.661025047302246
57 52.16953659057617
58 92.74584197998047
59 5.796615123748779
60 41.54240798950195
61 90.81363677978516
62 12.559332847595215
63 81.1526107788086
64 13.525435447692871
65 57.00004959106445
66 9.661025047302246
67 67.6271743774414
68 12.559332847595215
69 58.9322509765625
70 125.59333038330078
71 20.28815269470215
72 18.355947494506836
73 7.728820323944092
74 0.0
75 9.661025047302246
76 0.0
77 5.796615123748779
78 6.7627177238464355
79 21.254255294799805
80 85.01702117919922
81 36.71189498901367
82 50.23733139038086
83 102.40686798095703
84 5.796615123748779
85 42.50851058959961
86 65.6949691772461
87 65.6949691772461
88 57.00004959106445
89 28.983076095581055
90 13.525435447692871
91 90.81363677978516
92 57.966148376464844
93 62.796661376953125
94 48.30512619018555
95 26.084768295288086
96 66.66107177734375
97 24.152563095092773
98 19.322050094604492
99 52.16953659057617
100 26.084768295288086
101 17.38984489440918
102 128.49163818359375
103 29.949176788330078
104 2.8983075618743896
105 13.525435447692871
106 13.525435447692871
107 4.830512523651123
108 4.830512523651123
109 74.389892578125
110 44.44071578979492
111 121.72891998291016
112 14.491538047790527
113 8.69492244720459
114 15.457639694213867
115 11.593230247497559
116 21.254255294799805
117 16.423742294311523
118 25.118663787841797
119 43.474613189697266
120 16.423742294311523
121 32.84748458862305
122 99.50856018066406
123 23.186460494995117
124 13.525435447692871
125 63.76276397705078
126 26.084768295288086
127 7.728820323944092
128 97.57635498046875
129 43.474613189697266
130 37.67799758911133
131 11.593230247497559
132 123.66112518310547
133 3.864410161972046
134 1.932205080986023
135 49.2712287902832
136 6.7627177238464355
137 7.728820323944092
138 22.22035789489746
139 23.186460494995117
140 35.745792388916016
141 4.830512523651123
142 14.491537094116211
143 29.94917869567871
144 5.796615123748779
145 0.0
146 0.0
147 9.661025047302246
148 0.9661025404930115
149 0.9661025404930115
150 2.8983075618743896
151 8.69492244720459
152 28.016971588134766
153 69.55937957763672
154 70.52548217773438
155 33.8135871887207
156 50.23733139038086
157 55.067840576171875
158 23.186460494995117
159 45.40681838989258
160 23.186460494995117
161 71.49158477783203
162 125.59332275390625
163 69.55937957763672
164 9.661025047302246
165 12.559332847595215
166 23.186460494995117
167 8.69492244720459
168 10.627127647399902
169 78.25430297851563
170 19.322050094604492
171 13.525435447692871
172 3.864410161972046
173 47.33902359008789
174 67.6271743774414
175 85.01702117919922
176 8.69492244720459
177 2.8983075618743896
178 11.593230247497559
179 46.372920989990234
180 14.491537094116211
181 27.050870895385742
182 134.28823852539063
183 0.0
184 46.372920989990234
185 32.84748458862305
186 3.864410161972046
187 21.254255294799805
188 13.525435447692871
189 21.254255294799805
190 80.18650817871094
191 9.661025047302246
192 95.64414978027344
193 122.69502258300781
194 21.254255294799805
195 16.423742294311523
196 37.67799758911133
197 23.186460494995117
198 44.44071578979492
199 121.72891998291016
200 102.40686798095703
201 139.11875915527344
202 30.915279388427734
203 24.152563095092773
204 17.38984489440918
205 5.796615123748779
206 18.355947494506836
207 38.644100189208984
208 56.03394317626953
209 8.69492244720459
210 0.0
211 85.01702117919922
212 39.61020278930664
213 34.77968978881836
214 55.06784439086914
215 10.627127647399902
216 102.40686798095703
217 90.81363677978516
218 39.61020278930664
219 43.474613189697266
220 116.89840698242188
221 13.525435447692871
222 72.45768737792969
223 38.644100189208984
224 58.9322509765625
225 71.49158477783203
226 22.22035789489746
227 21.254255294799805
228 94.67804718017578
229 10.627127647399902
230 94.67804718017578
231 13.525435447692871
232 66.66107177734375
233 22.22035789489746
234 68.59327697753906
235 97.57635498046875
236 103.37297058105469
237 26.084768295288086
238 25.11866569519043
239 45.40681838989258
240 27.050870895385742
241 56.0339469909668
242 0.0
243 0.0
244 38.644100189208984
245 52.16953659057617
246 6.7627177238464355
247 50.237327575683594
248 82.11871337890625
249 103.37297058105469
250 68.59327697753906
251 31.881383895874023
252 2.8983075618743896
253 42.50851058959961
254 19.322050094604492
255 34.77968978881836
256 100.47466278076172
257 37.67799758911133
258 50.23733139038086
259 21.254255294799805
260 11.593230247497559
261 33.8135871887207
262 21.254255294799805
263 60.86445617675781
264 50.23733139038086
265 110.13568878173828
266 62.796661376953125
267 26.084768295288086
268 73.42378997802734
269 74.389892578125
270 125.59332275390625
271 143.9492645263672
272 21.254255294799805
273 49.2712287902832
274 121.72891998291016
275 32.84748458862305
276 0.9661025404930115
277 81.1526107788086
278 35.745792388916016
279 0.9661025404930115
280 0.0
281 64.72886657714844
282 41.54240798950195
283 33.8135871887207
284 112.06788635253906
285 0.0
286 1.932205080986023
287 1.932205080986023
288 25.11866569519043
289 26.084768295288086
290 19.322050094604492
291 42.50851058959961
292 39.61020278930664
293 51.203433990478516
294 37.67799758911133
295 158.44081115722656
296 64.72886657714844
297 89.8475341796875
298 138.15264892578125
299 114.96620178222656
300 61.83055877685547
301 21.254255294799805
302 71.49158477783203
303 71.49158477783203
304 0.0
305 7.728819847106934
306 6.7627177238464355
307 20.28815269470215
308 63.76276397705078
309 67.6271743774414
310 2.8983075618743896
311 7.728820323944092
312 15.457640647888184
313 10.627127647399902
314 10.627127647399902
315 40.5763053894043
316 29.94917869567871
317 8.69492244720459
318 33.8135871887207
319 29.94917869567871
320 26.084768295288086
321 41.54240798950195
322 34.77968978881836
323 5.796615123748779
324 4.830512523651123
325 31.88138198852539
326 36.71189498901367
327 19.322050094604492
328 33.8135871887207
329 13.525435447692871
330 7.728819847106934
331 28.983076095581055
332 28.983076095581055
333 32.84748458862305
334 3.864410161972046
335 3.864410161972046
336 17.38984489440918
337 48.30512619018555
338 11.593230247497559
339 51.203433990478516
340 0.0
341 68.59327697753906
342 18.355947494506836
343 11.593230247497559
344 24.152563095092773
345 33.8135871887207
346 14.491538047790527
347 18.355947494506836
348 29.94917869567871
349 9.661025047302246
350 14.491538047790527
351 1.932205080986023
352 5.796615123748779
353 23.186460494995117
354 38.644100189208984
355 62.796661376953125
356 5.796615123748779
357 41.54240798950195
358 64.72886657714844
359 100.47466278076172
360 119.79670715332031
361 44.44071578979492
362 26.084768295288086
363 61.83055877685547
364 56.0339469909668
365 3.864410161972046
366 18.355947494506836
367 10.627127647399902
368 26.084768295288086
369 1.932205080986023
370 86.94922637939453
371 25.11866569519043
372 14.491538047790527
373 32.84748458862305
374 54.101741790771484
375 59.89835739135742
376 13.525435447692871
377 31.88138198852539
378 67.6271743774414
379 36.71189498901367
380 24.152563095092773
381 24.152563095092773
382 109.16958618164063
383 11.593230247497559
384 50.23733139038086
385 6.7627177238464355
386 13.525435447692871
387 9.661025047302246
388 18.355947494506836
389 52.16953659057617
390 30.915281295776367
391 36.71189498901367
392 40.5763053894043
393 13.525434494018555
394 73.42378997802734
395 12.559332847595215
396 17.38984489440918
397 37.67799758911133
398 122.69502258300781
399 37.67799758911133
400 8.69492244720459
401 30.915281295776367
402 11.593230247497559
403 22.22035789489746
404 39.61020278930664
405 28.0169734954834
406 22.22035789489746
407 19.322050094604492
408 39.61020278930664
409 1.932205080986023
410 22.22035789489746
411 10.627127647399902
412 0.0
413 0.0
414 16.423742294311523
415 36.71189498901367
416 9.661025047302246
417 23.186460494995117
418 31.88138198852539
419 51.203433990478516
420 33.8135871887207
421 11.593230247497559
422 15.457640647888184
423 25.11866569519043
424 28.983076095581055
425 0.0
426 32.84748458862305
427 2.8983075618743896
428 73.42378997802734
429 21.254255294799805
430 30.915281295776367
431 41.54240798950195
432 0.9661025404930115
433 56.03394317626953
434 76.32209777832031
435 52.16953659057617
436 0.0
437 8.69492244720459
438 57.96615219116211
439 32.84748458862305
440 2.8983075618743896
441 3.864410161972046
442 16.423742294311523
443 53.13563919067383
444 27.050870895385742
445 11.593230247497559
446 18.355947494506836
447 43.474613189697266
448 30.915279388427734
449 5.796615123748779
450 6.7627177238464355
451 28.983076095581055
452 42.50851058959961
453 24.152563095092773
454 87.91532897949219
455 54.101741790771484
456 20.28815269470215
457 31.881383895874023
458 54.101741790771484
459 81.1526107788086
460 26.084768295288086
461 2.8983075618743896
462 32.84748458862305
463 129.45773315429688
464 64.72886657714844
465 51.203433990478516
466 18.355947494506836
467 23.186460494995117
468 5.796615123748779
469 44.44071578979492
470 65.6949691772461
471 44.44071578979492
472 18.355947494506836
473 22.22035789489746
474 7.728820323944092
475 83.0848159790039
476 24.152563095092773
477 34.77968978881836
478 38.644100189208984
479 53.13563919067383
480 32.84748458862305
481 40.5763053894043
482 24.152563095092773
483 57.966148376464844
484 53.13563919067383
485 39.61020278930664
486 40.5763053894043
487 14.491538047790527
488 24.152563095092773
489 31.88138198852539
490 28.983074188232422
491 28.983074188232422
492 53.13563919067383
493 14.491537094116211
494 35.745792388916016
495 11.593230247497559
496 21.254255294799805
497 15.457640647888184
498 0.0
499 2.8983075618743896
500 2.8983075618743896
501 22.22035789489746
502 41.54240798950195
503 9.661025047302246
504 6.7627177238464355
505 6.7627177238464355
506 21.254255294799805
507 15.457640647888184
508 32.84748458862305
509 26.084768295288086
510 134.2882537841797
511 23.186460494995117
512 26.084768295288086
513 105.30517578125
514 52.16953659057617
515 34.77968978881836
516 6.7627177238464355
517 85.01702117919922
518 1.932205080986023
519 0.9661025404930115
520 24.152563095092773
521 4.830512523651123
522 15.457639694213867
523 27.05086898803711
524 4.830512523651123
525 44.44071578979492
526 14.491538047790527
527 44.44071578979492
528 39.61020278930664
529 70.52548217773438
530 30.915279388427734
531 7.728819847106934
532 23.186460494995117
533 74.389892578125
534 43.474613189697266
535 57.00004959106445
536 85.01702117919922
537 58.932254791259766
538 24.152563095092773
539 15.457640647888184
540 3.864410161972046
541 22.22035789489746
542 42.50851058959961
543 5.796615123748779
544 0.0
545 30.915279388427734
546 21.254255294799805
547 6.7627177238464355
548 24.152563095092773
549 29.94917869567871
550 22.22035789489746
551 12.559332847595215
552 31.88138198852539
553 4.830512523651123
554 9.661025047302246
555 27.050870895385742
556 92.74584197998047
557 78.25430297851563
558 34.77968978881836
559 16.423742294311523
560 25.11866569519043
561 4.830512523651123
562 16.423742294311523
563 4.830512523651123
564 33.8135871887207
565 30.915281295776367
566 17.38984489440918
567 62.79666519165039
568 67.6271743774414
569 18.355947494506836
570 16.423742294311523
571 89.8475341796875
572 38.644100189208984
573 21.254255294799805
574 29.94917869567871
575 25.11866569519043
576 59.898353576660156
577 36.71189498901367
578 40.5763053894043
579 3.864410161972046
580 56.0339469909668
581 30.915281295776367
582 18.355947494506836
583 0.9661025404930115
584 9.661025047302246
585 5.796615123748779
586 6.7627177238464355
587 54.10173797607422
588 17.38984489440918
589 6.7627177238464355
590 61.830562591552734
591 42.50851058959961
592 82.11871337890625
593 41.54240798950195
594 14.491538047790527
595 33.8135871887207
596 31.881383895874023
597 47.33902359008789
598 0.9661025404930115
599 137.18655395507813
600 16.423742294311523
601 45.40681838989258
602 31.881383895874023
603 0.0
604 7.728820323944092
605 10.627127647399902
606 28.0169734954834
607 37.67799758911133
608 48.30512619018555
609 39.61020278930664
610 45.40681838989258
611 39.61020278930664
612 14.491538047790527
613 63.76276397705078
614 1.932205080986023
615 24.152563095092773
616 75.35599517822266
617 1.932205080986023
618 7.728820323944092
619 28.0169734954834
620 28.0169734954834
621 3.864410161972046
622 0.9661025404930115
623 46.372920989990234
624 30.915281295776367
625 30.915279388427734
626 15.457640647888184
627 12.559332847595215
628 33.8135871887207
629 31.881383895874023
630 23.186460494995117
631 31.88138198852539
632 28.016971588134766
633 38.644100189208984
634 0.9661025404930115
635 27.050870895385742
636 22.22035789489746
637 18.355947494506836
638 72.45768737792969
639 33.8135871887207
640 63.76276397705078
641 30.915279388427734
642 19.322050094604492
643 25.11866569519043
644 56.0339469909668
645 117.86450958251953
646 56.03394317626953
647 59.89835739135742
648 13.525435447692871
649 30.915281295776367
650 22.22035789489746
651 10.627127647399902
652 5.796615123748779
653 53.13563919067383
654 59.898353576660156
655 39.61020278930664
656 51.20343017578125
657 111.1017837524414
658 32.84748458862305
659 44.44071578979492
660 45.40681838989258
661 18.355947494506836
662 18.355947494506836
