# Selection:resname AU W ION Restricted:name AUC AUL AUSL Radius:2.64 Start:0 End:-1
0 108.12206268310547
1 110.27588653564453
2 171.8753204345703
3 159.8138885498047
4 197.2904510498047
5 178.76759338378906
6 197.7212371826172
7 167.1369171142578
8 171.44454956054688
9 251.1361083984375
10 176.61375427246094
11 139.56793212890625
12 191.25975036621094
13 148.18324279785156
14 206.76730346679688
15 179.6291046142578
16 151.62937927246094
17 129.66033935546875
18 80.12232971191406
19 100.36829376220703
20 88.73763275146484
21 153.78318786621094
22 117.59891510009766
23 124.92192077636719
24 136.55258178710938
25 177.0445098876953
26 140.42947387695313
27 183.07522583007813
28 42.645755767822266
29 146.02940368652344
30 108.55284118652344
31 115.01432037353516
32 117.59890747070313
33 198.58274841308594
34 191.69052124023438
35 164.55233764648438
36 160.67544555664063
37 142.1525115966797
38 142.1525115966797
39 121.90656280517578
40 127.07574462890625
41 180.05984497070313
42 204.61351013183594
43 94.76835632324219
44 184.3675079345703
45 91.32222747802734
46 188.67518615722656
47 227.44407653808594
48 218.39796447753906
49 213.22879028320313
50 158.95236206054688
51 225.72097778320313
52 106.82978820800781
53 222.27487182617188
54 232.1824493408203
55 273.535888671875
56 177.04454040527344
57 228.30557250976563
58 229.16709899902344
59 160.67544555664063
60 125.35269165039063
61 141.72177124023438
62 229.59786987304688
63 223.99790954589844
64 182.64447021484375
65 208.4903564453125
66 98.6452407836914
67 132.24493408203125
68 181.35218811035156
69 146.8909454345703
70 216.67491149902344
71 155.50625610351563
72 298.0895080566406
73 141.29100036621094
74 254.15147399902344
75 118.89118957519531
76 171.44456481933594
77 118.89120483398438
78 210.64419555664063
79 180.05987548828125
80 201.16734313964844
81 202.02890014648438
82 149.04476928710938
83 229.1671142578125
84 183.936767578125
85 209.35191345214844
86 227.0132598876953
87 203.751953125
88 201.1673583984375
89 208.0595703125
90 245.53616333007813
91 177.04449462890625
92 164.12155151367188
93 88.73762512207031
94 178.33680725097656
95 242.0900421142578
96 136.9833526611328
97 238.2131805419922
98 130.95263671875
99 147.7524871826172
100 158.95237731933594
101 132.67568969726563
102 152.0601348876953
103 200.30581665039063
104 177.4752960205078
105 120.61426544189453
106 109.84514617919922
107 161.106201171875
108 190.39825439453125
109 190.39820861816406
110 184.79824829101563
111 197.7212371826172
112 118.46043395996094
113 204.1827392578125
114 176.18295288085938
115 180.92138671875
116 251.13613891601563
117 216.24415588378906
118 152.4908905029297
119 169.2907257080078
120 210.2134246826172
121 164.9831085205078
122 251.56687927246094
123 248.1207733154297
124 180.92141723632813
125 146.0294189453125
126 184.7982940673828
127 190.39825439453125
128 188.24441528320313
129 112.42973327636719
130 200.30580139160156
131 154.21392822265625
132 197.7212371826172
133 214.9518585205078
134 167.99842834472656
135 280.8589172363281
136 217.9672088623047
137 174.8906707763672
138 217.96719360351563
139 226.1517791748047
140 142.5832977294922
141 239.9362030029297
142 244.24386596679688
143 110.2759017944336
144 200.30581665039063
145 156.3677978515625
146 145.1678924560547
147 163.69078063964844
148 185.2290496826172
149 201.59817504882813
150 165.41387939453125
151 95.6298828125
152 175.75218200683594
153 196.85968017578125
154 148.61398315429688
155 214.52108764648438
156 68.06089782714844
157 283.87432861328125
158 205.90579223632813
159 142.5832977294922
160 211.07496643066406
161 238.6439666748047
162 193.41358947753906
163 127.93727111816406
164 157.2292938232422
165 129.22955322265625
166 136.9833526611328
167 199.0135498046875
168 70.6455078125
169 173.1676483154297
170 180.92138671875
171 139.99868774414063
172 128.36802673339844
173 88.73763275146484
174 118.89120483398438
175 129.6603240966797
176 117.59891510009766
177 158.95237731933594
178 233.47476196289063
179 211.50572204589844
180 165.84461975097656
181 121.47579193115234
182 172.3060760498047
183 118.89117431640625
184 187.81365966796875
185 144.3063507080078
186 86.1530532836914
187 217.96719360351563
188 92.18376159667969
189 119.32197570800781
190 102.95289611816406
191 95.1991195678711
192 149.90631103515625
193 80.98385620117188
194 116.73737335205078
195 236.4901123046875
196 180.92138671875
197 177.0445098876953
198 68.0609130859375
199 284.3050231933594
200 130.52188110351563
201 211.93646240234375
202 105.10671997070313
203 220.5518035888672
204 152.0601348876953
205 166.27537536621094
206 122.33732604980469
207 129.2295684814453
208 245.96693420410156
209 126.2142105102539
210 145.5986328125
211 158.09083557128906
212 124.49114990234375
213 145.59864807128906
214 183.07521057128906
215 94.33758544921875
216 200.30580139160156
217 123.19884490966797
218 194.7058868408203
219 190.39822387695313
220 245.1054229736328
221 146.02940368652344
222 150.767822265625
223 174.8907012939453
224 122.76809692382813
225 200.73658752441406
226 213.65951538085938
227 154.6447296142578
228 148.61398315429688
229 179.19834899902344
230 178.33682250976563
231 182.6444549560547
232 156.36776733398438
233 191.259765625
234 128.36802673339844
235 131.38339233398438
236 148.18324279785156
237 160.2446746826172
238 159.38314819335938
239 176.61375427246094
240 177.90603637695313
241 149.4755401611328
242 118.46044158935547
243 118.0296630859375
244 162.82923889160156
245 99.07600402832031
246 186.09059143066406
247 84.42998504638672
248 152.0601348876953
249 147.75247192382813
250 184.7982940673828
251 179.62911987304688
252 110.70667266845703
253 115.445068359375
254 166.70614624023438
255 166.70614624023438
256 166.70614624023438
257 171.87530517578125
258 81.41462707519531
259 196.85971069335938
260 112.86048889160156
261 191.259765625
262 256.3052978515625
263 132.6757049560547
264 218.8287353515625
265 170.1522674560547
266 129.66033935546875
267 236.05935668945313
268 188.24441528320313
269 123.62962341308594
270 199.87506103515625
271 138.275634765625
272 133.96795654296875
273 134.82952880859375
274 191.25978088378906
275 153.3524169921875
276 136.12179565429688
277 118.46043395996094
278 159.81390380859375
279 138.275634765625
280 200.30584716796875
281 104.24517059326172
282 181.35215759277344
283 179.6291046142578
284 82.70692443847656
285 121.90655517578125
286 149.9062957763672
287 164.12155151367188
288 202.02890014648438
289 199.8750762939453
290 114.58354949951172
291 126.2142105102539
292 224.4286651611328
293 43.93804931640625
294 201.59814453125
295 122.7680892944336
296 92.18376159667969
297 136.55258178710938
298 121.47579193115234
299 129.6603240966797
300 178.76756286621094
301 147.75247192382813
302 94.76834106445313
303 212.79800415039063
304 169.2907257080078
305 141.72177124023438
306 108.98361206054688
307 142.15252685546875
308 147.32171630859375
309 132.67568969726563
310 96.06063842773438
311 222.70558166503906
312 214.09030151367188
313 143.87557983398438
314 207.1980743408203
315 149.4755401611328
316 159.81390380859375
317 111.1374282836914
318 231.32090759277344
319 209.3518829345703
320 152.92166137695313
321 86.15303802490234
322 178.33680725097656
323 105.96825408935547
324 165.8446044921875
325 176.61375427246094
326 153.78318786621094
327 140.86021423339844
328 99.07600402832031
329 137.4141082763672
330 199.44430541992188
331 90.02992248535156
332 152.06011962890625
333 145.59866333007813
334 151.1986083984375
335 242.52081298828125
336 168.42921447753906
337 152.4908905029297
338 114.58354949951172
339 171.87530517578125
340 114.58355712890625
341 89.59916687011719
342 140.42947387695313
343 108.12208557128906
344 149.47555541992188
345 163.6907958984375
346 159.38314819335938
347 144.73709106445313
348 182.6444549560547
349 107.69129943847656
350 155.50625610351563
351 142.1525421142578
352 167.99844360351563
353 138.70639038085938
354 177.90603637695313
355 148.61399841308594
356 141.7217559814453
357 151.62936401367188
358 97.35293579101563
359 106.39900970458984
360 200.3057861328125
361 160.67543029785156
362 179.6291046142578
363 168.85997009277344
364 133.5372314453125
365 121.47579956054688
366 159.8138885498047
367 106.39900970458984
368 199.8750762939453
369 256.736083984375
370 161.9677276611328
371 237.35165405273438
372 110.2759017944336
373 176.1829833984375
374 106.39901733398438
375 151.19857788085938
376 193.8443145751953
377 134.39874267578125
378 81.41462707519531
379 164.55235290527344
380 111.13743591308594
381 126.64497375488281
382 204.61351013183594
383 172.30606079101563
384 256.3052673339844
385 234.76705932617188
386 228.73631286621094
387 194.7058563232422
388 136.121826171875
389 176.61375427246094
390 133.96798706054688
391 162.39846801757813
392 97.7837142944336
393 144.3063507080078
394 171.0137939453125
395 98.6452407836914
396 128.79879760742188
397 105.53748321533203
398 142.5832977294922
399 123.19884490966797
400 79.69157409667969
401 143.01405334472656
402 208.92111206054688
403 128.79879760742188
404 195.99818420410156
405 192.55206298828125
406 96.06065368652344
407 143.01405334472656
408 158.5216064453125
409 180.05987548828125
410 143.44482421875
411 171.44454956054688
412 100.79906463623047
413 241.6593017578125
414 86.15304565429688
415 118.46043395996094
416 123.6296157836914
417 175.752197265625
418 150.76783752441406
419 160.67543029785156
420 131.38339233398438
421 178.3367919921875
422 161.53695678710938
423 180.92140197753906
424 144.30638122558594
425 149.4755401611328
426 126.21420288085938
427 185.6597900390625
428 153.35243225097656
429 143.87559509277344
430 137.8448944091797
431 118.89119720458984
432 149.4755401611328
433 145.5986328125
434 145.1678924560547
435 195.56741333007813
436 183.5059814453125
437 150.33709716796875
438 213.22879028320313
439 152.0601043701172
440 156.79855346679688
441 87.87611389160156
442 113.72200012207031
443 91.75299072265625
444 92.61451721191406
445 125.35269165039063
446 139.56793212890625
447 182.21368408203125
448 167.56768798828125
449 196.428955078125
450 161.5369415283203
451 199.87506103515625
452 174.4599151611328
453 205.90577697753906
454 216.24415588378906
455 132.2449188232422
456 176.61373901367188
457 186.52133178710938
458 199.01351928710938
459 137.8448944091797
460 190.82899475097656
461 194.27511596679688
462 165.41384887695313
463 198.15199279785156
464 120.18350982666016
465 150.767822265625
466 178.33680725097656
467 163.69081115722656
468 137.84487915039063
469 133.9679718017578
470 180.92141723632813
471 138.275634765625
472 145.59864807128906
473 190.398193359375
474 116.3066177368164
475 144.73712158203125
476 182.6444549560547
477 162.3984832763672
478 193.8443603515625
479 211.50570678710938
480 190.82901000976563
481 122.76809692382813
482 108.55284118652344
483 251.56687927246094
484 252.42845153808594
485 176.18296813964844
486 139.9987030029297
487 203.75192260742188
488 171.444580078125
489 189.96749877929688
490 155.07546997070313
491 99.93753051757813
492 124.92190551757813
493 159.8138885498047
494 103.8144302368164
495 163.26002502441406
496 211.50572204589844
497 147.3217010498047
498 141.7217559814453
499 195.56741333007813
500 113.7220230102539
501 142.58328247070313
502 181.7829132080078
503 168.42921447753906
504 147.3217010498047
505 151.19857788085938
506 174.4599151611328
507 177.4752655029297
508 191.69053649902344
509 144.7371063232422
510 189.53671264648438
511 174.8907012939453
512 166.7061309814453
513 182.64442443847656
514 252.42840576171875
515 134.3987579345703
516 101.66060638427734
517 207.19805908203125
518 130.09109497070313
519 81.41462707519531
520 160.24464416503906
521 277.41278076171875
522 102.5221176147461
523 118.8912124633789
524 131.38340759277344
525 137.84486389160156
526 144.7371063232422
527 213.65953063964844
528 243.38235473632813
529 160.67544555664063
530 154.64471435546875
531 122.76810455322266
532 103.81442260742188
533 151.62937927246094
534 260.18218994140625
535 197.29046630859375
536 124.92190551757813
537 134.8295135498047
538 154.21395874023438
539 178.3367919921875
540 136.98333740234375
541 305.4125061035156
542 182.64443969726563
543 304.9817810058594
544 216.67489624023438
545 161.10618591308594
546 89.16841125488281
547 115.01432037353516
548 199.87506103515625
549 174.45989990234375
550 162.3984832763672
551 216.24412536621094
552 142.58328247070313
553 83.13770294189453
554 189.9674835205078
555 164.98306274414063
556 130.95263671875
557 158.09083557128906
558 138.70639038085938
559 84.86074829101563
560 130.95262145996094
561 141.7217559814453
562 149.04476928710938
563 116.30661010742188
564 140.8602294921875
565 158.9523468017578
566 164.9830780029297
567 185.65980529785156
568 175.75218200683594
569 131.3833770751953
570 178.3368377685547
571 173.598388671875
572 65.90707397460938
573 143.44482421875
574 162.82925415039063
575 102.9529037475586
576 158.09083557128906
577 146.46017456054688
578 113.29125213623047
579 105.53749084472656
580 153.78321838378906
581 153.35243225097656
582 188.6751708984375
583 89.16840362548828
584 96.06063842773438
585 170.1522674560547
586 143.44482421875
587 204.61349487304688
588 161.10618591308594
589 103.81442260742188
590 235.19778442382813
591 117.16812896728516
592 128.79881286621094
593 122.33732604980469
594 196.42897033691406
595 168.8599853515625
596 197.72122192382813
597 164.55233764648438
598 113.7220230102539
599 70.64549255371094
600 190.3982391357422
601 168.8599853515625
602 175.32142639160156
603 143.01405334472656
604 152.49090576171875
605 174.0291748046875
606 191.6905059814453
607 188.244384765625
608 143.44482421875
609 142.58328247070313
610 167.1369171142578
611 168.85997009277344
612 225.2902069091797
613 160.67544555664063
614 164.1215362548828
615 231.751708984375
616 96.92217254638672
617 151.19859313964844
618 186.9521026611328
619 161.10618591308594
620 228.73631286621094
621 225.7209930419922
622 185.2290496826172
623 231.75167846679688
624 121.90655517578125
625 137.84487915039063
626 119.32195281982422
627 157.66009521484375
628 242.95156860351563
629 126.2142105102539
630 79.26080322265625
631 177.90603637695313
632 174.4599151611328
633 140.42947387695313
634 179.62911987304688
635 167.99844360351563
636 142.5832977294922
637 120.6142578125
638 132.67567443847656
639 141.72177124023438
640 166.27537536621094
641 159.3831787109375
642 140.42947387695313
643 167.99842834472656
644 150.767822265625
645 145.1678924560547
646 255.44381713867188
647 124.49114990234375
648 127.50650024414063
649 164.98309326171875
650 113.72203063964844
651 171.44454956054688
652 75.81468200683594
653 247.25926208496094
654 175.752197265625
655 189.10594177246094
656 192.9827880859375
657 148.61402893066406
658 230.89015197753906
659 112.86048889160156
660 170.1522674560547
661 122.7680892944336
662 186.52134704589844
663 158.52157592773438
664 122.76809692382813
665 188.6751708984375
666 161.53695678710938
667 123.62963104248047
668 127.93727111816406
669 133.96798706054688
670 195.56741333007813
671 149.04476928710938
672 156.36778259277344
673 183.93675231933594
674 105.9682388305664
675 158.09083557128906
676 65.476318359375
677 136.12181091308594
678 55.999481201171875
679 137.4141082763672
680 97.35294342041016
681 166.27536010742188
682 163.25999450683594
683 136.12181091308594
684 134.3987274169922
685 187.38287353515625
686 120.1834945678711
687 214.0902862548828
688 189.96746826171875
689 184.7982635498047
690 158.95236206054688
691 119.75273895263672
692 155.93701171875
693 265.7821044921875
694 196.85968017578125
695 101.66058349609375
696 99.07598876953125
697 122.76809692382813
698 106.39901733398438
699 155.93701171875
700 198.15200805664063
701 193.8443603515625
702 164.12155151367188
703 142.5832977294922
704 114.15279388427734
705 105.53748321533203
706 118.02967071533203
707 60.73789978027344
708 75.3839111328125
709 152.06011962890625
710 224.85946655273438
711 121.04503631591797
712 174.89068603515625
713 222.7056121826172
714 212.7980499267578
715 133.5372314453125
716 225.72097778320313
717 130.09109497070313
718 137.84486389160156
719 238.21319580078125
720 127.50651550292969
721 159.8138885498047
722 149.90631103515625
723 114.58354949951172
724 131.81417846679688
725 156.3677978515625
726 186.09056091308594
727 186.09060668945313
728 167.1369171142578
729 174.89068603515625
730 176.18295288085938
731 128.36802673339844
732 133.96798706054688
733 211.93649291992188
734 141.7217559814453
735 117.59891510009766
736 148.61399841308594
737 108.98359680175781
738 164.98306274414063
739 183.50599670410156
740 57.722537994384766
741 65.9070816040039
742 133.1064453125
743 200.7366180419922
744 196.42893981933594
745 126.64497375488281
746 146.89096069335938
747 149.04478454589844
748 154.2139434814453
749 67.63014221191406
750 168.85997009277344
751 110.70665740966797
752 144.3063507080078
753 114.58354949951172
754 105.10671997070313
755 110.7066650390625
756 136.55258178710938
757 147.32171630859375
758 80.12232971191406
759 118.89120483398438
760 72.36856079101563
761 203.32119750976563
762 131.38339233398438
763 151.62937927246094
764 144.7371368408203
765 93.4760513305664
766 140.8602294921875
767 121.47579956054688
768 133.53721618652344
769 129.22958374023438
770 189.53671264648438
771 230.02865600585938
772 220.5517578125
773 139.1371612548828
774 130.95262145996094
775 131.8141632080078
776 133.53721618652344
777 127.07572937011719
778 130.09109497070313
779 154.6447296142578
780 181.78292846679688
781 116.30660247802734
782 143.87559509277344
783 150.76785278320313
784 134.8295135498047
785 150.33705139160156
786 155.50625610351563
787 95.6298828125
788 228.736328125
789 127.07575225830078
790 124.92192077636719
791 203.751953125
792 201.16737365722656
793 106.82978057861328
794 127.07573699951172
795 181.78292846679688
796 183.07522583007813
797 253.2899627685547
798 196.85972595214844
799 136.5525665283203
800 126.2142105102539
801 156.36776733398438
802 152.92166137695313
803 121.04502868652344
804 136.12181091308594
805 201.16734313964844
806 96.49140930175781
807 70.21472930908203
808 132.6757049560547
809 115.44507598876953
810 130.95263671875
811 156.7985382080078
812 202.0288848876953
813 170.58303833007813
814 168.42919921875
815 122.33732604980469
816 191.25978088378906
817 130.95262145996094
818 242.09007263183594
819 94.76834869384766
820 75.8146743774414
821 129.66033935546875
822 152.4908905029297
823 171.87533569335938
824 177.0445098876953
825 205.04425048828125
826 107.69129943847656
827 161.106201171875
828 147.7524871826172
829 127.93728637695313
830 115.8758544921875
831 100.36829376220703
832 168.42918395996094
833 177.0445098876953
834 139.1371612548828
835 115.8758544921875
836 95.6298828125
837 150.767822265625
838 156.79852294921875
839 139.56793212890625
840 171.44454956054688
841 67.6301498413086
842 287.32037353515625
843 225.72097778320313
844 143.0140380859375
845 141.29098510742188
846 111.1374282836914
847 155.07546997070313
848 157.66006469726563
849 121.47579956054688
850 115.44507598876953
851 108.1220703125
852 173.59837341308594
853 119.75272369384766
854 120.1834945678711
855 165.4138641357422
856 205.04425048828125
857 179.6291046142578
858 101.22982788085938
859 123.1988525390625
860 116.73736572265625
861 154.6446990966797
862 161.10618591308594
863 113.29125213623047
864 137.84487915039063
865 136.55258178710938
866 163.26002502441406
867 161.96774291992188
868 144.73712158203125
869 198.15200805664063
870 173.16761779785156
871 92.18376159667969
872 189.10592651367188
873 114.58354949951172
874 245.1053924560547
875 161.9677276611328
876 238.64393615722656
877 204.6134796142578
878 248.98231506347656
879 132.24493408203125
880 231.75169372558594
881 189.53668212890625
882 208.05960083007813
883 184.7982940673828
884 180.0598907470703
885 140.42947387695313
886 161.53695678710938
887 202.02890014648438
888 212.79803466796875
889 195.99815368652344
890 195.1366424560547
891 112.86048889160156
892 183.0752410888672
893 174.02911376953125
894 166.275390625
895 150.33706665039063
896 206.76730346679688
897 233.04400634765625
898 187.81365966796875
899 226.15176391601563
900 148.614013671875
901 184.79827880859375
902 172.73683166503906
903 177.04452514648438
904 129.6603240966797
905 107.26055145263672
906 161.10618591308594
907 90.02993774414063
908 192.9828338623047
909 149.90631103515625
910 164.12155151367188
911 261.4744873046875
912 100.799072265625
913 93.90682220458984
914 194.27511596679688
915 217.105712890625
916 155.93701171875
917 103.8144302368164
918 184.79827880859375
919 211.9364776611328
920 220.1210479736328
921 105.1067123413086
922 161.5369415283203
923 250.70533752441406
924 165.84461975097656
925 188.24440002441406
926 190.8289794921875
927 135.26028442382813
928 123.62962341308594
929 171.0137939453125
930 196.85972595214844
931 166.70614624023438
932 113.29125213623047
933 115.87583923339844
934 164.12155151367188
935 186.09059143066406
936 186.09056091308594
937 147.75247192382813
938 169.2907257080078
939 95.1991195678711
940 158.09083557128906
941 96.49140930175781
942 120.61425018310547
943 137.41412353515625
944 101.2298355102539
945 158.95236206054688
946 171.44456481933594
947 31.015094757080078
948 124.06038665771484
949 154.21395874023438
950 146.46017456054688
951 164.5523223876953
952 215.38259887695313
953 32.738155364990234
954 136.12181091308594
955 144.73712158203125
956 101.66059112548828
957 171.01380920410156
958 162.39849853515625
959 136.55258178710938
960 139.9987030029297
961 79.26080322265625
962 141.29098510742188
963 144.30636596679688
964 107.26054382324219
965 203.32119750976563
966 158.0908660888672
967 150.767822265625
968 156.7985382080078
969 86.1530532836914
970 146.89093017578125
971 121.47579193115234
972 111.56819915771484
973 154.64471435546875
974 125.78343963623047
975 152.0601348876953
976 142.5832977294922
977 170.58303833007813
978 166.70616149902344
979 161.9677276611328
980 174.4599151611328
981 92.18375396728516
982 159.8139190673828
983 158.09083557128906
984 145.5986328125
985 174.4599151611328
986 152.49090576171875
987 125.783447265625
988 180.49063110351563
989 179.19833374023438
990 173.16761779785156
991 137.41409301757813
992 148.1832275390625
993 157.66006469726563
994 58.584068298339844
995 91.75299835205078
996 157.6600799560547
997 160.24468994140625
998 152.92166137695313
999 97.7837142944336
1000 156.79852294921875
1001 123.62962341308594
1002 123.62962341308594
