# Selection:resname AU POPC Restricted:name AUC AUL AUSL Radius:2.64 Start:0 End:-1
0 85.72227478027344
1 85.72228240966797
2 0.0
3 0.0
4 0.0
5 0.0
6 0.0
7 0.0
8 0.0
9 0.0
10 0.43076521158218384
11 0.0
12 0.43076521158218384
13 0.0
14 0.8615304231643677
15 0.0
16 0.0
17 0.0
18 0.0
19 2.1538262367248535
20 0.0
21 0.0
22 3.4461216926574707
23 4.307652473449707
24 0.0
25 1.7230608463287354
26 0.0
27 0.8615304231643677
28 0.0
29 0.8615304231643677
30 0.43076521158218384
31 0.0
32 1.2922956943511963
33 0.0
34 0.0
35 0.0
36 0.0
37 0.0
38 0.0
39 0.0
40 0.43076521158218384
41 0.43076521158218384
42 0.0
43 0.0
44 0.0
45 3.4461216926574707
46 0.8615304231643677
47 0.43076521158218384
48 0.0
49 0.0
50 0.43076521158218384
51 1.2922956943511963
52 0.43076521158218384
53 0.0
54 3.0153565406799316
55 1.7230608463287354
56 1.2922956943511963
57 0.0
58 3.876887083053589
59 0.0
60 0.0
61 3.4461216926574707
62 0.0
63 2.5845913887023926
64 0.0
65 1.7230608463287354
66 0.0
67 0.43076521158218384
68 0.0
69 0.0
70 0.0
71 0.43076521158218384
72 0.0
73 0.43076521158218384
74 0.0
75 0.0
76 3.0153565406799316
77 0.43076521158218384
78 0.43076521158218384
79 0.0
80 1.2922956943511963
81 0.0
82 0.43076521158218384
83 0.43076521158218384
84 0.0
85 0.0
86 0.0
87 0.0
88 0.0
89 0.0
90 0.0
91 0.43076521158218384
92 0.0
93 0.0
94 0.43076521158218384
95 0.0
96 0.0
97 0.0
98 3.0153563022613525
99 1.7230608463287354
100 0.0
101 0.0
102 0.0
103 3.0153565406799316
104 0.0
105 0.8615304231643677
106 3.0153565406799316
107 0.43076521158218384
108 0.0
109 0.0
110 0.0
111 0.0
112 1.7230608463287354
113 2.1538259983062744
114 0.0
115 0.0
116 0.0
117 0.0
118 0.43076521158218384
119 0.43076521158218384
120 1.2922956943511963
121 0.0
122 0.8615304231643677
123 0.0
124 0.0
125 0.0
126 0.0
127 0.43076521158218384
128 0.0
129 0.0
130 0.0
131 0.43076521158218384
132 0.0
133 0.0
134 0.0
135 0.0
136 0.0
137 0.43076521158218384
138 0.0
139 0.0
140 0.0
141 0.43076521158218384
142 0.0
143 0.0
144 4.738417148590088
145 0.0
146 0.8615304231643677
147 0.0
148 1.2922956943511963
149 1.2922956943511963
150 0.8615304231643677
151 0.43076521158218384
152 0.43076521158218384
153 2.1538259983062744
154 0.8615304231643677
155 0.0
156 0.43076521158218384
157 0.0
158 0.0
159 0.8615304231643677
160 0.0
161 1.7230608463287354
162 0.0
163 0.0
164 0.8615304231643677
165 0.0
166 0.0
167 0.43076521158218384
168 0.0
169 0.0
170 0.43076521158218384
171 0.0
172 12.061426162719727
173 1.7230608463287354
174 0.0
175 3.8768868446350098
176 4.738417625427246
177 0.0
178 0.0
179 1.2922956943511963
180 0.0
181 2.1538259983062744
182 0.8615304231643677
183 0.0
184 0.0
185 0.0
186 0.0
187 0.43076521158218384
188 0.0
189 0.0
190 0.0
191 5.599947929382324
192 0.0
193 0.0
194 0.0
195 0.8615304231643677
196 0.0
197 0.43076521158218384
198 0.0
199 5.169182777404785
200 1.7230608463287354
201 0.43076521158218384
202 0.43076521158218384
203 0.0
204 1.2922956943511963
205 0.0
206 0.0
207 2.1538259983062744
208 0.0
209 0.0
210 1.2922956943511963
211 0.8615304231643677
212 0.0
213 0.0
214 0.0
215 0.0
216 0.0
217 0.0
218 0.43076521158218384
219 1.2922956943511963
220 0.0
221 2.5845913887023926
222 0.0
223 0.0
224 0.8615304231643677
225 2.5845913887023926
226 0.0
227 0.43076521158218384
228 0.0
229 0.0
230 0.0
231 0.43076521158218384
232 1.2922956943511963
233 0.43076521158218384
234 0.0
235 0.43076521158218384
236 0.0
237 0.0
238 0.8615304231643677
239 0.0
240 0.0
241 1.2922956943511963
242 0.43076521158218384
243 0.0
244 0.0
245 0.0
246 0.0
247 5.169182300567627
248 0.43076521158218384
249 0.0
250 3.4461216926574707
251 0.0
252 0.8615304231643677
253 0.0
254 0.8615304231643677
255 0.0
256 0.8615304231643677
257 0.0
258 0.0
259 1.2922956943511963
260 0.8615304231643677
261 2.1538262367248535
262 3.8768868446350098
263 0.0
264 3.0153565406799316
265 0.0
266 0.0
267 0.43076521158218384
268 0.43076521158218384
269 1.2922956943511963
270 0.43076521158218384
271 0.0
272 0.8615304231643677
273 0.0
274 1.7230608463287354
275 0.0
276 0.8615304231643677
277 0.0
278 0.43076521158218384
279 2.5845913887023926
280 1.7230608463287354
281 0.0
282 0.43076521158218384
283 0.0
284 0.0
285 0.0
286 0.43076521158218384
287 0.0
288 0.0
289 0.0
290 0.0
291 0.0
292 0.0
293 0.43076521158218384
294 0.0
295 0.0
296 0.43076521158218384
297 0.43076521158218384
298 0.0
299 1.2922956943511963
300 1.7230608463287354
301 1.7230608463287354
302 0.0
303 0.8615304231643677
304 4.307652473449707
305 0.0
306 0.0
307 0.0
308 2.1538259983062744
309 1.2922956943511963
310 0.0
311 0.0
312 0.43076521158218384
313 0.43076521158218384
314 0.43076521158218384
315 0.43076521158218384
316 0.8615304231643677
317 0.0
318 0.0
319 0.0
320 1.7230608463287354
321 0.43076521158218384
322 0.0
323 0.0
324 0.0
325 0.0
326 0.43076521158218384
327 0.0
328 0.0
329 0.43076521158218384
330 1.2922956943511963
331 0.0
332 3.4461216926574707
333 3.4461216926574707
334 1.2922956943511963
335 0.0
336 0.0
337 0.0
338 0.0
339 0.0
340 0.0
341 3.4461216926574707
342 0.43076521158218384
343 0.8615304231643677
344 2.5845911502838135
345 0.0
346 9.046069145202637
347 1.2922956943511963
348 0.43076521158218384
349 0.0
350 0.0
351 0.0
352 0.0
353 0.43076521158218384
354 0.43076521158218384
355 0.0
356 0.0
357 0.0
358 0.0
359 0.0
360 1.2922956943511963
361 0.0
362 0.8615304231643677
363 0.0
364 0.0
365 0.0
366 0.0
367 0.0
368 1.7230608463287354
369 0.0
370 0.0
371 0.0
372 0.0
373 0.0
374 6.461478233337402
375 0.0
376 0.0
377 0.0
378 0.0
379 0.0
380 0.43076521158218384
381 0.0
382 0.0
383 2.1538262367248535
384 0.0
385 0.0
386 0.43076521158218384
387 0.0
388 0.0
389 0.0
390 0.0
391 0.43076521158218384
392 0.0
393 0.0
394 2.5845913887023926
395 0.0
396 24.9843807220459
397 5.169182777404785
398 0.0
399 2.1538262367248535
400 0.0
401 0.0
402 0.0
403 0.8615304231643677
404 0.0
405 0.0
406 0.0
407 0.0
408 0.0
409 0.8615304231643677
410 0.8615304231643677
411 0.0
412 1.2922956943511963
413 0.0
414 0.8615304231643677
415 0.0
416 0.8615304231643677
417 0.43076521158218384
418 0.0
419 1.2922956943511963
420 0.0
421 0.0
422 0.0
423 0.0
424 0.43076521158218384
425 0.0
426 0.0
427 0.43076521158218384
428 2.5845913887023926
429 0.0
430 4.738417625427246
431 1.2922956943511963
432 0.8615304231643677
433 0.0
434 0.0
435 0.0
436 0.0
437 0.0
438 0.0
439 0.43076521158218384
440 0.0
441 0.43076521158218384
442 0.8615304231643677
443 0.0
444 0.0
445 0.0
446 0.0
447 0.0
448 0.43076521158218384
449 0.8615304231643677
450 0.0
451 0.43076521158218384
452 0.8615304231643677
453 0.0
454 0.0
455 0.0
456 0.0
457 0.43076521158218384
458 0.0
459 0.0
460 0.43076521158218384
461 0.0
462 0.0
463 6.030713081359863
464 6.461478233337402
465 6.892243385314941
466 1.2922956943511963
467 0.0
468 0.43076521158218384
469 0.0
470 0.0
471 0.0
472 0.0
473 4.307651996612549
474 0.0
475 0.0
476 0.0
477 1.2922956943511963
478 0.0
479 0.8615304231643677
480 0.43076521158218384
481 0.0
482 0.0
483 0.0
484 0.0
485 0.43076521158218384
486 0.8615304231643677
487 1.2922956943511963
488 0.0
489 0.0
490 0.43076521158218384
491 0.43076521158218384
492 0.8615304231643677
493 0.43076521158218384
494 1.2922956943511963
495 0.0
496 0.43076521158218384
497 0.0
498 0.0
499 0.0
500 0.0
501 0.0
502 0.0
503 0.0
504 0.43076521158218384
505 0.0
506 0.43076521158218384
507 0.0
508 0.0
509 0.0
510 0.8615304231643677
511 0.0
512 0.0
513 0.0
514 0.8615304231643677
515 0.0
516 0.0
517 0.0
518 1.7230608463287354
519 8.615303993225098
520 0.0
521 0.0
522 1.2922956943511963
523 0.0
524 9.476834297180176
525 0.0
526 0.0
527 3.0153565406799316
528 0.8615304231643677
529 0.0
530 0.43076521158218384
531 1.2922956943511963
532 0.0
533 2.1538262367248535
534 0.0
535 0.8615304231643677
536 0.0
537 0.0
538 0.0
539 0.0
540 0.0
541 0.0
542 0.0
543 1.7230608463287354
544 2.1538259983062744
545 0.0
546 0.0
547 0.0
548 0.0
549 0.8615304231643677
550 0.0
551 0.0
552 0.43076521158218384
553 0.43076521158218384
554 0.0
555 0.43076521158218384
556 0.8615304231643677
557 1.2922956943511963
558 0.0
559 0.0
560 2.1538262367248535
561 0.43076521158218384
562 0.8615304231643677
563 0.0
564 0.0
565 5.599947929382324
566 0.0
567 0.0
568 0.0
569 0.0
570 0.0
571 0.43076521158218384
572 0.0
573 3.4461216926574707
574 0.0
575 0.43076521158218384
576 0.8615304231643677
577 0.0
578 0.0
579 0.43076521158218384
580 0.0
581 0.8615304231643677
582 0.0
583 3.4461216926574707
584 0.0
585 0.43076521158218384
586 0.0
587 0.0
588 0.8615304231643677
589 0.43076521158218384
590 3.0153565406799316
591 0.0
592 0.0
593 0.0
594 0.8615304231643677
595 5.169182777404785
596 0.0
597 4.738417148590088
598 8.184538841247559
599 0.0
600 0.43076521158218384
601 1.7230608463287354
602 0.0
603 3.4461216926574707
604 0.0
605 0.0
606 0.8615304231643677
607 0.8615304231643677
608 0.43076521158218384
609 0.0
610 0.0
611 0.43076521158218384
612 0.0
613 0.0
614 1.2922956943511963
615 0.0
616 0.0
617 2.1538259983062744
618 0.0
619 0.0
620 0.0
621 0.0
622 0.0
623 0.0
624 0.0
625 0.43076521158218384
626 0.0
627 0.0
628 0.0
629 0.0
630 1.7230608463287354
631 0.0
632 0.0
633 0.0
634 0.8615304231643677
635 0.0
636 0.0
637 0.0
638 0.0
639 1.2922956943511963
640 0.0
641 1.7230608463287354
642 1.2922956943511963
643 0.0
644 0.43076521158218384
645 0.0
646 0.0
647 0.0
648 0.0
649 0.0
650 0.0
651 0.0
652 0.0
653 4.307651996612549
654 0.0
655 2.1538259983062744
656 3.8768868446350098
657 0.0
658 0.0
659 0.8615304231643677
660 1.2922956943511963
661 0.0
662 0.0
663 0.0
664 0.0
665 0.0
666 0.0
667 0.0
668 0.0
669 2.1538259983062744
670 0.8615304231643677
671 0.0
672 0.8615304231643677
673 0.8615304231643677
674 0.8615304231643677
675 0.0
676 0.0
677 0.43076521158218384
678 0.43076521158218384
679 0.43076521158218384
680 0.0
681 0.0
682 0.0
683 0.0
684 0.0
685 1.7230608463287354
686 0.0
687 0.0
688 4.307651996612549
689 0.0
690 2.1538259983062744
691 0.0
692 0.0
693 0.0
694 0.43076521158218384
695 6.030713081359863
696 0.0
697 0.0
698 0.43076521158218384
699 0.0
700 0.43076521158218384
701 0.0
702 0.0
703 0.0
704 0.0
705 0.0
706 1.2922956943511963
707 13.784486770629883
708 0.0
709 0.0
710 0.0
711 0.8615304231643677
712 0.0
713 1.2922956943511963
714 0.0
715 0.43076521158218384
716 1.2922956943511963
717 0.0
718 0.0
719 1.2922956943511963
720 0.0
721 0.0
722 0.0
723 0.0
724 0.43076521158218384
725 0.43076521158218384
726 0.0
727 0.0
728 0.0
729 0.0
730 0.0
731 0.0
732 0.0
733 0.0
734 0.0
735 0.43076521158218384
736 0.0
737 2.1538259983062744
738 4.307651996612549
739 0.0
740 0.0
741 0.0
742 0.0
743 0.43076521158218384
744 2.1538259983062744
745 1.2922956943511963
746 3.0153565406799316
747 0.0
748 0.0
749 0.0
750 0.0
751 0.43076521158218384
752 0.0
753 0.0
754 0.0
755 0.0
756 0.0
757 0.0
758 0.0
759 2.5845913887023926
760 0.0
761 0.0
762 0.8615304231643677
763 0.0
764 0.0
765 2.5845911502838135
766 0.0
767 0.0
768 0.0
769 0.0
770 1.7230608463287354
771 0.0
772 0.43076521158218384
773 0.0
774 0.0
775 0.0
776 3.4461216926574707
777 0.8615304231643677
778 0.8615304231643677
779 0.0
780 0.0
781 0.0
782 0.0
783 0.0
784 0.0
785 0.0
786 0.0
787 0.0
788 0.0
789 0.0
790 0.0
791 0.0
792 0.0
793 16.799842834472656
794 0.0
795 0.0
796 3.0153565406799316
797 0.0
798 0.0
799 0.0
800 0.0
801 0.0
802 2.1538262367248535
803 0.0
804 1.2922956943511963
805 0.43076521158218384
806 0.0
807 0.0
808 0.43076521158218384
809 0.43076521158218384
810 0.8615304231643677
811 0.0
812 1.7230608463287354
813 0.0
814 0.0
815 0.0
816 0.0
817 0.0
818 0.43076521158218384
819 0.0
820 0.43076521158218384
821 0.0
822 0.0
823 0.0
824 0.0
825 0.0
826 0.0
827 0.0
828 0.0
829 0.0
830 0.0
831 0.0
832 0.0
833 0.0
834 3.44612193107605
835 0.8615304231643677
836 0.0
837 0.0
838 0.0
839 2.5845913887023926
840 0.0
841 0.0
842 0.0
843 0.0
844 0.43076521158218384
845 0.0
846 0.0
847 0.43076521158218384
848 0.0
849 0.0
850 0.0
851 0.0
852 2.1538262367248535
853 0.0
854 0.0
855 0.43076521158218384
856 0.0
857 0.0
858 1.2922956943511963
859 0.8615304231643677
860 0.8615304231643677
861 1.2922956943511963
862 0.0
863 0.0
864 0.0
865 0.43076521158218384
866 0.43076521158218384
867 1.2922956943511963
868 0.0
869 0.0
870 0.0
871 0.0
872 1.7230608463287354
873 0.0
874 0.0
875 0.0
876 0.0
877 0.0
878 0.8615304231643677
879 1.7230608463287354
880 0.8615304231643677
881 2.5845913887023926
882 0.43076521158218384
883 0.0
884 0.0
885 0.0
886 0.0
887 1.2922956943511963
888 2.1538259983062744
889 0.0
890 0.0
891 0.0
892 0.43076521158218384
893 0.0
894 0.43076521158218384
895 0.0
896 2.1538259983062744
897 0.0
898 1.2922956943511963
899 0.0
900 1.2922956943511963
901 0.0
902 0.0
903 0.0
904 0.43076521158218384
905 0.43076521158218384
906 0.0
907 0.8615304231643677
908 0.0
909 0.0
910 0.0
911 0.0
912 0.0
913 0.43076521158218384
914 0.0
915 0.43076521158218384
916 0.0
917 0.0
918 0.0
919 0.0
920 0.0
921 0.0
922 0.0
923 0.0
924 0.0
925 2.5845913887023926
926 0.0
927 0.0
928 0.0
929 3.0153565406799316
930 0.0
931 0.0
932 1.2922956943511963
933 0.0
934 0.0
935 0.0
936 0.0
937 0.0
938 0.8615304231643677
939 0.0
940 0.43076521158218384
941 0.0
942 0.43076521158218384
943 0.43076521158218384
944 0.43076521158218384
945 0.0
946 0.0
947 0.0
948 0.0
949 0.0
950 0.0
951 0.0
952 0.0
953 2.5845913887023926
954 0.43076521158218384
955 0.43076521158218384
956 0.0
957 0.0
958 0.0
959 1.2922956943511963
960 1.7230608463287354
961 1.7230608463287354
962 0.8615304231643677
963 0.0
964 0.0
965 1.2922956943511963
966 0.0
967 0.0
968 1.7230608463287354
969 0.0
970 3.4461216926574707
971 0.0
972 0.0
973 0.0
974 0.0
975 0.0
976 0.0
977 0.43076521158218384
978 0.43076521158218384
979 2.1538259983062744
980 0.43076521158218384
981 0.8615304231643677
982 0.43076521158218384
983 0.0
984 0.0
985 0.0
986 0.0
987 0.0
988 0.43076521158218384
989 0.0
990 1.2922956943511963
991 0.0
992 0.8615304231643677
993 0.0
994 0.0
995 0.43076521158218384
996 0.0
997 0.0
998 0.0
999 0.0
1000 1.7230608463287354
1001 0.0
1002 0.0
