# Selection 1:name NC3 PO4 GL1 GL2 Selection 2:name AUC AUSL AUL Cutoff:8 Start:0 End:-1
0 0
1 0
2 2
3 11
4 6
5 10
6 6
7 9
8 6
9 9
10 6
11 13
12 12
13 11
14 14
15 12
16 14
17 7
18 4
19 8
20 8
21 8
22 15
23 3
24 9
25 12
26 9
27 5
28 6
29 5
30 7
31 13
32 11
33 11
34 8
35 5
36 9
37 10
38 14
39 12
40 5
41 11
42 12
43 5
44 6
45 11
46 6
47 14
48 7
49 7
50 8
51 16
52 18
53 5
54 13
55 9
56 11
57 11
58 8
59 13
60 11
61 14
62 6
63 6
64 8
65 10
66 6
67 9
68 12
69 4
70 11
71 16
72 12
73 14
74 6
75 6
76 5
77 6
78 8
79 8
80 8
81 9
82 9
83 6
84 6
85 11
86 10
87 7
88 8
89 14
90 8
91 11
92 13
93 12
94 13
95 8
96 16
97 6
98 6
99 8
100 7
101 4
102 13
103 15
104 12
105 10
106 12
107 12
108 6
109 13
110 11
111 13
112 13
113 7
114 13
115 7
116 10
117 9
118 8
119 10
120 16
121 14
122 12
123 8
124 12
125 3
126 3
127 4
128 9
129 13
130 4
131 4
132 10
133 11
134 11
135 7
136 14
137 9
138 9
139 9
140 9
141 9
142 13
143 13
144 13
145 7
146 9
147 8
148 12
149 9
150 6
151 2
152 5
153 9
154 7
155 6
156 14
157 15
158 6
159 6
160 8
161 7
162 10
163 7
164 14
165 15
166 8
167 9
168 10
169 9
170 3
171 4
172 9
173 11
174 9
175 12
176 15
177 5
178 10
179 11
180 13
181 9
182 8
183 11
184 9
185 7
186 12
187 9
188 10
189 10
190 9
191 12
192 11
193 13
194 15
195 5
196 11
197 7
198 12
199 13
200 15
201 16
202 9
203 3
204 9
205 5
206 12
207 10
208 10
209 9
210 9
211 9
212 13
213 11
214 16
215 11
216 9
217 17
218 6
219 10
220 4
221 11
222 10
223 9
224 5
225 9
226 8
227 4
228 13
229 8
230 5
231 6
232 12
233 10
234 14
235 12
236 7
237 8
238 9
239 7
240 8
241 14
242 14
243 14
244 10
245 9
246 6
247 11
248 14
249 9
250 13
251 10
252 10
253 18
254 10
255 8
256 11
257 10
258 10
259 7
260 9
261 13
262 13
263 11
264 11
265 8
266 15
267 7
268 3
269 7
270 8
271 8
272 11
273 10
274 13
275 15
276 13
277 12
278 16
279 11
280 10
281 6
282 13
283 12
284 10
285 8
286 15
287 3
288 7
289 12
290 5
291 8
292 8
293 12
294 6
295 5
296 15
297 5
298 10
299 12
300 12
301 12
302 10
303 10
304 2
305 15
306 10
307 12
308 13
309 7
310 10
311 5
312 13
313 10
314 12
315 8
316 5
317 9
318 13
319 15
320 10
321 4
322 7
323 3
324 6
325 8
326 8
327 7
328 4
329 4
330 10
331 5
332 8
333 12
334 13
335 10
336 13
337 15
338 5
339 3
340 12
341 11
342 10
343 5
344 10
345 9
346 6
347 14
348 9
349 8
350 10
351 12
352 12
353 8
354 5
355 15
356 11
357 2
358 6
359 11
360 8
361 13
362 3
363 14
364 9
365 4
366 10
367 8
368 11
369 3
370 7
371 13
372 12
373 11
374 13
375 12
376 8
377 16
378 11
379 5
380 8
381 13
382 10
383 8
384 15
385 16
386 10
387 9
388 2
389 12
390 11
391 5
392 7
393 3
394 10
395 19
396 10
397 8
398 14
399 6
400 5
401 5
402 12
403 11
404 9
405 13
406 13
407 13
408 11
409 8
410 12
411 8
412 6
413 10
414 8
415 12
416 7
417 6
418 15
419 6
420 14
421 5
422 16
423 10
424 9
425 9
426 15
427 2
428 14
429 5
430 8
431 12
432 11
433 5
434 13
435 9
436 6
437 5
438 11
439 6
440 8
441 6
442 11
443 11
444 18
445 13
446 12
447 13
448 10
449 8
450 11
451 10
452 13
453 7
454 12
455 11
456 17
457 10
458 12
459 13
460 10
461 11
462 15
463 12
464 13
465 18
466 9
467 11
468 12
469 12
470 12
471 17
472 13
473 17
474 14
475 7
476 16
477 13
478 9
479 6
480 9
481 17
482 9
483 9
484 8
485 7
486 12
487 12
488 8
489 6
490 12
491 14
492 8
493 23
494 18
495 11
496 9
497 9
498 6
499 13
500 7
501 11
502 10
503 13
504 15
505 12
506 13
507 12
508 10
509 13
510 8
511 10
512 11
513 13
514 9
515 9
516 11
517 13
518 9
519 11
520 11
521 9
522 11
523 17
524 9
525 13
526 10
527 6
528 9
529 7
530 15
531 7
532 9
533 8
534 5
535 8
536 4
537 8
538 11
539 11
540 12
541 13
542 5
543 12
544 8
545 13
546 14
547 11
548 6
549 15
550 8
551 5
552 8
553 6
554 13
555 6
556 7
557 12
558 10
559 11
560 9
561 12
562 9
563 11
564 10
565 8
566 8
567 4
568 12
569 12
570 9
571 11
572 13
573 12
574 9
575 14
576 10
577 8
578 9
579 9
580 15
581 10
582 6
583 7
584 17
585 5
586 10
587 6
588 11
589 12
590 7
591 11
592 10
593 9
594 5
595 9
596 8
597 8
598 10
599 7
600 15
601 9
602 11
603 11
604 9
605 7
606 4
607 5
608 8
609 8
610 12
611 3
612 7
613 6
614 5
615 4
616 12
617 6
618 7
619 13
620 9
621 18
622 10
623 10
624 14
625 11
626 14
627 12
628 11
629 11
630 11
631 6
632 8
633 9
634 15
635 11
636 13
637 18
638 5
639 7
640 9
641 11
642 18
643 14
644 7
645 9
646 8
647 5
648 15
649 15
650 12
651 13
652 13
653 11
654 8
655 14
656 10
657 13
658 7
659 8
660 6
661 11
662 6
663 7
664 10
665 6
666 10
667 8
668 11
669 10
670 14
671 6
672 8
673 14
674 10
675 10
676 10
677 14
678 10
679 11
680 11
681 6
682 8
683 6
684 6
685 10
686 11
687 8
688 17
689 16
690 15
691 8
692 9
693 8
694 16
695 8
696 18
697 15
698 8
699 7
700 8
701 7
702 14
703 4
704 11
705 11
706 14
707 9
708 10
709 14
710 7
711 7
712 7
713 14
714 7
715 8
716 11
717 18
718 6
719 13
720 15
721 12
722 11
723 13
724 12
725 14
726 6
727 8
728 8
729 6
730 14
731 14
732 11
733 14
734 6
735 11
736 12
737 13
738 10
739 17
740 9
741 15
742 8
743 5
744 5
745 6
746 7
747 0
748 6
749 7
750 7
751 8
752 9
753 13
754 14
755 11
756 15
757 8
758 13
759 13
760 8
761 4
762 11
763 7
764 10
765 7
766 8
767 16
768 11
769 15
770 13
771 2
772 3
773 11
774 7
775 6
776 9
777 12
778 10
779 8
780 12
781 8
782 10
783 12
784 13
785 12
786 15
787 9
788 12
789 5
790 7
791 3
792 9
793 14
794 13
795 3
796 4
797 9
798 12
799 12
800 12
801 3
802 7
803 9
804 7
805 7
806 12
807 12
808 10
809 9
810 17
811 9
812 13
813 9
814 9
815 1
816 8
817 15
818 6
819 16
820 6
821 10
822 16
823 4
824 7
825 9
826 6
827 12
828 7
829 10
830 13
831 13
832 13
833 4
834 9
835 14
836 6
837 9
838 8
839 10
840 2
841 4
842 12
843 7
844 5
845 10
846 12
847 17
848 14
849 12
850 9
851 13
852 11
853 6
854 5
855 10
856 8
857 9
858 6
859 10
860 5
861 7
862 12
863 9
864 7
865 8
866 12
867 5
868 17
869 12
870 7
871 9
872 4
873 11
874 2
875 9
876 11
877 6
878 9
879 8
880 5
881 7
882 9
883 11
884 7
885 7
886 7
887 13
888 16
889 10
890 13
891 5
892 11
893 8
894 14
895 14
896 11
897 7
898 12
899 15
900 10
901 12
902 6
903 2
904 11
905 21
906 9
907 10
908 9
909 17
910 10
911 14
912 12
913 6
914 13
915 6
916 6
917 7
918 3
919 4
920 4
921 9
922 7
923 7
924 0
925 12
926 11
927 9
928 15
929 10
930 12
931 10
932 7
933 4
934 7
935 6
936 13
937 15
938 12
939 10
940 9
941 8
942 12
943 5
944 11
945 10
946 7
947 5
948 18
949 6
950 7
951 11
952 11
953 10
954 0
955 14
956 16
957 8
958 6
959 6
960 3
961 12
962 7
963 10
964 12
965 13
966 14
967 12
968 6
969 11
970 8
971 15
972 13
973 11
974 10
975 11
976 8
977 18
978 9
979 4
980 9
981 12
982 9
983 7
984 7
985 7
986 14
987 9
988 11
989 13
990 13
991 13
992 10
993 10
994 7
995 11
996 14
997 16
998 13
999 11
1000 10
1001 14
1002 14
