0 {1 2 3 4 5 6 7 8 9 10} {}
1 {1 2 3 4 5 6 7 8 9 10} {}
2 {1 2 3 4 7 9} {{0 0 0 0 5 6 0 0 0 0} {0 0 0 0 0 0 0 8 0 10}}
3 {1 2 3 4 7 9} {{0 0 0 0 5 6 0 0 0 0} {0 0 0 0 0 0 0 8 0 10}}
4 {1 2 3 4 7 9} {{0 0 0 0 5 6 0 0 0 0} {0 0 0 0 0 0 0 8 0 10}}
5 {1 2 3 4 7 9} {{0 0 0 0 5 6 0 0 0 0} {0 0 0 0 0 0 0 8 0 10}}
6 {1 2 3 4 7 9} {{0 0 0 0 5 6 0 0 0 0} {0 0 0 0 0 0 0 8 0 10}}
7 {1 2 3 4 7 9} {{0 0 0 0 5 6 0 0 0 0} {0 0 0 0 0 0 0 8 0 10}}
8 {1 2 3 4 7 9} {{0 0 0 0 5 6 0 0 0 0} {0 0 0 0 0 0 0 8 0 10}}
9 {1 2 3 4 7 9} {{0 0 0 0 5 6 0 0 0 0} {0 0 0 0 0 0 0 8 0 10}}
10 {1 2 3 4 7 9} {{0 0 0 0 5 6 0 0 0 0} {0 0 0 0 0 0 0 8 0 10}}
11 {1 2 3 4 7 9} {{0 0 0 0 5 6 0 0 0 0} {0 0 0 0 0 0 0 8 0 10}}
12 {1 2 3 4 7 9} {{0 0 0 0 5 6 0 0 0 0} {0 0 0 0 0 0 0 8 0 10}}
13 {1 2 3 4 7 9} {{0 0 0 0 5 6 0 0 0 0} {0 0 0 0 0 0 0 8 0 10}}
14 {1 2 3 4 7 9} {{0 0 0 0 5 6 0 0 0 0} {0 0 0 0 0 0 0 8 0 10}}
15 {1 2 3 4 7 9} {{0 0 0 0 5 6 0 0 0 0} {0 0 0 0 0 0 0 8 0 10}}
16 {1 2 3 4 7 9} {{0 0 0 0 5 6 0 0 0 0} {0 0 0 0 0 0 0 8 0 10}}
17 {1 2 3 4 7 9} {{0 0 0 0 5 6 0 0 0 0} {0 0 0 0 0 0 0 8 0 10}}
18 {1 2 3 4 7 9} {{0 0 0 0 5 6 0 0 0 0} {0 0 0 0 0 0 0 8 0 10}}
19 {1 2 3 4 7 9} {{0 0 0 0 5 6 0 0 0 0} {0 0 0 0 0 0 0 8 0 10}}
20 {1 2 3 4 7 9} {{0 0 0 0 5 6 0 0 0 0} {0 0 0 0 0 0 0 8 0 10}}
21 {1 2 3 4 7 9} {{0 0 0 0 5 6 0 0 0 0} {0 0 0 0 0 0 0 8 0 10}}
22 {1 2 3 4 7 9} {{0 0 0 0 5 6 0 0 0 0} {0 0 0 0 0 0 0 8 0 10}}
23 {1 2 3 4 7 9} {{0 0 0 0 5 6 0 0 0 0} {0 0 0 0 0 0 0 8 0 10}}
24 {1 2 3 4 7 9} {{0 0 0 0 5 6 0 0 0 0} {0 0 0 0 0 0 0 8 0 10}}
25 {1 2 3 4 7 9} {{0 0 0 0 5 6 0 0 0 0} {0 0 0 0 0 0 0 8 0 10}}
26 {1 2 3 4 7 9} {{0 0 0 0 5 6 0 0 0 0} {0 0 0 0 0 0 0 8 0 10}}
27 {1 2 3 4 7 9} {{0 0 0 0 5 6 0 0 0 0} {0 0 0 0 0 0 0 8 0 10}}
28 {1 2 3 4 7 9} {{0 0 0 0 5 6 0 0 0 0} {0 0 0 0 0 0 0 8 0 10}}
29 {1 2 3 4 7 9} {{0 0 0 0 5 6 0 0 0 0} {0 0 0 0 0 0 0 8 0 10}}
30 {1 2 3 4 7 9} {{0 0 0 0 5 6 0 0 0 0} {0 0 0 0 0 0 0 8 0 10}}
31 {1 2 3 4 7 9} {{0 0 0 0 5 6 0 0 0 0} {0 0 0 0 0 0 0 8 0 10}}
32 {1 2 3 4 7 9} {{0 0 0 0 5 6 0 0 0 0} {0 0 0 0 0 0 0 8 0 10}}
33 {1 2 3 4 7 9} {{0 0 0 0 5 6 0 0 0 0} {0 0 0 0 0 0 0 8 0 10}}
34 {1 2 3 4 7 9} {{0 0 0 0 5 6 0 0 0 0} {0 0 0 0 0 0 0 8 0 10}}
35 {1 2 3 4 7 9} {{0 0 0 0 5 6 0 0 0 0} {0 0 0 0 0 0 0 8 0 10}}
36 {2 3 4 7 9} {{1 0 0 0 5 6 0 0 0 0} {0 0 0 0 0 0 0 8 0 10}}
37 {2 3 4 7 9} {{1 0 0 0 5 6 0 0 0 0} {0 0 0 0 0 0 0 8 0 10}}
38 {2 3 4 7 9} {{1 0 0 0 5 6 0 0 0 0} {0 0 0 0 0 0 0 8 0 10}}
39 {2 3 4 7 9} {{1 0 0 0 5 6 0 0 0 0} {0 0 0 0 0 0 0 8 0 10}}
40 {2 3 4 7 9} {{1 0 0 0 5 6 0 0 0 0} {0 0 0 0 0 0 0 8 0 10}}
41 {2 3 4 7 9} {{1 0 0 0 5 6 0 0 0 0} {0 0 0 0 0 0 0 8 0 10}}
42 {2 3 4 7 9} {{1 0 0 0 5 6 0 0 0 0} {0 0 0 0 0 0 0 8 0 10}}
43 {2 3 4 7 9} {{1 0 0 0 5 6 0 0 0 0} {0 0 0 0 0 0 0 8 0 10}}
44 {2 3 4 7 9} {{1 0 0 0 5 6 0 0 0 0} {0 0 0 0 0 0 0 8 0 10}}
45 {2 3 4 7 9} {{1 0 0 0 5 6 0 0 0 0} {0 0 0 0 0 0 0 8 0 10}}
46 {2 3 4 7 9} {{1 0 0 0 5 6 0 0 0 0} {0 0 0 0 0 0 0 8 0 10}}
47 {2 3 4 7 9} {{1 0 0 0 5 6 0 0 0 0} {0 0 0 0 0 0 0 8 0 10}}
48 {2 3 4 7 9} {{1 0 0 0 5 6 0 0 0 0} {0 0 0 0 0 0 0 8 0 10}}
49 {2 3 4 7 9} {{1 0 0 0 5 6 0 0 0 0} {0 0 0 0 0 0 0 8 0 10}}
50 {2 3 4 7 9} {{1 0 0 0 5 6 0 0 0 0} {0 0 0 0 0 0 0 8 0 10}}
51 {2 3 4 7 9} {{1 0 0 0 5 6 0 0 0 0} {0 0 0 0 0 0 0 8 0 10}}
52 {2 3 4 7 9} {{1 0 0 0 5 6 0 0 0 0} {0 0 0 0 0 0 0 8 0 10}}
53 {2 3 4 7 9} {{1 0 0 0 5 6 0 0 0 0} {0 0 0 0 0 0 0 8 0 10}}
54 {2 3 4 7 9} {{1 0 0 0 5 6 0 0 0 0} {0 0 0 0 0 0 0 8 0 10}}
55 {2 3 4 7 9} {{1 0 0 0 5 6 0 0 0 0} {0 0 0 0 0 0 0 8 0 10}}
56 {2 3 4 7 9} {{1 0 0 0 5 6 0 0 0 0} {0 0 0 0 0 0 0 8 0 10}}
57 {2 3 4 7 9} {{1 0 0 0 5 6 0 0 0 0} {0 0 0 0 0 0 0 8 0 10}}
58 {2 3 4 7 9} {{1 0 0 0 5 6 0 0 0 0} {0 0 0 0 0 0 0 8 0 10}}
59 {2 3 4 7 9} {{1 0 0 0 5 6 0 0 0 0} {0 0 0 0 0 0 0 8 0 10}}
60 {2 3 4 7 9} {{1 0 0 0 5 6 0 0 0 0} {0 0 0 0 0 0 0 8 0 10}}
61 {2 3 4 7 9} {{1 0 0 0 5 6 0 0 0 0} {0 0 0 0 0 0 0 8 0 10}}
62 {2 3 4 7 9} {{1 0 0 0 5 6 0 0 0 0} {0 0 0 0 0 0 0 8 0 10}}
63 {2 3 4 7 9} {{1 0 0 0 5 6 0 0 0 0} {0 0 0 0 0 0 0 8 0 10}}
64 {2 3 4 7 9} {{1 0 0 0 5 6 0 0 0 0} {0 0 0 0 0 0 0 8 0 10}}
65 {2 3 4 7 9} {{1 0 0 0 5 6 0 0 0 0} {0 0 0 0 0 0 0 8 0 10}}
66 {2 3 4 7 9} {{1 0 0 0 5 6 0 0 0 0} {0 0 0 0 0 0 0 8 0 10}}
67 {2 3 4 7 9} {{1 0 0 0 5 6 0 0 0 0} {0 0 0 0 0 0 0 8 0 10}}
68 {2 3 4 7 9} {{1 0 0 0 5 6 0 0 0 0} {0 0 0 0 0 0 0 8 0 10}}
69 {2 3 4 7 9} {{1 0 0 0 5 6 0 0 0 0} {0 0 0 0 0 0 0 8 0 10}}
70 {2 3 4 7 9} {{1 0 0 0 5 6 0 0 0 0} {0 0 0 0 0 0 0 8 0 10}}
71 {2 3 4 7 9} {{1 0 0 0 5 6 0 0 0 0} {0 0 0 0 0 0 0 8 0 10}}
72 {2 3 4 7 9} {{1 0 0 0 5 6 0 0 0 0} {0 0 0 0 0 0 0 8 0 10}}
73 {2 3 4 7 9} {{1 0 0 0 5 6 0 0 0 0} {0 0 0 0 0 0 0 8 0 10}}
74 {2 3 4 7 9} {{1 0 0 0 5 6 0 0 0 0} {0 0 0 0 0 0 0 8 0 10}}
75 {2 3 4 7 9} {{1 0 0 0 5 6 0 0 0 0} {0 0 0 0 0 0 0 8 0 10}}
76 {2 3 4 7 9} {{1 0 0 0 5 6 0 0 0 0} {0 0 0 0 0 0 0 8 0 10}}
77 {2 3 4 7 9} {{1 0 0 0 5 6 0 0 0 0} {0 0 0 0 0 0 0 8 0 10}}
78 {2 3 4 7 9} {{1 0 0 0 5 6 0 0 0 0} {0 0 0 0 0 0 0 8 0 10}}
79 {2 3 4 7 9} {{1 0 0 0 5 6 0 0 0 0} {0 0 0 0 0 0 0 8 0 10}}
80 {2 3 4 7 9} {{1 0 0 0 5 6 0 0 0 0} {0 0 0 0 0 0 0 8 0 10}}
81 {2 3 4 7 9} {{1 0 0 0 5 6 0 0 0 0} {0 0 0 0 0 0 0 8 0 10}}
82 {2 3 4 7 9} {{1 0 0 0 5 6 0 0 0 0} {0 0 0 0 0 0 0 8 0 10}}
83 {2 3 4 7 9} {{1 0 0 0 5 6 0 0 0 0} {0 0 0 0 0 0 0 8 0 10}}
84 {2 3 4 7 9} {{1 0 0 0 5 6 0 0 0 0} {0 0 0 0 0 0 0 8 0 10}}
85 {2 3 4 7 9} {{1 0 0 0 5 6 0 0 0 0} {0 0 0 0 0 0 0 8 0 10}}
86 {2 3 4 7 9} {{1 0 0 0 5 6 0 0 0 0} {0 0 0 0 0 0 0 8 0 10}}
87 {2 3 4 7 9} {{1 0 0 0 5 6 0 0 0 0} {0 0 0 0 0 0 0 8 0 10}}
88 {2 3 4 7 9} {{1 0 0 0 5 6 0 0 0 0} {0 0 0 0 0 0 0 8 0 10}}
89 {2 3 4 7 9} {{1 0 0 0 5 6 0 0 0 0} {0 0 0 0 0 0 0 8 0 10}}
90 {2 3 4 7 9} {{1 0 0 0 5 6 0 0 0 0} {0 0 0 0 0 0 0 8 0 10}}
91 {2 3 4 7 9} {{1 0 0 0 5 6 0 0 0 0} {0 0 0 0 0 0 0 8 0 10}}
92 {2 3 4 7 9} {{1 0 0 0 5 6 0 0 0 0} {0 0 0 0 0 0 0 8 0 10}}
93 {2 3 4 7 9} {{1 0 0 0 5 6 0 0 0 0} {0 0 0 0 0 0 0 8 0 10}}
94 {2 3 4 7 9} {{1 0 0 0 5 6 0 0 0 0} {0 0 0 0 0 0 0 8 0 10}}
95 {2 3 4 7 9} {{1 0 0 0 5 6 0 0 0 0} {0 0 0 0 0 0 0 8 0 10}}
96 {2 3 4 7 9} {{1 0 0 0 5 6 0 0 0 0} {0 0 0 0 0 0 0 8 0 10}}
97 {2 3 4 7 9} {{1 0 0 0 5 6 0 0 0 0} {0 0 0 0 0 0 0 8 0 10}}
98 {2 3 4 7 9} {{1 0 0 0 5 6 0 0 0 0} {0 0 0 0 0 0 0 8 0 10}}
99 {2 3 4 7 9} {{1 0 0 0 5 6 0 0 0 0} {0 0 0 0 0 0 0 8 0 10}}
100 {2 3 4 7 9} {{1 0 0 0 5 6 0 0 0 0} {0 0 0 0 0 0 0 8 0 10}}
101 {2 3 4 7 9} {{1 0 0 0 5 6 0 0 0 0} {0 0 0 0 0 0 0 8 0 10}}
102 {2 3 4 7 9} {{1 0 0 0 5 6 0 0 0 0} {0 0 0 0 0 0 0 8 0 10}}
103 {2 3 4 7 9} {{1 0 0 0 5 6 0 0 0 0} {0 0 0 0 0 0 0 8 0 10}}
104 {2 3 4 7 9} {{1 0 0 0 5 6 0 0 0 0} {0 0 0 0 0 0 0 8 0 10}}
105 {2 3 4 7 9} {{1 0 0 0 5 6 0 0 0 0} {0 0 0 0 0 0 0 8 0 10}}
106 {2 3 4 7 9} {{1 0 0 0 5 6 0 0 0 0} {0 0 0 0 0 0 0 8 0 10}}
107 {2 3 4 7 9} {{1 0 0 0 5 6 0 0 0 0} {0 0 0 0 0 0 0 8 0 10}}
108 {2 3 4 7 9} {{1 0 0 0 5 6 0 0 0 0} {0 0 0 0 0 0 0 8 0 10}}
109 {2 3 4 7 9} {{1 0 0 0 5 6 0 0 0 0} {0 0 0 0 0 0 0 8 0 10}}
110 {2 3 4 7 9} {{1 0 0 0 5 6 0 0 0 0} {0 0 0 0 0 0 0 8 0 10}}
111 {2 3 4 7 9} {{1 0 0 0 5 6 0 0 0 0} {0 0 0 0 0 0 0 8 0 10}}
112 {2 3 4 7 9} {{1 0 0 0 5 6 0 0 0 0} {0 0 0 0 0 0 0 8 0 10}}
113 {2 3 4 7 9} {{1 0 0 0 5 6 0 0 0 0} {0 0 0 0 0 0 0 8 0 10}}
114 {2 3 4 7 9} {{1 0 0 0 5 6 0 0 0 0} {0 0 0 0 0 0 0 8 0 10}}
115 {2 3 4 7 9} {{1 0 0 0 5 6 0 0 0 0} {0 0 0 0 0 0 0 8 0 10}}
116 {2 3 4 7 9} {{1 0 0 0 5 6 0 0 0 0} {0 0 0 0 0 0 0 8 0 10}}
117 {2 3 4 7 9} {{1 0 0 0 5 6 0 0 0 0} {0 0 0 0 0 0 0 8 0 10}}
118 {2 3 4 7 9} {{1 0 0 0 5 6 0 0 0 0} {0 0 0 0 0 0 0 8 0 10}}
119 {2 3 4 7 9} {{1 0 0 0 5 6 0 0 0 0} {0 0 0 0 0 0 0 8 0 10}}
120 {2 3 4 7 9} {{1 0 0 0 5 6 0 0 0 0} {0 0 0 0 0 0 0 8 0 10}}
121 {2 3 4 7 9} {{1 0 0 0 5 6 0 0 0 0} {0 0 0 0 0 0 0 8 0 10}}
122 {2 3 4 7 9} {{1 0 0 0 5 6 0 0 0 0} {0 0 0 0 0 0 0 8 0 10}}
123 {2 3 4 7 9} {{1 0 0 0 5 6 0 0 0 0} {0 0 0 0 0 0 0 8 0 10}}
124 {2 3 4 7 9} {{1 0 0 0 5 6 0 0 0 0} {0 0 0 0 0 0 0 8 0 10}}
125 {2 3 4 7 9} {{1 0 0 0 5 6 0 0 0 0} {0 0 0 0 0 0 0 8 0 10}}
126 {2 3 4 7 9} {{1 0 0 0 5 6 0 0 0 0} {0 0 0 0 0 0 0 8 0 10}}
127 {2 3 4 7 9} {{1 0 0 0 5 6 0 0 0 0} {0 0 0 0 0 0 0 8 0 10}}
128 {2 3 4 7 9} {{1 0 0 0 5 6 0 0 0 0} {0 0 0 0 0 0 0 8 0 10}}
129 {2 3 4 7 9} {{1 0 0 0 5 6 0 0 0 0} {0 0 0 0 0 0 0 8 0 10}}
130 {2 3 4 7 9} {{1 0 0 0 5 6 0 0 0 0} {0 0 0 0 0 0 0 8 0 10}}
131 {2 3 4 7 9} {{1 0 0 0 5 6 0 0 0 0} {0 0 0 0 0 0 0 8 0 10}}
132 {2 3 4 7 9} {{1 0 0 0 5 6 0 0 0 0} {0 0 0 0 0 0 0 8 0 10}}
133 {2 3 4 7 9} {{1 0 0 0 5 6 0 0 0 0} {0 0 0 0 0 0 0 8 0 10}}
134 {2 3 4 7 9} {{1 0 0 0 5 6 0 0 0 0} {0 0 0 0 0 0 0 8 0 10}}
135 {2 3 4 7 9} {{1 0 0 0 5 6 0 0 0 0} {0 0 0 0 0 0 0 8 0 10}}
136 {2 3 4 7 9} {{1 0 0 0 5 6 0 0 0 0} {0 0 0 0 0 0 0 8 0 10}}
137 {2 3 4 7 9} {{1 0 0 0 5 6 0 0 0 0} {0 0 0 0 0 0 0 8 0 10}}
138 {2 3 4 7 9} {{1 0 0 0 5 6 0 0 0 0} {0 0 0 0 0 0 0 8 0 10}}
139 {2 3 4 7 9} {{1 0 0 0 5 6 0 0 0 0} {0 0 0 0 0 0 0 8 0 10}}
140 {2 3 4 7 9} {{1 0 0 0 5 6 0 0 0 0} {0 0 0 0 0 0 0 8 0 10}}
141 {2 3 4 7 9} {{1 0 0 0 5 6 0 0 0 0} {0 0 0 0 0 0 0 8 0 10}}
142 {2 3 4 7 9} {{1 0 0 0 5 6 0 0 0 0} {0 0 0 0 0 0 0 8 0 10}}
143 {2 3 4 7 9} {{1 0 0 0 5 6 0 0 0 0} {0 0 0 0 0 0 0 8 0 10}}
144 {2 3 4 7 9} {{1 0 0 0 5 6 0 0 0 0} {0 0 0 0 0 0 0 8 0 10}}
145 {2 3 4 7 9} {{1 0 0 0 5 6 0 0 0 0} {0 0 0 0 0 0 0 8 0 10}}
146 {2 3 4 7 9} {{1 0 0 0 5 6 0 0 0 0} {0 0 0 0 0 0 0 8 0 10}}
147 {2 3 4 7 9} {{1 0 0 0 5 6 0 0 0 0} {0 0 0 0 0 0 0 8 0 10}}
148 {2 3 4 7 9} {{1 0 0 0 5 6 0 0 0 0} {0 0 0 0 0 0 0 8 0 10}}
149 {2 3 4 7 9} {{1 0 0 0 5 6 0 0 0 0} {0 0 0 0 0 0 0 8 0 10}}
150 {2 3 4 7 9} {{1 0 0 0 5 6 0 0 0 0} {0 0 0 0 0 0 0 8 0 10}}
151 {2 3 4 7 9} {{1 0 0 0 5 6 0 0 0 0} {0 0 0 0 0 0 0 8 0 10}}
152 {2 3 4 7 9} {{1 0 0 0 5 6 0 0 0 0} {0 0 0 0 0 0 0 8 0 10}}
153 {2 3 4 7 9} {{1 0 0 0 5 6 0 0 0 0} {0 0 0 0 0 0 0 8 0 10}}
154 {2 3 4 7 9} {{1 0 0 0 5 6 0 0 0 0} {0 0 0 0 0 0 0 8 0 10}}
155 {2 3 4 7 9} {{1 0 0 0 5 6 0 0 0 0} {0 0 0 0 0 0 0 8 0 10}}
156 {2 3 4 7 9} {{1 0 0 0 5 6 0 0 0 0} {0 0 0 0 0 0 0 8 0 10}}
157 {2 3 4 7 9} {{1 0 0 0 5 6 0 0 0 0} {0 0 0 0 0 0 0 8 0 10}}
158 {2 3 4 7 9} {{1 0 0 0 5 6 0 0 0 0} {0 0 0 0 0 0 0 8 0 10}}
159 {2 3 4 7 9} {{1 0 0 0 5 6 0 0 0 0} {0 0 0 0 0 0 0 8 0 10}}
160 {2 3 4 7 9} {{1 0 0 0 5 6 0 0 0 0} {0 0 0 0 0 0 0 8 0 10}}
161 {2 3 4 7 9} {{1 0 0 0 5 6 0 0 0 0} {0 0 0 0 0 0 0 8 0 10}}
162 {2 3 4 7 9} {{1 0 0 0 5 6 0 0 0 0} {0 0 0 0 0 0 0 8 0 10}}
163 {2 3 4 7 9} {{1 0 0 0 5 6 0 0 0 0} {0 0 0 0 0 0 0 8 0 10}}
164 {2 3 4 7 9} {{1 0 0 0 5 6 0 0 0 0} {0 0 0 0 0 0 0 8 0 10}}
165 {2 3 4 7 9} {{1 0 0 0 5 6 0 0 0 0} {0 0 0 0 0 0 0 8 0 10}}
166 {2 3 4 7 9} {{1 0 0 0 5 6 0 0 0 0} {0 0 0 0 0 0 0 8 0 10}}
167 {2 3 4 7 9} {{1 0 0 0 5 6 0 0 0 0} {0 0 0 0 0 0 0 8 0 10}}
168 {2 3 4 7 9} {{1 0 0 0 5 6 0 0 0 0} {0 0 0 0 0 0 0 8 0 10}}
169 {2 3 4 7 9} {{1 0 0 0 5 6 0 0 0 0} {0 0 0 0 0 0 0 8 0 10}}
170 {2 3 4 7 9} {{1 0 0 0 5 6 0 0 0 0} {0 0 0 0 0 0 0 8 0 10}}
171 {2 3 4 7 9} {{1 0 0 0 5 6 0 0 0 0} {0 0 0 0 0 0 0 8 0 10}}
172 {2 3 4 7 9} {{1 0 0 0 5 6 0 0 0 0} {0 0 0 0 0 0 0 8 0 10}}
173 {2 3 4 7 9} {{1 0 0 0 5 6 0 0 0 0} {0 0 0 0 0 0 0 8 0 10}}
174 {2 3 4 7 9} {{1 0 0 0 5 6 0 0 0 0} {0 0 0 0 0 0 0 8 0 10}}
175 {2 3 4 7 9} {{1 0 0 0 5 6 0 0 0 0} {0 0 0 0 0 0 0 8 0 10}}
176 {2 3 4 7 9} {{1 0 0 0 5 6 0 0 0 0} {0 0 0 0 0 0 0 8 0 10}}
177 {2 3 4 7 9} {{1 0 0 0 5 6 0 0 0 0} {0 0 0 0 0 0 0 8 0 10}}
178 {2 3 4 7 9} {{1 0 0 0 5 6 0 0 0 0} {0 0 0 0 0 0 0 8 0 10}}
179 {2 3 4 7 9} {{1 0 0 0 5 6 0 0 0 0} {0 0 0 0 0 0 0 8 0 10}}
180 {2 3 4 7 9} {{1 0 0 0 5 6 0 0 0 0} {0 0 0 0 0 0 0 8 0 10}}
181 {2 3 4 7 9} {{1 0 0 0 5 6 0 0 0 0} {0 0 0 0 0 0 0 8 0 10}}
182 {2 3 4 7 9} {{1 0 0 0 5 6 0 0 0 0} {0 0 0 0 0 0 0 8 0 10}}
183 {2 3 4 7 9} {{1 0 0 0 5 6 0 0 0 0} {0 0 0 0 0 0 0 8 0 10}}
184 {2 3 4 7 9} {{1 0 0 0 5 6 0 0 0 0} {0 0 0 0 0 0 0 8 0 10}}
185 {2 3 4 7 9} {{1 0 0 0 5 6 0 0 0 0} {0 0 0 0 0 0 0 8 0 10}}
186 {2 3 4 7 9} {{1 0 0 0 5 6 0 0 0 0} {0 0 0 0 0 0 0 8 0 10}}
187 {2 3 4 7 9} {{1 0 0 0 5 6 0 0 0 0} {0 0 0 0 0 0 0 8 0 10}}
188 {2 3 4 7 9} {{1 0 0 0 5 6 0 0 0 0} {0 0 0 0 0 0 0 8 0 10}}
189 {2 3 4 7 9} {{1 0 0 0 5 6 0 0 0 0} {0 0 0 0 0 0 0 8 0 10}}
190 {2 3 4 7 9} {{1 0 0 0 5 6 0 0 0 0} {0 0 0 0 0 0 0 8 0 10}}
191 {2 3 4 7 9} {{1 0 0 0 5 6 0 0 0 0} {0 0 0 0 0 0 0 8 0 10}}
192 {2 3 4 7 9} {{1 0 0 0 5 6 0 0 0 0} {0 0 0 0 0 0 0 8 0 10}}
193 {2 3 4 7 9} {{1 0 0 0 5 6 0 0 0 0} {0 0 0 0 0 0 0 8 0 10}}
194 {2 3 4 7 9} {{1 0 0 0 5 6 0 0 0 0} {0 0 0 0 0 0 0 8 0 10}}
195 {2 3 4 7 9} {{1 0 0 0 5 6 0 0 0 0} {0 0 0 0 0 0 0 8 0 10}}
196 {2 3 4 7 9} {{1 0 0 0 5 6 0 0 0 0} {0 0 0 0 0 0 0 8 0 10}}
197 {2 3 4 7 9} {{1 0 0 0 5 6 0 0 0 0} {0 0 0 0 0 0 0 8 0 10}}
198 {2 3 4 7 9} {{1 0 0 0 5 6 0 0 0 0} {0 0 0 0 0 0 0 8 0 10}}
199 {2 3 4 7 9} {{1 0 0 0 5 6 0 0 0 0} {0 0 0 0 0 0 0 8 0 10}}
200 {2 3 4 7 9} {{1 0 0 0 5 6 0 0 0 0} {0 0 0 0 0 0 0 8 0 10}}
201 {2 3 4 7 9} {{1 0 0 0 5 6 0 0 0 0} {0 0 0 0 0 0 0 8 0 10}}
202 {2 3 4 7 9} {{1 0 0 0 5 6 0 0 0 0} {0 0 0 0 0 0 0 8 0 10}}
203 {2 3 4 7 9} {{1 0 0 0 5 6 0 0 0 0} {0 0 0 0 0 0 0 8 0 10}}
204 {2 3 4 7 9} {{1 0 0 0 5 6 0 0 0 0} {0 0 0 0 0 0 0 8 0 10}}
205 {2 3 4 7 9} {{1 0 0 0 5 6 0 0 0 0} {0 0 0 0 0 0 0 8 0 10}}
206 {2 3 4 7 9} {{1 0 0 0 5 6 0 0 0 0} {0 0 0 0 0 0 0 8 0 10}}
207 {2 3 4 7 9} {{1 0 0 0 5 6 0 0 0 0} {0 0 0 0 0 0 0 8 0 10}}
208 {2 3 4 7 9} {{1 0 0 0 5 6 0 0 0 0} {0 0 0 0 0 0 0 8 0 10}}
209 {2 3 4 7 9} {{1 0 0 0 5 6 0 0 0 0} {0 0 0 0 0 0 0 8 0 10}}
210 {2 3 4 7 9} {{1 0 0 0 5 6 0 0 0 0} {0 0 0 0 0 0 0 8 0 10}}
211 {2 3 4 7 9} {{1 0 0 0 5 6 0 0 0 0} {0 0 0 0 0 0 0 8 0 10}}
212 {2 3 4 7 9} {{1 0 0 0 5 6 0 0 0 0} {0 0 0 0 0 0 0 8 0 10}}
213 {2 3 4 7 9} {{1 0 0 0 5 6 0 0 0 0} {0 0 0 0 0 0 0 8 0 10}}
214 {2 3 4 7 9} {{1 0 0 0 5 6 0 0 0 0} {0 0 0 0 0 0 0 8 0 10}}
215 {2 3 4 7 9} {{1 0 0 0 5 6 0 0 0 0} {0 0 0 0 0 0 0 8 0 10}}
216 {2 3 4 7 9} {{1 0 0 0 5 6 0 0 0 0} {0 0 0 0 0 0 0 8 0 10}}
217 {2 3 4 7 9} {{1 0 0 0 5 6 0 0 0 0} {0 0 0 0 0 0 0 8 0 10}}
218 {2 3 4 7 9} {{1 0 0 0 5 6 0 0 0 0} {0 0 0 0 0 0 0 8 0 10}}
219 {2 3 4 7 9} {{1 0 0 0 5 6 0 0 0 0} {0 0 0 0 0 0 0 8 0 10}}
220 {2 3 4 7 9} {{1 0 0 0 5 6 0 0 0 0} {0 0 0 0 0 0 0 8 0 10}}
221 {2 3 4 7 9} {{1 0 0 0 5 6 0 0 0 0} {0 0 0 0 0 0 0 8 0 10}}
222 {2 3 4 7 9} {{1 0 0 0 5 6 0 0 0 0} {0 0 0 0 0 0 0 8 0 10}}
223 {2 3 4 7 9} {{1 0 0 0 5 6 0 0 0 0} {0 0 0 0 0 0 0 8 0 10}}
224 {2 3 4 7 9} {{1 0 0 0 5 6 0 0 0 0} {0 0 0 0 0 0 0 8 0 10}}
225 {2 3 4 7 9} {{1 0 0 0 5 6 0 0 0 0} {0 0 0 0 0 0 0 8 0 10}}
226 {2 3 4 7 9} {{1 0 0 0 5 6 0 0 0 0} {0 0 0 0 0 0 0 8 0 10}}
227 {2 3 4 7 9} {{1 0 0 0 5 6 0 0 0 0} {0 0 0 0 0 0 0 8 0 10}}
228 {2 3 4 7 9} {{1 0 0 0 5 6 0 0 0 0} {0 0 0 0 0 0 0 8 0 10}}
229 {2 3 4 7 9} {{1 0 0 0 5 6 0 0 0 0} {0 0 0 0 0 0 0 8 0 10}}
230 {2 3 4 7 9} {{1 0 0 0 5 6 0 0 0 0} {0 0 0 0 0 0 0 8 0 10}}
231 {2 3 4 7 9} {{1 0 0 0 5 6 0 0 0 0} {0 0 0 0 0 0 0 8 0 10}}
232 {2 3 4 7 9} {{1 0 0 0 5 6 0 0 0 0} {0 0 0 0 0 0 0 8 0 10}}
233 {2 3 4 7 9} {{1 0 0 0 5 6 0 0 0 0} {0 0 0 0 0 0 0 8 0 10}}
234 {2 3 4 7 9} {{1 0 0 0 5 6 0 0 0 0} {0 0 0 0 0 0 0 8 0 10}}
235 {2 3 4 7 9} {{1 0 0 0 5 6 0 0 0 0} {0 0 0 0 0 0 0 8 0 10}}
236 {2 3 4 7 9} {{1 0 0 0 5 6 0 0 0 0} {0 0 0 0 0 0 0 8 0 10}}
237 {2 3 4 7 9} {{1 0 0 0 5 6 0 0 0 0} {0 0 0 0 0 0 0 8 0 10}}
238 {2 3 4 7 9} {{1 0 0 0 5 6 0 0 0 0} {0 0 0 0 0 0 0 8 0 10}}
239 {2 3 4 7 9} {{1 0 0 0 5 6 0 0 0 0} {0 0 0 0 0 0 0 8 0 10}}
240 {2 3 4 7 9} {{1 0 0 0 5 6 0 0 0 0} {0 0 0 0 0 0 0 8 0 10}}
241 {2 3 4 7 9} {{1 0 0 0 5 6 0 0 0 0} {0 0 0 0 0 0 0 8 0 10}}
242 {2 3 4 7 9} {{1 0 0 0 5 6 0 0 0 0} {0 0 0 0 0 0 0 8 0 10}}
243 {2 3 4 7 9} {{1 0 0 0 5 6 0 0 0 0} {0 0 0 0 0 0 0 8 0 10}}
244 {2 3 4 7 9} {{1 0 0 0 5 6 0 0 0 0} {0 0 0 0 0 0 0 8 0 10}}
245 {2 3 4 7 9} {{1 0 0 0 5 6 0 0 0 0} {0 0 0 0 0 0 0 8 0 10}}
246 {2 3 4 7 9} {{1 0 0 0 5 6 0 0 0 0} {0 0 0 0 0 0 0 8 0 10}}
247 {2 3 4 7 9} {{1 0 0 0 5 6 0 0 0 0} {0 0 0 0 0 0 0 8 0 10}}
248 {2 3 4 7 9} {{1 0 0 0 5 6 0 0 0 0} {0 0 0 0 0 0 0 8 0 10}}
249 {2 3 4 7 9} {{1 0 0 0 5 6 0 0 0 0} {0 0 0 0 0 0 0 8 0 10}}
250 {2 3 4 7 9} {{1 0 0 0 5 6 0 0 0 0} {0 0 0 0 0 0 0 8 0 10}}
251 {2 3 4 7 9} {{1 0 0 0 5 6 0 0 0 0} {0 0 0 0 0 0 0 8 0 10}}
252 {2 3 4 7 9} {{1 0 0 0 5 6 0 0 0 0} {0 0 0 0 0 0 0 8 0 10}}
253 {2 3 4 7 9} {{1 0 0 0 5 6 0 0 0 0} {0 0 0 0 0 0 0 8 0 10}}
254 {2 3 4 7 9} {{1 0 0 0 5 6 0 0 0 0} {0 0 0 0 0 0 0 8 0 10}}
255 {2 3 4 7 9} {{1 0 0 0 5 6 0 0 0 0} {0 0 0 0 0 0 0 8 0 10}}
256 {2 3 4 7 9} {{1 0 0 0 5 6 0 0 0 0} {0 0 0 0 0 0 0 8 0 10}}
257 {2 3 4 7 9} {{1 0 0 0 5 6 0 0 0 0} {0 0 0 0 0 0 0 8 0 10}}
258 {2 3 4 7 9} {{1 0 0 0 5 6 0 0 0 0} {0 0 0 0 0 0 0 8 0 10}}
259 {2 3 4 7 9} {{1 0 0 0 5 6 0 0 0 0} {0 0 0 0 0 0 0 8 0 10}}
260 {2 3 4 7 9} {{1 0 0 0 5 6 0 0 0 0} {0 0 0 0 0 0 0 8 0 10}}
261 {2 3 4 7 9} {{1 0 0 0 5 6 0 0 0 0} {0 0 0 0 0 0 0 8 0 10}}
262 {2 3 4 7 9} {{1 0 0 0 5 6 0 0 0 0} {0 0 0 0 0 0 0 8 0 10}}
263 {2 3 4 7 9} {{1 0 0 0 5 6 0 0 0 0} {0 0 0 0 0 0 0 8 0 10}}
264 {2 3 4 7 9} {{1 0 0 0 5 6 0 0 0 0} {0 0 0 0 0 0 0 8 0 10}}
265 {2 3 4 7 9} {{1 0 0 0 5 6 0 0 0 0} {0 0 0 0 0 0 0 8 0 10}}
266 {2 3 4 7 9} {{1 0 0 0 5 6 0 0 0 0} {0 0 0 0 0 0 0 8 0 10}}
267 {2 3 4 7 9} {{1 0 0 0 5 6 0 0 0 0} {0 0 0 0 0 0 0 8 0 10}}
268 {2 3 4 7 9} {{1 0 0 0 5 6 0 0 0 0} {0 0 0 0 0 0 0 8 0 10}}
269 {2 3 4 7 9} {{1 0 0 0 5 6 0 0 0 0} {0 0 0 0 0 0 0 8 0 10}}
270 {2 3 4 7 9} {{1 0 0 0 5 6 0 0 0 0} {0 0 0 0 0 0 0 8 0 10}}
271 {2 3 4 7 9} {{1 0 0 0 5 6 0 0 0 0} {0 0 0 0 0 0 0 8 0 10}}
272 {2 3 4 7 9} {{1 0 0 0 5 6 0 0 0 0} {0 0 0 0 0 0 0 8 0 10}}
273 {2 3 4 7 9} {{1 0 0 0 5 6 0 0 0 0} {0 0 0 0 0 0 0 8 0 10}}
274 {2 3 4 7 9} {{1 0 0 0 5 6 0 0 0 0} {0 0 0 0 0 0 0 8 0 10}}
275 {2 3 4 7 9} {{1 0 0 0 5 6 0 0 0 0} {0 0 0 0 0 0 0 8 0 10}}
276 {2 3 4 7 9} {{1 0 0 0 5 6 0 0 0 0} {0 0 0 0 0 0 0 8 0 10}}
277 {2 3 4 7 9} {{1 0 0 0 5 6 0 0 0 0} {0 0 0 0 0 0 0 8 0 10}}
278 {2 3 4 7 9} {{1 0 0 0 5 6 0 0 0 0} {0 0 0 0 0 0 0 8 0 10}}
279 {2 3 4 7 9} {{1 0 0 0 5 6 0 0 0 0} {0 0 0 0 0 0 0 8 0 10}}
280 {2 3 4 7 9} {{1 0 0 0 5 6 0 0 0 0} {0 0 0 0 0 0 0 8 0 10}}
281 {2 3 4 7 9} {{1 0 0 0 5 6 0 0 0 0} {0 0 0 0 0 0 0 8 0 10}}
282 {2 3 4 7 9} {{1 0 0 0 5 6 0 0 0 0} {0 0 0 0 0 0 0 8 0 10}}
283 {2 3 4 7 9} {{1 0 0 0 5 6 0 0 0 0} {0 0 0 0 0 0 0 8 0 10}}
284 {2 3 4 7 9} {{1 0 0 0 5 6 0 0 0 0} {0 0 0 0 0 0 0 8 0 10}}
285 {2 3 4 7 9} {{1 0 0 0 5 6 0 0 0 0} {0 0 0 0 0 0 0 8 0 10}}
286 {2 3 4 7 9} {{1 0 0 0 5 6 0 0 0 0} {0 0 0 0 0 0 0 8 0 10}}
287 {2 3 4 7 9} {{1 0 0 0 5 6 0 0 0 0} {0 0 0 0 0 0 0 8 0 10}}
288 {2 3 4 7 9} {{1 0 0 0 5 6 0 0 0 0} {0 0 0 0 0 0 0 8 0 10}}
289 {2 3 4 7 9} {{1 0 0 0 5 6 0 0 0 0} {0 0 0 0 0 0 0 8 0 10}}
290 {2 3 4 7 9} {{1 0 0 0 5 6 0 0 0 0} {0 0 0 0 0 0 0 8 0 10}}
291 {2 3 4 7 9} {{1 0 0 0 5 6 0 0 0 0} {0 0 0 0 0 0 0 8 0 10}}
292 {2 3 4 7 9} {{1 0 0 0 5 6 0 0 0 0} {0 0 0 0 0 0 0 8 0 10}}
293 {2 3 4 7 9} {{1 0 0 0 5 6 0 0 0 0} {0 0 0 0 0 0 0 8 0 10}}
294 {2 3 4 7 9} {{1 0 0 0 5 6 0 0 0 0} {0 0 0 0 0 0 0 8 0 10}}
295 {2 3 4 7 9} {{1 0 0 0 5 6 0 0 0 0} {0 0 0 0 0 0 0 8 0 10}}
296 {2 3 4 7 9} {{1 0 0 0 5 6 0 0 0 0} {0 0 0 0 0 0 0 8 0 10}}
297 {2 3 4 7 9} {{1 0 0 0 5 6 0 0 0 0} {0 0 0 0 0 0 0 8 0 10}}
298 {2 3 4 7 9} {{1 0 0 0 5 6 0 0 0 0} {0 0 0 0 0 0 0 8 0 10}}
299 {2 3 4 7 9} {{1 0 0 0 5 6 0 0 0 0} {0 0 0 0 0 0 0 8 0 10}}
300 {2 3 4 7 9} {{1 0 0 0 5 6 0 0 0 0} {0 0 0 0 0 0 0 8 0 10}}
301 {2 3 4 7 9} {{1 0 0 0 5 6 0 0 0 0} {0 0 0 0 0 0 0 8 0 10}}
302 {2 3 4 7 9} {{1 0 0 0 5 6 0 0 0 0} {0 0 0 0 0 0 0 8 0 10}}
303 {2 3 4 7 9} {{1 0 0 0 5 6 0 0 0 0} {0 0 0 0 0 0 0 8 0 10}}
304 {2 3 4 7 9} {{1 0 0 0 5 6 0 0 0 0} {0 0 0 0 0 0 0 8 0 10}}
305 {2 3 4 7 9} {{1 0 0 0 5 6 0 0 0 0} {0 0 0 0 0 0 0 8 0 10}}
306 {2 3 4 7 9} {{1 0 0 0 5 6 0 0 0 0} {0 0 0 0 0 0 0 8 0 10}}
307 {2 3 4 7 9} {{1 0 0 0 5 6 0 0 0 0} {0 0 0 0 0 0 0 8 0 10}}
308 {2 3 4 7 9} {{1 0 0 0 5 6 0 0 0 0} {0 0 0 0 0 0 0 8 0 10}}
309 {2 3 4 7 9} {{1 0 0 0 5 6 0 0 0 0} {0 0 0 0 0 0 0 8 0 10}}
310 {2 3 4 7 9} {{1 0 0 0 5 6 0 0 0 0} {0 0 0 0 0 0 0 8 0 10}}
311 {2 3 4 7 9} {{1 0 0 0 5 6 0 0 0 0} {0 0 0 0 0 0 0 8 0 10}}
312 {2 3 4 7 9} {{1 0 0 0 5 6 0 0 0 0} {0 0 0 0 0 0 0 8 0 10}}
313 {2 3 4 7 9} {{1 0 0 0 5 6 0 0 0 0} {0 0 0 0 0 0 0 8 0 10}}
314 {2 3 4 7 9} {{1 0 0 0 5 6 0 0 0 0} {0 0 0 0 0 0 0 8 0 10}}
315 {2 3 4 7 9} {{1 0 0 0 5 6 0 0 0 0} {0 0 0 0 0 0 0 8 0 10}}
316 {2 3 4 7 9} {{1 0 0 0 5 6 0 0 0 0} {0 0 0 0 0 0 0 8 0 10}}
317 {2 3 4 7 9} {{1 0 0 0 5 6 0 0 0 0} {0 0 0 0 0 0 0 8 0 10}}
318 {2 3 4 7 9} {{1 0 0 0 5 6 0 0 0 0} {0 0 0 0 0 0 0 8 0 10}}
319 {2 3 4 7 9} {{1 0 0 0 5 6 0 0 0 0} {0 0 0 0 0 0 0 8 0 10}}
320 {2 3 4 7 9} {{1 0 0 0 5 6 0 0 0 0} {0 0 0 0 0 0 0 8 0 10}}
321 {2 3 4 7 9} {{1 0 0 0 5 6 0 0 0 0} {0 0 0 0 0 0 0 8 0 10}}
322 {2 3 4 7 9} {{1 0 0 0 5 6 0 0 0 0} {0 0 0 0 0 0 0 8 0 10}}
323 {2 3 4 7 9} {{1 0 0 0 5 6 0 0 0 0} {0 0 0 0 0 0 0 8 0 10}}
324 {2 3 4 7 9} {{1 0 0 0 5 6 0 0 0 0} {0 0 0 0 0 0 0 8 0 10}}
325 {2 3 4 7 9} {{1 0 0 0 5 6 0 0 0 0} {0 0 0 0 0 0 0 8 0 10}}
326 {2 3 4 7 9} {{1 0 0 0 5 6 0 0 0 0} {0 0 0 0 0 0 0 8 0 10}}
327 {2 3 4 7 9} {{1 0 0 0 5 6 0 0 0 0} {0 0 0 0 0 0 0 8 0 10}}
328 {2 3 4 7 9} {{1 0 0 0 5 6 0 0 0 0} {0 0 0 0 0 0 0 8 0 10}}
329 {2 3 4 7 9} {{1 0 0 0 5 6 0 0 0 0} {0 0 0 0 0 0 0 8 0 10}}
330 {2 3 4 7 9} {{1 0 0 0 5 6 0 0 0 0} {0 0 0 0 0 0 0 8 0 10}}
331 {2 3 4 7 9} {{1 0 0 0 5 6 0 0 0 0} {0 0 0 0 0 0 0 8 0 10}}
332 {2 3 4 7 9} {{1 0 0 0 5 6 0 0 0 0} {0 0 0 0 0 0 0 8 0 10}}
333 {2 3 4 7 9} {{1 0 0 0 5 6 0 0 0 0} {0 0 0 0 0 0 0 8 0 10}}
334 {2 3 4 7 9} {{1 0 0 0 5 6 0 0 0 0} {0 0 0 0 0 0 0 8 0 10}}
335 {2 3 4 7 9} {{1 0 0 0 5 6 0 0 0 0} {0 0 0 0 0 0 0 8 0 10}}
336 {2 3 4 7 9} {{1 0 0 0 5 6 0 0 0 0} {0 0 0 0 0 0 0 8 0 10}}
337 {2 3 4 7 9} {{1 0 0 0 5 6 0 0 0 0} {0 0 0 0 0 0 0 8 0 10}}
338 {2 3 4 7 9} {{1 0 0 0 5 6 0 0 0 0} {0 0 0 0 0 0 0 8 0 10}}
339 {2 3 4 7 9} {{1 0 0 0 5 6 0 0 0 0} {0 0 0 0 0 0 0 8 0 10}}
340 {2 3 4 7 9} {{1 0 0 0 5 6 0 0 0 0} {0 0 0 0 0 0 0 8 0 10}}
341 {2 3 4 7 9} {{1 0 0 0 5 6 0 0 0 0} {0 0 0 0 0 0 0 8 0 10}}
342 {2 3 4 7 9} {{1 0 0 0 5 6 0 0 0 0} {0 0 0 0 0 0 0 8 0 10}}
343 {2 3 4 7 9} {{1 0 0 0 5 6 0 0 0 0} {0 0 0 0 0 0 0 8 0 10}}
344 {2 3 4 7 9} {{1 0 0 0 5 6 0 0 0 0} {0 0 0 0 0 0 0 8 0 10}}
345 {2 3 4 7 9} {{1 0 0 0 5 6 0 0 0 0} {0 0 0 0 0 0 0 8 0 10}}
346 {2 3 4 7 9} {{1 0 0 0 5 6 0 0 0 0} {0 0 0 0 0 0 0 8 0 10}}
347 {2 3 4 7 9} {{1 0 0 0 5 6 0 0 0 0} {0 0 0 0 0 0 0 8 0 10}}
348 {2 3 4 7 9} {{1 0 0 0 5 6 0 0 0 0} {0 0 0 0 0 0 0 8 0 10}}
349 {2 3 4 7 9} {{1 0 0 0 5 6 0 0 0 0} {0 0 0 0 0 0 0 8 0 10}}
350 {2 3 4 7 9} {{1 0 0 0 5 6 0 0 0 0} {0 0 0 0 0 0 0 8 0 10}}
351 {2 3 4 7 9} {{1 0 0 0 5 6 0 0 0 0} {0 0 0 0 0 0 0 8 0 10}}
352 {2 3 4 7 9} {{1 0 0 0 5 6 0 0 0 0} {0 0 0 0 0 0 0 8 0 10}}
353 {2 3 4 7 9} {{1 0 0 0 5 6 0 0 0 0} {0 0 0 0 0 0 0 8 0 10}}
354 {2 3 4 7 9} {{1 0 0 0 5 6 0 0 0 0} {0 0 0 0 0 0 0 8 0 10}}
355 {2 3 4 7 9} {{1 0 0 0 5 6 0 0 0 0} {0 0 0 0 0 0 0 8 0 10}}
356 {2 3 4 7 9} {{1 0 0 0 5 6 0 0 0 0} {0 0 0 0 0 0 0 8 0 10}}
357 {2 3 4 7 9} {{1 0 0 0 5 6 0 0 0 0} {0 0 0 0 0 0 0 8 0 10}}
358 {4 7 9} {{1 0 0 0 5 6 0 0 0 0} {0 2 3 0 0 0 0 0 0 0} {0 0 0 0 0 0 0 8 0 10}}
359 {4 7 9} {{1 0 0 0 5 6 0 0 0 0} {0 2 3 0 0 0 0 0 0 0} {0 0 0 0 0 0 0 8 0 10}}
360 {4 7 9} {{1 0 0 0 5 6 0 0 0 0} {0 2 3 0 0 0 0 0 0 0} {0 0 0 0 0 0 0 8 0 10}}
361 {4 7 9} {{1 0 0 0 5 6 0 0 0 0} {0 2 3 0 0 0 0 0 0 0} {0 0 0 0 0 0 0 8 0 10}}
362 {4 7 9} {{1 0 0 0 5 6 0 0 0 0} {0 2 3 0 0 0 0 0 0 0} {0 0 0 0 0 0 0 8 0 10}}
363 {4 7 9} {{1 0 0 0 5 6 0 0 0 0} {0 2 3 0 0 0 0 0 0 0} {0 0 0 0 0 0 0 8 0 10}}
364 {4 7 9} {{1 0 0 0 5 6 0 0 0 0} {0 2 3 0 0 0 0 0 0 0} {0 0 0 0 0 0 0 8 0 10}}
365 {4 7 9} {{1 0 0 0 5 6 0 0 0 0} {0 2 3 0 0 0 0 0 0 0} {0 0 0 0 0 0 0 8 0 10}}
366 {4 7 9} {{1 0 0 0 5 6 0 0 0 0} {0 2 3 0 0 0 0 0 0 0} {0 0 0 0 0 0 0 8 0 10}}
367 {4 7 9} {{1 0 0 0 5 6 0 0 0 0} {0 2 3 0 0 0 0 0 0 0} {0 0 0 0 0 0 0 8 0 10}}
368 {4 7 9} {{1 0 0 0 5 6 0 0 0 0} {0 2 3 0 0 0 0 0 0 0} {0 0 0 0 0 0 0 8 0 10}}
369 {4 7 9} {{1 0 0 0 5 6 0 0 0 0} {0 2 3 0 0 0 0 0 0 0} {0 0 0 0 0 0 0 8 0 10}}
370 {4 7 9} {{1 0 0 0 5 6 0 0 0 0} {0 2 3 0 0 0 0 0 0 0} {0 0 0 0 0 0 0 8 0 10}}
371 {4 7 9} {{1 0 0 0 5 6 0 0 0 0} {0 2 3 0 0 0 0 0 0 0} {0 0 0 0 0 0 0 8 0 10}}
372 {4 7 9} {{1 0 0 0 5 6 0 0 0 0} {0 2 3 0 0 0 0 0 0 0} {0 0 0 0 0 0 0 8 0 10}}
373 {4 7 9} {{1 0 0 0 5 6 0 0 0 0} {0 2 3 0 0 0 0 0 0 0} {0 0 0 0 0 0 0 8 0 10}}
374 {4 7 9} {{1 0 0 0 5 6 0 0 0 0} {0 2 3 0 0 0 0 0 0 0} {0 0 0 0 0 0 0 8 0 10}}
375 {4 7 9} {{1 0 0 0 5 6 0 0 0 0} {0 2 3 0 0 0 0 0 0 0} {0 0 0 0 0 0 0 8 0 10}}
376 {4 7 9} {{1 0 0 0 5 6 0 0 0 0} {0 2 3 0 0 0 0 0 0 0} {0 0 0 0 0 0 0 8 0 10}}
377 {4 7 9} {{1 0 0 0 5 6 0 0 0 0} {0 2 3 0 0 0 0 0 0 0} {0 0 0 0 0 0 0 8 0 10}}
378 {4 7 9} {{1 0 0 0 5 6 0 0 0 0} {0 2 3 0 0 0 0 0 0 0} {0 0 0 0 0 0 0 8 0 10}}
379 {4 7 9} {{1 0 0 0 5 6 0 0 0 0} {0 2 3 0 0 0 0 0 0 0} {0 0 0 0 0 0 0 8 0 10}}
380 {4 7 9} {{1 0 0 0 5 6 0 0 0 0} {0 2 3 0 0 0 0 0 0 0} {0 0 0 0 0 0 0 8 0 10}}
381 {4 7 9} {{1 0 0 0 5 6 0 0 0 0} {0 2 3 0 0 0 0 0 0 0} {0 0 0 0 0 0 0 8 0 10}}
382 {4 7 9} {{1 0 0 0 5 6 0 0 0 0} {0 2 3 0 0 0 0 0 0 0} {0 0 0 0 0 0 0 8 0 10}}
383 {4 7 9} {{1 0 0 0 5 6 0 0 0 0} {0 2 3 0 0 0 0 0 0 0} {0 0 0 0 0 0 0 8 0 10}}
384 {4 7 9} {{1 0 0 0 5 6 0 0 0 0} {0 2 3 0 0 0 0 0 0 0} {0 0 0 0 0 0 0 8 0 10}}
385 {4 7 9} {{1 0 0 0 5 6 0 0 0 0} {0 2 3 0 0 0 0 0 0 0} {0 0 0 0 0 0 0 8 0 10}}
386 {4 7 9} {{1 0 0 0 5 6 0 0 0 0} {0 2 3 0 0 0 0 0 0 0} {0 0 0 0 0 0 0 8 0 10}}
387 {4 7 9} {{1 0 0 0 5 6 0 0 0 0} {0 2 3 0 0 0 0 0 0 0} {0 0 0 0 0 0 0 8 0 10}}
388 {4 7 9} {{1 0 0 0 5 6 0 0 0 0} {0 2 3 0 0 0 0 0 0 0} {0 0 0 0 0 0 0 8 0 10}}
389 {4 7 9} {{1 0 0 0 5 6 0 0 0 0} {0 2 3 0 0 0 0 0 0 0} {0 0 0 0 0 0 0 8 0 10}}
390 {4 7 9} {{1 0 0 0 5 6 0 0 0 0} {0 2 3 0 0 0 0 0 0 0} {0 0 0 0 0 0 0 8 0 10}}
391 {4 7 9} {{1 0 0 0 5 6 0 0 0 0} {0 2 3 0 0 0 0 0 0 0} {0 0 0 0 0 0 0 8 0 10}}
392 {4 7 9} {{1 0 0 0 5 6 0 0 0 0} {0 2 3 0 0 0 0 0 0 0} {0 0 0 0 0 0 0 8 0 10}}
393 {4 7 9} {{1 0 0 0 5 6 0 0 0 0} {0 2 3 0 0 0 0 0 0 0} {0 0 0 0 0 0 0 8 0 10}}
394 {4 7 9} {{1 0 0 0 5 6 0 0 0 0} {0 2 3 0 0 0 0 0 0 0} {0 0 0 0 0 0 0 8 0 10}}
395 {4 7 9} {{1 0 0 0 5 6 0 0 0 0} {0 2 3 0 0 0 0 0 0 0} {0 0 0 0 0 0 0 8 0 10}}
396 {4 7 9} {{1 0 0 0 5 6 0 0 0 0} {0 2 3 0 0 0 0 0 0 0} {0 0 0 0 0 0 0 8 0 10}}
397 {4 7 9} {{1 0 0 0 5 6 0 0 0 0} {0 2 3 0 0 0 0 0 0 0} {0 0 0 0 0 0 0 8 0 10}}
398 {4 7 9} {{1 0 0 0 5 6 0 0 0 0} {0 2 3 0 0 0 0 0 0 0} {0 0 0 0 0 0 0 8 0 10}}
399 {4 7 9} {{1 0 0 0 5 6 0 0 0 0} {0 2 3 0 0 0 0 0 0 0} {0 0 0 0 0 0 0 8 0 10}}
400 {4 7 9} {{1 0 0 0 5 6 0 0 0 0} {0 2 3 0 0 0 0 0 0 0} {0 0 0 0 0 0 0 8 0 10}}
401 {4 7 9} {{1 0 0 0 5 6 0 0 0 0} {0 2 3 0 0 0 0 0 0 0} {0 0 0 0 0 0 0 8 0 10}}
402 {4 7 9} {{1 0 0 0 5 6 0 0 0 0} {0 2 3 0 0 0 0 0 0 0} {0 0 0 0 0 0 0 8 0 10}}
403 {4 7 9} {{1 0 0 0 5 6 0 0 0 0} {0 2 3 0 0 0 0 0 0 0} {0 0 0 0 0 0 0 8 0 10}}
404 {4 7 9} {{1 0 0 0 5 6 0 0 0 0} {0 2 3 0 0 0 0 0 0 0} {0 0 0 0 0 0 0 8 0 10}}
405 {4 7 9} {{1 0 0 0 5 6 0 0 0 0} {0 2 3 0 0 0 0 0 0 0} {0 0 0 0 0 0 0 8 0 10}}
406 {4 7 9} {{1 0 0 0 5 6 0 0 0 0} {0 2 3 0 0 0 0 0 0 0} {0 0 0 0 0 0 0 8 0 10}}
407 {4 7 9} {{1 0 0 0 5 6 0 0 0 0} {0 2 3 0 0 0 0 0 0 0} {0 0 0 0 0 0 0 8 0 10}}
408 {4 7 9} {{1 0 0 0 5 6 0 0 0 0} {0 2 3 0 0 0 0 0 0 0} {0 0 0 0 0 0 0 8 0 10}}
409 {4 7 9} {{1 0 0 0 5 6 0 0 0 0} {0 2 3 0 0 0 0 0 0 0} {0 0 0 0 0 0 0 8 0 10}}
410 {4 7 9} {{1 0 0 0 5 6 0 0 0 0} {0 2 3 0 0 0 0 0 0 0} {0 0 0 0 0 0 0 8 0 10}}
411 {4 7 9} {{1 0 0 0 5 6 0 0 0 0} {0 2 3 0 0 0 0 0 0 0} {0 0 0 0 0 0 0 8 0 10}}
412 {4 7 9} {{1 0 0 0 5 6 0 0 0 0} {0 2 3 0 0 0 0 0 0 0} {0 0 0 0 0 0 0 8 0 10}}
413 {4 7 9} {{1 0 0 0 5 6 0 0 0 0} {0 2 3 0 0 0 0 0 0 0} {0 0 0 0 0 0 0 8 0 10}}
414 {4 7 9} {{1 0 0 0 5 6 0 0 0 0} {0 2 3 0 0 0 0 0 0 0} {0 0 0 0 0 0 0 8 0 10}}
415 {4 7 9} {{1 0 0 0 5 6 0 0 0 0} {0 2 3 0 0 0 0 0 0 0} {0 0 0 0 0 0 0 8 0 10}}
416 {4 7 9} {{1 0 0 0 5 6 0 0 0 0} {0 2 3 0 0 0 0 0 0 0} {0 0 0 0 0 0 0 8 0 10}}
417 {4 7 9} {{1 0 0 0 5 6 0 0 0 0} {0 2 3 0 0 0 0 0 0 0} {0 0 0 0 0 0 0 8 0 10}}
418 {4 7 9} {{1 0 0 0 5 6 0 0 0 0} {0 2 3 0 0 0 0 0 0 0} {0 0 0 0 0 0 0 8 0 10}}
419 {4 7 9} {{1 0 0 0 5 6 0 0 0 0} {0 2 3 0 0 0 0 0 0 0} {0 0 0 0 0 0 0 8 0 10}}
420 {4 7 9} {{1 0 0 0 5 6 0 0 0 0} {0 2 3 0 0 0 0 0 0 0} {0 0 0 0 0 0 0 8 0 10}}
421 {4 7 9} {{1 0 0 0 5 6 0 0 0 0} {0 2 3 0 0 0 0 0 0 0} {0 0 0 0 0 0 0 8 0 10}}
422 {4 7 9} {{1 0 0 0 5 6 0 0 0 0} {0 2 3 0 0 0 0 0 0 0} {0 0 0 0 0 0 0 8 0 10}}
423 {4 7 9} {{1 0 0 0 5 6 0 0 0 0} {0 2 3 0 0 0 0 0 0 0} {0 0 0 0 0 0 0 8 0 10}}
424 {4 7 9} {{1 0 0 0 5 6 0 0 0 0} {0 2 3 0 0 0 0 0 0 0} {0 0 0 0 0 0 0 8 0 10}}
425 {4 7 9} {{1 0 0 0 5 6 0 0 0 0} {0 2 3 0 0 0 0 0 0 0} {0 0 0 0 0 0 0 8 0 10}}
426 {4 7 9} {{1 0 0 0 5 6 0 0 0 0} {0 2 3 0 0 0 0 0 0 0} {0 0 0 0 0 0 0 8 0 10}}
427 {4 7 9} {{1 0 0 0 5 6 0 0 0 0} {0 2 3 0 0 0 0 0 0 0} {0 0 0 0 0 0 0 8 0 10}}
428 {4 7 9} {{1 0 0 0 5 6 0 0 0 0} {0 2 3 0 0 0 0 0 0 0} {0 0 0 0 0 0 0 8 0 10}}
429 {4 7 9} {{1 0 0 0 5 6 0 0 0 0} {0 2 3 0 0 0 0 0 0 0} {0 0 0 0 0 0 0 8 0 10}}
430 {4 7 9} {{1 0 0 0 5 6 0 0 0 0} {0 2 3 0 0 0 0 0 0 0} {0 0 0 0 0 0 0 8 0 10}}
431 {4 7 9} {{1 0 0 0 5 6 0 0 0 0} {0 2 3 0 0 0 0 0 0 0} {0 0 0 0 0 0 0 8 0 10}}
432 {4 7 9} {{1 0 0 0 5 6 0 0 0 0} {0 2 3 0 0 0 0 0 0 0} {0 0 0 0 0 0 0 8 0 10}}
433 {4 7 9} {{1 0 0 0 5 6 0 0 0 0} {0 2 3 0 0 0 0 0 0 0} {0 0 0 0 0 0 0 8 0 10}}
434 {4 7 9} {{1 0 0 0 5 6 0 0 0 0} {0 2 3 0 0 0 0 0 0 0} {0 0 0 0 0 0 0 8 0 10}}
435 {4 7 9} {{1 0 0 0 5 6 0 0 0 0} {0 2 3 0 0 0 0 0 0 0} {0 0 0 0 0 0 0 8 0 10}}
436 {4 7 9} {{1 0 0 0 5 6 0 0 0 0} {0 2 3 0 0 0 0 0 0 0} {0 0 0 0 0 0 0 8 0 10}}
437 {4 7 9} {{1 0 0 0 5 6 0 0 0 0} {0 2 3 0 0 0 0 0 0 0} {0 0 0 0 0 0 0 8 0 10}}
438 {4 7 9} {{1 0 0 0 5 6 0 0 0 0} {0 2 3 0 0 0 0 0 0 0} {0 0 0 0 0 0 0 8 0 10}}
439 {4 7 9} {{1 0 0 0 5 6 0 0 0 0} {0 2 3 0 0 0 0 0 0 0} {0 0 0 0 0 0 0 8 0 10}}
440 {4 7 9} {{1 0 0 0 5 6 0 0 0 0} {0 2 3 0 0 0 0 0 0 0} {0 0 0 0 0 0 0 8 0 10}}
441 {4 7 9} {{1 0 0 0 5 6 0 0 0 0} {0 2 3 0 0 0 0 0 0 0} {0 0 0 0 0 0 0 8 0 10}}
442 {4 7 9} {{1 0 0 0 5 6 0 0 0 0} {0 2 3 0 0 0 0 0 0 0} {0 0 0 0 0 0 0 8 0 10}}
443 {4 7 9} {{1 0 0 0 5 6 0 0 0 0} {0 2 3 0 0 0 0 0 0 0} {0 0 0 0 0 0 0 8 0 10}}
444 {4 7 9} {{1 0 0 0 5 6 0 0 0 0} {0 2 3 0 0 0 0 0 0 0} {0 0 0 0 0 0 0 8 0 10}}
445 {4 7 9} {{1 0 0 0 5 6 0 0 0 0} {0 2 3 0 0 0 0 0 0 0} {0 0 0 0 0 0 0 8 0 10}}
446 {4 7 9} {{1 0 0 0 5 6 0 0 0 0} {0 2 3 0 0 0 0 0 0 0} {0 0 0 0 0 0 0 8 0 10}}
447 {4 7 9} {{1 0 0 0 5 6 0 0 0 0} {0 2 3 0 0 0 0 0 0 0} {0 0 0 0 0 0 0 8 0 10}}
448 {4 7 9} {{1 0 0 0 5 6 0 0 0 0} {0 2 3 0 0 0 0 0 0 0} {0 0 0 0 0 0 0 8 0 10}}
449 {4 7 9} {{1 0 0 0 5 6 0 0 0 0} {0 2 3 0 0 0 0 0 0 0} {0 0 0 0 0 0 0 8 0 10}}
450 {4 7 9} {{1 0 0 0 5 6 0 0 0 0} {0 2 3 0 0 0 0 0 0 0} {0 0 0 0 0 0 0 8 0 10}}
451 {4 7 9} {{1 0 0 0 5 6 0 0 0 0} {0 2 3 0 0 0 0 0 0 0} {0 0 0 0 0 0 0 8 0 10}}
452 {4 7 9} {{1 0 0 0 5 6 0 0 0 0} {0 2 3 0 0 0 0 0 0 0} {0 0 0 0 0 0 0 8 0 10}}
453 {4 7 9} {{1 0 0 0 5 6 0 0 0 0} {0 2 3 0 0 0 0 0 0 0} {0 0 0 0 0 0 0 8 0 10}}
454 {4 7 9} {{1 0 0 0 5 6 0 0 0 0} {0 2 3 0 0 0 0 0 0 0} {0 0 0 0 0 0 0 8 0 10}}
455 {4 7 9} {{1 0 0 0 5 6 0 0 0 0} {0 2 3 0 0 0 0 0 0 0} {0 0 0 0 0 0 0 8 0 10}}
456 {4 7 9} {{1 0 0 0 5 6 0 0 0 0} {0 2 3 0 0 0 0 0 0 0} {0 0 0 0 0 0 0 8 0 10}}
457 {4 7 9} {{1 0 0 0 5 6 0 0 0 0} {0 2 3 0 0 0 0 0 0 0} {0 0 0 0 0 0 0 8 0 10}}
458 {4 7 9} {{1 0 0 0 5 6 0 0 0 0} {0 2 3 0 0 0 0 0 0 0} {0 0 0 0 0 0 0 8 0 10}}
459 {4 7 9} {{1 0 0 0 5 6 0 0 0 0} {0 2 3 0 0 0 0 0 0 0} {0 0 0 0 0 0 0 8 0 10}}
460 {4 7 9} {{1 0 0 0 5 6 0 0 0 0} {0 2 3 0 0 0 0 0 0 0} {0 0 0 0 0 0 0 8 0 10}}
461 {4 7 9} {{1 0 0 0 5 6 0 0 0 0} {0 2 3 0 0 0 0 0 0 0} {0 0 0 0 0 0 0 8 0 10}}
462 {4 7 9} {{1 0 0 0 5 6 0 0 0 0} {0 2 3 0 0 0 0 0 0 0} {0 0 0 0 0 0 0 8 0 10}}
463 {4 7 9} {{1 0 0 0 5 6 0 0 0 0} {0 2 3 0 0 0 0 0 0 0} {0 0 0 0 0 0 0 8 0 10}}
464 {4 7 9} {{1 0 0 0 5 6 0 0 0 0} {0 2 3 0 0 0 0 0 0 0} {0 0 0 0 0 0 0 8 0 10}}
465 {4 7 9} {{1 0 0 0 5 6 0 0 0 0} {0 2 3 0 0 0 0 0 0 0} {0 0 0 0 0 0 0 8 0 10}}
466 {4 7 9} {{1 0 0 0 5 6 0 0 0 0} {0 2 3 0 0 0 0 0 0 0} {0 0 0 0 0 0 0 8 0 10}}
467 {4 7 9} {{1 0 0 0 5 6 0 0 0 0} {0 2 3 0 0 0 0 0 0 0} {0 0 0 0 0 0 0 8 0 10}}
468 {4 7 9} {{1 0 0 0 5 6 0 0 0 0} {0 2 3 0 0 0 0 0 0 0} {0 0 0 0 0 0 0 8 0 10}}
469 {4 7 9} {{1 0 0 0 5 6 0 0 0 0} {0 2 3 0 0 0 0 0 0 0} {0 0 0 0 0 0 0 8 0 10}}
470 {4 7 9} {{1 0 0 0 5 6 0 0 0 0} {0 2 3 0 0 0 0 0 0 0} {0 0 0 0 0 0 0 8 0 10}}
471 {4 7 9} {{1 0 0 0 5 6 0 0 0 0} {0 2 3 0 0 0 0 0 0 0} {0 0 0 0 0 0 0 8 0 10}}
472 {4 7 9} {{1 0 0 0 5 6 0 0 0 0} {0 2 3 0 0 0 0 0 0 0} {0 0 0 0 0 0 0 8 0 10}}
473 7 {{1 0 0 0 5 6 0 0 0 0} {0 2 3 0 0 0 0 0 0 0} {0 0 0 4 0 0 0 0 9 0} {0 0 0 0 0 0 0 8 0 10}}
474 7 {{1 0 0 0 5 6 0 0 0 0} {0 2 3 0 0 0 0 0 0 0} {0 0 0 4 0 0 0 0 9 0} {0 0 0 0 0 0 0 8 0 10}}
475 7 {{1 0 0 0 5 6 0 0 0 0} {0 2 3 0 0 0 0 0 0 0} {0 0 0 4 0 0 0 0 9 0} {0 0 0 0 0 0 0 8 0 10}}
476 7 {{1 0 0 0 5 6 0 0 0 0} {0 2 3 0 0 0 0 0 0 0} {0 0 0 4 0 0 0 0 9 0} {0 0 0 0 0 0 0 8 0 10}}
477 7 {{1 0 0 0 5 6 0 0 0 0} {0 2 3 0 0 0 0 0 0 0} {0 0 0 4 0 0 0 0 9 0} {0 0 0 0 0 0 0 8 0 10}}
478 7 {{1 0 0 0 5 6 0 0 0 0} {0 2 3 0 0 0 0 0 0 0} {0 0 0 4 0 0 0 0 9 0} {0 0 0 0 0 0 0 8 0 10}}
479 7 {{1 0 0 0 5 6 0 0 0 0} {0 2 3 0 0 0 0 0 0 0} {0 0 0 4 0 0 0 0 9 0} {0 0 0 0 0 0 0 8 0 10}}
480 7 {{1 0 0 0 5 6 0 0 0 0} {0 2 3 0 0 0 0 0 0 0} {0 0 0 4 0 0 0 0 9 0} {0 0 0 0 0 0 0 8 0 10}}
481 7 {{1 0 0 0 5 6 0 0 0 0} {0 2 3 0 0 0 0 0 0 0} {0 0 0 4 0 0 0 0 9 0} {0 0 0 0 0 0 0 8 0 10}}
482 7 {{1 0 0 0 5 6 0 0 0 0} {0 2 3 0 0 0 0 0 0 0} {0 0 0 4 0 0 0 0 9 0} {0 0 0 0 0 0 0 8 0 10}}
483 7 {{1 0 0 0 5 6 0 0 0 0} {0 2 3 0 0 0 0 0 0 0} {0 0 0 4 0 0 0 0 9 0} {0 0 0 0 0 0 0 8 0 10}}
484 7 {{1 0 0 0 5 6 0 0 0 0} {0 2 3 0 0 0 0 0 0 0} {0 0 0 4 0 0 0 0 9 0} {0 0 0 0 0 0 0 8 0 10}}
485 7 {{1 0 0 0 5 6 0 0 0 0} {0 2 3 0 0 0 0 0 0 0} {0 0 0 4 0 0 0 0 9 0} {0 0 0 0 0 0 0 8 0 10}}
486 7 {{1 0 0 0 5 6 0 0 0 0} {0 2 3 0 0 0 0 0 0 0} {0 0 0 4 0 0 0 0 9 0} {0 0 0 0 0 0 0 8 0 10}}
487 7 {{1 0 0 0 5 6 0 0 0 0} {0 2 3 0 0 0 0 0 0 0} {0 0 0 4 0 0 0 0 9 0} {0 0 0 0 0 0 0 8 0 10}}
488 7 {{1 0 0 0 5 6 0 0 0 0} {0 2 3 0 0 0 0 0 0 0} {0 0 0 4 0 0 0 0 9 0} {0 0 0 0 0 0 0 8 0 10}}
489 7 {{1 0 0 0 5 6 0 0 0 0} {0 2 3 0 0 0 0 0 0 0} {0 0 0 4 0 0 0 0 9 0} {0 0 0 0 0 0 0 8 0 10}}
490 7 {{1 0 0 0 5 6 0 0 0 0} {0 2 3 0 0 0 0 0 0 0} {0 0 0 4 0 0 0 0 9 0} {0 0 0 0 0 0 0 8 0 10}}
491 7 {{1 0 0 0 5 6 0 0 0 0} {0 2 3 0 0 0 0 0 0 0} {0 0 0 4 0 0 0 0 9 0} {0 0 0 0 0 0 0 8 0 10}}
492 7 {{1 0 0 0 5 6 0 0 0 0} {0 2 3 0 0 0 0 0 0 0} {0 0 0 4 0 0 0 0 9 0} {0 0 0 0 0 0 0 8 0 10}}
493 7 {{1 0 0 0 5 6 0 0 0 0} {0 2 3 0 0 0 0 0 0 0} {0 0 0 4 0 0 0 0 9 0} {0 0 0 0 0 0 0 8 0 10}}
494 7 {{1 0 0 0 5 6 0 0 0 0} {0 2 3 0 0 0 0 0 0 0} {0 0 0 4 0 0 0 0 9 0} {0 0 0 0 0 0 0 8 0 10}}
495 7 {{1 0 0 0 5 6 0 0 0 0} {0 2 3 0 0 0 0 0 0 0} {0 0 0 4 0 0 0 0 9 0} {0 0 0 0 0 0 0 8 0 10}}
496 7 {{1 0 0 0 5 6 0 0 0 0} {0 2 3 0 0 0 0 0 0 0} {0 0 0 4 0 0 0 0 9 0} {0 0 0 0 0 0 0 8 0 10}}
497 7 {{1 0 0 0 5 6 0 0 0 0} {0 2 3 0 0 0 0 0 0 0} {0 0 0 4 0 0 0 0 9 0} {0 0 0 0 0 0 0 8 0 10}}
498 7 {{1 0 0 0 5 6 0 0 0 0} {0 2 3 0 0 0 0 0 0 0} {0 0 0 4 0 0 0 0 9 0} {0 0 0 0 0 0 0 8 0 10}}
499 7 {{1 0 0 0 5 6 0 0 0 0} {0 2 3 0 0 0 0 0 0 0} {0 0 0 4 0 0 0 0 9 0} {0 0 0 0 0 0 0 8 0 10}}
500 7 {{1 0 0 0 5 6 0 0 0 0} {0 2 3 0 0 0 0 0 0 0} {0 0 0 4 0 0 0 0 9 0} {0 0 0 0 0 0 0 8 0 10}}
501 7 {{1 0 0 0 5 6 0 0 0 0} {0 2 3 0 0 0 0 0 0 0} {0 0 0 4 0 0 0 0 9 0} {0 0 0 0 0 0 0 8 0 10}}
