0 87.91532897949219
1 86.94922637939453
2 0.0
3 13.525435447692871
4 1.932205080986023
5 0.0
6 22.22035789489746
7 2.8983075618743896
8 11.593230247497559
9 1.932205080986023
10 10.627127647399902
11 11.593230247497559
12 4.830512523651123
13 1.932205080986023
14 1.932205080986023
15 0.0
16 8.69492244720459
17 1.932205080986023
18 23.186460494995117
19 9.661025047302246
20 0.0
21 0.0
22 8.69492244720459
23 0.0
24 28.0169734954834
25 24.152563095092773
26 0.0
27 44.44071578979492
28 90.81363677978516
29 17.38984489440918
30 6.7627177238464355
31 0.0
32 3.864410161972046
33 7.728820323944092
34 47.33902359008789
35 36.71189498901367
36 38.644100189208984
37 0.0
38 12.559332847595215
39 0.0
40 8.69492244720459
41 4.830512523651123
42 56.0339469909668
43 28.983074188232422
44 66.66107177734375
45 5.796615123748779
46 24.152563095092773
47 11.593230247497559
48 24.152563095092773
49 46.372920989990234
50 7.728820323944092
51 1.932205080986023
52 4.830512523651123
53 5.796615123748779
54 3.864410161972046
55 0.0
56 0.9661025404930115
57 4.830512523651123
58 9.661025047302246
59 1.932205080986023
60 40.5763053894043
61 2.8983075618743896
62 0.0
63 1.932205080986023
64 1.932205080986023
65 0.0
66 0.0
67 44.44071578979492
68 0.0
69 70.52548217773438
70 56.0339469909668
71 22.22035789489746
72 21.254255294799805
73 0.0
74 11.593230247497559
75 0.0
76 20.28815269470215
77 21.254255294799805
78 0.0
79 17.38984489440918
80 17.38984489440918
81 24.152563095092773
82 0.0
83 19.322050094604492
84 0.0
85 21.254255294799805
86 13.525435447692871
87 4.830512523651123
88 13.525434494018555
89 28.0169734954834
90 11.593230247497559
91 0.9661025404930115
92 2.8983075618743896
93 11.593230247497559
94 7.728820323944092
95 0.9661025404930115
96 7.728820323944092
97 20.28815269470215
98 14.491538047790527
99 40.5763053894043
100 6.7627177238464355
101 1.932205080986023
102 20.28815269470215
103 18.355947494506836
104 0.0
105 0.0
106 18.355947494506836
107 38.644100189208984
108 3.864410161972046
109 9.661025047302246
110 0.9661025404930115
111 2.8983075618743896
112 0.0
113 0.0
114 42.50851058959961
115 8.69492244720459
116 0.0
117 0.0
118 1.932205080986023
119 0.0
120 6.7627177238464355
121 0.0
122 4.830512523651123
123 0.0
124 0.0
125 11.593230247497559
126 19.322050094604492
127 0.0
128 4.830512523651123
129 0.0
130 0.0
131 1.932205080986023
132 2.8983075618743896
133 11.593230247497559
134 0.0
135 2.8983075618743896
136 12.559332847595215
137 7.728819847106934
138 1.932205080986023
139 53.13563919067383
140 17.38984489440918
141 0.0
142 0.0
143 0.0
144 0.0
145 0.9661025404930115
146 21.254255294799805
147 13.525435447692871
148 29.94917869567871
149 15.457640647888184
150 0.0
151 7.728819847106934
152 0.0
153 8.69492244720459
154 12.559332847595215
155 18.355947494506836
156 9.661025047302246
157 0.0
158 14.491538047790527
159 0.0
160 3.864410161972046
161 35.745792388916016
162 28.983076095581055
163 31.881383895874023
164 0.0
165 3.864410161972046
166 0.9661025404930115
167 46.372920989990234
168 0.9661025404930115
169 14.491538047790527
170 0.0
171 9.661025047302246
172 0.0
173 6.7627177238464355
174 0.0
175 1.932205080986023
176 19.322050094604492
177 0.0
178 28.0169734954834
179 7.728820323944092
180 13.525435447692871
181 9.661025047302246
182 35.745792388916016
183 0.0
184 0.0
185 0.0
186 21.254255294799805
187 0.0
188 0.9661025404930115
189 0.0
190 0.0
191 0.0
192 3.864410161972046
193 0.0
194 0.0
195 20.28815269470215
196 27.05086898803711
197 0.0
198 0.9661025404930115
199 5.796615123748779
200 0.0
201 8.69492244720459
202 3.864410161972046
203 32.84748458862305
204 0.9661025404930115
205 2.8983075618743896
206 63.76276397705078
207 1.932205080986023
208 0.0
209 0.0
210 3.864410161972046
211 0.0
212 0.0
213 0.9661025404930115
214 21.254255294799805
215 0.0
216 0.0
217 11.593230247497559
218 1.932205080986023
219 2.8983075618743896
220 2.8983075618743896
221 13.525435447692871
222 0.0
223 0.0
224 0.0
225 0.0
226 6.7627177238464355
227 0.0
228 5.796615123748779
229 0.0
230 0.0
231 4.830512523651123
232 19.322050094604492
233 0.0
234 0.0
235 8.69492244720459
236 53.13563919067383
237 3.864410161972046
238 2.8983075618743896
239 6.7627177238464355
240 1.932205080986023
241 8.69492244720459
242 1.932205080986023
243 37.67799758911133
244 13.525435447692871
245 0.0
246 0.0
247 4.830512523651123
248 0.9661025404930115
249 18.355947494506836
250 2.8983075618743896
251 2.8983075618743896
252 1.932205080986023
253 7.728820323944092
254 2.8983075618743896
255 18.355947494506836
256 61.83055877685547
257 40.5763053894043
258 0.9661025404930115
259 13.525435447692871
260 0.9661025404930115
261 22.22035789489746
262 7.728820323944092
263 24.152563095092773
264 28.0169734954834
265 4.830512523651123
266 10.627127647399902
267 26.084768295288086
268 21.254255294799805
269 37.67799758911133
270 67.6271743774414
271 90.81363677978516
272 24.152563095092773
273 48.30512619018555
274 33.8135871887207
275 1.932205080986023
276 2.8983075618743896
277 0.0
278 15.457640647888184
279 34.77968978881836
280 2.8983075618743896
281 0.9661025404930115
282 15.457640647888184
283 0.0
284 0.9661025404930115
285 0.0
286 0.9661025404930115
287 0.0
288 0.0
289 12.559332847595215
290 8.69492244720459
291 9.661025047302246
292 4.830512523651123
293 4.830512523651123
294 0.0
295 0.0
296 0.9661025404930115
297 0.0
298 21.254255294799805
299 24.152563095092773
300 6.7627177238464355
301 0.0
302 25.11866569519043
303 0.0
304 1.932205080986023
305 0.0
306 34.77968978881836
307 0.0
308 0.0
309 0.0
310 0.9661025404930115
311 8.69492244720459
312 8.69492244720459
313 0.0
314 12.559332847595215
315 0.0
316 0.0
317 0.0
318 11.593230247497559
319 13.525435447692871
320 26.084768295288086
321 12.559332847595215
322 15.457639694213867
323 0.0
324 0.0
325 17.38984489440918
326 1.932205080986023
327 6.7627177238464355
328 0.0
329 0.0
330 0.0
331 0.0
332 0.0
333 0.0
334 1.932205080986023
335 0.0
336 0.9661025404930115
337 0.0
338 0.9661025404930115
339 16.423742294311523
340 17.38984489440918
341 4.830512523651123
342 0.0
343 25.11866569519043
344 10.627127647399902
345 0.0
346 91.77973175048828
347 0.0
348 0.0
349 16.423742294311523
350 0.9661025404930115
351 12.559332847595215
352 33.8135871887207
353 3.864410161972046
354 0.0
355 0.0
356 3.864410161972046
357 0.9661025404930115
358 0.0
359 10.627127647399902
360 0.0
361 0.9661025404930115
362 0.0
363 22.22035789489746
364 17.38984489440918
365 21.254255294799805
366 11.593230247497559
367 6.7627177238464355
368 12.559332847595215
369 8.69492244720459
370 32.84748458862305
371 12.559332847595215
372 42.50851058959961
373 2.8983075618743896
374 0.0
375 0.0
376 0.0
377 28.0169734954834
378 17.38984489440918
379 31.88138198852539
380 20.28815269470215
381 48.30512619018555
382 32.84748458862305
383 0.0
384 62.79666519165039
385 14.491537094116211
386 0.0
387 5.796615123748779
388 2.8983075618743896
389 0.0
390 16.423742294311523
391 50.23733139038086
392 0.0
393 0.0
394 0.0
395 11.593230247497559
396 16.423742294311523
397 17.38984489440918
398 16.423742294311523
399 0.9661025404930115
400 0.0
401 2.8983075618743896
402 0.0
403 14.491537094116211
404 38.644100189208984
405 22.22035789489746
406 17.38984489440918
407 5.796615123748779
408 3.864410161972046
409 33.8135871887207
410 15.457640647888184
411 0.9661025404930115
412 35.745792388916016
413 4.830512523651123
414 48.30512619018555
415 4.830512523651123
416 20.28815269470215
417 7.728820323944092
418 0.0
419 0.0
420 1.932205080986023
421 0.0
422 1.932205080986023
423 21.254255294799805
424 46.372920989990234
425 26.084768295288086
426 0.0
427 0.9661025404930115
428 0.0
429 0.0
430 0.0
431 0.0
432 3.864410161972046
433 0.0
434 0.0
435 0.0
436 0.9661025404930115
437 0.0
438 0.0
439 0.0
440 2.8983075618743896
441 0.9661025404930115
442 6.7627177238464355
443 2.8983075618743896
444 9.661025047302246
445 4.830512523651123
446 10.627127647399902
447 26.084768295288086
448 33.8135871887207
449 0.0
450 50.23733139038086
451 9.661025047302246
452 2.8983075618743896
453 1.932205080986023
454 6.7627177238464355
455 0.0
456 0.9661025404930115
457 0.0
458 35.745792388916016
459 25.11866569519043
460 21.254255294799805
461 20.28815269470215
462 17.38984489440918
463 24.152563095092773
464 25.118663787841797
465 9.661025047302246
466 0.0
467 10.627127647399902
468 0.0
469 9.661025047302246
470 11.593230247497559
471 12.559332847595215
472 0.0
473 20.28815269470215
474 30.915281295776367
475 1.932205080986023
476 13.525435447692871
477 47.33902359008789
478 19.322050094604492
479 17.38984489440918
480 30.915281295776367
481 8.69492244720459
482 4.830512523651123
483 0.9661025404930115
484 0.0
485 13.525435447692871
486 14.491538047790527
487 0.0
488 0.0
489 0.9661025404930115
490 0.0
491 0.0
492 1.932205080986023
493 11.593230247497559
494 0.0
495 0.0
496 0.0
497 0.0
498 2.8983075618743896
499 11.593230247497559
500 0.0
501 0.0
502 0.0
503 8.69492244720459
504 26.084766387939453
505 0.0
506 0.0
507 0.0
508 0.9661025404930115
509 1.932205080986023
510 23.186460494995117
511 42.50851058959961
512 2.8983075618743896
513 3.864410161972046
514 0.0
515 0.0
516 0.0
517 0.0
518 8.69492244720459
519 2.8983075618743896
520 13.525434494018555
521 26.084768295288086
522 65.6949691772461
523 71.49158477783203
524 16.423742294311523
525 34.77968978881836
526 5.796615123748779
527 0.0
528 40.5763053894043
529 0.0
530 18.355947494506836
531 0.0
532 0.0
533 0.0
534 0.0
535 0.0
536 2.8983075618743896
537 0.0
538 0.0
539 0.0
540 1.932205080986023
541 25.11866569519043
542 15.457640647888184
543 0.0
544 0.9661025404930115
545 2.8983075618743896
546 5.796615123748779
547 9.661025047302246
548 4.830512523651123
549 20.28815269470215
550 22.22035789489746
551 33.8135871887207
552 9.661025047302246
553 103.37297058105469
554 80.18650817871094
555 30.915279388427734
556 29.94917869567871
557 4.830512523651123
558 0.9661025404930115
559 6.7627177238464355
560 0.0
561 0.0
562 4.830512523651123
563 0.0
564 0.0
565 0.0
566 0.0
567 0.0
568 0.0
569 1.932205080986023
570 0.0
571 0.0
572 0.0
573 0.0
574 2.8983075618743896
575 3.864410161972046
576 0.9661025404930115
577 2.8983075618743896
578 24.152563095092773
579 0.0
580 5.796615123748779
581 0.0
582 9.661025047302246
583 1.932205080986023
584 7.728820323944092
585 0.0
586 5.796615123748779
587 0.0
588 45.40681838989258
589 42.50851058959961
590 23.186460494995117
591 10.627127647399902
592 73.42378997802734
593 5.796615123748779
594 8.69492244720459
595 1.932205080986023
596 13.525435447692871
597 0.0
598 0.0
599 0.9661025404930115
600 29.94917869567871
601 0.0
602 8.69492244720459
603 14.491538047790527
604 0.0
605 0.0
606 11.593230247497559
607 0.0
608 21.254255294799805
609 0.0
610 33.8135871887207
611 0.0
612 1.932205080986023
613 0.0
614 0.0
615 13.525435447692871
616 1.932205080986023
617 9.661025047302246
618 0.0
619 39.61020278930664
620 9.661025047302246
621 24.152563095092773
622 25.11866569519043
623 31.881383895874023
624 8.69492244720459
625 75.35599517822266
626 5.796615123748779
627 0.0
628 0.0
629 37.67799758911133
630 42.50851058959961
631 0.9661025404930115
632 43.474613189697266
633 30.915279388427734
634 34.77968978881836
635 36.71189498901367
636 5.796615123748779
637 0.9661025404930115
638 0.0
639 0.9661025404930115
640 0.0
641 26.084768295288086
642 32.84748458862305
643 0.0
644 0.0
645 72.45768737792969
646 35.745792388916016
647 12.559332847595215
648 12.559332847595215
649 40.5763053894043
650 26.084768295288086
651 4.830512523651123
652 5.796615123748779
653 4.830512523651123
654 4.830512523651123
655 0.0
656 6.7627177238464355
657 19.322050094604492
658 7.728820323944092
659 14.491538047790527
660 28.0169734954834
661 28.983076095581055
662 7.728819847106934
663 11.593230247497559
664 36.71189498901367
665 0.0
666 0.9661025404930115
667 0.0
668 0.0
669 3.864410161972046
670 20.28815269470215
671 0.0
672 0.0
673 0.9661025404930115
674 11.593230247497559
675 3.864410161972046
676 16.423742294311523
677 0.0
678 0.0
679 3.864410161972046
680 9.661025047302246
681 9.661025047302246
682 0.0
683 8.69492244720459
684 0.0
685 0.0
686 21.254255294799805
687 6.7627177238464355
688 0.0
689 1.932205080986023
690 7.728820323944092
691 1.932205080986023
692 14.491538047790527
693 0.0
694 2.8983075618743896
695 0.9661025404930115
696 46.372920989990234
697 8.69492244720459
698 0.0
699 28.016971588134766
700 12.559332847595215
701 0.9661025404930115
702 0.0
703 0.0
704 2.8983075618743896
705 0.9661025404930115
706 0.0
707 1.932205080986023
708 4.830512523651123
709 31.88138198852539
710 46.37291717529297
711 0.0
712 0.0
713 2.8983075618743896
714 7.728820323944092
715 3.864410161972046
716 15.457640647888184
717 19.322050094604492
718 0.0
719 0.0
720 2.8983075618743896
721 0.0
722 0.0
723 7.728820323944092
724 6.7627177238464355
725 0.0
726 1.932205080986023
727 0.0
728 0.0
729 0.0
730 0.0
731 0.0
732 0.0
733 23.186460494995117
734 1.932205080986023
735 52.16953659057617
736 0.0
737 39.61020278930664
738 0.0
739 42.508506774902344
740 38.644100189208984
741 7.728819847106934
742 0.0
743 34.77968978881836
744 24.152563095092773
745 0.9661025404930115
746 13.525435447692871
747 22.22035789489746
748 45.40681838989258
749 0.0
750 11.593230247497559
751 37.67799758911133
752 11.593230247497559
753 3.864410161972046
754 28.983074188232422
755 0.9661025404930115
756 0.0
757 0.0
758 22.22035789489746
759 3.864410161972046
760 0.9661025404930115
761 6.7627177238464355
762 0.0
763 0.9661025404930115
764 48.30512619018555
765 4.830512523651123
766 0.0
767 13.525435447692871
768 0.0
769 4.830512523651123
770 9.661025047302246
771 35.745792388916016
772 0.9661025404930115
773 11.593230247497559
774 33.8135871887207
775 0.0
776 14.491538047790527
777 3.864410161972046
778 11.593230247497559
779 0.0
780 0.9661025404930115
781 5.796615123748779
782 39.61020278930664
783 2.8983075618743896
784 5.796615123748779
785 3.864410161972046
786 9.661025047302246
787 4.830512523651123
788 27.050870895385742
789 31.88138198852539
790 9.661025047302246
791 4.830512523651123
792 1.932205080986023
793 0.0
794 0.0
795 14.491538047790527
796 0.0
797 17.38984489440918
798 9.661025047302246
799 4.830512523651123
800 11.593230247497559
801 23.186460494995117
802 4.830512523651123
803 12.559332847595215
804 0.9661025404930115
805 17.38984489440918
806 37.67799758911133
807 40.5763053894043
808 7.728820323944092
809 1.932205080986023
810 25.11866569519043
811 0.0
812 7.728820323944092
813 6.7627177238464355
814 12.559332847595215
815 13.525434494018555
816 2.8983075618743896
817 11.593230247497559
818 0.0
819 0.0
820 3.864410161972046
821 13.525435447692871
822 14.491538047790527
823 0.0
824 1.932205080986023
825 21.254255294799805
826 15.457639694213867
827 0.0
828 0.0
829 0.0
830 7.728820323944092
831 6.7627177238464355
832 0.0
833 34.77968978881836
834 12.559332847595215
835 35.745792388916016
836 12.559332847595215
837 7.728820323944092
838 17.38984489440918
839 0.0
840 0.0
841 2.8983075618743896
842 5.796615123748779
843 16.423742294311523
844 7.728820323944092
845 0.0
846 28.0169734954834
847 0.0
848 18.355947494506836
849 39.61020278930664
850 0.0
851 0.0
852 3.864410161972046
853 7.728820323944092
854 0.9661025404930115
855 23.186460494995117
856 0.0
857 12.559332847595215
858 0.0
859 25.11866569519043
860 21.254255294799805
861 14.491538047790527
862 0.0
863 0.0
864 0.9661025404930115
865 12.559332847595215
866 6.7627177238464355
867 0.0
868 2.8983075618743896
869 29.94917869567871
870 15.457640647888184
871 0.0
872 19.322050094604492
873 0.0
874 0.9661025404930115
875 1.932205080986023
876 0.0
877 0.0
878 13.525435447692871
879 0.0
880 15.457640647888184
881 16.423742294311523
882 44.44071578979492
883 42.50851058959961
884 29.94917869567871
885 22.22035789489746
886 23.186460494995117
887 40.5763053894043
888 0.9661025404930115
889 0.0
890 0.0
891 3.864410161972046
892 0.0
893 0.0
894 1.932205080986023
895 28.0169734954834
896 0.0
897 10.627127647399902
898 6.7627177238464355
899 31.881383895874023
900 0.0
901 0.0
902 27.050870895385742
903 10.627127647399902
904 36.71189498901367
905 28.0169734954834
906 7.728820323944092
907 19.322050094604492
908 0.0
909 12.559332847595215
910 3.864410161972046
911 0.0
912 0.0
913 4.830512523651123
914 11.593230247497559
915 8.69492244720459
916 0.0
917 7.728820323944092
918 0.0
919 0.0
920 0.0
921 0.0
922 28.0169734954834
923 4.830512523651123
924 0.0
925 16.423742294311523
926 1.932205080986023
927 28.0169734954834
928 13.525435447692871
929 0.0
930 3.864410161972046
931 5.796615123748779
932 0.9661025404930115
933 24.152563095092773
934 16.423742294311523
935 0.0
936 6.7627177238464355
937 52.169532775878906
938 17.38984489440918
939 7.728820323944092
940 0.0
941 0.0
942 6.7627177238464355
943 14.491538047790527
944 12.559332847595215
945 4.830512523651123
946 10.627127647399902
947 3.864410161972046
948 3.864410161972046
949 25.11866569519043
950 3.864410161972046
951 9.661025047302246
952 8.69492244720459
953 3.864410161972046
954 0.0
955 5.796615123748779
956 0.0
957 32.84748458862305
958 0.0
959 39.61020278930664
960 0.0
961 25.11866569519043
962 0.0
963 0.0
964 0.0
965 13.525435447692871
966 4.830512523651123
967 38.644100189208984
968 22.22035789489746
969 2.8983075618743896
970 0.0
971 0.0
972 5.796615123748779
973 6.7627177238464355
974 7.728820323944092
975 3.864410161972046
976 23.186460494995117
977 7.728820323944092
978 47.33902359008789
979 67.6271743774414
980 30.915281295776367
981 40.5763053894043
982 8.69492244720459
983 2.8983075618743896
984 0.9661025404930115
985 1.932205080986023
986 28.0169734954834
987 4.830512523651123
988 0.0
989 0.0
990 3.864410161972046
991 28.983074188232422
992 12.559332847595215
993 5.796615123748779
994 0.0
995 0.0
996 4.830512523651123
997 9.661025047302246
998 1.932205080986023
999 0.0
1000 0.0
1001 0.0
1002 0.0
