# Selection 1:name C1A D2A C3A C4A C1B C2B C3B C4B Selection 2:name AUC AUSL AUL Cutoff:8 Start:0 End:-1
0 0
1 0
2 26
3 19
4 26
5 21
6 28
7 24
8 25
9 29
10 21
11 28
12 22
13 20
14 25
15 29
16 35
17 25
18 29
19 29
20 32
21 24
22 30
23 30
24 30
25 30
26 33
27 28
28 30
29 22
30 36
31 31
32 22
33 31
34 24
35 27
36 17
37 24
38 35
39 25
40 34
41 37
42 28
43 28
44 29
45 30
46 34
47 26
48 29
49 30
50 32
51 29
52 33
53 23
54 30
55 33
56 28
57 26
58 31
59 22
60 28
61 29
62 34
63 33
64 32
65 26
66 27
67 28
68 24
69 21
70 22
71 30
72 32
73 28
74 34
75 26
76 26
77 35
78 24
79 27
80 34
81 24
82 33
83 31
84 27
85 32
86 32
87 25
88 25
89 27
90 31
91 32
92 24
93 22
94 34
95 27
96 24
97 21
98 36
99 31
100 25
101 33
102 32
103 30
104 31
105 29
106 32
107 33
108 25
109 25
110 36
111 30
112 26
113 27
114 32
115 27
116 20
117 25
118 29
119 34
120 32
121 35
122 30
123 32
124 31
125 30
126 21
127 30
128 23
129 32
130 36
131 34
132 28
133 26
134 32
135 35
136 26
137 41
138 30
139 33
140 21
141 29
142 24
143 22
144 26
145 30
146 36
147 34
148 24
149 36
150 37
151 25
152 28
153 28
154 31
155 35
156 28
157 30
158 25
159 22
160 29
161 31
162 33
163 34
164 29
165 18
166 28
167 36
168 33
169 26
170 27
171 31
172 27
173 29
174 27
175 24
176 33
177 33
178 19
179 24
180 34
181 21
182 23
183 26
184 36
185 31
186 36
187 27
188 23
189 21
190 36
191 26
192 30
193 29
194 26
195 37
196 34
197 35
198 38
199 28
200 15
201 34
202 22
203 30
204 32
205 24
206 32
207 34
208 25
209 27
210 32
211 24
212 33
213 34
214 26
215 24
216 19
217 23
218 35
219 33
220 30
221 32
222 33
223 27
224 30
225 34
226 36
227 26
228 33
229 28
230 27
231 22
232 23
233 21
234 31
235 29
236 28
237 27
238 32
239 25
240 33
241 42
242 32
243 25
244 33
245 28
246 21
247 28
248 28
249 25
250 38
251 33
252 36
253 33
254 34
255 25
256 21
257 35
258 26
259 31
260 30
261 29
262 23
263 27
264 31
265 28
266 33
267 23
268 20
269 23
270 26
271 22
272 27
273 37
274 25
275 31
276 30
277 34
278 31
279 29
280 25
281 23
282 35
283 26
284 25
285 22
286 27
287 24
288 30
289 32
290 35
291 30
292 36
293 33
294 28
295 28
296 33
297 29
298 31
299 33
300 32
301 25
302 26
303 27
304 27
305 25
306 32
307 28
308 23
309 35
310 34
311 25
312 28
313 33
314 30
315 22
316 24
317 29
318 31
319 35
320 26
321 32
322 20
323 25
324 32
325 27
326 24
327 28
328 34
329 20
330 29
331 31
332 24
333 23
334 32
335 27
336 26
337 27
338 32
339 25
340 34
341 32
342 28
343 29
344 28
345 29
346 25
347 29
348 35
349 33
350 28
351 32
352 32
353 27
354 28
355 33
356 23
357 31
358 24
359 31
360 28
361 27
362 39
363 31
364 33
365 27
366 20
367 27
368 25
369 28
370 26
371 22
372 27
373 32
374 34
375 31
376 31
377 27
378 30
379 33
380 32
381 18
382 32
383 29
384 38
385 26
386 32
387 28
388 18
389 31
390 30
391 25
392 23
393 37
394 30
395 39
396 24
397 26
398 24
399 22
400 33
401 29
402 34
403 33
404 24
405 29
406 26
407 34
408 29
409 29
410 34
411 31
412 28
413 29
414 30
415 28
416 25
417 29
418 28
419 33
420 31
421 34
422 34
423 32
424 27
425 29
426 23
427 34
428 45
429 31
430 31
431 27
432 37
433 25
434 27
435 35
436 28
437 23
438 30
439 33
440 35
441 31
442 31
443 27
444 26
445 30
446 28
447 37
448 29
449 30
450 27
451 29
452 36
453 27
454 32
455 22
456 28
457 29
458 27
459 31
460 32
461 24
462 21
463 25
464 33
465 27
466 22
467 31
468 30
469 24
470 27
471 34
472 29
473 30
474 24
475 28
476 27
477 22
478 38
479 36
480 26
481 33
482 32
483 24
484 25
485 32
486 30
487 15
488 26
489 36
490 28
491 30
492 23
493 23
494 28
495 30
496 31
497 26
498 25
499 26
500 32
501 19
502 31
503 28
504 30
505 32
506 26
507 27
508 30
509 30
510 33
511 34
512 31
513 35
514 26
515 34
516 27
517 36
518 26
519 26
520 24
521 30
522 28
523 23
524 26
525 29
526 29
527 31
528 30
529 33
530 36
531 30
532 32
533 27
534 22
535 28
536 24
537 32
538 32
539 29
540 21
541 26
542 32
543 27
544 27
545 27
546 22
547 30
548 23
549 28
550 25
551 24
552 26
553 22
554 29
555 24
556 33
557 23
558 21
559 29
560 31
561 27
562 30
563 32
564 20
565 23
566 19
567 28
568 29
569 29
570 28
571 29
572 35
573 38
574 31
575 34
576 27
577 32
578 29
579 26
580 30
581 26
582 26
583 24
584 27
585 27
586 23
587 25
588 25
589 26
590 32
591 27
592 18
593 27
594 22
595 31
596 24
597 29
598 31
599 25
600 29
601 28
602 22
603 19
604 28
605 28
606 26
607 25
608 28
609 27
610 28
611 34
612 28
613 30
614 32
615 22
616 32
617 22
618 28
619 30
620 28
621 23
622 25
623 17
624 22
625 25
626 18
627 23
628 22
629 26
630 26
631 29
632 26
633 22
634 23
635 20
636 22
637 28
638 30
639 19
640 30
641 25
642 34
643 31
644 24
645 27
646 25
647 28
648 33
649 29
650 36
651 33
652 24
653 25
654 22
655 32
656 27
657 30
658 21
659 20
660 29
661 24
662 27
663 31
664 32
665 30
666 38
667 20
668 33
669 28
670 24
671 31
672 33
673 39
674 29
675 24
676 26
677 34
678 26
679 28
680 31
681 33
682 30
683 18
684 30
685 28
686 33
687 28
688 27
689 30
690 34
691 29
692 36
693 35
694 27
695 22
696 23
697 25
698 31
699 25
700 18
701 28
702 30
703 21
704 27
705 25
706 35
707 24
708 25
709 22
710 33
711 25
712 30
713 30
714 29
715 23
716 31
717 33
718 25
719 25
720 20
721 19
722 36
723 34
724 32
725 34
726 27
727 32
728 24
729 24
730 32
731 28
732 28
733 30
734 30
735 30
736 32
737 24
738 31
739 34
740 31
741 27
742 30
743 36
744 32
745 27
746 29
747 34
748 28
749 32
750 32
751 23
752 28
753 29
754 33
755 32
756 33
757 26
758 30
759 30
760 36
761 25
762 22
763 27
764 27
765 24
766 30
767 35
768 25
769 24
770 25
771 30
772 35
773 30
774 33
775 36
776 39
777 33
778 33
779 28
780 25
781 27
782 26
783 24
784 34
785 30
786 31
787 38
788 30
789 27
790 39
791 24
792 27
793 34
794 34
795 30
796 26
797 29
798 26
799 29
800 26
801 27
802 26
803 26
804 34
805 27
806 34
807 28
808 19
809 33
810 28
811 29
812 35
813 26
814 29
815 23
816 27
817 33
818 29
819 30
820 24
821 30
822 31
823 26
824 33
825 32
826 32
827 26
828 27
829 29
830 35
831 28
832 21
833 30
834 31
835 22
836 27
837 30
838 28
839 28
840 23
841 34
842 22
843 28
844 25
845 29
846 25
847 31
848 30
849 33
850 31
851 23
852 26
853 31
854 31
855 28
856 25
857 27
858 25
859 32
860 36
861 35
862 32
863 33
864 17
865 32
866 40
867 26
868 24
869 29
870 21
871 28
872 22
873 31
874 27
875 25
876 23
877 24
878 28
879 32
880 35
881 30
882 21
883 40
884 32
885 24
886 27
887 32
888 25
889 23
890 22
891 30
892 28
893 26
894 25
895 20
896 42
897 34
898 31
899 27
900 29
901 29
902 31
903 25
904 18
905 25
906 30
907 26
908 39
909 24
910 31
911 29
912 28
913 27
914 24
915 26
916 31
917 27
918 35
919 25
920 32
921 33
922 25
923 36
924 44
925 31
926 32
927 19
928 25
929 20
930 33
931 27
932 33
933 33
934 30
935 33
936 24
937 35
938 31
939 29
940 33
941 26
942 33
943 23
944 32
945 35
946 31
947 25
948 26
949 26
950 33
951 33
952 28
953 27
954 26
955 24
956 31
957 29
958 27
959 31
960 25
961 21
962 25
963 26
964 30
965 25
966 24
967 22
968 24
969 25
970 26
971 21
972 25
973 20
974 28
975 27
976 28
977 28
978 29
979 24
980 31
981 29
982 28
983 31
984 32
985 28
986 34
987 26
988 26
989 36
990 37
991 32
992 16
993 34
994 38
995 28
996 34
997 28
998 28
999 25
1000 24
1001 33
1002 33
