# Selection:resname AU POPC Restricted:name AUC AUL AUSL Radius:2.64 Start:0 End:-1
0 293.78192138671875
1 295.07421875
2 0.43076521158218384
3 0.0
4 0.0
5 0.0
6 0.0
7 0.0
8 1.2922956943511963
9 0.0
10 1.7230608463287354
11 3.4461216926574707
12 0.8615304231643677
13 0.0
14 0.0
15 0.0
16 0.0
17 10.338364601135254
18 1.7230608463287354
19 0.8615304231643677
20 0.0
21 0.0
22 1.2922956943511963
23 0.8615304231643677
24 0.0
25 0.0
26 0.0
27 0.0
28 2.1538262367248535
29 1.7230608463287354
30 1.7230608463287354
31 0.0
32 1.7230608463287354
33 1.7230608463287354
34 3.0153565406799316
35 0.0
36 0.0
37 3.8768868446350098
38 1.2922956943511963
39 0.0
40 0.0
41 0.0
42 0.0
43 0.0
44 0.8615304231643677
45 0.0
46 0.0
47 0.8615304231643677
48 1.2922956943511963
49 0.8615304231643677
50 0.0
51 0.0
52 1.2922956943511963
53 0.0
54 3.4461216926574707
55 0.0
56 0.43076521158218384
57 0.0
58 1.2922956943511963
59 0.43076521158218384
60 0.8615304231643677
61 1.7230608463287354
62 0.0
63 2.5845913887023926
64 0.8615304231643677
65 0.0
66 0.0
67 0.0
68 1.2922956943511963
69 0.0
70 0.43076521158218384
71 2.5845913887023926
72 0.0
73 0.0
74 4.307651996612549
75 0.0
76 3.8768868446350098
77 0.0
78 0.0
79 0.0
80 0.8615304231643677
81 0.0
82 0.0
83 0.43076521158218384
84 0.0
85 0.0
86 0.0
87 0.8615304231643677
88 0.0
89 0.0
90 0.0
91 1.2922956943511963
92 0.0
93 0.0
94 0.0
95 0.0
96 0.0
97 0.43076521158218384
98 0.8615304231643677
99 3.8768868446350098
100 0.0
101 0.0
102 0.0
103 0.0
104 0.43076521158218384
105 0.0
106 0.0
107 0.0
108 0.43076521158218384
109 6.030713081359863
110 0.8615304231643677
111 0.0
112 0.0
113 0.0
114 0.0
115 0.0
116 0.0
117 0.0
118 0.8615304231643677
119 0.0
120 0.0
121 1.7230608463287354
122 0.0
123 0.0
124 0.0
125 1.2922956943511963
126 0.0
127 0.0
128 0.8615304231643677
129 0.43076521158218384
130 0.0
131 0.43076521158218384
132 0.0
133 2.5845911502838135
134 0.0
135 1.2922956943511963
136 0.43076521158218384
137 0.0
138 6.461478233337402
139 1.7230608463287354
140 1.7230608463287354
141 0.0
142 1.7230608463287354
143 0.0
144 0.0
145 1.2922956943511963
146 0.0
147 0.43076521158218384
148 0.0
149 0.0
150 0.8615304231643677
151 0.0
152 0.43076521158218384
153 0.43076521158218384
154 0.0
155 1.7230608463287354
156 0.0
157 0.0
158 1.2922956943511963
159 5.169182777404785
160 0.0
161 3.4461216926574707
162 0.0
163 0.43076521158218384
164 2.1538259983062744
165 3.0153565406799316
166 0.8615304231643677
167 0.0
168 0.8615304231643677
169 0.8615304231643677
170 2.1538259983062744
171 0.0
172 0.0
173 0.0
174 0.43076521158218384
175 0.0
176 0.0
177 0.0
178 0.0
179 1.2922956943511963
180 0.0
181 0.0
182 0.0
183 0.0
184 0.0
185 1.2922956943511963
186 0.0
187 1.2922956943511963
188 0.0
189 0.0
190 0.0
191 0.0
192 3.8768868446350098
193 0.0
194 4.307651996612549
195 0.0
196 0.43076521158218384
197 1.7230608463287354
198 0.8615304231643677
199 0.0
200 1.7230608463287354
201 0.0
202 0.0
203 0.0
204 0.0
205 0.8615304231643677
206 2.5845913887023926
207 0.0
208 1.2922956943511963
209 0.0
210 0.0
211 1.7230608463287354
212 1.7230608463287354
213 0.8615304231643677
214 0.43076521158218384
215 0.43076521158218384
216 0.8615304231643677
217 0.0
218 0.43076521158218384
219 0.0
220 0.43076521158218384
221 0.0
222 0.0
223 0.0
224 0.0
225 0.8615304231643677
226 4.738417625427246
227 0.0
228 0.0
229 0.43076521158218384
230 0.0
231 0.0
232 7.7537736892700195
233 1.2922956943511963
234 18.95366859436035
235 0.0
236 4.738417625427246
237 0.0
238 3.0153565406799316
239 0.0
240 0.0
241 0.8615304231643677
242 0.43076521158218384
243 0.0
244 0.0
245 0.0
246 0.0
247 0.0
248 0.0
249 0.0
250 0.0
251 1.2922956943511963
252 0.0
253 0.0
254 10.33836555480957
255 0.0
256 0.43076521158218384
257 0.43076521158218384
258 0.0
259 3.4461216926574707
260 0.0
261 0.0
262 0.0
263 0.0
264 6.892243385314941
265 0.43076521158218384
266 1.7230608463287354
267 0.0
268 0.0
269 0.0
270 0.0
271 0.0
272 0.0
273 0.0
274 0.0
275 0.0
276 2.1538259983062744
277 0.0
278 1.2922956943511963
279 4.738417625427246
280 0.0
281 0.0
282 0.0
283 0.0
284 0.0
285 0.8615304231643677
286 0.0
287 0.0
288 1.7230608463287354
289 0.43076521158218384
290 0.8615304231643677
291 0.0
292 0.43076521158218384
293 0.0
294 3.4461216926574707
295 0.43076521158218384
296 3.0153565406799316
297 0.8615304231643677
298 0.0
299 0.0
300 0.0
301 0.0
302 0.8615304231643677
303 0.0
304 5.599947929382324
305 0.43076521158218384
306 0.0
307 0.0
308 0.0
309 0.0
310 0.0
311 0.8615304231643677
312 0.43076521158218384
313 0.0
314 0.0
315 0.0
316 2.1538259983062744
317 0.0
318 0.0
319 0.0
320 0.0
321 0.0
322 0.0
323 0.0
324 6.461478233337402
325 0.0
326 0.43076521158218384
327 0.0
328 0.0
329 0.0
330 0.0
331 0.0
332 0.0
333 0.0
334 0.0
335 0.0
336 6.030713081359863
337 0.43076521158218384
338 0.0
339 0.0
340 3.0153565406799316
341 2.5845913887023926
342 0.0
343 0.8615304231643677
344 0.43076521158218384
345 0.0
346 0.0
347 0.0
348 0.43076521158218384
349 0.8615304231643677
350 0.0
351 0.0
352 0.0
353 0.0
354 0.0
355 0.0
356 0.0
357 0.0
358 0.0
359 0.43076521158218384
360 1.7230608463287354
361 0.0
362 3.4461216926574707
363 0.43076521158218384
364 0.0
365 0.0
366 0.0
367 2.1538259983062744
368 0.0
369 0.0
370 0.0
371 4.307651996612549
372 0.0
373 0.0
374 0.0
375 0.0
376 0.0
377 2.1538259983062744
378 0.0
379 0.0
380 0.0
381 1.7230608463287354
382 0.43076521158218384
383 0.43076521158218384
384 0.0
385 0.0
386 0.0
387 0.0
388 0.43076521158218384
389 0.0
390 0.0
391 0.0
392 0.43076521158218384
393 0.8615304231643677
394 0.0
395 0.0
396 0.0
397 0.0
398 0.8615304231643677
399 0.0
400 4.307651996612549
401 0.43076521158218384
402 0.0
403 1.2922956943511963
404 0.0
405 0.0
406 0.43076521158218384
407 0.0
408 0.0
409 0.0
410 0.0
411 0.43076521158218384
412 0.0
413 1.7230608463287354
414 1.2922956943511963
415 0.0
416 0.43076521158218384
417 0.0
418 0.0
419 0.43076521158218384
420 0.8615304231643677
421 0.8615304231643677
422 0.0
423 0.43076521158218384
424 0.0
425 0.8615304231643677
426 0.0
427 0.0
428 2.1538259983062744
429 0.0
430 1.2922956943511963
431 0.0
432 0.0
433 0.43076521158218384
434 0.0
435 0.0
436 1.2922956943511963
437 0.0
438 0.0
439 0.0
440 0.0
441 0.0
442 0.0
443 0.0
444 0.0
445 2.1538262367248535
446 0.8615304231643677
447 0.0
448 0.0
449 1.7230608463287354
450 0.43076521158218384
451 0.0
452 0.43076521158218384
453 0.0
454 0.0
455 0.0
456 0.0
457 0.0
458 0.0
459 0.0
460 0.0
461 1.7230608463287354
462 0.0
463 0.0
464 0.0
465 10.76913070678711
466 7.3230085372924805
467 2.1538259983062744
468 1.2922956943511963
469 0.0
470 0.0
471 0.43076521158218384
472 0.0
473 0.43076521158218384
474 0.0
475 0.0
476 0.0
477 0.0
478 0.0
479 0.0
480 0.0
481 0.0
482 2.5845913887023926
483 0.0
484 0.0
485 0.0
486 1.2922956943511963
487 1.2922956943511963
488 0.0
489 0.0
490 0.43076521158218384
491 0.0
492 0.0
493 0.0
494 0.0
495 0.0
496 0.0
497 0.8615304231643677
498 0.0
499 0.0
500 0.0
501 0.43076521158218384
502 0.0
503 0.0
504 3.0153565406799316
505 0.0
506 0.0
507 0.0
508 0.0
509 0.0
510 0.0
511 0.43076521158218384
512 0.0
513 0.0
514 0.0
515 0.8615304231643677
516 0.8615304231643677
517 0.0
518 0.8615304231643677
519 0.8615304231643677
520 0.0
521 0.0
522 0.43076521158218384
523 0.8615304231643677
524 1.2922956943511963
525 0.8615304231643677
526 0.0
527 0.8615304231643677
528 0.0
529 0.0
530 0.0
531 0.0
532 0.0
533 1.2922956943511963
534 0.0
535 0.0
536 0.0
537 0.0
538 2.5845911502838135
539 0.0
540 0.43076521158218384
541 4.738417148590088
542 0.43076521158218384
543 0.0
544 1.2922956943511963
545 0.0
546 0.43076521158218384
547 0.0
548 0.43076521158218384
549 0.0
550 0.0
551 0.0
552 0.0
553 0.0
554 0.0
555 0.0
556 0.0
557 0.0
558 0.0
559 0.43076521158218384
560 0.0
561 0.0
562 0.0
563 0.0
564 1.2922956943511963
565 4.307651996612549
566 0.43076521158218384
567 3.8768868446350098
568 0.0
569 6.030713081359863
570 2.1538259983062744
571 2.1538259983062744
572 0.8615304231643677
573 0.0
574 0.0
575 0.0
576 0.0
577 0.0
578 1.2922956943511963
579 0.0
580 2.1538259983062744
581 0.0
582 1.2922956943511963
583 0.43076521158218384
584 0.0
585 0.0
586 0.0
587 0.0
588 0.8615304231643677
589 0.8615304231643677
590 1.2922956943511963
591 0.0
592 0.0
593 0.8615304231643677
594 0.8615304231643677
595 0.43076521158218384
596 0.0
597 0.0
598 0.0
599 0.0
600 0.0
601 2.1538262367248535
602 3.0153565406799316
603 0.0
604 0.0
605 0.0
606 0.0
607 0.0
608 2.1538262367248535
609 0.8615304231643677
610 0.0
611 1.2922956943511963
612 9.046070098876953
613 0.8615304231643677
614 0.0
615 0.43076521158218384
616 0.0
617 0.43076521158218384
618 0.0
619 0.8615304231643677
620 1.7230608463287354
621 0.0
622 0.0
623 0.0
624 0.0
625 0.43076521158218384
626 0.0
627 0.8615304231643677
628 0.43076521158218384
629 0.0
630 0.0
631 0.43076521158218384
632 4.738417625427246
633 0.0
634 0.0
635 0.0
636 0.0
637 0.0
638 0.0
639 0.8615304231643677
640 4.307651996612549
641 0.0
642 0.0
643 0.43076521158218384
644 0.0
645 0.0
646 0.0
647 13.784486770629883
648 0.0
649 1.2922956943511963
650 0.43076521158218384
651 0.0
652 0.0
653 1.7230608463287354
654 0.0
655 1.7230608463287354
656 1.2922956943511963
657 0.0
658 0.0
659 0.0
660 0.0
661 0.0
662 0.0
663 0.0
664 1.2922956943511963
665 0.0
666 0.0
667 1.2922956943511963
668 0.0
669 0.0
670 0.0
671 0.0
672 4.307652473449707
673 2.1538262367248535
674 0.0
675 0.0
676 0.0
677 0.8615304231643677
678 1.2922956943511963
679 0.43076521158218384
680 0.8615304231643677
681 1.7230608463287354
682 0.0
683 0.43076521158218384
684 3.4461216926574707
685 0.8615304231643677
686 1.7230608463287354
687 0.0
688 0.0
689 0.0
690 0.0
691 4.307652473449707
692 0.8615304231643677
693 0.0
694 0.0
695 0.43076521158218384
696 0.43076521158218384
697 0.0
698 0.0
699 0.0
700 0.43076521158218384
701 0.0
702 1.2922956943511963
703 0.43076521158218384
704 0.8615304231643677
705 0.0
706 4.307651996612549
707 0.0
708 0.8615304231643677
709 0.8615304231643677
710 1.7230608463287354
711 3.0153565406799316
712 0.0
713 3.4461216926574707
714 0.0
715 0.43076521158218384
716 0.0
717 0.0
718 0.0
719 0.0
720 0.0
721 2.5845913887023926
722 0.0
723 0.8615304231643677
724 0.8615304231643677
725 3.4461216926574707
726 0.0
727 0.0
728 2.1538259983062744
729 0.0
730 0.8615304231643677
731 0.43076521158218384
732 1.7230608463287354
733 1.2922956943511963
734 0.0
735 1.2922956943511963
736 0.0
737 3.0153565406799316
738 0.43076521158218384
739 1.7230608463287354
740 0.0
741 0.0
742 0.0
743 0.0
744 5.169182777404785
745 0.0
746 3.0153565406799316
747 0.43076521158218384
748 2.1538259983062744
749 3.0153565406799316
750 0.8615304231643677
751 0.43076521158218384
752 0.0
753 0.0
754 0.0
755 1.2922956943511963
756 2.1538262367248535
757 4.307652473449707
758 0.0
759 0.0
760 0.0
761 0.0
762 0.43076521158218384
763 0.0
764 0.0
765 0.0
766 0.0
767 0.0
768 0.0
769 0.0
770 0.0
771 0.43076521158218384
772 0.0
773 0.8615304231643677
774 0.0
775 0.0
776 0.0
777 0.0
778 0.0
779 0.0
780 2.1538259983062744
781 0.0
782 0.0
783 0.0
784 0.8615304231643677
785 0.0
786 0.0
787 0.0
788 0.0
789 0.43076521158218384
790 0.0
791 0.8615304231643677
792 0.0
793 0.0
794 0.0
795 0.43076521158218384
796 1.7230608463287354
797 0.0
798 1.2922956943511963
799 1.7230608463287354
800 0.0
801 0.0
802 0.0
803 0.0
804 0.0
805 0.0
806 0.0
807 0.43076521158218384
808 0.43076521158218384
809 0.0
810 0.0
811 0.0
812 0.0
813 0.0
814 0.0
815 0.0
816 0.43076521158218384
817 0.0
818 0.8615304231643677
819 0.0
820 3.0153565406799316
821 0.0
822 0.8615304231643677
823 2.5845913887023926
824 6.461478233337402
825 2.5845911502838135
826 3.4461216926574707
827 0.0
828 0.0
829 8.184538841247559
830 0.0
831 0.0
832 1.7230608463287354
833 0.8615304231643677
834 0.0
835 0.0
836 0.0
837 4.738417148590088
838 0.8615304231643677
839 0.8615304231643677
840 0.0
841 2.1538262367248535
842 0.43076521158218384
843 0.0
844 0.0
845 1.2922956943511963
846 0.0
847 4.738417625427246
848 0.0
849 0.0
850 0.0
851 0.0
852 0.0
853 0.0
854 4.307651996612549
855 0.0
856 3.4461216926574707
857 0.0
858 0.0
859 0.0
860 0.43076521158218384
861 3.0153565406799316
862 3.0153565406799316
863 0.0
864 0.0
865 2.5845911502838135
866 0.8615304231643677
867 0.0
868 0.0
869 0.0
870 4.307651996612549
871 0.8615304231643677
872 0.43076521158218384
873 0.0
874 0.0
875 0.0
876 0.0
877 2.5845911502838135
878 0.0
879 0.0
880 0.0
881 0.0
882 0.0
883 4.738417625427246
884 12.49219036102295
885 0.0
886 0.0
887 0.0
888 2.5845913887023926
889 0.8615304231643677
890 0.43076521158218384
891 0.0
892 0.0
893 0.43076521158218384
894 0.0
895 0.0
896 0.43076521158218384
897 0.0
898 1.7230608463287354
899 0.0
900 0.8615304231643677
901 0.0
902 0.0
903 0.8615304231643677
904 0.43076521158218384
905 0.43076521158218384
906 0.0
907 2.5845913887023926
908 0.0
909 0.43076521158218384
910 0.0
911 0.0
912 0.0
913 1.7230608463287354
914 0.0
915 1.2922956943511963
916 2.1538259983062744
917 0.0
918 0.0
919 0.8615304231643677
920 0.43076521158218384
921 0.0
922 0.8615304231643677
923 0.0
924 0.0
925 0.0
926 0.8615304231643677
927 0.0
928 0.0
929 0.0
930 0.0
931 0.8615304231643677
932 0.0
933 0.0
934 0.0
935 0.0
936 1.2922956943511963
937 1.7230608463287354
938 0.43076521158218384
939 0.0
940 1.2922956943511963
941 0.0
942 0.0
943 0.43076521158218384
944 0.43076521158218384
945 0.0
946 2.5845911502838135
947 0.0
948 0.0
949 0.0
950 0.0
951 0.0
952 1.2922956943511963
953 1.7230608463287354
954 0.0
955 9.907600402832031
956 7.7537736892700195
957 1.7230608463287354
958 0.0
959 0.0
960 2.1538259983062744
961 0.43076521158218384
962 0.43076521158218384
963 0.43076521158218384
964 0.0
965 0.0
966 0.43076521158218384
967 0.0
968 0.43076521158218384
969 0.43076521158218384
970 0.0
971 0.0
972 0.8615304231643677
973 0.0
974 0.0
975 2.1538259983062744
976 0.43076521158218384
977 0.0
978 0.0
979 0.0
980 0.0
981 0.0
982 6.030713081359863
983 0.0
984 0.43076521158218384
985 0.0
986 0.0
987 6.030713081359863
988 6.461478233337402
989 0.43076521158218384
990 0.0
991 0.43076521158218384
992 0.0
993 1.2922956943511963
994 0.0
995 0.0
996 2.1538259983062744
997 19.38443374633789
998 0.0
999 0.0
1000 0.0
1001 0.0
1002 0.0
