# Selection:resname AU W ION Restricted:name AUC AUL AUSL Radius:2.64 Start:0 End:-1
0 420.4268798828125
1 420.42681884765625
2 64.61478424072266
3 55.13795471191406
4 65.90707397460938
5 59.87636947631836
6 127.93727111816406
7 49.10723876953125
8 65.476318359375
9 64.61479187011719
10 69.78396606445313
11 77.5377426147461
12 104.67594909667969
13 104.67594909667969
14 57.29177474975586
15 65.90707397460938
16 33.59968566894531
17 42.214996337890625
18 49.96876525878906
19 56.86100769042969
20 72.36856079101563
21 98.64523315429688
22 54.276424407958984
23 107.26054382324219
24 96.0606460571289
25 109.84512329101563
26 80.1223373413086
27 66.33784484863281
28 71.50703430175781
29 68.49166870117188
30 43.507293701171875
31 73.23008728027344
32 93.04528045654297
33 96.06065368652344
34 71.93778991699219
35 121.90655517578125
36 105.5374755859375
37 93.47606658935547
38 96.49140167236328
39 125.78343200683594
40 108.12207794189453
41 112.8604965209961
42 89.16840362548828
43 50.830299377441406
44 103.3836441040039
45 83.56845092773438
46 96.49141693115234
47 101.66059112548828
48 102.52210998535156
49 67.19937896728516
50 114.58356475830078
51 104.24517822265625
52 101.66059112548828
53 89.16839599609375
54 56.43024826049805
55 89.59916687011719
56 89.59916687011719
57 125.35266876220703
58 121.47579956054688
59 90.02994537353516
60 74.9531478881836
61 109.41436767578125
62 161.53697204589844
63 74.09162139892578
64 111.56819152832031
65 76.2454605102539
66 123.1988525390625
67 78.3992691040039
68 64.61477661132813
69 90.460693359375
70 103.38365936279297
71 97.78369903564453
72 92.18375396728516
73 95.19911193847656
74 123.19883728027344
75 100.36829376220703
76 70.21472930908203
77 77.96849822998047
78 97.35293579101563
79 118.89118194580078
80 46.09188461303711
81 93.04529571533203
82 126.64498138427734
83 77.968505859375
84 72.79933166503906
85 52.9841194152832
86 70.21473693847656
87 118.46044921875
88 115.01432037353516
89 65.0455551147461
90 137.84486389160156
91 52.122596740722656
92 134.8295135498047
93 118.4604263305664
94 66.76860809326172
95 63.322486877441406
96 96.92218017578125
97 49.107234954833984
98 52.9841194152832
99 91.32223510742188
100 75.3839111328125
101 35.75351333618164
102 94.33758544921875
103 101.22982788085938
104 92.18375396728516
105 96.49140167236328
106 62.46096420288086
107 90.8914566040039
108 77.10697937011719
109 79.69158172607422
110 76.24543762207031
111 79.69156646728516
112 72.79933166503906
113 87.8760986328125
114 62.03019714355469
115 147.75247192382813
116 107.69131469726563
117 63.322486877441406
118 86.58381652832031
119 78.83003997802734
120 70.64550018310547
121 89.59916687011719
122 134.82952880859375
123 86.15304565429688
124 62.460960388183594
125 107.69129943847656
126 122.33731842041016
127 149.04478454589844
128 99.07599639892578
129 82.70692443847656
130 152.92164611816406
131 137.41409301757813
132 99.07599639892578
133 88.30686950683594
134 64.18402099609375
135 60.3071403503418
136 105.5374755859375
137 93.4760513305664
138 81.41462707519531
139 89.59916687011719
140 104.24517822265625
141 129.6603240966797
142 81.84538269042969
143 103.8144302368164
144 52.122596740722656
145 74.9531478881836
146 83.99922943115234
147 127.50650024414063
148 101.2298355102539
149 91.75299072265625
150 106.82976531982422
151 90.460693359375
152 127.93726348876953
153 129.6603240966797
154 79.26080322265625
155 96.49141693115234
156 122.7680892944336
157 171.87533569335938
158 107.6913070678711
159 105.53749084472656
160 68.92243957519531
161 100.36829376220703
162 113.29126739501953
163 99.50677490234375
164 137.41409301757813
165 160.6754150390625
166 135.26028442382813
167 159.8138885498047
168 138.275634765625
169 92.18376159667969
170 77.5377426147461
171 78.83003234863281
172 73.23008728027344
173 47.38417434692383
174 120.1834945678711
175 104.67594909667969
176 133.10646057128906
177 98.6452407836914
178 90.460693359375
179 150.767822265625
180 106.82977294921875
181 92.18375396728516
182 87.87610626220703
183 155.07550048828125
184 155.07546997070313
185 104.24518585205078
186 124.49115753173828
187 146.89093017578125
188 87.87610626220703
189 79.69157409667969
190 80.5531005859375
191 148.614013671875
192 117.16813659667969
193 39.630401611328125
194 102.95289611816406
195 114.58354187011719
196 80.12232971191406
197 75.3839111328125
198 68.06090545654297
199 81.41463470458984
200 115.01429748535156
201 107.69129943847656
202 114.58355712890625
203 99.93753051757813
204 50.830291748046875
205 103.3836441040039
206 51.26106262207031
207 66.33784484863281
208 108.98360443115234
209 85.72227478027344
210 118.46043395996094
211 110.27589416503906
212 167.5676727294922
213 68.92243957519531
214 61.16866683959961
215 75.38391876220703
216 66.33785247802734
217 133.96800231933594
218 80.55309295654297
219 114.15278625488281
220 132.24493408203125
221 65.476318359375
222 113.72203063964844
223 83.13768768310547
224 62.460960388183594
225 109.84513854980469
226 62.891719818115234
227 121.04502868652344
228 59.44560623168945
229 90.02993774414063
230 96.92216491699219
231 24.55361557006836
232 106.39900970458984
233 59.01484298706055
234 106.82977294921875
235 85.29151153564453
236 55.13795852661133
237 73.66085815429688
238 77.5377426147461
239 101.66059875488281
240 91.75299072265625
241 86.15304565429688
242 176.1829833984375
243 100.79906463623047
244 71.50703430175781
245 115.87583923339844
246 95.1991195678711
247 111.13741302490234
248 106.82977294921875
249 118.89120483398438
250 141.72177124023438
251 123.6296157836914
252 55.5687141418457
253 139.99868774414063
254 135.26028442382813
255 129.2295684814453
256 60.30713653564453
257 93.0452880859375
258 166.27536010742188
259 169.2907257080078
260 134.39877319335938
261 127.07573699951172
262 169.7214813232422
263 102.09136962890625
264 88.73764038085938
265 68.0609130859375
266 92.61451721191406
267 73.66085815429688
268 131.8141632080078
269 107.26053619384766
270 131.38339233398438
271 88.30686950683594
272 141.29098510742188
273 105.9682388305664
274 81.41461944580078
275 112.42972564697266
276 103.81441497802734
277 113.7220230102539
278 60.73789978027344
279 86.58380889892578
280 108.5528335571289
281 89.16840362548828
282 40.92270278930664
283 55.56871795654297
284 54.27642059326172
285 34.89198303222656
286 59.87636184692383
287 91.75299072265625
288 138.27565002441406
289 121.04501342773438
290 156.7985382080078
291 78.3992691040039
292 142.1525421142578
293 136.12181091308594
294 120.1834945678711
295 77.10697174072266
296 108.98360443115234
297 76.24545288085938
298 96.06063842773438
299 113.29125213623047
300 71.07625579833984
301 101.22982025146484
302 98.64522552490234
303 106.39900970458984
304 93.47604370117188
305 99.9375228881836
306 77.5377426147461
307 71.50703430175781
308 92.18374633789063
309 81.41462707519531
310 52.55335998535156
311 55.999481201171875
312 51.26106262207031
313 82.70691680908203
314 58.584075927734375
315 46.09187698364258
316 60.73789978027344
317 69.35321044921875
318 80.9838638305664
319 48.24571228027344
320 116.73736572265625
321 70.21472930908203
322 68.49166870117188
323 55.56871795654297
324 82.27615356445313
325 57.72254180908203
326 64.61478424072266
327 68.4916763305664
328 71.07626342773438
329 94.33759307861328
330 97.35294342041016
331 102.52212524414063
332 81.84539031982422
333 81.84539031982422
334 53.84565353393555
335 56.43025207519531
336 30.153564453125
337 63.32249069213867
338 93.90681457519531
339 73.23009490966797
340 98.64522552490234
341 84.86074829101563
342 81.84539794921875
343 70.21472930908203
344 133.96798706054688
345 59.87636947631836
346 61.599430084228516
347 106.82978057861328
348 99.07598876953125
349 66.33785247802734
350 92.61453247070313
351 99.07600402832031
352 105.1067123413086
353 96.92218017578125
354 118.0296630859375
355 129.22955322265625
356 94.76834869384766
357 91.75299835205078
358 125.3526840209961
359 119.75273132324219
360 87.44534301757813
361 118.46043395996094
362 85.29151153564453
363 138.275634765625
364 148.614013671875
365 98.64524841308594
366 84.86074829101563
367 135.6910400390625
368 112.42972564697266
369 93.0452880859375
370 74.52238464355469
371 62.03019714355469
372 88.30687713623047
373 63.322486877441406
374 56.43024826049805
375 50.830299377441406
376 59.01483154296875
377 55.1379508972168
378 66.76860809326172
379 82.27616119384766
380 46.091880798339844
381 138.27565002441406
382 84.86074829101563
383 94.33759307861328
384 110.2759017944336
385 75.81468200683594
386 87.87610626220703
387 82.27615356445313
388 115.445068359375
389 102.95288848876953
390 105.1067123413086
391 92.6145248413086
392 81.41462707519531
393 70.64550018310547
394 121.0450210571289
395 77.53773498535156
396 95.6298828125
397 43.938053131103516
398 108.98361206054688
399 113.29125213623047
400 116.3066177368164
401 68.92243957519531
402 121.0450210571289
403 97.35293579101563
404 116.73737335205078
405 57.722537994384766
406 94.76834869384766
407 140.42945861816406
408 88.73763275146484
409 152.4908905029297
410 142.58326721191406
411 92.18376159667969
412 78.3992691040039
413 104.24517822265625
414 66.33784484863281
415 77.10696411132813
416 26.707443237304688
417 63.75325012207031
418 115.87583923339844
419 111.56819915771484
420 82.27616119384766
421 87.87610626220703
422 54.707183837890625
423 40.49193572998047
424 64.61478424072266
425 74.09161376953125
426 76.67620849609375
427 99.93753051757813
428 66.76860046386719
429 110.7066650390625
430 137.4141082763672
431 37.04581069946289
432 103.38365173339844
433 47.814945220947266
434 65.0455551147461
435 65.04554748535156
436 73.66085815429688
437 74.52238464355469
438 87.87610626220703
439 144.73709106445313
440 142.15252685546875
441 105.1067123413086
442 56.43025207519531
443 71.50702667236328
444 47.81494140625
445 74.9531478881836
446 122.33732604980469
447 93.04529571533203
448 87.4453353881836
449 100.36829376220703
450 88.30686950683594
451 161.106201171875
452 101.66059875488281
453 74.09162139892578
454 49.96876525878906
455 49.10723876953125
456 88.73764038085938
457 52.122596740722656
458 143.44482421875
459 65.9070816040039
460 102.52212524414063
461 47.81494140625
462 77.10697174072266
463 82.27616119384766
464 96.49140930175781
465 98.64523315429688
466 58.1533088684082
467 91.75299835205078
468 75.81468963623047
469 80.9838638305664
470 49.96876525878906
471 36.18427658081055
472 103.38365173339844
473 57.29177474975586
474 54.27641296386719
475 64.61478424072266
476 88.3068618774414
477 95.62987518310547
478 90.8914566040039
479 109.84513854980469
480 60.73789978027344
481 74.9531478881836
482 63.753257751464844
483 64.18402099609375
484 92.61451721191406
485 99.93753814697266
486 53.41489028930664
487 53.84566116333008
488 96.92218017578125
489 44.799583435058594
490 70.21473693847656
491 115.01431274414063
492 101.66058349609375
493 93.47603607177734
494 79.69157409667969
495 72.36856079101563
496 43.507286071777344
497 78.83003997802734
498 68.92243957519531
499 78.3992691040039
500 93.4760513305664
501 48.67646789550781
502 82.70692443847656
503 79.69155883789063
504 90.8914566040039
505 42.64575958251953
506 78.83003234863281
507 48.67647171020508
508 118.02967834472656
509 128.3680419921875
510 115.44508361816406
511 55.999481201171875
512 111.56819915771484
513 75.3839111328125
514 61.599430084228516
515 86.15304565429688
516 96.92218780517578
517 55.13795471191406
518 152.49090576171875
519 112.42973327636719
520 144.73712158203125
521 84.42999267578125
522 137.4141082763672
523 98.64523315429688
524 76.67620086669922
525 130.52186584472656
526 147.75250244140625
527 144.7371063232422
528 93.04530334472656
529 64.61478424072266
530 73.6608657836914
531 121.47578430175781
532 80.12232971191406
533 76.67620849609375
534 78.3992691040039
535 101.66059112548828
536 83.56846618652344
537 130.09109497070313
538 104.67594909667969
539 140.86024475097656
540 75.3839111328125
541 84.42999267578125
542 58.1533088684082
543 88.30686950683594
544 83.13768768310547
545 110.2759017944336
546 73.23008728027344
547 102.52213287353516
548 61.16866683959961
549 85.72227478027344
550 54.27642059326172
551 38.338104248046875
552 82.70691680908203
553 79.69156646728516
554 83.99920654296875
555 60.307132720947266
556 120.61426544189453
557 64.18402099609375
558 79.26079559326172
559 71.50702667236328
560 151.6293487548828
561 50.39952850341797
562 99.50676727294922
563 71.50703430175781
564 120.18350219726563
565 102.52212524414063
566 57.29178237915039
567 106.39899444580078
568 69.78396606445313
569 65.90708923339844
570 68.06089782714844
571 54.707183837890625
572 94.76834869384766
573 69.35320281982422
574 91.32223510742188
575 99.50676727294922
576 37.4765739440918
577 67.63013458251953
578 56.43024444580078
579 65.04554748535156
580 83.56845092773438
581 62.03019332885742
582 53.84565734863281
583 81.84539031982422
584 55.999488830566406
585 123.19884490966797
586 69.78396606445313
587 103.81442260742188
588 76.24544525146484
589 113.7220230102539
590 58.58406448364258
591 81.84539031982422
592 74.52238464355469
593 78.83003234863281
594 79.26080322265625
595 96.49140930175781
596 63.322486877441406
597 77.10697174072266
598 99.07600402832031
599 102.52212524414063
600 133.10646057128906
601 128.3680419921875
602 80.1223373413086
603 93.47605895996094
604 75.81468200683594
605 112.8604965209961
606 111.99894714355469
607 90.8914566040039
608 94.33759307861328
609 112.42973327636719
610 51.26106262207031
611 82.27617645263672
612 168.85995483398438
613 94.33758544921875
614 143.44480895996094
615 97.78370666503906
616 100.79905700683594
617 105.1067123413086
618 76.2454605102539
619 92.6145248413086
620 51.26105880737305
621 83.13768768310547
622 106.82978057861328
623 119.75272369384766
624 99.07600402832031
625 64.61479949951172
626 102.09136199951172
627 93.0452880859375
628 91.3222427368164
629 153.783203125
630 121.04501342773438
631 89.59918212890625
632 132.2449188232422
633 95.1991195678711
634 138.70640563964844
635 77.10697174072266
636 90.460693359375
637 149.04476928710938
638 39.19963455200195
639 98.6452407836914
640 83.99922180175781
641 105.10671997070313
642 120.1834945678711
643 133.96798706054688
644 100.79906463623047
645 71.93778991699219
646 126.64498138427734
647 132.2449188232422
648 122.7680892944336
649 153.78317260742188
650 59.44561004638672
651 95.62987518310547
652 117.59891510009766
653 111.56820678710938
654 67.63014221191406
655 80.5531005859375
656 129.22958374023438
657 94.76834869384766
658 87.4453353881836
659 122.7680892944336
660 88.30686950683594
661 108.98360443115234
662 143.44480895996094
663 113.29125213623047
664 113.29124450683594
665 133.53721618652344
666 61.168670654296875
667 108.98360443115234
668 127.93726348876953
669 138.70639038085938
670 115.44508361816406
671 79.26080322265625
672 58.584075927734375
673 122.33733367919922
674 168.42916870117188
675 130.52186584472656
676 119.75273132324219
677 147.3217010498047
678 131.38339233398438
679 189.5366973876953
680 105.53748321533203
681 107.69129943847656
682 94.33760070800781
683 121.47579193115234
684 61.59943389892578
685 116.30659484863281
686 85.29151153564453
687 95.62987518310547
688 100.36829376220703
689 104.67595672607422
690 111.99896240234375
691 77.968505859375
692 85.72228240966797
693 96.49140930175781
694 81.41463470458984
695 127.50650787353516
696 96.49140167236328
697 67.63014221191406
698 60.73789596557617
699 133.1064453125
700 90.0299301147461
701 87.87610626220703
702 100.3682861328125
703 90.02992248535156
704 140.42945861816406
705 110.27588653564453
706 126.64498138427734
707 55.13795471191406
708 68.0609130859375
709 127.50650024414063
710 99.07601165771484
711 96.49141693115234
712 84.42998504638672
713 90.02993774414063
714 124.92191314697266
715 124.92190551757813
716 61.16866683959961
717 75.38391876220703
718 119.32196807861328
719 134.39874267578125
720 77.5377426147461
721 108.55284118652344
722 58.15330123901367
723 69.78396606445313
724 101.66059875488281
725 93.90681457519531
726 107.69129943847656
727 106.82978820800781
728 97.78369903564453
729 68.92243957519531
730 89.16841125488281
731 94.76834106445313
732 102.09137725830078
733 76.67620849609375
734 57.291770935058594
735 96.49139404296875
736 91.32223510742188
737 81.84539031982422
738 80.5531005859375
739 82.27616119384766
740 79.69155883789063
741 124.06039428710938
742 48.24570846557617
743 87.01457977294922
744 124.06038665771484
745 88.73762512207031
746 80.12232971191406
747 74.09162139892578
748 73.23008728027344
749 68.92243957519531
750 63.32249450683594
751 68.4916763305664
752 30.584331512451172
753 77.96849822998047
754 114.58354187011719
755 93.4760513305664
756 84.42998504638672
757 93.4760513305664
758 68.06089782714844
759 57.29177474975586
760 80.55309295654297
761 71.93779754638672
762 108.55284881591797
763 73.23009490966797
764 70.64550018310547
765 117.59891510009766
766 97.35294342041016
767 74.52238464355469
768 87.01456451416016
769 87.44534301757813
770 118.46044158935547
771 40.06116485595703
772 82.70692443847656
773 87.01457977294922
774 73.66085052490234
775 92.6145248413086
776 120.18350219726563
777 98.64523315429688
778 130.52186584472656
779 61.59943771362305
780 107.6913070678711
781 75.81468200683594
782 74.52237701416016
783 55.999481201171875
784 78.83003997802734
785 103.81442260742188
786 109.84514617919922
787 81.84539031982422
788 132.67567443847656
789 70.21473693847656
790 65.90707397460938
791 68.06090545654297
792 106.39900970458984
793 105.96824645996094
794 143.44483947753906
795 81.41462707519531
796 90.0299301147461
797 94.33757781982422
798 118.46044158935547
799 118.46044921875
800 115.01432800292969
801 97.78370666503906
802 133.10646057128906
803 108.98359680175781
804 96.92218780517578
805 94.33758544921875
806 82.27616119384766
807 91.32221984863281
808 93.47605895996094
809 98.64523315429688
810 115.8758316040039
811 60.73789596557617
812 120.18350219726563
813 99.93753051757813
814 76.24544525146484
815 82.70691680908203
816 77.53773498535156
817 86.58380889892578
818 130.95262145996094
819 82.27616119384766
820 91.75299835205078
821 41.35346603393555
822 77.10697174072266
823 169.29074096679688
824 77.53775024414063
825 95.19910430908203
826 113.72201538085938
827 91.75298309326172
828 115.01431274414063
829 83.99921417236328
830 99.50678253173828
831 80.98387145996094
832 65.04554748535156
833 111.99895477294922
834 104.67596435546875
835 98.21446228027344
836 99.07599639892578
837 68.92243957519531
838 137.84486389160156
839 104.24518585205078
840 40.0611686706543
841 84.86074829101563
842 68.4916763305664
843 127.07574462890625
844 53.84564971923828
845 124.06038665771484
846 76.67621612548828
847 100.79906463623047
848 96.49141693115234
849 81.84539794921875
850 106.82978057861328
851 90.02993774414063
852 83.5684585571289
853 127.07574462890625
854 92.18374633789063
855 108.5528335571289
856 155.0754852294922
857 110.27590942382813
858 139.9987030029297
859 94.33758544921875
860 97.35294342041016
861 141.72177124023438
862 83.99922180175781
863 59.876365661621094
864 136.98333740234375
865 126.21420288085938
866 138.70639038085938
867 73.23008728027344
868 182.21368408203125
869 102.09136199951172
870 96.06065368652344
871 143.0140380859375
872 117.16814422607422
873 144.3063507080078
874 99.07599639892578
875 68.49166870117188
876 65.0455551147461
877 98.6452407836914
878 74.09161376953125
879 56.43024444580078
880 90.46070098876953
881 111.56819152832031
882 76.67621612548828
883 100.36829376220703
884 88.3068618774414
885 75.81468200683594
886 78.39927673339844
887 91.32222747802734
888 123.6296157836914
889 142.15252685546875
890 93.90681457519531
891 93.04528045654297
892 102.52213287353516
893 80.98384857177734
894 125.3526840209961
895 115.87584686279297
896 115.0143051147461
897 101.66059875488281
898 126.64497375488281
899 100.36830139160156
900 128.79881286621094
901 167.99842834472656
902 125.35267639160156
903 143.87557983398438
904 70.21472930908203
905 131.38339233398438
906 70.21472930908203
907 79.26079559326172
908 107.26054382324219
909 93.04528045654297
910 80.9838638305664
911 99.93753051757813
912 104.67594909667969
913 77.10697174072266
914 64.61478424072266
915 56.86101150512695
916 91.75298309326172
917 79.69155883789063
918 57.29177474975586
919 90.46070098876953
920 99.50676727294922
921 76.24544525146484
922 70.21472930908203
923 86.58380889892578
924 90.0299301147461
925 47.38417434692383
926 55.5687141418457
927 80.55309295654297
928 52.122596740722656
929 123.1988754272461
930 98.64523315429688
931 28.861270904541016
932 65.9070816040039
933 60.73789978027344
934 94.33758544921875
935 73.66085052490234
936 102.52212524414063
937 95.6298828125
938 78.83003997802734
939 99.50676727294922
940 86.15304565429688
941 64.61478424072266
942 65.9070816040039
943 65.9070816040039
944 50.83029556274414
945 83.99922180175781
946 72.36856079101563
947 113.72201538085938
948 74.95314025878906
949 68.4916763305664
950 71.50702667236328
951 78.39927673339844
952 63.322486877441406
953 65.476318359375
954 90.02993774414063
955 96.0606460571289
956 124.06037902832031
957 110.7066650390625
958 109.84513854980469
959 98.21446990966797
960 67.19937896728516
961 71.93779754638672
962 112.42972564697266
963 92.18376922607422
964 70.21473693847656
965 49.968772888183594
966 68.06090545654297
967 72.79931640625
968 105.10671997070313
969 113.29125213623047
970 81.84539031982422
971 52.98412322998047
972 75.81468200683594
973 54.276424407958984
974 107.26054382324219
975 64.61479187011719
976 74.52239227294922
977 91.32222747802734
978 116.73737335205078
979 60.73789978027344
980 90.0299301147461
981 70.6455078125
982 130.5218505859375
983 108.5528335571289
984 50.830299377441406
985 53.41489028930664
986 71.07626342773438
987 45.66111755371094
988 78.83003997802734
989 71.93778991699219
990 82.70691680908203
991 58.1533088684082
992 111.13744354248047
993 111.56819915771484
994 101.22982025146484
995 71.07626342773438
996 77.53775024414063
997 52.98412322998047
998 31.876625061035156
999 90.89146423339844
1000 72.36856079101563
1001 61.16866683959961
1002 61.16866683959961
