# Selection 1:name C1A D2A C3A C4A C1B C2B C3B C4B Selection 2:name AUC AUSL AUL Cutoff:8 Start:0 End:-1
0 0
1 0
2 16
3 18
4 22
5 22
6 27
7 19
8 26
9 21
10 27
11 21
12 26
13 25
14 20
15 22
16 13
17 17
18 21
19 27
20 24
21 20
22 18
23 25
24 30
25 32
26 29
27 28
28 27
29 28
30 24
31 27
32 29
33 24
34 21
35 28
36 29
37 26
38 23
39 25
40 29
41 28
42 25
43 20
44 23
45 26
46 25
47 27
48 22
49 19
50 27
51 21
52 26
53 23
54 23
55 19
56 26
57 28
58 29
59 23
60 24
61 23
62 32
63 28
64 25
65 33
66 31
67 27
68 26
69 20
70 25
71 29
72 30
73 27
74 33
75 33
76 25
77 28
78 23
79 34
80 14
81 25
82 34
83 23
84 22
85 21
86 22
87 21
88 24
89 20
90 31
91 27
92 22
93 24
94 27
95 28
96 25
97 22
98 19
99 23
100 20
101 22
102 35
103 27
104 20
105 23
106 26
107 19
108 23
109 23
110 27
111 26
112 21
113 22
114 17
115 32
116 25
117 20
118 24
119 20
120 20
121 25
122 30
123 20
124 25
125 29
126 25
127 28
128 25
129 24
130 31
131 30
132 29
133 26
134 24
135 25
136 26
137 20
138 24
139 25
140 23
141 27
142 33
143 29
144 27
145 28
146 29
147 23
148 25
149 29
150 25
151 27
152 30
153 25
154 29
155 25
156 29
157 36
158 26
159 31
160 25
161 27
162 27
163 27
164 27
165 29
166 30
167 33
168 28
169 26
170 23
171 27
172 26
173 18
174 22
175 23
176 28
177 27
178 25
179 32
180 31
181 23
182 31
183 32
184 33
185 23
186 30
187 30
188 25
189 28
190 22
191 34
192 26
193 15
194 27
195 23
196 26
197 27
198 19
199 30
200 35
201 32
202 27
203 27
204 23
205 33
206 28
207 27
208 24
209 27
210 28
211 32
212 26
213 25
214 21
215 25
216 25
217 30
218 23
219 25
220 25
221 24
222 24
223 20
224 26
225 31
226 25
227 28
228 24
229 27
230 24
231 15
232 16
233 18
234 28
235 22
236 25
237 20
238 21
239 31
240 28
241 22
242 31
243 24
244 31
245 30
246 24
247 27
248 24
249 26
250 35
251 34
252 17
253 30
254 25
255 26
256 22
257 24
258 29
259 28
260 34
261 22
262 30
263 30
264 28
265 25
266 26
267 19
268 24
269 21
270 24
271 25
272 28
273 28
274 20
275 22
276 22
277 27
278 29
279 22
280 23
281 32
282 24
283 26
284 26
285 23
286 23
287 27
288 28
289 25
290 31
291 27
292 31
293 25
294 22
295 26
296 25
297 23
298 28
299 24
300 23
301 20
302 27
303 25
304 23
305 31
306 26
307 22
308 25
309 22
310 30
311 21
312 20
313 28
314 26
315 22
316 25
317 30
318 21
319 22
320 31
321 27
322 21
323 18
324 30
325 26
326 27
327 25
328 21
329 22
330 27
331 34
332 24
333 24
334 22
335 24
336 19
337 30
338 28
339 24
340 24
341 29
342 22
343 23
344 29
345 22
346 14
347 29
348 30
349 24
350 29
351 29
352 28
353 16
354 29
355 25
356 26
357 25
358 29
359 30
360 28
361 32
362 24
363 25
364 29
365 25
366 25
367 32
368 23
369 28
370 26
371 23
372 22
373 23
374 28
375 26
376 17
377 21
378 21
379 23
380 22
381 27
382 25
383 28
384 22
385 24
386 26
387 26
388 27
389 20
390 20
391 29
392 22
393 25
394 29
395 25
396 27
397 19
398 33
399 28
400 30
401 20
402 26
403 24
404 21
405 24
406 27
407 24
408 22
409 28
410 34
411 24
412 23
413 26
414 23
415 24
416 19
417 19
418 27
419 27
420 29
421 23
422 23
423 20
424 23
425 27
426 18
427 27
428 24
429 18
430 29
431 20
432 25
433 26
434 27
435 24
436 23
437 22
438 25
439 21
440 28
441 23
442 24
443 24
444 19
445 20
446 29
447 21
448 23
449 25
450 27
451 27
452 33
453 21
454 18
455 19
456 25
457 23
458 27
459 22
460 23
461 24
462 24
463 22
464 31
465 20
466 23
467 27
468 25
469 23
470 25
471 21
472 22
473 20
474 20
475 25
476 23
477 26
478 31
479 30
480 27
481 23
482 21
483 20
484 24
485 32
486 15
487 24
488 23
489 15
490 22
491 30
492 30
493 19
494 24
495 27
496 19
497 26
498 23
499 21
500 19
501 20
502 26
503 22
504 23
505 21
506 26
507 24
508 23
509 28
510 32
511 27
512 29
513 21
514 28
515 30
516 27
517 21
518 30
519 23
520 33
521 21
522 28
523 28
524 26
525 33
526 31
527 28
528 21
529 20
530 24
531 30
532 25
533 27
534 22
535 29
536 20
537 26
538 25
539 24
540 26
541 19
542 24
543 20
544 20
545 30
546 25
547 30
548 30
549 24
550 23
551 16
552 26
553 19
554 23
555 21
556 29
557 26
558 25
559 25
560 33
561 26
562 26
563 24
564 30
565 26
566 22
567 29
568 23
569 23
570 27
571 27
572 31
573 28
574 24
575 27
576 17
577 24
578 25
579 21
580 26
581 23
582 27
583 27
584 26
585 25
586 27
587 20
588 33
589 29
590 27
591 27
592 25
593 25
594 19
595 30
596 21
597 20
598 32
599 21
600 29
601 36
602 27
603 29
604 20
605 22
606 26
607 17
608 24
609 32
610 23
611 24
612 28
613 27
614 26
615 26
616 22
617 26
618 23
619 26
620 23
621 33
622 27
623 22
624 23
625 26
626 26
627 21
628 24
629 29
630 29
631 21
632 29
633 29
634 28
635 20
636 21
637 27
638 20
639 31
640 23
641 27
642 35
643 31
644 32
645 23
646 23
647 32
648 30
649 29
650 18
651 25
652 27
653 31
654 21
655 25
656 27
657 25
658 19
659 30
660 27
661 23
662 32
663 34
664 28
665 27
666 25
667 31
668 32
669 27
670 24
671 22
672 21
673 33
674 39
675 35
676 29
677 31
678 31
679 33
680 25
681 28
682 29
683 35
684 25
685 28
686 27
687 32
688 28
689 34
690 26
691 24
692 30
693 31
694 23
695 29
696 29
697 22
698 21
699 32
700 28
701 29
702 28
703 32
704 28
705 28
706 27
707 20
708 26
709 21
710 30
711 22
712 21
713 33
714 30
715 22
716 20
717 25
718 21
719 39
720 28
721 30
722 25
723 23
724 22
725 29
726 24
727 26
728 26
729 21
730 25
731 29
732 23
733 24
734 23
735 28
736 27
737 28
738 20
739 22
740 26
741 26
742 20
743 27
744 20
745 22
746 25
747 26
748 22
749 19
750 25
751 30
752 19
753 26
754 31
755 29
756 26
757 29
758 20
759 30
760 29
761 25
762 23
763 24
764 23
765 30
766 23
767 24
768 28
769 30
770 25
771 21
772 28
773 26
774 25
775 24
776 35
777 25
778 29
779 26
780 25
781 29
782 23
783 14
784 20
785 33
786 20
787 27
788 30
789 20
790 22
791 20
792 22
793 27
794 30
795 22
796 31
797 29
798 29
799 27
800 29
801 24
802 31
803 33
804 28
805 29
806 27
807 28
808 30
809 27
810 27
811 23
812 25
813 30
814 24
815 22
816 23
817 30
818 25
819 22
820 24
821 20
822 23
823 34
824 25
825 32
826 31
827 31
828 28
829 31
830 24
831 26
832 26
833 23
834 27
835 26
836 29
837 24
838 26
839 29
840 23
841 26
842 29
843 29
844 23
845 26
846 18
847 27
848 24
849 26
850 25
851 27
852 21
853 32
854 25
855 26
856 32
857 27
858 38
859 26
860 22
861 33
862 24
863 18
864 27
865 29
866 33
867 18
868 30
869 22
870 26
871 28
872 17
873 27
874 23
875 27
876 20
877 21
878 20
879 25
880 23
881 25
882 26
883 27
884 21
885 24
886 23
887 30
888 27
889 29
890 24
891 29
892 27
893 22
894 32
895 23
896 29
897 25
898 30
899 28
900 31
901 32
902 27
903 29
904 21
905 31
906 27
907 22
908 35
909 30
910 30
911 24
912 29
913 24
914 21
915 22
916 25
917 25
918 21
919 27
920 23
921 24
922 19
923 31
924 25
925 23
926 24
927 27
928 26
929 31
930 28
931 26
932 26
933 27
934 22
935 18
936 30
937 22
938 26
939 24
940 26
941 17
942 22
943 24
944 25
945 23
946 22
947 27
948 19
949 21
950 21
951 20
952 24
953 23
954 28
955 27
956 20
957 23
958 31
959 26
960 26
961 24
962 21
963 31
964 22
965 20
966 23
967 24
968 27
969 30
970 22
971 26
972 26
973 23
974 30
975 32
976 27
977 24
978 27
979 19
980 25
981 21
982 21
983 28
984 25
985 22
986 22
987 16
988 27
989 20
990 26
991 22
992 24
993 23
994 31
995 21
996 22
997 22
998 13
999 25
1000 23
1001 26
1002 26
