# Selection:resname AU POPC Restricted:name AUC AUL AUSL Radius:2.64 Start:0 End:-1
0 420.4268798828125
1 420.42681884765625
2 245.96697998046875
3 157.2293243408203
4 223.5671844482422
5 219.69024658203125
6 205.90576171875
7 228.736328125
8 195.56744384765625
9 209.78265380859375
10 233.0439910888672
11 232.18243408203125
12 224.85940551757813
13 204.61349487304688
14 242.0900421142578
15 221.41336059570313
16 264.9206848144531
17 271.382080078125
18 258.4591369628906
19 216.67486572265625
20 248.12078857421875
21 259.7514343261719
22 236.4901123046875
23 195.56741333007813
24 238.64390563964844
25 202.459716796875
26 214.09033203125
27 195.99819946289063
28 159.81390380859375
29 191.25978088378906
30 241.22854614257813
31 196.42893981933594
32 172.30609130859375
33 176.1829833984375
34 166.27536010742188
35 216.67491149902344
36 163.26004028320313
37 235.19781494140625
38 202.02886962890625
39 186.95208740234375
40 220.12106323242188
41 192.55209350585938
42 229.59786987304688
43 208.49038696289063
44 215.3826141357422
45 212.36724853515625
46 245.10540771484375
47 184.79827880859375
48 239.07470703125
49 231.75167846679688
50 209.7826690673828
51 171.44454956054688
52 185.65982055664063
53 205.47500610351563
54 178.33680725097656
55 245.10540771484375
56 163.69082641601563
57 183.50601196289063
58 208.05963134765625
59 208.4904022216797
60 190.39825439453125
61 180.92141723632813
62 159.81387329101563
63 198.58277893066406
64 172.73687744140625
65 223.56715393066406
66 201.16738891601563
67 224.85946655273438
68 208.92117309570313
69 237.3516845703125
70 192.9828338623047
71 190.82899475097656
72 202.02890014648438
73 216.24415588378906
74 176.18296813964844
75 224.8594512939453
76 193.8443603515625
77 197.72122192382813
78 211.07498168945313
79 207.6288604736328
80 217.5364227294922
81 180.0598907470703
82 200.73660278320313
83 174.8906707763672
84 222.7056121826172
85 212.79803466796875
86 220.5518035888672
87 176.1830291748047
88 202.02891540527344
89 227.01332092285156
90 174.45993041992188
91 195.1366729736328
92 207.1980743408203
93 208.92111206054688
94 184.3675079345703
95 205.4750213623047
96 212.3672637939453
97 237.35165405273438
98 254.1514892578125
99 168.42922973632813
100 173.16761779785156
101 194.27511596679688
102 273.5359191894531
103 219.69027709960938
104 271.81292724609375
105 243.81312561035156
106 224.8594970703125
107 192.9828643798828
108 258.0283508300781
109 206.3365478515625
110 219.69027709960938
111 165.8446044921875
112 240.7978057861328
113 216.67489624023438
114 219.25949096679688
115 179.19834899902344
116 200.30581665039063
117 202.02886962890625
118 198.15199279785156
119 177.4752655029297
120 207.19805908203125
121 154.64471435546875
122 155.5062255859375
123 183.0752410888672
124 180.92138671875
125 152.06011962890625
126 171.0137939453125
127 213.22879028320313
128 201.59811401367188
129 162.82923889160156
130 157.2292938232422
131 191.25978088378906
132 169.2907257080078
133 189.9674835205078
134 167.13690185546875
135 170.1522979736328
136 168.42921447753906
137 160.24465942382813
138 139.99868774414063
139 171.01382446289063
140 158.09083557128906
141 165.41384887695313
142 152.92166137695313
143 171.87530517578125
144 138.70640563964844
145 157.66006469726563
146 140.42945861816406
147 217.96725463867188
148 195.9981689453125
149 169.2907257080078
150 155.93701171875
151 148.614013671875
152 186.52133178710938
153 167.99842834472656
154 172.73687744140625
155 172.73684692382813
156 161.53695678710938
157 148.18328857421875
158 149.0447998046875
159 192.12132263183594
160 126.21422576904297
161 176.18299865722656
162 172.3060760498047
163 177.90602111816406
164 146.46018981933594
165 155.50625610351563
166 129.6603240966797
167 118.8912124633789
168 160.2446746826172
169 157.66006469726563
170 182.2136688232422
171 125.35267639160156
172 144.7371368408203
173 150.76783752441406
174 157.66006469726563
175 184.36752319335938
176 132.67568969726563
177 142.5832977294922
178 172.7368621826172
179 160.6754608154297
180 174.02915954589844
181 216.67494201660156
182 147.75247192382813
183 143.87557983398438
184 195.99818420410156
185 188.67514038085938
186 186.95213317871094
187 164.1215362548828
188 165.84461975097656
189 150.76785278320313
190 145.59864807128906
191 109.41436004638672
192 149.47555541992188
193 171.87533569335938
194 107.26055908203125
195 210.2134552001953
196 154.64474487304688
197 146.02944946289063
198 158.95237731933594
199 159.38314819335938
200 177.4752655029297
201 158.5216064453125
202 179.62908935546875
203 174.89073181152344
204 194.70591735839844
205 192.1212921142578
206 217.1056671142578
207 236.92086791992188
208 186.95208740234375
209 199.01356506347656
210 152.92169189453125
211 172.7368621826172
212 169.7215118408203
213 177.0445098876953
214 187.81365966796875
215 217.5364532470703
216 165.8446044921875
217 152.4908905029297
218 166.27537536621094
219 185.6598358154297
220 244.24391174316406
221 188.24440002441406
222 190.39822387695313
223 198.15200805664063
224 166.275390625
225 185.22906494140625
226 189.10595703125
227 228.736328125
228 177.4752655029297
229 199.01351928710938
230 177.9060516357422
231 219.69027709960938
232 221.41331481933594
233 212.3673095703125
234 205.4750213623047
235 191.69056701660156
236 232.6132049560547
237 272.6744079589844
238 192.9828338623047
239 216.67491149902344
240 181.78297424316406
241 188.24440002441406
242 215.8134307861328
243 161.53695678710938
244 206.7672882080078
245 212.36721801757813
246 173.598388671875
247 195.13665771484375
248 163.69078063964844
249 173.59841918945313
250 194.7058868408203
251 148.18324279785156
252 177.04458618164063
253 123.62960815429688
254 180.05984497070313
255 152.92166137695313
256 183.936767578125
257 143.8756103515625
258 133.5372314453125
259 115.01431274414063
260 102.09136962890625
261 114.58354187011719
262 114.58356475830078
263 130.52186584472656
264 145.1678924560547
265 145.59861755371094
266 125.35267639160156
267 181.782958984375
268 153.35243225097656
269 196.8597412109375
270 160.2446746826172
271 192.98284912109375
272 164.55230712890625
273 177.47528076171875
274 183.93678283691406
275 220.12103271484375
276 203.32119750976563
277 158.95236206054688
278 192.5520477294922
279 187.81365966796875
280 207.1981201171875
281 216.6748809814453
282 220.5518341064453
283 210.64418029785156
284 178.3368377685547
285 218.39797973632813
286 189.96751403808594
287 198.1520233154297
288 165.4138641357422
289 199.44430541992188
290 188.24441528320313
291 170.1522674560547
292 164.5523223876953
293 184.79830932617188
294 224.4287109375
295 143.44480895996094
296 162.8292694091797
297 158.0908660888672
298 225.2902069091797
299 183.07522583007813
300 189.96746826171875
301 180.0598907470703
302 190.39822387695313
303 235.19781494140625
304 232.61322021484375
305 165.41384887695313
306 205.90577697753906
307 200.73658752441406
308 213.22877502441406
309 176.1829833984375
310 188.6751708984375
311 214.9518280029297
312 222.70565795898438
313 240.3670196533203
314 195.1366424560547
315 167.5676727294922
316 214.0902862548828
317 220.55178833007813
318 193.8443603515625
319 212.3672637939453
320 184.7982940673828
321 182.21371459960938
322 203.32119750976563
323 248.5515594482422
324 232.6132049560547
325 208.0596160888672
326 230.45938110351563
327 213.65956115722656
328 252.42843627929688
329 212.3672332763672
330 264.05908203125
331 157.22933959960938
332 210.21343994140625
333 182.21368408203125
334 230.02862548828125
335 259.7514343261719
336 211.0749969482422
337 226.1517791748047
338 234.76705932617188
339 210.64419555664063
340 188.24444580078125
341 163.69081115722656
342 194.275146484375
343 177.9060516357422
344 157.6600799560547
345 212.36727905273438
346 201.59817504882813
347 199.44430541992188
348 161.106201171875
349 201.16734313964844
350 149.4755401611328
351 178.3368377685547
352 168.42918395996094
353 195.1366424560547
354 150.76783752441406
355 171.444580078125
356 174.8907012939453
357 145.59864807128906
358 135.69107055664063
359 188.24441528320313
360 221.84408569335938
361 200.3058319091797
362 172.7368621826172
363 207.1981201171875
364 194.70590209960938
365 191.6905059814453
366 181.35218811035156
367 176.61375427246094
368 207.19810485839844
369 155.07546997070313
370 155.5062713623047
371 221.41334533691406
372 200.73658752441406
373 203.75196838378906
374 221.84408569335938
375 167.1369171142578
376 234.76702880859375
377 226.58251953125
378 196.8596954345703
379 211.93650817871094
380 212.3672637939453
381 234.33631896972656
382 217.9672393798828
383 177.47528076171875
384 199.01353454589844
385 167.13693237304688
386 167.56765747070313
387 158.09083557128906
388 186.52134704589844
389 195.56741333007813
390 180.92140197753906
391 195.9981689453125
392 188.6751708984375
393 197.72125244140625
394 194.27516174316406
395 165.41390991210938
396 212.36727905273438
397 195.9982147216797
398 188.24440002441406
399 185.6598358154297
400 194.27516174316406
401 200.7366180419922
402 193.8443603515625
403 210.21343994140625
404 231.32090759277344
405 175.752197265625
406 180.49063110351563
407 206.33653259277344
408 152.49090576171875
409 143.87557983398438
410 177.04452514648438
411 189.96749877929688
412 236.05935668945313
413 190.8290252685547
414 193.41357421875
415 210.21343994140625
416 195.5674285888672
417 166.70614624023438
418 234.76708984375
419 212.79803466796875
420 205.90576171875
421 218.39794921875
422 197.72125244140625
423 221.41334533691406
424 204.61349487304688
425 221.8441162109375
426 231.75167846679688
427 205.4750213623047
428 217.53643798828125
429 226.15174865722656
430 230.45938110351563
431 230.8902130126953
432 223.13636779785156
433 199.01356506347656
434 205.47503662109375
435 209.35189819335938
436 184.3675079345703
437 194.70590209960938
438 193.84429931640625
439 180.92141723632813
440 192.1212921142578
441 176.61373901367188
442 197.29054260253906
443 212.36727905273438
444 186.9521484375
445 177.47528076171875
446 141.29100036621094
447 225.2902069091797
448 202.8904266357422
449 164.55233764648438
450 240.79779052734375
451 220.98252868652344
452 249.4130401611328
453 180.92140197753906
454 204.18270874023438
455 205.47500610351563
456 191.25975036621094
457 214.09034729003906
458 193.8443603515625
459 205.04425048828125
460 209.35189819335938
461 192.12127685546875
462 195.13662719726563
463 205.04421997070313
464 207.6288299560547
465 209.35189819335938
466 198.15199279785156
467 219.6903076171875
468 180.92140197753906
469 221.41331481933594
470 232.18246459960938
471 258.8899230957031
472 242.95162963867188
473 186.95208740234375
474 265.35137939453125
475 265.7821350097656
476 228.3055877685547
477 204.6134796142578
478 206.33656311035156
479 217.96719360351563
480 205.0442657470703
481 190.39822387695313
482 211.07498168945313
483 211.93649291992188
484 189.53672790527344
485 207.62887573242188
486 224.85946655273438
487 209.78271484375
488 221.8440704345703
489 228.736328125
490 188.6751708984375
491 246.8284454345703
492 213.22879028320313
493 211.50575256347656
494 227.0132598876953
495 236.05934143066406
496 205.90579223632813
497 180.49066162109375
498 186.95208740234375
499 226.58250427246094
500 199.8750762939453
501 221.84410095214844
502 214.95187377929688
503 247.25924682617188
504 182.64443969726563
505 204.18275451660156
506 226.15176391601563
507 159.8139190673828
508 185.22906494140625
509 227.87481689453125
510 163.26002502441406
511 202.02886962890625
512 229.597900390625
513 212.3672637939453
514 185.65977478027344
515 144.30636596679688
516 214.52108764648438
517 235.19781494140625
518 152.4909210205078
519 198.15200805664063
520 164.12156677246094
521 198.1520233154297
522 141.72177124023438
523 143.01406860351563
524 150.76783752441406
525 144.7371368408203
526 177.04452514648438
527 144.30633544921875
528 159.81390380859375
529 184.36752319335938
530 173.16763305664063
531 178.76759338378906
532 178.33680725097656
533 183.07521057128906
534 211.93650817871094
535 199.01353454589844
536 192.5520782470703
537 172.30612182617188
538 204.18272399902344
539 146.02943420410156
540 150.76783752441406
541 170.1522674560547
542 206.33651733398438
543 202.8904266357422
544 224.85946655273438
545 255.44381713867188
546 212.79803466796875
547 218.39796447753906
548 245.10540771484375
549 274.3974609375
550 259.7513732910156
551 211.5057373046875
552 211.9364471435547
553 180.0598602294922
554 201.59812927246094
555 223.9979248046875
556 249.41307067871094
557 205.0442657470703
558 202.89044189453125
559 194.70590209960938
560 183.5059814453125
561 203.75196838378906
562 228.3055419921875
563 206.767333984375
564 208.92111206054688
565 221.84408569335938
566 207.19808959960938
567 205.04425048828125
568 213.65956115722656
569 199.87506103515625
570 226.58248901367188
571 262.33599853515625
572 239.936279296875
573 230.89013671875
574 257.5975646972656
575 253.72071838378906
576 217.1056671142578
577 244.24388122558594
578 235.19786071777344
579 230.0286407470703
580 186.95208740234375
581 197.72125244140625
582 207.62884521484375
583 205.04425048828125
584 195.5674285888672
585 226.15176391601563
586 201.59812927246094
587 202.89041137695313
588 208.921142578125
589 191.259765625
590 189.10592651367188
591 178.33682250976563
592 166.27542114257813
593 194.27513122558594
594 199.01353454589844
595 221.413330078125
596 177.90602111816406
597 189.5366973876953
598 180.4906005859375
599 176.18295288085938
600 181.78292846679688
601 205.47503662109375
602 166.7061767578125
603 133.96800231933594
604 189.5366973876953
605 155.07546997070313
606 168.42921447753906
607 205.04425048828125
608 161.53697204589844
609 198.58279418945313
610 199.87506103515625
611 149.04476928710938
612 205.90579223632813
613 136.5525665283203
614 180.05987548828125
615 154.21395874023438
616 173.16763305664063
617 190.39820861816406
618 193.41360473632813
619 145.1678924560547
620 172.30609130859375
621 174.89068603515625
622 187.3828582763672
623 216.244140625
624 169.2907257080078
625 169.29075622558594
626 165.41384887695313
627 214.9518280029297
628 248.55152893066406
629 210.2134246826172
630 199.44430541992188
631 203.751953125
632 141.7217559814453
633 174.89068603515625
634 168.8599853515625
635 158.09085083007813
636 179.1983642578125
637 186.52134704589844
638 192.55203247070313
639 138.7064208984375
640 163.6908416748047
641 173.16761779785156
642 128.3680419921875
643 168.85997009277344
644 144.73712158203125
645 193.41357421875
646 192.5520477294922
647 151.19857788085938
648 142.58331298828125
649 158.52163696289063
650 161.96774291992188
651 175.3214569091797
652 153.783203125
653 154.21395874023438
654 170.58303833007813
655 193.84434509277344
656 174.8907012939453
657 153.78318786621094
658 156.79855346679688
659 168.86000061035156
660 125.3526840209961
661 132.24493408203125
662 155.50625610351563
663 170.15225219726563
664 156.36781311035156
665 167.99842834472656
666 149.4755401611328
667 180.05987548828125
668 112.42972564697266
669 174.89068603515625
670 155.9370574951172
671 172.7368621826172
672 166.70616149902344
673 132.67568969726563
674 157.66009521484375
675 112.42973327636719
676 122.7680892944336
677 182.64447021484375
678 131.38340759277344
679 198.1520233154297
680 137.84486389160156
681 197.7212371826172
682 185.6597900390625
683 147.75250244140625
684 167.99844360351563
685 171.444580078125
686 160.67543029785156
687 149.04476928710938
688 221.84408569335938
689 162.39849853515625
690 187.3828887939453
691 186.9521026611328
692 185.65982055664063
693 145.59866333007813
694 199.44430541992188
695 152.0601348876953
696 153.35244750976563
697 180.92141723632813
698 210.64419555664063
699 154.21397399902344
700 173.16763305664063
701 187.38287353515625
702 174.02915954589844
703 209.78271484375
704 166.70616149902344
705 171.444580078125
706 204.6134796142578
707 190.39822387695313
708 193.41358947753906
709 204.61349487304688
710 209.35191345214844
711 217.5364532470703
712 238.64395141601563
713 225.72096252441406
714 149.9062957763672
715 174.8907012939453
716 185.65985107421875
717 181.78297424316406
718 196.42898559570313
719 164.5523223876953
720 214.09036254882813
721 148.1832275390625
722 185.2290802001953
723 187.81362915039063
724 229.16709899902344
725 211.07498168945313
726 202.4596710205078
727 163.6907958984375
728 194.2751007080078
729 191.69052124023438
730 236.49012756347656
731 168.85995483398438
732 201.59814453125
733 181.78292846679688
734 205.9058074951172
735 171.44461059570313
736 216.67489624023438
737 186.09059143066406
738 198.58279418945313
739 218.3979949951172
740 185.65982055664063
741 198.15203857421875
742 227.4440460205078
743 222.7056427001953
744 218.8287353515625
745 228.3055877685547
746 208.0596160888672
747 202.89044189453125
748 205.90577697753906
749 170.58303833007813
750 211.9365234375
751 236.9208984375
752 246.397705078125
753 196.85971069335938
754 183.07522583007813
755 211.93650817871094
756 184.7982940673828
757 174.89068603515625
758 233.4747772216797
759 198.1520233154297
760 197.29049682617188
761 201.1674041748047
762 216.67494201660156
763 217.9672393798828
764 198.58279418945313
765 202.8904266357422
766 204.18270874023438
767 170.15228271484375
768 177.9060516357422
769 167.9984588623047
770 180.05987548828125
771 172.30613708496094
772 196.8596954345703
773 204.18272399902344
774 176.1829833984375
775 192.121337890625
776 202.89041137695313
777 143.0140838623047
778 163.69082641601563
779 181.35215759277344
780 181.35215759277344
781 182.64447021484375
782 160.24465942382813
783 167.99850463867188
784 197.7212677001953
785 179.19833374023438
786 227.01327514648438
787 165.84461975097656
788 197.7212371826172
789 205.90576171875
790 167.99844360351563
791 213.65957641601563
792 202.8904266357422
793 161.53695678710938
794 213.65957641601563
795 186.9521026611328
796 170.58303833007813
797 200.30584716796875
798 176.18296813964844
799 166.275390625
800 165.41384887695313
801 162.39849853515625
802 151.19857788085938
803 152.49087524414063
804 177.0445098876953
805 143.8756103515625
806 156.79855346679688
807 153.78317260742188
808 195.99813842773438
809 158.95236206054688
810 177.04449462890625
811 151.1986083984375
812 136.9833526611328
813 155.50625610351563
814 172.7368927001953
815 211.50572204589844
816 151.6293487548828
817 120.61426544189453
818 131.8141632080078
819 127.07576751708984
820 160.67544555664063
821 160.2446746826172
822 170.1522979736328
823 161.53697204589844
824 158.09085083007813
825 145.59864807128906
826 173.16761779785156
827 202.0288543701172
828 194.2751007080078
829 186.52137756347656
830 180.0598602294922
831 178.76754760742188
832 167.9984588623047
833 162.8292694091797
834 189.53672790527344
835 159.38314819335938
836 173.16763305664063
837 170.1522674560547
838 212.79803466796875
839 157.22930908203125
840 183.07525634765625
841 148.18324279785156
842 183.50601196289063
843 172.73684692382813
844 150.76785278320313
845 220.55181884765625
846 195.5673828125
847 205.47503662109375
848 202.89044189453125
849 175.3214874267578
850 182.2136993408203
851 192.12132263183594
852 153.78321838378906
853 165.8446044921875
854 195.13662719726563
855 178.76756286621094
856 185.22901916503906
857 121.90657043457031
858 175.75222778320313
859 173.1676483154297
860 242.09005737304688
861 143.01405334472656
862 155.0755157470703
863 174.8907012939453
864 194.27511596679688
865 198.58277893066406
866 165.4138641357422
867 158.5216064453125
868 161.53700256347656
869 175.75222778320313
870 229.5978546142578
871 258.4591369628906
872 227.01327514648438
873 214.9518280029297
874 219.2594757080078
875 180.92141723632813
876 187.38290405273438
877 240.79774475097656
878 220.55186462402344
879 207.6288299560547
880 183.93675231933594
881 180.49063110351563
882 151.62939453125
883 157.22930908203125
884 183.07525634765625
885 187.8135986328125
886 130.0911102294922
887 145.1678924560547
888 155.50625610351563
889 176.61376953125
890 148.1832733154297
891 173.598388671875
892 177.90606689453125
893 205.90579223632813
894 201.1673583984375
895 181.78292846679688
896 155.93701171875
897 139.9987030029297
898 146.46017456054688
899 179.6291046142578
900 195.99818420410156
901 177.9060516357422
902 151.19859313964844
903 183.50599670410156
904 156.36778259277344
905 189.9674530029297
906 171.87533569335938
907 220.12103271484375
908 214.52110290527344
909 186.95211791992188
910 183.07521057128906
911 181.3521728515625
912 227.4440155029297
913 212.3672637939453
914 220.1210479736328
915 192.12132263183594
916 205.0442657470703
917 233.0440216064453
918 190.39825439453125
919 202.89041137695313
920 214.09036254882813
921 188.6751708984375
922 185.6598358154297
923 207.1980743408203
924 174.0291748046875
925 194.27516174316406
926 221.413330078125
927 193.8443603515625
928 177.9060516357422
929 155.93702697753906
930 193.41358947753906
931 172.3060760498047
932 187.8136749267578
933 183.50599670410156
934 182.2136993408203
935 242.5208282470703
936 191.69053649902344
937 199.0135955810547
938 219.259521484375
939 207.19810485839844
940 242.090087890625
941 243.3823699951172
942 200.736572265625
943 254.1514892578125
944 190.39825439453125
945 186.52134704589844
946 191.69053649902344
947 238.64393615722656
948 244.67465209960938
949 164.12159729003906
950 223.567138671875
951 232.1824493408203
952 202.02890014648438
953 238.21319580078125
954 199.87509155273438
955 143.44482421875
956 246.8284912109375
957 211.50572204589844
958 220.1210479736328
959 211.50572204589844
960 219.25950622558594
961 243.8131103515625
962 196.8596954345703
963 196.42893981933594
964 238.2131805419922
965 225.72097778320313
966 273.9667053222656
967 221.41336059570313
968 188.67520141601563
969 178.7675323486328
970 186.52134704589844
971 180.0598602294922
972 208.4903564453125
973 208.92115783691406
974 194.70587158203125
975 186.090576171875
976 203.32119750976563
977 205.90579223632813
978 194.27511596679688
979 229.1671142578125
980 178.76756286621094
981 208.05958557128906
982 236.4901580810547
983 220.98255920410156
984 211.93650817871094
985 229.16709899902344
986 196.85971069335938
987 219.25949096679688
988 236.0593719482422
989 201.16738891601563
990 173.16763305664063
991 185.22909545898438
992 228.3055877685547
993 238.21316528320313
994 203.75196838378906
995 185.22909545898438
996 218.39797973632813
997 186.95211791992188
998 213.65956115722656
999 226.15174865722656
1000 202.89041137695313
1001 285.5973205566406
1002 285.5973205566406
