0 87.91532897949219
1 86.94922637939453
2 0.0
3 2.8983075618743896
4 12.559332847595215
5 15.457640647888184
6 17.38984489440918
7 2.8983075618743896
8 3.864410161972046
9 4.830512523651123
10 8.69492244720459
11 0.0
12 0.0
13 14.491538047790527
14 0.0
15 0.0
16 4.830512523651123
17 0.0
18 0.0
19 7.728820323944092
20 0.0
21 33.8135871887207
22 4.830512523651123
23 3.864410161972046
24 23.186460494995117
25 0.0
26 15.457640647888184
27 7.728820323944092
28 24.152563095092773
29 17.38984489440918
30 49.2712287902832
31 17.38984489440918
32 12.559332847595215
33 34.77968978881836
34 46.372920989990234
35 0.9661025404930115
36 0.0
37 0.0
38 28.983076095581055
39 0.9661025404930115
40 17.38984489440918
41 0.0
42 0.0
43 0.0
44 0.0
45 0.9661025404930115
46 0.0
47 0.0
48 0.9661025404930115
49 0.0
50 0.0
51 0.0
52 0.0
53 0.0
54 0.0
55 1.932205080986023
56 21.254255294799805
57 0.0
58 0.0
59 12.559332847595215
60 11.593230247497559
61 0.9661025404930115
62 22.22035789489746
63 0.0
64 9.661025047302246
65 14.491537094116211
66 6.7627177238464355
67 51.203433990478516
68 22.22035789489746
69 1.932205080986023
70 15.457640647888184
71 21.254255294799805
72 0.0
73 0.9661025404930115
74 0.0
75 0.0
76 20.28815269470215
77 10.627127647399902
78 0.9661025404930115
79 2.8983075618743896
80 6.7627177238464355
81 4.830512523651123
82 2.8983075618743896
83 1.932205080986023
84 2.8983075618743896
85 22.22035789489746
86 7.728819847106934
87 0.0
88 2.8983075618743896
89 0.0
90 0.0
91 10.627127647399902
92 28.0169734954834
93 72.45768737792969
94 1.932205080986023
95 19.322050094604492
96 29.94917869567871
97 6.7627177238464355
98 12.559332847595215
99 0.9661025404930115
100 3.864410161972046
101 8.69492244720459
102 0.0
103 0.0
104 0.0
105 6.7627177238464355
106 4.830512523651123
107 18.355947494506836
108 9.661025047302246
109 26.084768295288086
110 34.77968978881836
111 36.71189498901367
112 25.11866569519043
113 1.932205080986023
114 0.0
115 31.88138198852539
116 20.28815269470215
117 8.69492244720459
118 10.627127647399902
119 0.9661025404930115
120 37.67799758911133
121 16.423742294311523
122 0.0
123 0.0
124 16.423742294311523
125 0.0
126 15.457639694213867
127 3.864410161972046
128 5.796615123748779
129 15.457639694213867
130 0.9661025404930115
131 0.9661025404930115
132 26.084768295288086
133 40.5763053894043
134 45.40681838989258
135 0.0
136 0.0
137 14.491537094116211
138 32.84748458862305
139 57.00004959106445
140 0.0
141 0.0
142 18.355947494506836
143 4.830512523651123
144 1.932205080986023
145 10.627127647399902
146 0.0
147 18.355947494506836
148 1.932205080986023
149 5.796615123748779
150 0.0
151 12.559332847595215
152 29.949176788330078
153 3.864410161972046
154 0.0
155 30.915279388427734
156 9.661025047302246
157 8.69492244720459
158 0.0
159 0.0
160 5.796615123748779
161 19.322050094604492
162 0.0
163 0.0
164 0.0
165 1.932205080986023
166 0.0
167 0.0
168 0.0
169 0.0
170 2.8983075618743896
171 0.0
172 0.0
173 0.0
174 0.0
175 0.0
176 0.0
177 16.423742294311523
178 22.22035789489746
179 2.8983075618743896
180 6.7627177238464355
181 0.0
182 20.28815269470215
183 16.423742294311523
184 0.0
185 0.0
186 2.8983075618743896
187 0.0
188 0.0
189 0.0
190 0.0
191 0.0
192 19.322050094604492
193 0.9661025404930115
194 2.8983075618743896
195 13.525435447692871
196 28.983076095581055
197 19.322050094604492
198 0.0
199 2.8983075618743896
200 2.8983075618743896
201 13.525435447692871
202 3.864410161972046
203 3.864410161972046
204 0.0
205 0.0
206 0.0
207 0.0
208 0.0
209 0.0
210 0.0
211 0.0
212 0.0
213 0.0
214 1.932205080986023
215 47.33902359008789
216 68.59327697753906
217 9.661025047302246
218 15.457640647888184
219 5.796615123748779
220 5.796615123748779
221 13.525435447692871
222 0.0
223 33.8135871887207
224 36.71189498901367
225 8.69492244720459
226 0.0
227 0.0
228 0.0
229 0.0
230 9.661025047302246
231 0.0
232 0.0
233 9.661025047302246
234 7.728820323944092
235 29.949176788330078
236 0.0
237 7.728820323944092
238 0.0
239 8.69492244720459
240 0.0
241 6.7627177238464355
242 0.0
243 3.864410161972046
244 0.0
245 9.661025047302246
246 4.830512523651123
247 0.0
248 0.0
249 9.661025047302246
250 8.69492244720459
251 6.7627177238464355
252 4.830512523651123
253 21.254255294799805
254 0.0
255 8.69492244720459
256 0.0
257 0.0
258 0.9661025404930115
259 3.864410161972046
260 2.8983075618743896
261 0.9661025404930115
262 2.8983075618743896
263 34.77968978881836
264 35.745792388916016
265 19.322050094604492
266 28.0169734954834
267 5.796615123748779
268 20.28815269470215
269 41.54240798950195
270 14.491538047790527
271 5.796615123748779
272 20.28815269470215
273 9.661025047302246
274 1.932205080986023
275 0.9661025404930115
276 13.525435447692871
277 0.0
278 0.0
279 1.932205080986023
280 0.0
281 4.830512523651123
282 5.796615123748779
283 15.457640647888184
284 1.932205080986023
285 5.796615123748779
286 0.0
287 7.728820323944092
288 1.932205080986023
289 28.983076095581055
290 10.627127647399902
291 3.864410161972046
292 0.0
293 0.0
294 0.0
295 3.864410161972046
296 11.593230247497559
297 0.0
298 0.9661025404930115
299 0.0
300 45.40681838989258
301 16.423742294311523
302 13.525435447692871
303 9.661025047302246
304 2.8983075618743896
305 14.491538047790527
306 3.864410161972046
307 6.7627177238464355
308 0.0
309 16.423742294311523
310 0.0
311 0.0
312 0.9661025404930115
313 0.0
314 0.0
315 24.152563095092773
316 0.0
317 0.0
318 0.0
319 0.0
320 7.728820323944092
321 7.728820323944092
322 0.0
323 0.0
324 0.0
325 0.0
326 23.186460494995117
327 7.728819847106934
328 11.593230247497559
329 0.0
330 9.661025047302246
331 35.745792388916016
332 27.050870895385742
333 4.830512523651123
334 0.0
335 22.22035789489746
336 13.525435447692871
337 0.0
338 0.0
339 30.915281295776367
340 0.0
341 0.0
342 0.0
343 0.0
344 0.0
345 1.932205080986023
346 0.0
347 6.7627177238464355
348 5.796615123748779
349 0.0
350 0.0
351 0.0
352 6.7627177238464355
353 4.830512523651123
354 0.0
355 11.593230247497559
356 23.186460494995117
357 6.7627177238464355
358 13.525435447692871
359 0.0
360 0.0
361 11.593230247497559
362 7.728820323944092
363 7.728820323944092
364 7.728820323944092
365 24.152563095092773
366 9.661025047302246
367 29.949176788330078
368 0.0
369 0.0
370 0.0
371 11.593230247497559
372 16.423742294311523
373 2.8983075618743896
374 25.11866569519043
375 0.0
376 14.491538047790527
377 29.94917869567871
378 4.830512523651123
379 2.8983075618743896
380 3.864410161972046
381 0.0
382 21.254255294799805
383 8.69492244720459
384 8.69492244720459
385 19.322050094604492
386 21.254255294799805
387 11.593230247497559
388 0.9661025404930115
389 3.864410161972046
390 3.864410161972046
391 38.644100189208984
392 3.864410161972046
393 0.0
394 0.0
395 0.0
396 31.881383895874023
397 12.559332847595215
398 9.661025047302246
399 5.796615123748779
400 13.525435447692871
401 0.0
402 20.28815269470215
403 0.0
404 13.525435447692871
405 0.0
406 0.0
407 0.0
408 6.7627177238464355
409 38.644100189208984
410 0.0
411 10.627127647399902
412 8.69492244720459
413 0.0
414 0.0
415 0.0
416 0.0
417 7.728820323944092
418 11.593230247497559
419 12.559332847595215
420 21.254255294799805
421 20.28815269470215
422 3.864410161972046
423 7.728820323944092
424 6.7627177238464355
425 17.38984489440918
426 8.69492244720459
427 27.050870895385742
428 37.67799758911133
429 74.389892578125
430 0.9661025404930115
431 12.559331893920898
432 11.593230247497559
433 11.593230247497559
434 9.661025047302246
435 0.0
436 33.8135871887207
437 0.0
438 18.355947494506836
439 0.0
440 0.0
441 0.0
442 0.9661025404930115
443 0.9661025404930115
444 36.71189498901367
445 0.0
446 0.0
447 19.322050094604492
448 26.084768295288086
449 0.0
450 15.457639694213867
451 26.084768295288086
452 0.0
453 1.932205080986023
454 3.864410161972046
455 10.627127647399902
456 19.322050094604492
457 40.5763053894043
458 0.0
459 32.84748458862305
460 52.169532775878906
461 30.915281295776367
462 2.8983075618743896
463 0.0
464 0.0
465 31.881383895874023
466 4.830512523651123
467 0.0
468 0.0
469 20.28815269470215
470 11.593230247497559
471 8.69492244720459
472 8.69492244720459
473 51.20343017578125
474 4.830512523651123
475 0.0
476 0.9661025404930115
477 3.864410161972046
478 5.796615123748779
479 2.8983075618743896
480 6.7627177238464355
481 7.728820323944092
482 0.0
483 0.0
484 0.0
485 3.864410161972046
486 0.0
487 0.0
488 0.0
489 0.9661025404930115
490 7.728820323944092
491 3.864410161972046
492 8.69492244720459
493 0.0
494 24.152563095092773
495 28.983074188232422
496 2.8983075618743896
497 0.0
498 5.796615123748779
499 0.0
500 0.0
501 5.796615123748779
502 0.0
503 0.9661025404930115
504 0.9661025404930115
505 0.0
506 0.0
507 0.0
508 0.0
509 0.0
510 0.9661025404930115
511 0.9661025404930115
512 0.0
513 2.8983075618743896
514 1.932205080986023
515 0.0
516 3.864410161972046
517 0.9661025404930115
518 0.0
519 9.661025047302246
520 0.0
521 18.355947494506836
522 0.0
523 0.0
524 17.38984489440918
525 0.0
526 21.254255294799805
527 7.728820323944092
528 0.9661025404930115
529 2.8983075618743896
530 28.016971588134766
531 55.067840576171875
532 3.864410161972046
533 0.0
534 9.661025047302246
535 25.11866569519043
536 3.864410161972046
537 6.7627177238464355
538 0.0
539 1.932205080986023
540 23.186460494995117
541 0.9661025404930115
542 46.372920989990234
543 8.69492244720459
544 0.0
545 0.0
546 34.77968978881836
547 6.7627177238464355
548 0.0
549 22.22035789489746
550 2.8983075618743896
551 1.932205080986023
552 3.864410161972046
553 13.525435447692871
554 0.0
555 10.627127647399902
556 0.0
557 19.322050094604492
558 0.0
559 11.593230247497559
560 0.0
561 0.0
562 0.9661025404930115
563 20.28815269470215
564 0.0
565 11.593230247497559
566 9.661025047302246
567 28.0169734954834
568 1.932205080986023
569 0.0
570 23.186460494995117
571 0.0
572 1.932205080986023
573 0.9661025404930115
574 0.0
575 9.661025047302246
576 10.627127647399902
577 33.8135871887207
578 0.0
579 13.525434494018555
580 1.932205080986023
581 22.22035789489746
582 3.864410161972046
583 4.830512523651123
584 2.8983075618743896
585 1.932205080986023
586 0.0
587 44.44071578979492
588 42.50851058959961
589 21.254255294799805
590 20.28815269470215
591 49.27122497558594
592 41.54240798950195
593 1.932205080986023
594 12.559332847595215
595 7.728820323944092
596 41.54240798950195
597 0.0
598 0.0
599 1.932205080986023
600 9.661025047302246
601 49.2712287902832
602 59.898353576660156
603 14.491538047790527
604 13.525435447692871
605 43.474613189697266
606 74.389892578125
607 56.0339469909668
608 62.796661376953125
609 34.77968978881836
610 3.864410161972046
611 0.0
612 0.0
613 0.0
614 8.69492244720459
615 40.5763053894043
616 0.0
617 75.35599517822266
618 0.0
619 0.0
620 0.0
621 0.0
622 0.0
623 0.0
624 7.728819847106934
625 0.9661025404930115
626 0.0
627 11.593230247497559
628 28.983076095581055
629 1.932205080986023
630 9.661025047302246
631 7.728820323944092
632 0.0
633 1.932205080986023
634 0.0
635 0.0
636 36.71189498901367
637 46.372920989990234
638 0.0
639 24.152563095092773
640 46.372920989990234
641 15.457640647888184
642 4.830512523651123
643 4.830512523651123
644 29.949176788330078
645 27.050870895385742
646 39.61020278930664
647 51.203433990478516
648 24.152563095092773
649 17.38984489440918
650 54.101741790771484
651 34.77968978881836
652 13.525435447692871
653 23.186460494995117
654 34.77968978881836
655 8.69492244720459
656 3.864410161972046
657 21.254255294799805
658 0.9661025404930115
659 33.8135871887207
660 2.8983075618743896
661 0.0
662 18.355947494506836
663 0.9661025404930115
664 0.0
665 0.0
666 6.7627177238464355
667 18.355947494506836
668 15.457640647888184
669 3.864410161972046
670 0.0
671 0.0
672 50.23733139038086
673 7.728820323944092
674 38.644100189208984
675 0.0
676 0.0
677 0.0
678 10.627127647399902
679 13.525435447692871
680 6.7627177238464355
681 0.0
682 0.0
683 9.661025047302246
684 32.84748458862305
685 8.69492244720459
686 20.28815269470215
687 13.525435447692871
688 19.322050094604492
689 12.559332847595215
690 17.38984489440918
691 0.0
692 0.0
693 19.322050094604492
694 3.864410161972046
695 13.525435447692871
696 2.8983075618743896
697 23.186460494995117
698 34.77968978881836
699 7.728820323944092
700 0.9661025404930115
701 31.881383895874023
702 4.830512523651123
703 2.8983075618743896
704 0.0
705 18.355947494506836
706 2.8983075618743896
707 8.69492244720459
708 0.9661025404930115
709 6.7627177238464355
710 2.8983075618743896
711 0.0
712 0.0
713 0.0
714 0.0
715 0.0
716 0.0
717 0.0
718 0.0
719 0.0
720 0.0
721 0.9661025404930115
722 43.474613189697266
723 0.0
724 0.9661025404930115
725 4.830512523651123
726 0.0
727 32.84748458862305
728 0.0
729 1.932205080986023
730 17.38984489440918
731 29.94917869567871
732 0.0
733 0.0
734 0.0
735 0.0
736 2.8983075618743896
737 11.593230247497559
738 0.0
739 20.28815269470215
740 2.8983075618743896
741 0.0
742 20.28815269470215
743 23.186460494995117
744 13.525435447692871
745 0.0
746 16.423742294311523
747 0.0
748 13.525435447692871
749 19.322050094604492
750 12.559332847595215
751 8.69492244720459
752 0.0
753 11.593230247497559
754 62.796661376953125
755 74.389892578125
756 2.8983075618743896
757 26.084768295288086
758 0.0
759 31.88138198852539
760 26.084768295288086
761 29.94917869567871
762 4.830512523651123
763 4.830512523651123
764 21.254255294799805
765 28.983076095581055
766 28.983076095581055
767 63.76276397705078
768 51.203433990478516
769 31.881383895874023
770 23.186460494995117
771 56.0339469909668
772 85.01702117919922
773 8.69492244720459
774 7.728819847106934
775 0.0
776 1.932205080986023
777 19.322050094604492
778 1.932205080986023
779 3.864410161972046
780 1.932205080986023
781 17.38984489440918
782 17.38984489440918
783 3.864410161972046
784 0.0
785 0.0
786 21.254255294799805
787 45.40681838989258
788 59.898353576660156
789 0.0
790 0.0
791 11.593230247497559
792 11.593230247497559
793 12.559332847595215
794 0.0
795 0.0
796 6.7627177238464355
797 0.0
798 19.322050094604492
799 1.932205080986023
800 3.864410161972046
801 0.9661025404930115
802 7.728819847106934
803 0.0
804 0.0
805 0.0
806 17.38984489440918
807 4.830512523651123
808 1.932205080986023
809 0.0
810 35.745792388916016
811 20.28815269470215
812 27.05086898803711
813 0.0
814 0.0
815 0.0
816 0.0
817 3.864410161972046
818 7.728819847106934
819 0.0
820 0.9661025404930115
821 6.7627177238464355
822 22.22035789489746
823 0.0
824 0.0
825 0.0
826 5.796615123748779
827 0.0
828 0.9661025404930115
829 0.0
830 0.0
831 0.0
832 4.830512523651123
833 0.0
834 0.0
835 0.0
836 0.0
837 0.0
838 4.830512523651123
839 0.0
840 0.9661025404930115
841 0.0
842 0.0
843 0.0
844 0.0
845 0.0
846 6.7627177238464355
847 0.0
848 0.0
849 26.084766387939453
850 10.627127647399902
851 4.830512523651123
852 0.0
853 27.050870895385742
854 33.8135871887207
855 2.8983075618743896
856 23.186460494995117
857 30.915281295776367
858 2.8983075618743896
859 20.28815269470215
860 0.0
861 0.0
862 10.627127647399902
863 27.050870895385742
864 0.0
865 12.559332847595215
866 42.50851058959961
867 0.0
868 4.830512523651123
869 15.457640647888184
870 0.0
871 4.830512523651123
872 0.0
873 7.728820323944092
874 2.8983075618743896
875 22.22035789489746
876 0.0
877 17.38984489440918
878 7.728820323944092
879 22.22035789489746
880 14.491538047790527
881 21.254255294799805
882 64.72886657714844
883 25.11866569519043
884 0.0
885 6.7627177238464355
886 5.796615123748779
887 15.457640647888184
888 12.559332847595215
889 11.593230247497559
890 24.152563095092773
891 28.983074188232422
892 25.11866569519043
893 3.864410161972046
894 0.0
895 16.423742294311523
896 0.0
897 40.5763053894043
898 27.050870895385742
899 0.0
900 12.559332847595215
901 32.84748458862305
902 0.0
903 14.491538047790527
904 8.69492244720459
905 45.40681838989258
906 25.11866569519043
907 46.372920989990234
908 49.27122497558594
909 1.932205080986023
910 0.0
911 0.0
912 0.0
913 0.0
914 0.0
915 8.69492244720459
916 1.932205080986023
917 0.0
918 0.0
919 11.593230247497559
920 30.915279388427734
921 0.9661025404930115
922 8.69492244720459
923 0.0
924 2.8983075618743896
925 0.0
926 12.559332847595215
927 0.0
928 0.0
929 0.0
930 0.0
931 13.525435447692871
932 12.559332847595215
933 12.559332847595215
934 4.830512523651123
935 4.830512523651123
936 9.661025047302246
937 13.525435447692871
938 0.0
939 0.0
940 9.661025047302246
941 0.0
942 6.7627177238464355
943 15.457640647888184
944 0.0
945 1.932205080986023
946 35.745792388916016
947 19.322050094604492
948 18.355947494506836
949 20.28815269470215
950 13.525435447692871
951 2.8983075618743896
952 9.661025047302246
953 6.7627177238464355
954 0.0
955 2.8983075618743896
956 10.627127647399902
957 7.728820323944092
958 16.423742294311523
959 0.0
960 0.0
961 5.796615123748779
962 12.559332847595215
963 4.830512523651123
964 0.0
965 14.491538047790527
966 3.864410161972046
967 23.186460494995117
968 9.661025047302246
969 2.8983075618743896
970 0.0
971 0.9661025404930115
972 9.661025047302246
973 3.864410161972046
974 3.864410161972046
975 7.728820323944092
976 6.7627177238464355
977 5.796615123748779
978 0.9661025404930115
979 0.0
980 7.728820323944092
981 0.0
982 0.0
983 0.0
984 7.728820323944092
985 19.322050094604492
986 26.084768295288086
987 35.745792388916016
988 37.67799758911133
989 22.22035789489746
990 9.661025047302246
991 47.33902359008789
992 5.796615123748779
993 15.457640647888184
994 16.423742294311523
995 1.932205080986023
996 12.559332847595215
997 51.203433990478516
998 14.491538047790527
999 15.457640647888184
1000 23.186460494995117
1001 17.38984489440918
1002 17.38984489440918
