# Selection:resname AU W ION Restricted:name AUC AUL AUSL Radius:2.64 Start:0 End:-1
0 450.5804443359375
1 453.16497802734375
2 113.29125213623047
3 87.4453353881836
4 83.5684585571289
5 106.39899444580078
6 105.9682388305664
7 164.55233764648438
8 104.67594146728516
9 104.24517059326172
10 69.78396606445313
11 82.7069320678711
12 105.1067123413086
13 63.32249450683594
14 89.59916687011719
15 97.7837142944336
16 150.767822265625
17 114.58354949951172
18 93.04528045654297
19 59.014835357666016
20 67.6301498413086
21 110.70667266845703
22 93.0452880859375
23 80.9838638305664
24 77.10697937011719
25 93.04528045654297
26 87.87610626220703
27 78.83003234863281
28 57.72254180908203
29 81.41462707519531
30 120.61426544189453
31 84.42996978759766
32 73.66085052490234
33 88.3068618774414
34 171.8752899169922
35 65.90707397460938
36 81.84539031982422
37 80.12232971191406
38 49.96876525878906
39 53.414886474609375
40 119.32196807861328
41 59.44559860229492
42 72.36856842041016
43 79.26080322265625
44 114.58354187011719
45 123.1988525390625
46 168.85995483398438
47 112.86048889160156
48 145.16787719726563
49 149.9062957763672
50 100.36829376220703
51 123.19886016845703
52 83.13768768310547
53 108.12207794189453
54 98.64523315429688
55 117.59890747070313
56 78.83004760742188
57 81.84539031982422
58 96.49140930175781
59 77.5377426147461
60 107.69129943847656
61 130.52188110351563
62 67.6301498413086
63 90.46070098876953
64 115.0143051147461
65 65.9070816040039
66 89.16840362548828
67 61.168663024902344
68 117.59890747070313
69 132.24493408203125
70 109.84513854980469
71 45.66111373901367
72 120.18351745605469
73 89.16840362548828
74 68.06090545654297
75 77.10697174072266
76 99.93754577636719
77 71.93779754638672
78 73.23008728027344
79 99.07601165771484
80 93.47605895996094
81 65.04554748535156
82 118.89120483398438
83 130.0911102294922
84 117.59890747070313
85 74.52239227294922
86 111.13742065429688
87 88.3068618774414
88 93.47605895996094
89 86.15304565429688
90 84.86074829101563
91 93.04529571533203
92 98.21446990966797
93 60.30713653564453
94 49.96876907348633
95 108.5528335571289
96 114.58354949951172
97 64.61477661132813
98 113.29124450683594
99 105.53748321533203
100 122.33732604980469
101 67.63014221191406
102 69.78396606445313
103 68.0609130859375
104 102.9529037475586
105 66.33784484863281
106 91.32221984863281
107 89.59915924072266
108 118.0296630859375
109 73.23008728027344
110 156.36776733398438
111 87.87610626220703
112 120.18350982666016
113 90.02992248535156
114 93.0452880859375
115 98.21446228027344
116 142.58328247070313
117 60.73789978027344
118 97.78370666503906
119 75.38391876220703
120 37.045806884765625
121 77.968505859375
122 121.0450210571289
123 122.33731842041016
124 85.29151916503906
125 59.87636184692383
126 56.86100769042969
127 164.9830780029297
128 78.83003997802734
129 94.76834869384766
130 80.1223373413086
131 66.76861572265625
132 105.96824645996094
133 141.72174072265625
134 85.72227478027344
135 65.47630310058594
136 68.49166870117188
137 80.12232971191406
138 85.29151153564453
139 63.75325393676758
140 110.27588653564453
141 120.18350982666016
142 65.9070816040039
143 96.92218017578125
144 50.39952850341797
145 76.67621612548828
146 88.7376480102539
147 126.21421813964844
148 92.18376922607422
149 130.52186584472656
150 103.38365936279297
151 87.4453353881836
152 98.2144775390625
153 141.72177124023438
154 79.69155883789063
155 52.122589111328125
156 148.1832275390625
157 84.42999267578125
158 91.75299072265625
159 103.38365173339844
160 99.07601165771484
161 70.64550018310547
162 109.84513092041016
163 86.58380889892578
164 139.13717651367188
165 85.2915267944336
166 74.9531478881836
167 77.5377426147461
168 59.44559860229492
169 68.06089782714844
170 84.86074829101563
171 55.13794708251953
172 104.24518585205078
173 136.12181091308594
174 44.79957962036133
175 65.9070816040039
176 71.07626342773438
177 61.168663024902344
178 118.89119720458984
179 53.84565353393555
180 48.67647171020508
181 46.953407287597656
182 106.39900970458984
183 106.39900970458984
184 134.39874267578125
185 93.47604370117188
186 118.46044158935547
187 76.67620086669922
188 99.50674438476563
189 139.99868774414063
190 87.8760986328125
191 174.45989990234375
192 137.4141082763672
193 94.33758544921875
194 74.52238464355469
195 61.168663024902344
196 110.7066650390625
197 107.6913070678711
198 76.24544525146484
199 31.445858001708984
200 49.96876907348633
201 71.93778228759766
202 66.33784484863281
203 74.52238464355469
204 79.69157409667969
205 62.03020095825195
206 111.99895477294922
207 65.90707397460938
208 40.06116485595703
209 52.122589111328125
210 65.04554748535156
211 84.8607406616211
212 136.55258178710938
213 105.53746795654297
214 87.87610626220703
215 113.7220230102539
216 65.9070816040039
217 101.66058349609375
218 102.09135437011719
219 68.0609130859375
220 90.0299301147461
221 36.61504364013672
222 66.76861572265625
223 73.2301025390625
224 95.19911193847656
225 65.476318359375
226 74.52237701416016
227 115.01431274414063
228 95.62989044189453
229 95.62989044189453
230 107.26054382324219
231 89.59915161132813
232 101.66059875488281
233 63.322486877441406
234 69.35321044921875
235 77.53775024414063
236 87.01457977294922
237 80.5531005859375
238 103.81442260742188
239 123.62960815429688
240 68.49168395996094
241 125.783447265625
242 84.42998504638672
243 59.876365661621094
244 77.10697174072266
245 111.1374282836914
246 74.9531478881836
247 73.66085815429688
248 50.399532318115234
249 109.84514617919922
250 96.49140167236328
251 46.953407287597656
252 40.0611686706543
253 88.30687713623047
254 115.44507598876953
255 98.21446990966797
256 88.73764038085938
257 61.599430084228516
258 77.10697937011719
259 68.4916763305664
260 92.61451721191406
261 65.47631072998047
262 76.67620849609375
263 90.8914566040039
264 73.66085815429688
265 88.30686950683594
266 51.26106643676758
267 93.0452880859375
268 100.36829376220703
269 106.82976531982422
270 83.99922180175781
271 90.46070098876953
272 178.3367919921875
273 77.96851348876953
274 106.82977294921875
275 89.16839599609375
276 126.21421813964844
277 132.24493408203125
278 58.15330505371094
279 124.06037902832031
280 97.7837142944336
281 60.73789596557617
282 112.86048126220703
283 60.30713653564453
284 87.01458740234375
285 111.99895477294922
286 125.35267639160156
287 100.79906463623047
288 93.0452880859375
289 60.73789978027344
290 78.39927673339844
291 120.61425018310547
292 114.58354187011719
293 54.70718765258789
294 89.59916687011719
295 118.02967071533203
296 104.67595672607422
297 93.4760513305664
298 115.44507598876953
299 95.1991195678711
300 62.03019714355469
301 162.39846801757813
302 90.89146423339844
303 75.81468200683594
304 62.46095657348633
305 71.50702667236328
306 98.64523315429688
307 77.968505859375
308 62.46095657348633
309 118.02965545654297
310 115.01432037353516
311 110.27589416503906
312 85.29151153564453
313 57.722537994384766
314 79.69157409667969
315 83.13768768310547
316 131.38339233398438
317 78.83003234863281
318 86.15304565429688
319 96.49141693115234
320 58.1533088684082
321 81.84539031982422
322 63.322486877441406
323 70.21473693847656
324 90.8914566040039
325 63.32249450683594
326 88.306884765625
327 83.99922180175781
328 84.8607406616211
329 94.33759307861328
330 41.35346221923828
331 75.38391876220703
332 67.63013458251953
333 86.58381652832031
334 62.46096420288086
335 110.2759017944336
336 68.06090545654297
337 84.86074829101563
338 83.99920654296875
339 130.0911102294922
340 72.36856079101563
341 56.86100769042969
342 75.8146743774414
343 63.32249069213867
344 96.06065368652344
345 57.722537994384766
346 90.46070861816406
347 93.90682983398438
348 82.27615356445313
349 115.01432037353516
350 114.15279388427734
351 124.49114990234375
352 179.1983184814453
353 103.81440734863281
354 90.02996063232422
355 56.86101531982422
356 71.50702667236328
357 77.53773498535156
358 85.72228240966797
359 108.12207794189453
360 73.66085815429688
361 74.9531478881836
362 115.4450912475586
363 78.83003234863281
364 98.6452407836914
365 97.78372192382813
366 117.59890747070313
367 87.87610626220703
368 68.06090545654297
369 130.09109497070313
370 78.39927673339844
371 115.01431274414063
372 113.29125213623047
373 155.0754852294922
374 128.79879760742188
375 158.5216064453125
376 96.49140930175781
377 98.6452407836914
378 97.78370666503906
379 93.90682220458984
380 78.83003234863281
381 90.460693359375
382 81.41461944580078
383 145.1678924560547
384 79.26081085205078
385 101.2298355102539
386 63.753257751464844
387 106.82978820800781
388 82.27615356445313
389 64.61479187011719
390 63.322486877441406
391 120.61426544189453
392 94.76834869384766
393 108.98361206054688
394 69.35319519042969
395 84.86074829101563
396 107.69129943847656
397 58.584068298339844
398 62.891727447509766
399 71.07626342773438
400 117.5988998413086
401 91.75299835205078
402 59.876365661621094
403 90.02993774414063
404 86.15304565429688
405 66.33784484863281
406 87.44534301757813
407 85.72228240966797
408 90.46070098876953
409 97.7837142944336
410 71.93778228759766
411 77.10697174072266
412 86.58380889892578
413 100.36829376220703
414 96.49141693115234
415 85.29151153564453
416 68.06090545654297
417 65.9070816040039
418 60.73789596557617
419 123.1988525390625
420 92.18375396728516
421 140.42947387695313
422 89.59916687011719
423 71.93778991699219
424 66.33784484863281
425 77.96851348876953
426 85.29151916503906
427 167.13690185546875
428 122.76808166503906
429 84.86074829101563
430 66.76860809326172
431 136.12181091308594
432 105.53748321533203
433 65.47631072998047
434 123.6296157836914
435 77.10697937011719
436 58.1533088684082
437 109.41436004638672
438 105.10671997070313
439 93.0452880859375
440 108.98360443115234
441 127.50650024414063
442 161.106201171875
443 102.95289611816406
444 119.32196044921875
445 95.19911193847656
446 74.95315551757813
447 97.78370666503906
448 109.41436767578125
449 89.16841125488281
450 103.81441497802734
451 114.58354949951172
452 50.83030319213867
453 93.90682220458984
454 126.64498138427734
455 102.52212524414063
456 44.36881637573242
457 89.16840362548828
458 83.13768768310547
459 106.82978057861328
460 134.39877319335938
461 119.32198333740234
462 74.95314025878906
463 73.66085052490234
464 139.9987030029297
465 91.75299072265625
466 152.06015014648438
467 95.6298828125
468 63.75325012207031
469 82.70692443847656
470 111.13742065429688
471 81.41462707519531
472 118.02967834472656
473 86.15303802490234
474 83.5684585571289
475 119.75272369384766
476 71.50702667236328
477 70.21473693847656
478 81.41461944580078
479 88.306884765625
480 125.3526840209961
481 62.89173126220703
482 83.99921417236328
483 91.32222747802734
484 115.0143051147461
485 45.230350494384766
486 49.538002014160156
487 77.53775024414063
488 103.8144302368164
489 117.16813659667969
490 93.04528045654297
491 132.24493408203125
492 113.29125213623047
493 64.61478424072266
494 68.92243957519531
495 71.07626342773438
496 83.56845092773438
497 68.92243957519531
498 80.55309295654297
499 155.93701171875
500 80.98387145996094
501 62.46095657348633
502 71.93778991699219
503 60.73789596557617
504 96.92217254638672
505 132.2449188232422
506 60.30712890625
507 87.4453353881836
508 98.6452407836914
509 139.1371612548828
510 79.69155883789063
511 51.69182586669922
512 77.968505859375
513 106.82976531982422
514 96.06063842773438
515 106.82977294921875
516 67.63013458251953
517 70.21473693847656
518 142.5832977294922
519 71.93778991699219
520 107.26054382324219
521 133.53721618652344
522 74.09162902832031
523 75.38391876220703
524 101.66059112548828
525 110.27589416503906
526 82.70691680908203
527 106.3990249633789
528 68.49166870117188
529 69.35320281982422
530 55.13794708251953
531 107.6913070678711
532 81.41462707519531
533 60.307132720947266
534 64.18401336669922
535 125.3526840209961
536 124.92191314697266
537 52.122589111328125
538 118.02967071533203
539 69.78396606445313
540 127.50650787353516
541 91.75299835205078
542 129.6603240966797
543 52.12259292602539
544 59.014835357666016
545 165.41383361816406
546 108.98359680175781
547 91.32221984863281
548 137.84486389160156
549 73.66085815429688
550 56.86101150512695
551 117.59890747070313
552 129.6603546142578
553 69.35321044921875
554 112.42972564697266
555 75.8146743774414
556 66.33784484863281
557 60.73789596557617
558 48.245704650878906
559 64.61478424072266
560 40.4919319152832
561 76.67620849609375
562 125.78343963623047
563 50.399532318115234
564 87.01457977294922
565 61.16865921020508
566 77.53773498535156
567 66.76861572265625
568 85.29151153564453
569 121.90655517578125
570 106.3990249633789
571 155.93701171875
572 105.10672760009766
573 59.876373291015625
574 84.86075592041016
575 95.19911193847656
576 110.7066650390625
577 78.3992691040039
578 66.76860809326172
579 89.16841125488281
580 89.59916687011719
581 124.49114990234375
582 91.32222747802734
583 91.32221984863281
584 114.58355712890625
585 53.414886474609375
586 83.56845092773438
587 95.19911193847656
588 99.93753051757813
589 138.275634765625
590 89.16840362548828
591 81.84539031982422
592 65.476318359375
593 52.98412322998047
594 77.5377426147461
595 87.87611389160156
596 83.99921417236328
597 93.47606658935547
598 68.0609130859375
599 88.30686950683594
600 95.19910430908203
601 75.81468200683594
602 97.78370666503906
603 122.33732604980469
604 95.19911193847656
605 87.87610626220703
606 84.42998504638672
607 80.98385620117188
608 74.09162139892578
609 72.3685531616211
610 106.39900207519531
611 113.29125213623047
612 84.42998504638672
613 112.42973327636719
614 103.81441497802734
615 71.50702667236328
616 120.61426544189453
617 103.81441497802734
618 99.50677490234375
619 133.96798706054688
620 94.33757781982422
621 107.6913070678711
622 70.64549255371094
623 59.876365661621094
624 74.52237701416016
625 49.538002014160156
626 203.32119750976563
627 92.18376159667969
628 144.73712158203125
629 96.06063842773438
630 71.93779754638672
631 60.73789978027344
632 95.19910430908203
633 118.46044158935547
634 87.4453353881836
635 127.93727111816406
636 111.56819915771484
637 78.3992691040039
638 52.12260055541992
639 64.18402099609375
640 113.72203063964844
641 143.0140380859375
642 151.62936401367188
643 63.322486877441406
644 143.87559509277344
645 93.4760513305664
646 134.8295135498047
647 89.59915924072266
648 82.70691680908203
649 63.753257751464844
650 79.69157409667969
651 70.64550018310547
652 67.63013458251953
653 80.12232971191406
654 113.7220230102539
655 62.03019332885742
656 73.23008728027344
657 149.47555541992188
658 90.460693359375
659 108.98360443115234
660 70.21472930908203
661 108.5528335571289
662 105.53749084472656
663 72.3685531616211
664 57.72254180908203
665 116.73737335205078
666 102.52212524414063
667 100.36830139160156
668 118.02967834472656
669 90.0299301147461
670 84.42997741699219
671 76.67620086669922
672 98.21446990966797
673 146.89093017578125
674 66.76860809326172
675 99.07600402832031
676 60.73789596557617
677 55.56871032714844
678 84.86074829101563
679 89.16838836669922
680 99.07601165771484
681 124.06039428710938
682 86.15303802490234
683 120.18348693847656
684 94.76834869384766
685 76.67620849609375
686 78.39926147460938
687 112.42972564697266
688 41.35346221923828
689 90.89146423339844
690 99.07600402832031
691 59.014835357666016
692 44.799583435058594
693 89.16839599609375
694 82.70691680908203
695 93.0452880859375
696 86.58381652832031
697 86.15304565429688
698 99.07600402832031
699 67.19937896728516
700 62.891719818115234
701 80.55308532714844
702 117.16815185546875
703 45.230350494384766
704 72.36856079101563
705 110.27589416503906
706 74.95315551757813
707 58.58407211303711
708 91.75299072265625
709 136.1217803955078
710 99.50676727294922
711 85.2915267944336
712 99.93751525878906
713 115.4450912475586
714 112.42972564697266
715 83.13768768310547
716 124.06037902832031
717 85.29151916503906
718 53.84565734863281
719 117.59890747070313
720 80.98387145996094
721 83.99922180175781
722 102.52212524414063
723 68.92243957519531
724 109.41436004638672
725 139.13717651367188
726 69.35319519042969
727 104.24517059326172
728 149.47552490234375
729 52.98412322998047
730 106.82977294921875
731 77.96851348876953
732 110.27590942382813
733 95.62989044189453
734 84.42997741699219
735 102.52212524414063
736 150.767822265625
737 123.1988525390625
738 94.33758544921875
739 105.10670471191406
740 89.16840362548828
741 75.8146743774414
742 64.61478424072266
743 120.1834945678711
744 143.44482421875
745 93.04528045654297
746 124.06038665771484
747 74.52237701416016
748 69.78397369384766
749 87.44534301757813
750 54.707191467285156
751 96.0606460571289
752 104.67594909667969
753 69.78396606445313
754 77.968505859375
755 111.13744354248047
756 101.22984313964844
757 111.56819152832031
758 94.76834869384766
759 77.96849822998047
760 139.9987030029297
761 87.44534301757813
762 107.6913070678711
763 84.86074829101563
764 84.42998504638672
765 87.44534301757813
766 153.35243225097656
767 113.72201538085938
768 74.09162139892578
769 124.92191314697266
770 79.69157409667969
771 104.67596435546875
772 85.72227478027344
773 105.53749084472656
774 95.6298828125
775 82.27616119384766
776 84.86074829101563
777 113.7220230102539
778 46.522647857666016
779 58.1533088684082
780 57.291778564453125
781 74.09162139892578
782 48.245704650878906
783 70.21472930908203
784 74.9531478881836
785 59.87636947631836
786 62.46096420288086
787 115.87583923339844
788 96.92218780517578
789 101.66059875488281
790 86.1530532836914
791 91.32221984863281
792 135.26028442382813
793 88.30686950683594
794 125.35266876220703
795 136.12181091308594
796 73.23009490966797
797 84.86074829101563
798 86.58381652832031
799 72.7993392944336
800 76.24544525146484
801 90.460693359375
802 94.76835632324219
803 97.78369903564453
804 97.35294342041016
805 69.78397369384766
806 58.58407211303711
807 37.4765739440918
808 127.07575225830078
809 41.78423309326172
810 87.01457214355469
811 70.21473693847656
812 70.64550018310547
813 71.07626342773438
814 80.98385620117188
815 81.41462707519531
816 65.90707397460938
817 107.26054382324219
818 43.93805694580078
819 77.968505859375
820 43.07651901245117
821 123.62960815429688
822 107.26054382324219
823 129.66033935546875
824 101.22984313964844
825 73.2300796508789
826 86.58381652832031
827 94.76834106445313
828 40.922698974609375
829 68.0609130859375
830 66.76860809326172
831 72.79933166503906
832 74.52238464355469
833 46.95341110229492
834 103.81442260742188
835 68.06090545654297
836 50.830299377441406
837 65.9070816040039
838 98.21446228027344
839 91.75298309326172
840 90.46068572998047
841 119.32196044921875
842 158.5216064453125
843 149.04476928710938
844 123.62960052490234
845 84.86074829101563
846 93.90682220458984
847 122.33731842041016
848 116.3066177368164
849 143.87557983398438
850 90.89144897460938
851 56.43024444580078
852 34.46121597290039
853 74.52238464355469
854 93.0452880859375
855 85.72228240966797
856 115.01431274414063
857 76.24544525146484
858 66.76860809326172
859 84.42999267578125
860 99.50677490234375
861 93.4760513305664
862 58.1533088684082
863 119.32196807861328
864 90.8914566040039
865 110.27591705322266
866 98.64523315429688
867 136.55259704589844
868 47.81494140625
869 48.67647171020508
870 73.23008728027344
871 94.33759307861328
872 109.41436767578125
873 120.6142807006836
874 180.49063110351563
875 88.73764038085938
876 141.7217559814453
877 114.15278625488281
878 114.58354949951172
879 71.93779754638672
880 72.36856079101563
881 66.33784484863281
882 64.61478424072266
883 73.23008728027344
884 57.29177474975586
885 45.230350494384766
886 102.09136962890625
887 78.83002471923828
888 59.44559860229492
889 97.78370666503906
890 133.1064453125
891 78.39927673339844
892 109.84513854980469
893 115.87584686279297
894 77.5377426147461
895 124.49115753173828
896 99.93753051757813
897 125.78346252441406
898 65.47631072998047
899 86.58381652832031
900 105.1067123413086
901 92.61451721191406
902 111.99894714355469
903 121.47579956054688
904 103.38365173339844
905 74.95315551757813
906 66.76860809326172
907 66.33784484863281
908 117.16813659667969
909 101.66059112548828
910 69.35320281982422
911 91.75299835205078
912 85.29151153564453
913 100.36829376220703
914 130.52188110351563
915 86.58381652832031
916 51.26106643676758
917 103.81442260742188
918 71.93778991699219
919 92.18376159667969
920 83.99922180175781
921 96.0606460571289
922 91.75299835205078
923 111.56819915771484
924 53.414886474609375
925 106.82976531982422
926 100.79905700683594
927 148.1832275390625
928 111.13744354248047
929 78.83003997802734
930 77.10697937011719
931 82.27616119384766
932 82.70692443847656
933 90.89146423339844
934 106.39901733398438
935 102.52212524414063
936 87.87610626220703
937 76.67620849609375
938 76.24544525146484
939 103.81441497802734
940 87.01458740234375
941 89.59917449951172
942 58.584068298339844
943 65.47631072998047
944 84.42998504638672
945 77.5377426147461
946 110.7066650390625
947 122.76810455322266
948 39.630401611328125
949 127.9372787475586
950 130.52186584472656
951 74.52237701416016
952 98.21446990966797
953 103.38365936279297
954 106.82977294921875
955 68.49166107177734
956 117.16815185546875
957 108.1220703125
958 96.92217254638672
959 101.66059112548828
960 115.87584686279297
961 104.67595672607422
962 76.67621612548828
963 63.322486877441406
964 101.66059875488281
965 106.82976531982422
966 118.46043395996094
967 112.42971801757813
968 127.93727111816406
969 52.12259292602539
970 57.291770935058594
971 121.04500579833984
972 131.3833770751953
973 64.18402099609375
974 80.55310821533203
975 78.39927673339844
976 77.10697937011719
977 87.44534301757813
978 42.64575958251953
979 50.830299377441406
980 66.33784484863281
981 112.42974090576172
982 61.16866683959961
983 69.7839584350586
984 67.19937133789063
985 119.32197570800781
986 71.07625579833984
987 94.33757781982422
988 102.09136962890625
989 63.753257751464844
990 66.33785247802734
991 123.19886016845703
992 58.584075927734375
993 113.72201538085938
994 92.61450958251953
995 70.21472930908203
996 96.92218017578125
997 136.55258178710938
998 67.63014221191406
999 130.95263671875
1000 97.78370666503906
1001 116.30661010742188
1002 116.30661010742188
