# Selection 1:name C1A D2A C3A C4A C1B C2B C3B C4B Selection 2:name AUC AUSL AUL Cutoff:8 Start:0 End:-1
0 8
1 8
2 32
3 20
4 18
5 20
6 27
7 26
8 27
9 30
10 22
11 27
12 36
13 13
14 24
15 20
16 29
17 27
18 21
19 21
20 25
21 20
22 25
23 23
24 28
25 30
26 23
27 25
28 17
29 21
30 21
31 21
32 17
33 20
34 23
35 21
36 24
37 23
38 20
39 23
40 24
41 15
42 27
43 18
44 33
45 36
46 39
47 32
48 34
49 34
50 26
51 35
52 27
53 32
54 31
55 36
56 27
57 24
58 26
59 24
60 29
61 32
62 27
63 24
64 27
65 25
66 26
67 18
68 26
69 23
70 20
71 12
72 21
73 24
74 27
75 21
76 20
77 26
78 27
79 19
80 24
81 22
82 32
83 30
84 28
85 25
86 25
87 20
88 28
89 24
90 30
91 25
92 23
93 18
94 19
95 20
96 25
97 32
98 27
99 26
100 19
101 22
102 11
103 20
104 26
105 18
106 18
107 21
108 25
109 16
110 30
111 26
112 29
113 16
114 31
115 32
116 24
117 24
118 26
119 28
120 16
121 18
122 28
123 29
124 20
125 20
126 21
127 18
128 22
129 20
130 28
131 25
132 24
133 28
134 28
135 26
136 29
137 17
138 24
139 17
140 22
141 25
142 25
143 25
144 24
145 29
146 21
147 26
148 23
149 27
150 23
151 27
152 22
153 27
154 19
155 20
156 22
157 22
158 19
159 24
160 18
161 21
162 29
163 22
164 26
165 21
166 21
167 24
168 19
169 15
170 21
171 24
172 25
173 24
174 22
175 27
176 22
177 22
178 24
179 19
180 22
181 14
182 29
183 24
184 25
185 24
186 23
187 16
188 26
189 24
190 20
191 26
192 33
193 26
194 24
195 24
196 23
197 27
198 24
199 18
200 21
201 29
202 21
203 24
204 26
205 24
206 26
207 18
208 20
209 19
210 26
211 20
212 27
213 31
214 25
215 31
216 20
217 18
218 23
219 18
220 16
221 20
222 20
223 19
224 24
225 20
226 20
227 30
228 21
229 28
230 19
231 27
232 24
233 19
234 28
235 26
236 23
237 20
238 19
239 25
240 17
241 28
242 18
243 17
244 17
245 19
246 24
247 20
248 20
249 27
250 25
251 22
252 17
253 24
254 29
255 27
256 22
257 24
258 25
259 27
260 18
261 21
262 21
263 27
264 22
265 19
266 21
267 31
268 28
269 26
270 28
271 22
272 23
273 21
274 26
275 30
276 23
277 22
278 19
279 29
280 24
281 19
282 19
283 24
284 27
285 27
286 27
287 27
288 24
289 20
290 25
291 31
292 21
293 24
294 28
295 27
296 25
297 28
298 19
299 31
300 26
301 16
302 26
303 18
304 22
305 18
306 30
307 16
308 18
309 26
310 18
311 29
312 21
313 21
314 24
315 23
316 26
317 22
318 24
319 26
320 25
321 24
322 21
323 20
324 23
325 23
326 21
327 23
328 21
329 27
330 14
331 25
332 24
333 24
334 25
335 25
336 25
337 23
338 23
339 25
340 31
341 21
342 22
343 22
344 23
345 18
346 25
347 19
348 26
349 27
350 20
351 22
352 28
353 27
354 25
355 17
356 18
357 29
358 31
359 36
360 19
361 22
362 33
363 26
364 33
365 27
366 30
367 30
368 35
369 28
370 23
371 32
372 35
373 33
374 29
375 33
376 35
377 21
378 31
379 28
380 24
381 30
382 24
383 27
384 23
385 28
386 27
387 23
388 24
389 22
390 22
391 22
392 24
393 22
394 22
395 22
396 20
397 25
398 27
399 24
400 30
401 31
402 24
403 18
404 26
405 18
406 24
407 25
408 23
409 24
410 17
411 25
412 23
413 21
414 26
415 22
416 26
417 22
418 19
419 26
420 22
421 25
422 26
423 19
424 21
425 16
426 24
427 31
428 22
429 18
430 16
431 26
432 24
433 19
434 24
435 23
436 23
437 21
438 31
439 25
440 35
441 29
442 38
443 30
444 37
445 30
446 21
447 25
448 32
449 25
450 34
451 34
452 21
453 29
454 31
455 27
456 18
457 22
458 28
459 32
460 37
461 30
462 29
463 23
464 24
465 22
466 22
467 19
468 19
469 21
470 22
471 27
472 27
473 25
474 23
475 19
476 26
477 27
478 25
479 21
480 18
481 25
482 20
483 25
484 30
485 16
486 16
487 27
488 31
489 20
490 25
491 28
492 28
493 21
494 28
495 19
496 23
497 24
498 19
499 31
500 26
501 21
502 25
503 16
504 27
505 29
506 23
507 21
508 26
509 28
510 25
511 23
512 24
513 29
514 27
515 19
516 23
517 28
518 29
519 23
520 21
521 27
522 21
523 25
524 20
525 28
526 25
527 29
528 23
529 18
530 19
531 22
532 19
533 20
534 26
535 27
536 24
537 16
538 27
539 25
540 25
541 19
542 27
543 20
544 22
545 31
546 19
547 19
548 21
549 27
550 24
551 33
552 26
553 24
554 24
555 27
556 21
557 27
558 17
559 19
560 22
561 17
562 20
563 18
564 22
565 17
566 22
567 23
568 26
569 32
570 34
571 28
572 23
573 24
574 18
575 23
576 23
577 25
578 23
579 29
580 22
581 31
582 22
583 35
584 25
585 21
586 27
587 25
588 27
589 30
590 22
591 24
592 24
593 17
594 18
595 23
596 18
597 25
598 21
599 25
600 27
601 16
602 26
603 20
604 19
605 20
606 21
607 30
608 21
609 28
610 15
611 26
612 26
613 21
614 22
615 20
616 29
617 24
618 21
619 32
620 22
621 28
622 17
623 22
624 14
625 16
626 26
627 30
628 27
629 30
630 32
631 25
632 20
633 22
634 19
635 27
636 27
637 25
638 22
639 18
640 28
641 25
642 33
643 22
644 31
645 23
646 18
647 27
648 24
649 20
650 24
651 25
652 25
653 22
654 24
655 21
656 21
657 27
658 30
659 23
660 27
661 21
662 21
663 23
664 21
665 28
666 26
667 20
668 30
669 25
670 26
671 22
672 16
673 27
674 23
675 25
676 18
677 20
678 22
679 24
680 24
681 27
682 25
683 24
684 23
685 23
686 19
687 18
688 23
689 24
690 28
691 23
692 20
693 18
694 16
695 29
696 20
697 31
698 24
699 18
700 18
701 22
702 23
703 19
704 23
705 29
706 19
707 19
708 23
709 26
710 21
711 28
712 22
713 25
714 24
715 16
716 24
717 27
718 18
719 28
720 24
721 26
722 30
723 20
724 30
725 32
726 27
727 18
728 23
729 22
730 26
731 23
732 22
733 29
734 23
735 21
736 26
737 23
738 27
739 26
740 22
741 11
742 24
743 22
744 36
745 23
746 21
747 23
748 24
749 23
750 19
751 24
752 31
753 21
754 24
755 26
756 27
757 25
758 25
759 26
760 24
761 18
762 26
763 22
764 31
765 25
766 30
767 22
768 24
769 29
770 25
771 26
772 26
773 19
774 25
775 21
776 20
777 27
778 17
779 20
780 24
781 22
782 18
783 17
784 19
785 26
786 20
787 27
788 20
789 25
790 23
791 26
792 26
793 26
794 24
795 26
796 25
797 27
798 24
799 21
800 23
801 17
802 28
803 25
804 26
805 17
806 19
807 20
808 29
809 16
810 28
811 23
812 22
813 23
814 30
815 25
816 16
817 19
818 19
819 18
820 14
821 26
822 23
823 31
824 23
825 21
826 17
827 23
828 24
829 19
830 26
831 17
832 24
833 17
834 26
835 21
836 21
837 32
838 29
839 25
840 26
841 24
842 31
843 26
844 21
845 24
846 20
847 26
848 24
849 28
850 26
851 19
852 18
853 24
854 24
855 24
856 33
857 20
858 20
859 20
860 31
861 26
862 26
863 24
864 29
865 22
866 18
867 32
868 25
869 22
870 25
871 24
872 19
873 32
874 22
875 22
876 25
877 18
878 25
879 20
880 17
881 23
882 24
883 18
884 16
885 20
886 23
887 24
888 18
889 26
890 21
891 26
892 23
893 23
894 24
895 25
896 23
897 23
898 19
899 26
900 29
901 26
902 29
903 20
904 24
905 22
906 27
907 26
908 29
909 24
910 23
911 20
912 17
913 21
914 26
915 17
916 15
917 26
918 22
919 28
920 23
921 26
922 25
923 29
924 20
925 32
926 34
927 31
928 26
929 20
930 27
931 15
932 25
933 23
934 31
935 29
936 22
937 25
938 21
939 22
940 21
941 22
942 23
943 27
944 32
945 29
946 30
947 29
948 17
949 31
950 22
951 25
952 22
953 23
954 23
955 27
956 21
957 22
958 25
959 24
960 24
961 26
962 24
963 23
964 27
965 20
966 25
967 30
968 26
969 19
970 24
971 21
972 25
973 20
974 22
975 28
976 23
977 22
978 17
979 22
980 23
981 17
982 20
983 20
984 19
985 23
986 17
987 24
988 24
989 19
990 17
991 19
992 24
993 28
994 24
995 24
996 22
997 24
998 20
999 26
1000 25
1001 23
1002 23
