# Selection:resname AU POPC Restricted:name AUC AUL AUSL Radius:2.64 Start:0 End:-1
0 356.2428283691406
1 355.3812561035156
2 255.44375610351563
3 316.1817321777344
4 214.52105712890625
5 304.1202392578125
6 295.07415771484375
7 174.02914428710938
8 258.889892578125
9 223.99789428710938
10 284.3050537109375
11 249.8438262939453
12 263.6282958984375
13 312.7355651855469
14 290.33575439453125
15 291.197265625
16 289.9050598144531
17 226.1517333984375
18 268.36669921875
19 338.1507263183594
20 299.8126220703125
21 260.6129455566406
22 242.52081298828125
23 330.8277282714844
24 248.1207733154297
25 302.39715576171875
26 369.5965881347656
27 329.9662170410156
28 325.65850830078125
29 276.55126953125
30 239.50546264648438
31 291.6280822753906
32 310.1509704589844
33 269.6590270996094
34 178.33680725097656
35 334.2738037109375
36 281.720458984375
37 352.7967529296875
38 284.7358093261719
39 378.6426086425781
40 222.70565795898438
41 302.8279724121094
42 320.4892883300781
43 269.65899658203125
44 185.22903442382813
45 234.76702880859375
46 186.52134704589844
47 212.3672637939453
48 232.18246459960938
49 200.3058319091797
50 259.7514343261719
51 225.7209930419922
52 245.10540771484375
53 276.1205139160156
54 203.32118225097656
55 259.7514343261719
56 289.4742431640625
57 298.08953857421875
58 276.12054443359375
59 310.58172607421875
60 313.5970764160156
61 270.08978271484375
62 285.5973205566406
63 236.92086791992188
64 263.1975402832031
65 289.905029296875
66 265.78216552734375
67 382.51953125
68 381.6579895019531
69 275.25897216796875
70 289.4742736816406
71 343.7506408691406
72 264.48980712890625
73 323.0739440917969
74 320.92010498046875
75 307.56634521484375
76 290.7665100097656
77 346.7659912109375
78 331.6892395019531
79 283.0127868652344
80 312.3047790527344
81 337.2891845703125
82 150.33706665039063
83 274.8282470703125
84 187.81365966796875
85 274.3974304199219
86 266.2129211425781
87 340.30450439453125
88 343.7506408691406
89 292.48956298828125
90 323.9354553222656
91 283.874267578125
92 364.4273681640625
93 362.2735290527344
94 344.181396484375
95 279.1358642578125
96 245.53616333007813
97 308.85870361328125
98 342.4583435058594
99 276.9820556640625
100 314.8893737792969
101 307.1355895996094
102 317.043212890625
103 297.22802734375
104 278.7051086425781
105 304.1202392578125
106 242.9515838623047
107 325.6585388183594
108 238.21316528320313
109 305.4125061035156
110 235.62855529785156
111 269.6590576171875
112 256.7360534667969
113 282.58197021484375
114 378.642578125
115 259.3207092285156
116 289.04345703125
117 354.5198059082031
118 307.1356201171875
119 357.9659118652344
120 361.4120178222656
121 330.82769775390625
122 258.4591369628906
123 251.99766540527344
124 298.9510498046875
125 357.96588134765625
126 370.0273132324219
127 235.19781494140625
128 289.04345703125
129 264.4898376464844
130 323.50469970703125
131 368.30426025390625
132 274.3974609375
133 271.3821105957031
134 305.4125061035156
135 403.6269836425781
136 395.87322998046875
137 281.28973388671875
138 355.81207275390625
139 344.6121826171875
140 324.3661804199219
141 222.27484130859375
142 333.843017578125
143 287.75115966796875
144 266.212890625
145 235.6285858154297
146 280.85894775390625
147 239.07472229003906
148 313.5970458984375
149 220.1210174560547
150 183.936767578125
151 275.25897216796875
152 297.22802734375
153 171.44454956054688
154 181.78292846679688
155 272.67437744140625
156 218.39797973632813
157 298.9510192871094
158 287.75115966796875
159 230.02862548828125
160 215.3826141357422
161 313.5970764160156
162 258.889892578125
163 337.7199401855469
164 320.0585632324219
165 307.5663757324219
166 308.4279479980469
167 256.736083984375
168 287.3204345703125
169 215.38258361816406
170 250.2745819091797
171 312.3047790527344
172 271.8128662109375
173 212.36724853515625
174 334.70458984375
175 375.6272888183594
176 309.72021484375
177 353.658203125
178 282.1512145996094
179 347.6275939941406
180 344.181396484375
181 340.7352600097656
182 227.01329040527344
183 297.22802734375
184 354.5198059082031
185 300.6741027832031
186 317.4739685058594
187 401.04241943359375
188 348.48907470703125
189 219.25950622558594
190 314.4585876464844
191 246.39772033691406
192 265.7821350097656
193 303.68951416015625
194 326.08929443359375
195 296.7972717285156
196 374.7657775878906
197 279.566650390625
198 356.24285888671875
199 425.1653137207031
200 308.4278564453125
201 362.2735900878906
202 388.5502624511719
203 309.72021484375
204 373.47344970703125
205 317.0431823730469
206 265.35137939453125
207 255.01300048828125
208 345.47369384765625
209 302.3971862792969
210 328.6738586425781
211 316.6124267578125
212 273.9666748046875
213 268.3667297363281
214 293.7818908691406
215 286.4588623046875
216 336.8584289550781
217 290.33575439453125
218 310.5817565917969
219 324.3662109375
220 285.1665954589844
221 323.07391357421875
222 295.5049133300781
223 297.6588134765625
224 309.72015380859375
225 332.12005615234375
226 285.1665954589844
227 264.9206237792969
228 259.3206481933594
229 262.7667541503906
230 328.67388916015625
231 357.53509521484375
232 336.42767333984375
233 363.1351013183594
234 329.1046142578125
235 271.8128356933594
236 362.704345703125
237 310.1509704589844
238 296.7972412109375
239 254.58226013183594
240 286.4588623046875
241 268.7975158691406
242 308.858642578125
243 392.85791015625
244 332.98150634765625
245 291.1972961425781
246 326.08929443359375
247 317.043212890625
248 379.0734558105469
249 296.7972717285156
250 328.24310302734375
251 349.3506164550781
252 326.52001953125
253 344.6121520996094
254 207.6288604736328
255 278.7051086425781
256 308.4278869628906
257 295.50494384765625
258 354.0890197753906
259 286.02813720703125
260 266.6437072753906
261 354.0890808105469
262 332.98150634765625
263 318.76629638671875
264 292.48956298828125
265 350.6429443359375
266 278.2743225097656
267 349.3506164550781
268 345.04296875
269 283.874267578125
270 276.9820556640625
271 206.767333984375
272 239.50550842285156
273 339.8738098144531
274 280.8589172363281
275 242.09007263183594
276 213.6595458984375
277 197.29046630859375
278 314.4586486816406
279 253.72073364257813
280 295.93572998046875
281 232.1824188232422
282 240.79776000976563
283 276.1205139160156
284 271.3821105957031
285 266.2129211425781
286 247.25924682617188
287 230.45938110351563
288 221.84408569335938
289 299.3818359375
290 314.4586181640625
291 242.5208282470703
292 288.6127014160156
293 356.6736755371094
294 281.2897033691406
295 248.55154418945313
296 324.3662109375
297 284.3050231933594
298 266.212890625
299 243.3823699951172
300 262.3360290527344
301 222.70562744140625
302 286.02813720703125
303 352.365966796875
304 304.9817810058594
305 311.0124816894531
306 282.1512451171875
307 276.55126953125
308 347.19677734375
309 282.1512145996094
310 344.6121520996094
311 313.16632080078125
312 312.73553466796875
313 351.5044250488281
314 321.350830078125
315 302.39715576171875
316 253.72068786621094
317 333.4122619628906
318 285.1665954589844
319 258.4591064453125
320 286.4588928222656
321 295.0741882324219
322 306.2740478515625
323 282.1512451171875
324 319.19696044921875
325 301.9664306640625
326 253.720703125
327 257.5976257324219
328 341.5968322753906
329 366.5812072753906
330 311.8740234375
331 330.8277282714844
332 297.6587829589844
333 399.3193664550781
334 368.30426025390625
335 306.7048645019531
336 336.8583984375
337 341.5967712402344
338 327.3815612792969
339 240.79779052734375
340 300.6741027832031
341 268.7975158691406
342 261.0437316894531
343 281.720458984375
344 342.4584045410156
345 288.6127014160156
346 186.52133178710938
347 255.01304626464844
348 255.01300048828125
349 304.5509948730469
350 342.8891296386719
351 291.6280822753906
352 217.10565185546875
353 193.41358947753906
354 214.9518585205078
355 340.73529052734375
356 341.1660461425781
357 251.56690979003906
358 237.78240966796875
359 196.42893981933594
360 306.704833984375
361 279.99737548828125
362 259.3206481933594
363 338.5814514160156
364 207.6288299560547
365 254.58224487304688
366 277.4128112792969
367 249.4130859375
368 234.76702880859375
369 274.3974304199219
370 223.567138671875
371 287.7511901855469
372 245.96693420410156
373 228.30557250976563
374 197.7212371826172
375 223.99789428710938
376 287.7511901855469
377 260.61297607421875
378 248.55154418945313
379 278.7051086425781
380 309.7201843261719
381 302.3971862792969
382 314.0278625488281
383 210.2134246826172
384 399.75018310546875
385 274.3974609375
386 331.689208984375
387 252.8591766357422
388 317.9047546386719
389 358.82745361328125
390 280.8589172363281
391 286.02813720703125
392 232.18246459960938
393 370.02734375
394 335.9968566894531
395 286.8896484375
396 317.90472412109375
397 348.9197998046875
398 378.6426696777344
399 345.04296875
400 239.07470703125
401 335.56610107421875
402 308.858642578125
403 258.4591064453125
404 357.96588134765625
405 296.3664855957031
406 171.44456481933594
407 247.69003295898438
408 296.7972106933594
409 270.08978271484375
410 255.44375610351563
411 304.9817810058594
412 301.9664001464844
413 293.35113525390625
414 305.4125061035156
415 329.5353698730469
416 320.9200744628906
417 264.4898376464844
418 340.73529052734375
419 273.9666748046875
420 237.7823944091797
421 257.5975646972656
422 329.9661560058594
423 319.197021484375
424 278.705078125
425 302.397216796875
426 242.09005737304688
427 225.29022216796875
428 206.33653259277344
429 287.32037353515625
430 384.2425231933594
431 225.72097778320313
432 250.7053680419922
433 281.7204284667969
434 231.7516632080078
435 295.5049133300781
436 357.5351257324219
437 164.12155151367188
438 308.42791748046875
439 250.27459716796875
440 217.10568237304688
441 241.65927124023438
442 192.12130737304688
443 240.3669891357422
444 245.1054229736328
445 237.78237915039063
446 288.18194580078125
447 262.33599853515625
448 216.24417114257813
449 270.08978271484375
450 180.0598602294922
451 242.9515838623047
452 298.5202941894531
453 315.3201904296875
454 278.27435302734375
455 328.2430419921875
456 361.41204833984375
457 312.3048095703125
458 240.7977752685547
459 257.1668395996094
460 149.4755401611328
461 245.5362091064453
462 300.24334716796875
463 320.05859375
464 238.2131805419922
465 331.25848388671875
466 186.5213623046875
467 330.39691162109375
468 259.7514343261719
469 295.5049743652344
470 253.28994750976563
471 315.75091552734375
472 363.1351013183594
473 308.42791748046875
474 327.81231689453125
475 262.7668151855469
476 323.5046691894531
477 317.90472412109375
478 310.1509704589844
479 293.35113525390625
480 267.0744323730469
481 354.9505310058594
482 246.82846069335938
483 280.8589172363281
484 301.53564453125
485 378.2118835449219
486 385.96563720703125
487 268.7974853515625
488 300.24334716796875
489 305.84332275390625
490 295.9356994628906
491 207.6288299560547
492 270.9512939453125
493 359.2581787109375
494 338.1507263183594
495 396.30401611328125
496 335.5660705566406
497 321.3508605957031
498 354.519775390625
499 283.874267578125
500 381.22723388671875
501 382.0887451171875
502 332.1199951171875
503 362.2735595703125
504 337.7199401855469
505 312.3047790527344
506 339.4430236816406
507 330.8276672363281
508 315.3201904296875
509 241.22850036621094
510 215.81336975097656
511 360.5504455566406
512 261.043701171875
513 214.95184326171875
514 310.5816955566406
515 304.551025390625
516 263.1975402832031
517 273.5359191894531
518 206.76731872558594
519 282.1512145996094
520 280.42816162109375
521 212.7980194091797
522 333.41229248046875
523 290.33575439453125
524 223.5671844482422
525 310.5816955566406
526 262.3360290527344
527 342.4583740234375
528 230.89016723632813
529 272.2436218261719
530 327.3815612792969
531 306.7048645019531
532 240.79774475097656
533 339.4430236816406
534 288.18194580078125
535 289.4742431640625
536 309.7201843261719
537 358.8274230957031
538 270.9513244628906
539 268.36669921875
540 188.67515563964844
541 283.01275634765625
542 225.29022216796875
543 317.90478515625
544 385.9656066894531
545 226.15174865722656
546 305.84332275390625
547 277.84356689453125
548 266.6436767578125
549 306.27410888671875
550 335.56610107421875
551 264.92059326171875
552 269.228271484375
553 335.99688720703125
554 292.9203186035156
555 324.79693603515625
556 313.5970764160156
557 332.9814758300781
558 416.5499572753906
559 365.2889099121094
560 380.79644775390625
561 299.8125915527344
562 230.0286102294922
563 344.1813659667969
564 288.6126403808594
565 357.9659118652344
566 316.1816711425781
567 277.41278076171875
568 304.1202392578125
569 347.6275634765625
570 244.6746368408203
571 227.44400024414063
572 234.33628845214844
573 301.1048889160156
574 290.33575439453125
575 252.8591766357422
576 237.7823944091797
577 263.6283264160156
578 270.5205383300781
579 309.72021484375
580 294.6434020996094
581 193.8443145751953
582 368.3042907714844
583 245.53619384765625
584 248.55154418945313
585 247.69000244140625
586 307.56640625
587 269.228271484375
588 242.95155334472656
589 216.6749267578125
590 253.72073364257813
591 441.5343322753906
592 362.2735595703125
593 367.4427185058594
594 261.04376220703125
595 342.027587890625
596 343.3198547363281
597 271.8128662109375
598 335.5660705566406
599 347.19677734375
600 279.99737548828125
601 334.7045593261719
602 310.58172607421875
603 255.44378662109375
604 304.9817810058594
605 290.76654052734375
606 251.13613891601563
607 272.2436218261719
608 246.397705078125
609 319.6278076171875
610 292.4895935058594
611 316.18170166015625
612 303.6894836425781
613 271.3820495605469
614 282.58197021484375
615 303.6894836425781
616 289.04345703125
617 335.56610107421875
618 311.4432373046875
619 215.38262939453125
620 261.90521240234375
621 312.735595703125
622 265.35137939453125
623 290.76654052734375
624 273.5359191894531
625 342.4583740234375
626 206.33653259277344
627 208.921142578125
628 236.4901123046875
629 256.3052978515625
630 214.95187377929688
631 288.61273193359375
632 238.2131805419922
633 206.76731872558594
634 296.7972717285156
635 244.24386596679688
636 274.8282165527344
637 308.85870361328125
638 259.3206481933594
639 323.50469970703125
640 300.24334716796875
641 292.4895935058594
642 245.53619384765625
643 329.535400390625
644 239.5054473876953
645 269.6590270996094
646 318.7662658691406
647 292.48956298828125
648 339.01220703125
649 282.1512145996094
650 245.10540771484375
651 284.3050537109375
652 316.181640625
653 291.1972961425781
654 239.50546264648438
655 319.1970520019531
656 314.4585876464844
657 208.05963134765625
658 254.58221435546875
659 276.1205749511719
660 293.35113525390625
661 224.4286651611328
662 330.39691162109375
663 258.889892578125
664 328.24310302734375
665 276.1205139160156
666 226.58251953125
667 287.75115966796875
668 293.7818908691406
669 290.76654052734375
670 315.75091552734375
671 337.719970703125
672 315.75091552734375
673 215.81338500976563
674 233.905517578125
675 312.3047790527344
676 312.3047790527344
677 301.53570556640625
678 307.99713134765625
679 317.043212890625
680 323.9354248046875
681 255.01300048828125
682 308.4278869628906
683 286.0281066894531
684 315.3201599121094
685 326.9507751464844
686 345.90447998046875
687 252.8592071533203
688 312.7355651855469
689 239.07469177246094
690 337.7199401855469
691 322.64312744140625
692 323.9354248046875
693 315.32012939453125
694 362.7043151855469
695 294.212646484375
696 347.1967468261719
697 371.7503967285156
698 323.504638671875
699 314.88934326171875
700 435.503662109375
701 321.78167724609375
702 324.7969665527344
703 326.52008056640625
704 264.4898376464844
705 261.043701171875
706 270.52056884765625
707 244.67465209960938
708 231.75169372558594
709 220.98255920410156
710 265.78216552734375
711 280.42816162109375
712 283.4435119628906
713 256.3053283691406
714 252.42845153808594
715 370.45806884765625
716 270.52056884765625
717 249.4130859375
718 368.7350769042969
719 339.0122375488281
720 338.58148193359375
721 285.1665954589844
722 328.2430725097656
723 275.2590026855469
724 287.3204040527344
725 277.8435363769531
726 342.8891296386719
727 278.2743225097656
728 304.12030029296875
729 344.61224365234375
730 255.0129852294922
731 348.9197998046875
732 223.56716918945313
733 293.3511047363281
734 206.76730346679688
735 280.8589172363281
736 276.1204833984375
737 275.68975830078125
738 306.704833984375
739 299.3818359375
740 270.08978271484375
741 288.18194580078125
742 236.92086791992188
743 292.4895935058594
744 244.67465209960938
745 260.61297607421875
746 319.197021484375
747 310.1509704589844
748 274.8282165527344
749 290.7665710449219
750 269.6590270996094
751 218.39794921875
752 220.9825439453125
753 389.4117736816406
754 301.5356750488281
755 247.25926208496094
756 308.85870361328125
757 300.24334716796875
758 273.10516357421875
759 359.6889953613281
760 244.24388122558594
761 281.2897033691406
762 256.7360534667969
763 243.81312561035156
764 331.2584228515625
765 325.65850830078125
766 220.5518035888672
767 312.73553466796875
768 296.3664855957031
769 297.6588134765625
770 246.8284912109375
771 277.8435974121094
772 273.10516357421875
773 329.1046447753906
774 264.48980712890625
775 273.1051330566406
776 264.0590515136719
777 262.76678466796875
778 329.9662170410156
779 276.9820556640625
780 265.78216552734375
781 286.8896789550781
782 343.3199462890625
783 311.0124816894531
784 360.9812927246094
785 321.3507995605469
786 326.08929443359375
787 325.658447265625
788 279.9974060058594
789 343.3199157714844
790 267.0744323730469
791 203.32118225097656
792 245.9669189453125
793 283.44354248046875
794 251.99766540527344
795 245.10540771484375
796 295.9356994628906
797 228.30557250976563
798 265.7821350097656
799 266.212890625
800 325.22772216796875
801 318.7662658691406
802 305.41253662109375
803 283.0127258300781
804 305.4125671386719
805 357.1044006347656
806 340.7352600097656
807 429.0422668457031
808 294.2126159667969
809 354.5198059082031
810 315.3201904296875
811 286.8896179199219
812 319.197021484375
813 394.58099365234375
814 314.889404296875
815 328.24310302734375
816 327.381591796875
817 263.6283264160156
818 352.79669189453125
819 363.1351013183594
820 352.365966796875
821 272.24365234375
822 216.244140625
823 212.79803466796875
824 234.7670440673828
825 302.82794189453125
826 304.551025390625
827 267.9359436035156
828 280.8589172363281
829 281.7204284667969
830 302.3971862792969
831 286.4588928222656
832 328.24310302734375
833 388.55029296875
834 279.1358642578125
835 260.6129455566406
836 383.3810729980469
837 295.9356994628906
838 230.89016723632813
839 307.9971618652344
840 304.5509948730469
841 267.93597412109375
842 222.7056427001953
843 254.5822296142578
844 252.4284210205078
845 372.18115234375
846 261.0437316894531
847 257.1668395996094
848 301.9664306640625
849 261.9052429199219
850 265.3513488769531
851 311.0124816894531
852 391.13482666015625
853 311.01251220703125
854 355.81207275390625
855 332.98150634765625
856 255.87454223632813
857 317.9047546386719
858 385.53485107421875
859 254.15147399902344
860 312.3047790527344
861 240.79774475097656
862 323.50469970703125
863 296.7972106933594
864 354.08905029296875
865 316.181640625
866 314.4586181640625
867 284.3050231933594
868 283.8742370605469
869 307.1355895996094
870 348.0583190917969
871 289.9049987792969
872 337.2891845703125
873 245.10540771484375
874 285.16656494140625
875 304.98175048828125
876 245.96693420410156
877 259.7514343261719
878 316.6124267578125
879 295.50494384765625
880 345.9045104980469
881 338.5814514160156
882 322.21240234375
883 301.9664001464844
884 318.7662658691406
885 370.4580993652344
886 332.98150634765625
887 301.9664306640625
888 374.7657775878906
889 376.0579833984375
890 329.9661560058594
891 373.9042053222656
892 273.9666748046875
893 323.93548583984375
894 353.658203125
895 243.3823699951172
896 331.25848388671875
897 211.50572204589844
898 351.50445556640625
899 311.8739929199219
900 293.35113525390625
901 237.35165405273438
902 245.9669189453125
903 253.28997802734375
904 328.24310302734375
905 273.1051330566406
906 268.7974853515625
907 270.9512939453125
908 239.07470703125
909 239.93624877929688
910 337.2891540527344
911 316.6124267578125
912 376.9195556640625
913 238.6439208984375
914 264.0590515136719
915 277.8435363769531
916 314.4585876464844
917 267.5052490234375
918 356.2428283691406
919 276.5513000488281
920 246.82847595214844
921 289.905029296875
922 305.84332275390625
923 298.9510498046875
924 314.8893737792969
925 214.52108764648438
926 259.7514343261719
927 247.6900177001953
928 317.47393798828125
929 292.058837890625
930 286.8896484375
931 290.7665100097656
932 339.8737487792969
933 307.1355895996094
934 269.2282409667969
935 237.78240966796875
936 270.08978271484375
937 324.7969970703125
938 317.043212890625
939 225.72100830078125
940 292.4895935058594
941 337.71990966796875
942 330.8276672363281
943 330.8276672363281
944 295.0741882324219
945 293.7818908691406
946 245.53616333007813
947 198.15200805664063
948 350.21209716796875
949 260.1822204589844
950 288.18194580078125
951 285.59735107421875
952 241.65927124023438
953 223.56715393066406
954 228.73635864257813
955 301.1048889160156
956 286.8896484375
957 262.3360290527344
958 345.0429382324219
959 276.1204833984375
960 267.5052185058594
961 276.55126953125
962 305.41259765625
963 330.3969421386719
964 264.9206237792969
965 301.9664306640625
966 286.4588928222656
967 283.44354248046875
968 228.30557250976563
969 344.1814270019531
970 291.6280517578125
971 282.58197021484375
972 286.4588317871094
973 322.6431579589844
974 351.9352111816406
975 327.81231689453125
976 303.2586975097656
977 385.9656677246094
978 382.08880615234375
979 289.4742431640625
980 321.35089111328125
981 292.4895935058594
982 241.22853088378906
983 390.7041015625
984 292.4895935058594
985 317.90472412109375
986 232.6132354736328
987 255.01300048828125
988 263.19757080078125
989 320.48931884765625
990 314.02783203125
991 241.228515625
992 305.84332275390625
993 254.1514892578125
994 337.7199401855469
995 312.73553466796875
996 314.4586181640625
997 313.1663513183594
998 361.4120178222656
999 248.55152893066406
1000 266.212890625
1001 319.197021484375
1002 319.197021484375
