# Selection:resname AU W ION Restricted:name AUC AUL AUSL Radius:2.64 Start:0 End:-1
0 211.5057373046875
1 211.93649291992188
2 94.76834869384766
3 48.24571228027344
4 49.538002014160156
5 46.52264404296875
6 55.56871795654297
7 87.44534301757813
8 40.922698974609375
9 77.10697937011719
10 86.1530532836914
11 74.52238464355469
12 42.21499252319336
13 67.19937133789063
14 49.10723876953125
15 15.507547378540039
16 26.27667808532715
17 65.9070816040039
18 59.87636947631836
19 90.460693359375
20 41.78422927856445
21 23.692087173461914
22 87.87610626220703
23 78.39926147460938
24 63.32249069213867
25 105.96824645996094
26 75.81468200683594
27 54.27642059326172
28 39.630409240722656
29 56.86101150512695
30 60.73789596557617
31 71.93779754638672
32 55.568721771240234
33 51.69182586669922
34 52.55336380004883
35 48.24570846557617
36 45.66111755371094
37 63.753257751464844
38 87.01457214355469
39 89.16840362548828
40 81.84539031982422
41 62.03019714355469
42 42.214996337890625
43 62.46095657348633
44 84.42997741699219
45 39.19963455200195
46 100.36829376220703
47 73.23008728027344
48 40.92269515991211
49 56.43024444580078
50 35.32274627685547
51 38.76886749267578
52 20.24596405029297
53 63.32249069213867
54 34.89198303222656
55 59.44559860229492
56 41.78423309326172
57 43.0765266418457
58 45.66111755371094
59 101.2298355102539
60 62.891727447509766
61 76.67620849609375
62 58.584075927734375
63 58.1533088684082
64 81.84539794921875
65 73.2300796508789
66 93.90681457519531
67 34.89198303222656
68 56.86101531982422
69 52.12260055541992
70 37.4765739440918
71 70.21473693847656
72 42.21499252319336
73 78.83003997802734
74 41.35346221923828
75 74.95315551757813
76 62.8917236328125
77 86.58381652832031
78 59.876373291015625
79 77.5377426147461
80 76.67621612548828
81 24.98438262939453
82 46.52264404296875
83 32.30738830566406
84 53.414894104003906
85 35.753509521484375
86 96.92217254638672
87 59.44561004638672
88 76.24544525146484
89 65.04554748535156
90 36.18427658081055
91 46.522647857666016
92 33.59968566894531
93 26.707443237304688
94 53.414886474609375
95 70.21473693847656
96 37.045806884765625
97 57.291778564453125
98 56.86100769042969
99 13.784486770629883
100 40.92269515991211
101 49.10723876953125
102 19.38443374633789
103 44.36881637573242
104 80.9838638305664
105 97.78370666503906
106 62.030189514160156
107 32.30739212036133
108 71.93779754638672
109 70.64550018310547
110 40.92269515991211
111 44.79958724975586
112 98.64522552490234
113 78.83004760742188
114 53.84565353393555
115 74.52239227294922
116 90.8914566040039
117 62.03019714355469
118 59.01483917236328
119 43.938053131103516
120 55.999488830566406
121 52.98412322998047
122 38.33810806274414
123 57.72254180908203
124 36.61504364013672
125 83.99921417236328
126 68.92243194580078
127 84.42998504638672
128 52.5533561706543
129 52.5533561706543
130 57.29177474975586
131 16.799842834472656
132 32.738155364990234
133 76.24543762207031
134 83.56845092773438
135 76.67621612548828
136 65.9070816040039
137 64.61479187011719
138 34.461219787597656
139 18.092138290405273
140 44.799591064453125
141 86.58381652832031
142 83.13768768310547
143 72.36856842041016
144 75.38391876220703
145 80.9838638305664
146 58.584075927734375
147 67.63014221191406
148 60.7379035949707
149 79.26080322265625
150 50.399532318115234
151 67.19937896728516
152 86.58380889892578
153 50.83029556274414
154 44.79958724975586
155 55.13794708251953
156 55.1379508972168
157 55.99948501586914
158 61.168663024902344
159 69.35320281982422
160 35.753509521484375
161 59.014835357666016
162 55.999481201171875
163 64.61479187011719
164 35.75351333618164
165 71.50702667236328
166 66.76860809326172
167 68.4916763305664
168 56.43024444580078
169 83.1376953125
170 70.21472930908203
171 51.26106262207031
172 69.35319519042969
173 75.81468200683594
174 111.1374282836914
175 97.78370666503906
176 83.1376953125
177 74.09162902832031
178 51.69182586669922
179 33.16891860961914
180 46.09187316894531
181 50.39952850341797
182 37.9073371887207
183 34.46121597290039
184 27.999740600585938
185 24.12285041809082
186 47.81494140625
187 56.430240631103516
188 57.7225341796875
189 71.93778228759766
190 63.32248306274414
191 58.15330505371094
192 74.09162139892578
193 35.32274627685547
194 94.76835632324219
195 83.99921417236328
196 58.15330505371094
197 48.24570846557617
198 35.75351333618164
199 35.32274627685547
200 37.045806884765625
201 78.3992691040039
202 71.50702667236328
203 60.737892150878906
204 67.63013458251953
205 87.8760986328125
206 32.30738830566406
207 96.49140930175781
208 70.21472930908203
209 33.168922424316406
210 39.63039779663086
211 49.10723114013672
212 40.49192810058594
213 66.76861572265625
214 95.19911193847656
215 105.5374755859375
216 71.50701904296875
217 87.44535064697266
218 80.55309295654297
219 86.58380889892578
220 31.015094757080078
221 90.89146423339844
222 27.568973541259766
223 83.5684585571289
224 66.33783721923828
225 81.84539031982422
226 65.90707397460938
227 74.95315551757813
228 65.476318359375
229 46.953407287597656
230 100.36829376220703
231 71.93778991699219
232 95.19911193847656
233 80.98387145996094
234 96.49140167236328
235 68.06090545654297
236 125.35267639160156
237 55.56871795654297
238 90.02993774414063
239 43.93804931640625
240 82.27615356445313
241 109.84513092041016
242 92.18376922607422
243 46.522647857666016
244 62.46096420288086
245 87.44534301757813
246 68.49166870117188
247 74.09162139892578
248 37.47657012939453
249 58.15330505371094
250 45.230342864990234
251 88.73763275146484
252 84.42999267578125
253 84.86075592041016
254 57.29178237915039
255 77.968505859375
256 58.15330505371094
257 33.59968566894531
258 90.02993774414063
259 40.922691345214844
260 55.13794708251953
261 65.90707397460938
262 62.891719818115234
263 68.92243194580078
264 66.33784484863281
265 69.35319519042969
266 73.23008728027344
267 60.307132720947266
268 79.26080322265625
269 74.52237701416016
270 75.8146743774414
271 34.03044891357422
272 64.18402099609375
273 18.953670501708984
274 18.953670501708984
275 55.56871032714844
276 67.19937133789063
277 60.7379035949707
278 43.93804931640625
279 40.92269515991211
280 78.3992691040039
281 63.322486877441406
282 90.02992248535156
283 88.73763275146484
284 41.78422546386719
285 61.59942626953125
286 33.168922424316406
287 69.35320281982422
288 89.16840362548828
289 74.52238464355469
290 62.46095275878906
291 127.50651550292969
292 76.24543762207031
293 59.876365661621094
294 78.83003234863281
295 99.07600402832031
296 89.59915924072266
297 27.999740600585938
298 70.6455078125
299 74.52238464355469
300 59.01484298706055
301 52.984134674072266
302 79.26080322265625
303 67.63014221191406
304 81.84539794921875
305 50.83029556274414
306 104.67594909667969
307 54.707183837890625
308 102.09135437011719
309 87.01457977294922
310 64.18402099609375
311 59.87636184692383
312 90.89144897460938
313 71.50702667236328
314 62.460960388183594
315 94.76835632324219
316 59.44560241699219
317 66.76860809326172
318 67.63014221191406
319 81.41462707519531
320 96.92217254638672
321 58.15330123901367
322 86.15304565429688
323 115.01431274414063
324 72.36856079101563
325 41.353458404541016
326 64.61477661132813
327 49.107234954833984
328 62.891719818115234
329 105.5374755859375
330 99.50677490234375
331 38.76886749267578
332 29.722797393798828
333 81.41462707519531
334 88.73763275146484
335 78.3992691040039
336 82.70691680908203
337 105.1067123413086
338 111.13742065429688
339 106.82978057861328
340 92.18376159667969
341 73.66085815429688
342 82.2761459350586
343 86.58380889892578
344 97.78370666503906
345 58.15330505371094
346 78.39927673339844
347 66.76860809326172
348 113.7220230102539
349 68.06090545654297
350 72.3685531616211
351 53.84565353393555
352 49.53799819946289
353 84.42997741699219
354 65.9070816040039
355 80.1223373413086
356 62.891719818115234
357 79.26080322265625
358 90.02993774414063
359 68.06090545654297
360 79.69157409667969
361 96.49140930175781
362 96.92218017578125
363 76.67620086669922
364 51.69182586669922
365 62.460960388183594
366 78.83003234863281
367 77.10697937011719
368 40.922698974609375
369 59.876365661621094
370 62.46095657348633
371 41.78422546386719
372 98.64522552490234
373 83.1376953125
374 115.87583923339844
375 52.9841194152832
376 45.230350494384766
377 70.21473693847656
378 68.06089782714844
379 68.92243194580078
380 75.38391876220703
381 69.35321044921875
382 69.78396606445313
383 45.230350494384766
384 68.06089782714844
385 58.58407211303711
386 102.09135437011719
387 61.59943389892578
388 72.36856079101563
389 90.89147186279297
390 62.030189514160156
391 56.43024444580078
392 57.29177474975586
393 46.091880798339844
394 23.261322021484375
395 68.92243957519531
396 35.75351333618164
397 44.36881637573242
398 64.61477661132813
399 106.39901733398438
400 48.67646789550781
401 53.84565353393555
402 52.5533561706543
403 38.338104248046875
404 35.753509521484375
405 61.599422454833984
406 76.67620849609375
407 113.72201538085938
408 86.15304565429688
409 71.50702667236328
410 81.84539794921875
411 76.24544525146484
412 65.04554748535156
413 56.430240631103516
414 59.87636947631836
415 61.168663024902344
416 76.24544525146484
417 64.18402099609375
418 35.75351333618164
419 34.461219787597656
420 33.16891860961914
421 84.86074829101563
422 28.861268997192383
423 53.84565353393555
424 53.84564971923828
425 62.8917236328125
426 85.29151916503906
427 29.292034149169922
428 49.107234954833984
429 77.968505859375
430 66.33783721923828
431 35.322750091552734
432 64.61479187011719
433 52.984130859375
434 30.584327697753906
435 87.44535064697266
436 68.49166870117188
437 37.9073371887207
438 104.24517822265625
439 46.522640228271484
440 75.81468200683594
441 48.67646789550781
442 65.9070816040039
443 23.261322021484375
444 90.89146423339844
445 110.7066650390625
446 106.82977294921875
447 65.04554748535156
448 62.03019714355469
449 24.122852325439453
450 43.07651901245117
451 46.52264404296875
452 63.75325393676758
453 88.73764038085938
454 51.69182586669922
455 64.18401336669922
456 36.61504364013672
457 50.39952850341797
458 61.168663024902344
459 62.030189514160156
460 93.90682220458984
461 29.292034149169922
462 62.46095275878906
463 88.30686950683594
464 54.27641296386719
465 71.07626342773438
466 64.61478424072266
467 77.53773498535156
468 111.99897003173828
469 32.30738830566406
470 65.476318359375
471 57.72254180908203
472 62.89171600341797
473 83.5684585571289
474 51.69182205200195
475 67.6301498413086
476 56.43024444580078
477 51.69182205200195
478 79.69155883789063
479 34.46121597290039
480 66.76860809326172
481 24.55361557006836
482 54.707183837890625
483 42.214988708496094
484 54.70718002319336
485 61.168663024902344
486 46.953407287597656
487 59.44560241699219
488 82.70692443847656
489 49.53799819946289
490 26.707443237304688
491 47.38417434692383
492 58.58406448364258
493 77.968505859375
494 49.10723114013672
495 92.18376159667969
496 36.18427658081055
497 94.76834869384766
498 46.953407287597656
499 39.19963455200195
500 68.06090545654297
501 72.36856079101563
502 93.90682220458984
503 106.39900970458984
504 48.245704650878906
505 97.35294342041016
506 51.69182205200195
507 70.64550018310547
508 74.09161376953125
509 20.67673110961914
510 59.014835357666016
511 64.18402862548828
512 63.753257751464844
513 79.26080322265625
514 68.06089782714844
515 34.03044891357422
516 46.091880798339844
517 59.01483154296875
518 89.59916687011719
519 37.045806884765625
520 49.538002014160156
521 58.15330123901367
522 24.553617477416992
523 44.799583435058594
524 46.09187698364258
525 58.15330123901367
526 91.75299072265625
527 38.76887130737305
528 49.538002014160156
529 92.6145248413086
530 18.95366859436035
531 54.70718002319336
532 62.46095275878906
533 55.56871795654297
534 48.24570846557617
535 50.83029556274414
536 57.7225341796875
537 58.584068298339844
538 53.84564971923828
539 71.07626342773438
540 53.414886474609375
541 63.753257751464844
542 81.84539794921875
543 44.368812561035156
544 67.63014221191406
545 24.122852325439453
546 46.95341491699219
547 44.36881637573242
548 61.59942626953125
549 52.9841194152832
550 83.1376953125
551 69.35320281982422
552 62.46096420288086
553 75.38391876220703
554 86.15304565429688
555 79.26079559326172
556 91.75299835205078
557 59.44560241699219
558 76.24544525146484
559 59.014835357666016
560 87.01458740234375
561 85.29151153564453
562 24.9843807220459
563 63.32249069213867
564 79.69155883789063
565 83.1376953125
566 76.24545288085938
567 66.76861572265625
568 112.42971801757813
569 57.29178237915039
570 64.18402099609375
571 67.19937133789063
572 55.13794708251953
573 62.8917236328125
574 76.67620849609375
575 61.59942626953125
576 50.83030319213867
577 83.99922180175781
578 23.69208526611328
579 42.64575958251953
580 46.09188461303711
581 39.630401611328125
582 67.63014221191406
583 68.06090545654297
584 62.460960388183594
585 75.81468200683594
586 67.63014221191406
587 29.722797393798828
588 63.32249069213867
589 56.43025207519531
590 34.46121597290039
591 73.23009490966797
592 40.49192810058594
593 67.19937896728516
594 58.58407211303711
595 31.015094757080078
596 49.107234954833984
597 24.12285041809082
598 54.707183837890625
599 33.59968566894531
600 84.86075592041016
601 62.03019714355469
602 52.98412322998047
603 47.81494140625
604 70.64550018310547
605 53.84565734863281
606 95.6298828125
607 82.27616119384766
608 28.86126708984375
609 55.99947738647461
610 53.84564971923828
611 59.876373291015625
612 78.39927673339844
613 90.460693359375
614 45.66111373901367
615 91.75299072265625
616 117.16814422607422
617 110.27589416503906
618 65.0455551147461
619 71.50702667236328
620 87.44534301757813
621 55.56871795654297
622 65.47631072998047
623 69.7839584350586
624 54.27641296386719
625 84.86074829101563
626 59.01483917236328
627 29.29203224182129
628 68.92242431640625
629 53.84564971923828
630 49.10723114013672
631 69.35319519042969
632 52.9841194152832
633 62.03020095825195
634 69.35320281982422
635 90.8914566040039
636 51.69182586669922
637 83.99922180175781
638 73.66085815429688
639 75.38391876220703
640 77.5377426147461
641 68.4916763305664
642 84.42999267578125
643 99.93753051757813
644 65.9070816040039
645 74.9531478881836
646 104.24518585205078
647 62.030189514160156
648 48.67646789550781
649 55.99948501586914
650 74.9531478881836
651 76.67620849609375
652 59.01483917236328
653 99.93753051757813
654 65.04554748535156
655 55.13794708251953
656 93.90682220458984
657 100.3683090209961
658 82.70692443847656
659 58.1533088684082
660 74.09162902832031
661 74.52237701416016
662 72.79933166503906
663 95.1991195678711
664 62.030189514160156
665 81.41463470458984
666 78.83003997802734
667 71.93778991699219
668 55.5687141418457
669 41.35346221923828
670 63.32249450683594
671 96.49140930175781
672 83.1376953125
673 58.584068298339844
674 75.81468200683594
675 73.23008728027344
676 75.81468200683594
677 86.15304565429688
678 74.09162139892578
679 95.19912719726563
680 65.476318359375
681 111.99896240234375
682 77.53773498535156
683 92.61451721191406
684 55.999481201171875
685 48.245704650878906
686 34.030452728271484
687 62.460960388183594
688 105.96824645996094
689 74.09161376953125
690 51.69182586669922
691 69.78396606445313
692 94.76834869384766
693 49.10723876953125
694 44.79957962036133
695 69.78396606445313
696 49.96876525878906
697 38.33810806274414
698 73.23008728027344
699 42.645755767822266
700 64.18402099609375
701 57.72254180908203
702 68.06090545654297
703 79.26079559326172
704 63.75326156616211
705 85.29151916503906
706 53.414886474609375
707 102.09135437011719
708 59.87636947631836
709 54.27642059326172
710 81.41463470458984
711 73.66085815429688
712 92.18374633789063
713 46.09187698364258
714 34.46121597290039
715 42.645751953125
716 71.50702667236328
717 80.1223373413086
718 104.24518585205078
719 93.47604370117188
720 65.9070816040039
721 74.95315551757813
722 47.38417434692383
723 58.584068298339844
724 57.29177474975586
725 86.15304565429688
726 69.35320281982422
727 84.42998504638672
728 75.81468200683594
729 36.18427658081055
730 49.10723876953125
731 41.78422546386719
732 65.04554748535156
733 67.63014221191406
734 62.030189514160156
735 91.75299072265625
736 81.41463470458984
737 103.38365173339844
738 78.3992691040039
739 78.39927673339844
740 45.2303466796875
741 68.92243957519531
742 71.07626342773438
743 57.722537994384766
744 63.322486877441406
745 132.2449188232422
746 89.59916687011719
747 126.21421813964844
748 55.13794708251953
749 58.15330505371094
750 57.29177474975586
751 62.030189514160156
752 58.15330505371094
753 84.86074829101563
754 81.84539031982422
755 65.04556274414063
756 68.92243194580078
757 71.07626342773438
758 63.32248306274414
759 73.66085052490234
760 95.6298828125
761 64.18402099609375
762 13.784486770629883
763 55.5687141418457
764 46.52264404296875
765 85.72227478027344
766 77.5377426147461
767 62.03019332885742
768 61.16865921020508
769 49.96876525878906
770 49.10723114013672
771 41.35346221923828
772 105.5374755859375
773 96.49140930175781
774 88.73764038085938
775 78.83003997802734
776 57.7225456237793
777 65.90707397460938
778 68.06090545654297
779 124.92191314697266
780 102.52212524414063
781 77.10697937011719
782 69.78396606445313
783 79.26081085205078
784 76.67620086669922
785 139.99868774414063
786 41.353458404541016
787 88.30686950683594
788 108.55284118652344
789 51.69182586669922
790 71.07626342773438
791 85.72227478027344
792 115.44508361816406
793 58.15330123901367
794 74.09161376953125
795 46.091880798339844
796 121.47579193115234
797 102.95288848876953
798 87.44534301757813
799 56.43025207519531
800 36.61503982543945
801 47.38417053222656
802 108.1220703125
803 60.307132720947266
804 98.6452407836914
805 93.90681457519531
806 97.35294342041016
807 65.476318359375
808 84.42997741699219
809 103.38365936279297
810 49.96876525878906
811 62.460960388183594
812 78.39927673339844
813 53.84564971923828
814 100.79906463623047
815 71.50702667236328
816 95.1991195678711
817 45.661109924316406
818 74.09162139892578
819 34.030452728271484
820 51.691829681396484
821 79.26080322265625
822 98.6452407836914
823 56.86100769042969
824 68.92243957519531
825 87.8760986328125
826 72.79932403564453
827 84.42998504638672
828 86.1530532836914
829 78.83003234863281
830 46.522640228271484
831 46.52264404296875
832 95.1991195678711
833 84.86075592041016
834 68.92243957519531
835 54.707183837890625
836 72.36856079101563
837 37.045806884765625
838 84.86074829101563
839 72.36856079101563
840 64.61477661132813
841 89.16840362548828
842 59.44559860229492
843 104.67594909667969
844 55.13794708251953
845 102.95287322998047
846 44.368812561035156
847 16.799842834472656
848 37.9073371887207
849 23.69208526611328
850 57.29177474975586
851 16.369077682495117
852 43.07652282714844
853 51.26106262207031
854 47.814937591552734
855 55.13794708251953
856 80.12232971191406
857 80.9838638305664
858 71.93778991699219
859 58.15330505371094
860 23.261320114135742
861 106.82977294921875
862 77.53773498535156
863 106.82977294921875
864 77.968505859375
865 65.0455551147461
866 78.39926147460938
867 75.38391876220703
868 55.999473571777344
869 69.35319519042969
870 80.5531005859375
871 72.36856079101563
872 79.69155883789063
873 57.72254943847656
874 71.50701904296875
875 89.59915924072266
876 104.24520111083984
877 106.82977294921875
878 37.9073371887207
879 56.86100769042969
880 59.87636184692383
881 25.84591293334961
882 78.83003997802734
883 65.04554748535156
884 81.84539031982422
885 42.645751953125
886 43.93804931640625
887 70.6455078125
888 66.33784484863281
889 47.38417053222656
890 36.18428039550781
891 59.01483154296875
892 24.553617477416992
893 41.78422927856445
894 59.876365661621094
895 67.63014221191406
896 21.107494354248047
897 79.26081085205078
898 65.90707397460938
899 64.61478424072266
900 55.99947738647461
901 30.584327697753906
902 76.24543762207031
903 79.26080322265625
904 90.89146423339844
905 75.38391876220703
906 84.86074829101563
907 90.46070098876953
908 102.95288848876953
909 70.64549255371094
910 62.46095275878906
911 83.99922180175781
912 100.36830139160156
913 37.90734100341797
914 27.138206481933594
915 95.1991195678711
916 88.30686950683594
917 14.215251922607422
918 27.999738693237305
919 97.35295104980469
920 69.35319519042969
921 135.6910400390625
922 70.21472930908203
923 69.35319519042969
924 75.8146743774414
925 51.26106262207031
926 99.07599639892578
927 70.64550018310547
928 41.78422546386719
929 46.52264404296875
930 92.18377685546875
931 44.36881637573242
932 38.76886749267578
933 47.38417434692383
934 51.26106262207031
935 88.73763275146484
936 114.15279388427734
937 104.67594909667969
938 39.19963455200195
939 62.891719818115234
940 93.90682220458984
941 57.29177474975586
942 120.18347930908203
943 52.98412322998047
944 62.460960388183594
945 70.21473693847656
946 58.58407211303711
947 27.568973541259766
948 83.1376953125
949 71.07626342773438
950 86.58380889892578
951 102.52212524414063
952 66.76860809326172
953 49.53799819946289
954 96.49140930175781
955 40.06116485595703
956 74.9531478881836
957 77.10697937011719
958 68.92243957519531
959 22.399789810180664
960 88.73764038085938
961 81.84539031982422
962 60.30713653564453
963 139.9987030029297
964 31.445858001708984
965 49.10723876953125
966 75.81468200683594
967 74.52238464355469
968 56.86100387573242
969 86.58381652832031
970 77.10697174072266
971 88.30686950683594
972 92.61451721191406
973 87.01457214355469
974 66.33784484863281
975 71.50702667236328
976 81.84539794921875
977 98.2144775390625
978 64.18402099609375
979 71.93778991699219
980 45.66111373901367
981 110.2759017944336
982 71.07626342773438
983 83.5684585571289
984 46.52264404296875
985 60.73789978027344
986 97.35293579101563
987 121.0450439453125
988 35.753509521484375
989 41.35346221923828
990 51.26106262207031
991 79.26079559326172
992 53.84566116333008
993 88.73764038085938
994 29.72279930114746
995 55.1379508972168
996 62.03019332885742
997 59.44560623168945
998 65.04554748535156
999 74.95316314697266
1000 87.87611389160156
1001 64.18402099609375
1002 64.18402099609375
