# Selection:resname AU POPC Restricted:name AUC AUL AUSL Radius:2.64 Start:0 End:-1
0 211.5057373046875
1 211.93649291992188
2 19.81519889831543
3 9.907599449157715
4 18.95366859436035
5 18.953670501708984
6 16.369077682495117
7 52.55335235595703
8 12.922956466674805
9 36.18427658081055
10 50.830299377441406
11 33.168922424316406
12 20.24596405029297
13 48.245704650878906
14 31.876623153686523
15 10.33836555480957
16 26.27667808532715
17 33.168922424316406
18 14.215251922607422
19 28.430503845214844
20 18.522903442382813
21 16.369077682495117
22 11.630660057067871
23 25.845911026000977
24 24.12285041809082
25 21.969024658203125
26 36.61504364013672
27 14.646017074584961
28 5.169182777404785
29 19.38443374633789
30 46.522647857666016
31 40.92269515991211
32 11.630661010742188
33 11.630660057067871
34 32.30739212036133
35 31.876625061035156
36 26.707443237304688
37 3.8768868446350098
38 43.507293701171875
39 18.522903442382813
40 55.1379508972168
41 30.153564453125
42 4.738417148590088
43 17.230609893798828
44 48.24570846557617
45 13.784485816955566
46 55.999481201171875
47 40.06116485595703
48 22.830554962158203
49 23.261322021484375
50 12.922955513000488
51 24.98438262939453
52 5.169182300567627
53 38.338104248046875
54 18.522903442382813
55 27.568973541259766
56 23.692087173461914
57 21.107494354248047
58 10.769129753112793
59 40.06117248535156
60 9.046069145202637
61 16.369077682495117
62 19.384435653686523
63 43.938053131103516
64 24.55361557006836
65 12.922955513000488
66 33.168922424316406
67 15.938312530517578
68 27.999736785888672
69 15.0767822265625
70 21.969024658203125
71 30.584327697753906
72 18.95366859436035
73 24.55361557006836
74 12.061426162719727
75 45.2303466796875
76 25.845911026000977
77 65.0455551147461
78 22.399789810180664
79 47.384178161621094
80 12.492191314697266
81 10.33836555480957
82 28.430503845214844
83 15.938312530517578
84 46.522647857666016
85 13.784486770629883
86 23.69208526611328
87 18.522903442382813
88 29.722797393798828
89 37.045806884765625
90 28.86126708984375
91 35.322750091552734
92 24.122852325439453
93 23.69208526611328
94 16.369077682495117
95 34.030452728271484
96 10.76913070678711
97 24.12285041809082
98 32.738155364990234
99 10.769129753112793
100 40.49192810058594
101 11.630661010742188
102 16.369077682495117
103 30.153564453125
104 27.568973541259766
105 34.03044891357422
106 26.27667808532715
107 23.69208526611328
108 26.27667808532715
109 31.445859909057617
110 6.030713081359863
111 12.06142520904541
112 43.507293701171875
113 30.153564453125
114 31.015094757080078
115 20.676729202270508
116 18.092138290405273
117 29.292036056518555
118 24.122852325439453
119 14.215251922607422
120 39.630401611328125
121 17.661373138427734
122 10.769129753112793
123 17.661373138427734
124 14.646016120910645
125 23.261320114135742
126 9.476834297180176
127 23.261322021484375
128 18.092138290405273
129 31.445859909057617
130 25.845911026000977
131 9.046069145202637
132 7.3230085372924805
133 41.35346221923828
134 18.092138290405273
135 35.753509521484375
136 26.707443237304688
137 36.18427658081055
138 2.1538259983062744
139 11.199894905090332
140 6.030713081359863
141 30.584331512451172
142 30.153564453125
143 36.18428039550781
144 19.81519889831543
145 29.722797393798828
146 40.4919319152832
147 21.969024658203125
148 11.630660057067871
149 27.999738693237305
150 29.292034149169922
151 17.230607986450195
152 42.21500015258789
153 15.507547378540039
154 23.69208526611328
155 12.061426162719727
156 13.353721618652344
157 12.49219036102295
158 20.676729202270508
159 33.16891860961914
160 18.522903442382813
161 32.30738830566406
162 26.276676177978516
163 24.9843807220459
164 17.661373138427734
165 27.138208389282227
166 30.153564453125
167 48.245704650878906
168 16.369077682495117
169 17.230607986450195
170 48.245704650878906
171 12.922956466674805
172 23.261320114135742
173 19.38443374633789
174 46.091880798339844
175 40.4919319152832
176 27.138208389282227
177 22.399789810180664
178 13.353721618652344
179 21.538259506225586
180 24.55361557006836
181 25.415145874023438
182 10.33836555480957
183 17.230607986450195
184 16.799842834472656
185 19.38443374633789
186 9.907599449157715
187 32.30738830566406
188 18.522903442382813
189 31.015094757080078
190 18.95366859436035
191 15.507546424865723
192 21.538259506225586
193 16.369077682495117
194 54.276424407958984
195 37.47657012939453
196 18.092138290405273
197 22.399789810180664
198 5.599947452545166
199 26.276676177978516
200 23.261322021484375
201 47.38417434692383
202 20.67673110961914
203 31.015094757080078
204 32.30738830566406
205 62.460960388183594
206 11.199895858764648
207 20.24596405029297
208 44.79957962036133
209 17.230607986450195
210 22.830554962158203
211 27.568973541259766
212 19.38443374633789
213 31.445859909057617
214 32.30738830566406
215 37.04581069946289
216 28.430503845214844
217 46.52264404296875
218 43.507286071777344
219 24.12285041809082
220 16.799842834472656
221 43.07652282714844
222 17.661373138427734
223 46.52264404296875
224 21.53826141357422
225 25.84591293334961
226 20.676729202270508
227 24.12285041809082
228 25.415145874023438
229 14.215251922607422
230 56.86101150512695
231 25.415145874023438
232 26.27667808532715
233 63.322486877441406
234 35.753509521484375
235 22.830554962158203
236 27.999736785888672
237 12.49219036102295
238 55.1379508972168
239 24.553617477416992
240 64.18402099609375
241 17.230607986450195
242 26.276676177978516
243 13.353721618652344
244 10.338364601135254
245 39.19963073730469
246 13.353721618652344
247 34.46121597290039
248 12.061426162719727
249 12.492191314697266
250 21.969024658203125
251 44.36881637573242
252 34.461219787597656
253 63.32248306274414
254 7.7537736892700195
255 44.36882019042969
256 18.522903442382813
257 15.076783180236816
258 52.98412322998047
259 16.369077682495117
260 21.969024658203125
261 43.938053131103516
262 36.61503982543945
263 24.9843807220459
264 38.338104248046875
265 28.430503845214844
266 35.75351333618164
267 42.214988708496094
268 22.399791717529297
269 20.676729202270508
270 39.63039779663086
271 14.215251922607422
272 21.107494354248047
273 6.461478233337402
274 7.7537736892700195
275 6.030713081359863
276 16.369077682495117
277 15.507547378540039
278 26.27667808532715
279 2.5845913887023926
280 43.07651901245117
281 22.830554962158203
282 12.922955513000488
283 49.53799819946289
284 22.399789810180664
285 23.261322021484375
286 14.646017074584961
287 17.661373138427734
288 54.27641296386719
289 27.138206481933594
290 10.76913070678711
291 58.58407211303711
292 31.44586181640625
293 15.0767822265625
294 10.33836555480957
295 43.50728988647461
296 27.999736785888672
297 20.676729202270508
298 27.138208389282227
299 17.661373138427734
300 24.553617477416992
301 22.830554962158203
302 26.707441329956055
303 12.492191314697266
304 31.876625061035156
305 40.92269515991211
306 74.9531478881836
307 31.876625061035156
308 13.784486770629883
309 37.4765739440918
310 19.384435653686523
311 11.199895858764648
312 46.52264404296875
313 7.753774166107178
314 33.168922424316406
315 27.999738693237305
316 25.84591293334961
317 27.568973541259766
318 38.76886749267578
319 52.55335235595703
320 24.12285041809082
321 22.399789810180664
322 33.59968566894531
323 43.507286071777344
324 49.538002014160156
325 22.830554962158203
326 16.799842834472656
327 10.76913070678711
328 14.646017074584961
329 27.568971633911133
330 25.845911026000977
331 17.230607986450195
332 13.784486770629883
333 29.292034149169922
334 17.661373138427734
335 29.292034149169922
336 46.95340347290039
337 29.722797393798828
338 49.537994384765625
339 18.092138290405273
340 25.84591293334961
341 37.4765739440918
342 24.12285041809082
343 32.30739212036133
344 16.369077682495117
345 23.692087173461914
346 43.938053131103516
347 17.230609893798828
348 30.153562545776367
349 41.78422546386719
350 23.261320114135742
351 16.369077682495117
352 24.122852325439453
353 41.35346221923828
354 24.122852325439453
355 38.76887130737305
356 22.830554962158203
357 4.738417148590088
358 29.29203224182129
359 34.46121597290039
360 14.215251922607422
361 68.06090545654297
362 39.63039779663086
363 12.922955513000488
364 18.522903442382813
365 7.753774166107178
366 22.399789810180664
367 33.168922424316406
368 14.215251922607422
369 8.184538841247559
370 15.938312530517578
371 9.046069145202637
372 19.81519889831543
373 25.84591293334961
374 32.738155364990234
375 34.461219787597656
376 13.784485816955566
377 49.53799819946289
378 35.75351333618164
379 26.276676177978516
380 36.18427658081055
381 33.59968566894531
382 11.630660057067871
383 42.21499252319336
384 20.67673110961914
385 18.092138290405273
386 42.6457633972168
387 25.41514778137207
388 30.58432960510254
389 21.969024658203125
390 24.553617477416992
391 16.369077682495117
392 16.369077682495117
393 16.369077682495117
394 4.738417148590088
395 16.79984474182129
396 16.369077682495117
397 7.7537736892700195
398 20.676729202270508
399 35.32274627685547
400 11.199895858764648
401 15.0767822265625
402 21.107494354248047
403 10.33836555480957
404 19.38443374633789
405 30.584331512451172
406 42.645755767822266
407 31.876623153686523
408 19.81519889831543
409 42.645755767822266
410 43.93804931640625
411 37.045806884765625
412 31.445858001708984
413 22.830554962158203
414 13.784485816955566
415 12.922956466674805
416 36.61504364013672
417 27.999736785888672
418 30.153564453125
419 16.799842834472656
420 24.98438262939453
421 51.69182586669922
422 10.76913070678711
423 23.261320114135742
424 6.892243385314941
425 34.030452728271484
426 33.59968566894531
427 20.24596405029297
428 19.81519889831543
429 17.661373138427734
430 22.399791717529297
431 17.230607986450195
432 12.922955513000488
433 31.445858001708984
434 7.7537736892700195
435 46.09187698364258
436 12.492191314697266
437 18.092140197753906
438 19.38443374633789
439 9.046069145202637
440 37.47657775878906
441 3.4461214542388916
442 10.76913070678711
443 9.046070098876953
444 36.61504364013672
445 16.369077682495117
446 60.30712890625
447 7.3230085372924805
448 24.9843807220459
449 7.3230085372924805
450 26.276676177978516
451 23.69208526611328
452 36.18427658081055
453 14.215251922607422
454 24.98438262939453
455 36.61504364013672
456 9.476834297180176
457 17.230607986450195
458 24.553617477416992
459 25.845911026000977
460 40.061161041259766
461 7.7537736892700195
462 19.81519889831543
463 5.599947452545166
464 9.907599449157715
465 36.18427658081055
466 22.399791717529297
467 34.46121597290039
468 58.584068298339844
469 22.399791717529297
470 28.86126708984375
471 33.59968566894531
472 10.769129753112793
473 16.799842834472656
474 8.615304946899414
475 30.58432960510254
476 15.938312530517578
477 7.3230085372924805
478 34.89198303222656
479 17.230607986450195
480 12.922955513000488
481 12.492191314697266
482 40.06116485595703
483 22.399789810180664
484 37.90734100341797
485 26.276676177978516
486 15.938312530517578
487 29.722797393798828
488 34.46121597290039
489 18.092138290405273
490 15.938312530517578
491 31.445858001708984
492 24.55361557006836
493 40.92269515991211
494 19.38443374633789
495 51.26105880737305
496 12.492191314697266
497 30.58432960510254
498 21.969024658203125
499 9.046069145202637
500 43.93805694580078
501 51.69182586669922
502 35.32274627685547
503 25.84591293334961
504 21.538259506225586
505 20.2459659576416
506 20.67673110961914
507 12.922956466674805
508 15.938312530517578
509 8.184539794921875
510 14.215251922607422
511 21.969024658203125
512 11.630660057067871
513 15.938312530517578
514 33.16891860961914
515 9.476834297180176
516 20.24596405029297
517 18.95366859436035
518 44.36881637573242
519 15.507547378540039
520 15.076783180236816
521 21.53826141357422
522 19.815200805664063
523 27.999736785888672
524 24.12285041809082
525 24.9843807220459
526 23.69208526611328
527 18.522903442382813
528 17.230607986450195
529 17.230609893798828
530 12.492191314697266
531 15.0767822265625
532 13.353721618652344
533 19.81519889831543
534 10.76913070678711
535 14.215251922607422
536 29.29203224182129
537 24.12285041809082
538 30.584327697753906
539 8.615304946899414
540 15.938312530517578
541 16.799842834472656
542 30.584327697753906
543 18.95366859436035
544 22.830556869506836
545 7.7537736892700195
546 27.13821029663086
547 33.168922424316406
548 13.784486770629883
549 10.769129753112793
550 29.29203224182129
551 33.59968566894531
552 11.199895858764648
553 24.122852325439453
554 26.707441329956055
555 35.32274627685547
556 51.69182205200195
557 14.646017074584961
558 20.676729202270508
559 17.230607986450195
560 9.907599449157715
561 47.814937591552734
562 8.615303993225098
563 16.369077682495117
564 18.092138290405273
565 22.830556869506836
566 21.969024658203125
567 14.215250968933105
568 32.738155364990234
569 27.568973541259766
570 45.661109924316406
571 52.122596740722656
572 26.27667999267578
573 9.046069145202637
574 23.261320114135742
575 24.553617477416992
576 17.661373138427734
577 43.938053131103516
578 14.215251922607422
579 7.7537736892700195
580 21.107494354248047
581 22.830554962158203
582 45.66111373901367
583 12.492191314697266
584 18.092138290405273
585 24.12285041809082
586 45.2303466796875
587 4.738417625427246
588 16.799842834472656
589 46.522647857666016
590 9.046070098876953
591 36.18427658081055
592 24.122852325439453
593 43.50728225708008
594 43.0765266418457
595 20.67673110961914
596 27.568973541259766
597 17.230607986450195
598 15.507546424865723
599 9.907599449157715
600 34.030452728271484
601 37.9073371887207
602 40.49192810058594
603 7.3230085372924805
604 27.999736785888672
605 33.59968566894531
606 37.9073371887207
607 9.907599449157715
608 20.24596405029297
609 24.553619384765625
610 12.061426162719727
611 21.969024658203125
612 13.353721618652344
613 18.95366859436035
614 9.476835250854492
615 29.292034149169922
616 22.399791717529297
617 48.245704650878906
618 30.584327697753906
619 21.969026565551758
620 24.122852325439453
621 10.338364601135254
622 30.153564453125
623 26.707441329956055
624 15.507547378540039
625 60.30712890625
626 9.907600402832031
627 6.030713081359863
628 21.538259506225586
629 23.261320114135742
630 4.307652473449707
631 17.230607986450195
632 33.59968566894531
633 26.276676177978516
634 21.107494354248047
635 17.230607986450195
636 8.615303993225098
637 17.661373138427734
638 27.999736785888672
639 10.769129753112793
640 21.53826141357422
641 31.015092849731445
642 23.692087173461914
643 26.707441329956055
644 20.24596405029297
645 32.30739212036133
646 25.415145874023438
647 2.5845913887023926
648 19.38443374633789
649 33.168922424316406
650 41.35346221923828
651 25.41514778137207
652 33.16891860961914
653 30.153564453125
654 24.553617477416992
655 22.830554962158203
656 16.369077682495117
657 31.015094757080078
658 55.56871032714844
659 34.46121597290039
660 27.568971633911133
661 15.938312530517578
662 28.430503845214844
663 37.47657012939453
664 18.95366859436035
665 36.61504364013672
666 16.369077682495117
667 20.676729202270508
668 20.676729202270508
669 24.553617477416992
670 12.922956466674805
671 20.24596405029297
672 33.168922424316406
673 30.584327697753906
674 33.59968566894531
675 31.876623153686523
676 32.30738830566406
677 43.07652282714844
678 38.338104248046875
679 18.092138290405273
680 21.969024658203125
681 47.814945220947266
682 16.799842834472656
683 21.107494354248047
684 27.138206481933594
685 19.38443374633789
686 22.830554962158203
687 17.230607986450195
688 43.07652282714844
689 22.830554962158203
690 31.015092849731445
691 31.876625061035156
692 16.799842834472656
693 9.046069145202637
694 8.184539794921875
695 37.04581069946289
696 13.353721618652344
697 29.292034149169922
698 28.430503845214844
699 9.046070098876953
700 29.292034149169922
701 24.55361557006836
702 17.230607986450195
703 14.215251922607422
704 9.476835250854492
705 52.122589111328125
706 17.230607986450195
707 40.49193572998047
708 24.55361557006836
709 11.630660057067871
710 45.661109924316406
711 28.430503845214844
712 19.38443374633789
713 16.369077682495117
714 11.630660057067871
715 27.138206481933594
716 34.461219787597656
717 43.50728225708008
718 27.568973541259766
719 31.445859909057617
720 12.922956466674805
721 22.399789810180664
722 13.353720664978027
723 21.538259506225586
724 30.584327697753906
725 26.707441329956055
726 18.522903442382813
727 45.2303466796875
728 8.184538841247559
729 25.415145874023438
730 32.30739212036133
731 28.430503845214844
732 31.445858001708984
733 34.03044891357422
734 12.922956466674805
735 19.38443374633789
736 45.2303466796875
737 29.722797393798828
738 25.415145874023438
739 51.26106643676758
740 19.38443374633789
741 23.261322021484375
742 12.922956466674805
743 34.46121597290039
744 39.19963455200195
745 54.27641677856445
746 16.369077682495117
747 24.12285041809082
748 20.24596405029297
749 19.815200805664063
750 22.830554962158203
751 20.24596405029297
752 47.81494140625
753 47.38417434692383
754 15.938312530517578
755 20.676729202270508
756 31.015094757080078
757 35.753517150878906
758 10.33836555480957
759 49.537994384765625
760 25.415145874023438
761 31.876623153686523
762 6.030713081359863
763 20.24596405029297
764 9.046070098876953
765 25.415145874023438
766 29.292034149169922
767 15.938312530517578
768 31.445858001708984
769 24.98438262939453
770 15.507547378540039
771 23.261320114135742
772 48.24570083618164
773 47.81494140625
774 50.830291748046875
775 20.24596405029297
776 19.81519889831543
777 25.41514778137207
778 26.707443237304688
779 18.95366859436035
780 11.630660057067871
781 9.476834297180176
782 15.507547378540039
783 28.43050193786621
784 35.75351333618164
785 83.99921417236328
786 25.415145874023438
787 40.0611686706543
788 8.615303993225098
789 13.353720664978027
790 12.49219036102295
791 25.845911026000977
792 17.230607986450195
793 10.338364601135254
794 28.86126708984375
795 24.12285041809082
796 47.38417434692383
797 18.95366859436035
798 20.24596405029297
799 31.445859909057617
800 12.922956466674805
801 31.445858001708984
802 46.52264404296875
803 10.76913070678711
804 29.292034149169922
805 27.568971633911133
806 21.10749626159668
807 14.215251922607422
808 37.045806884765625
809 37.90734100341797
810 18.95366859436035
811 43.938053131103516
812 31.01509666442871
813 15.0767822265625
814 56.43024444580078
815 34.89198684692383
816 37.045806884765625
817 11.199894905090332
818 29.292034149169922
819 18.522903442382813
820 32.30739212036133
821 23.69208526611328
822 27.568971633911133
823 12.492191314697266
824 49.107234954833984
825 30.58432960510254
826 34.46121597290039
827 42.645755767822266
828 9.476835250854492
829 35.753509521484375
830 22.830556869506836
831 11.199895858764648
832 30.153564453125
833 36.61504364013672
834 49.96876525878906
835 26.707443237304688
836 23.261322021484375
837 22.399791717529297
838 13.784485816955566
839 37.045806884765625
840 24.122852325439453
841 27.999740600585938
842 12.492191314697266
843 49.96876525878906
844 10.338364601135254
845 25.845911026000977
846 22.399789810180664
847 6.461478233337402
848 19.38443374633789
849 13.353721618652344
850 12.492191314697266
851 7.7537736892700195
852 21.969024658203125
853 16.799842834472656
854 10.76913070678711
855 21.107494354248047
856 15.507547378540039
857 54.27642059326172
858 22.399791717529297
859 21.107494354248047
860 9.046070098876953
861 26.707441329956055
862 43.938053131103516
863 49.10723114013672
864 11.199894905090332
865 32.738155364990234
866 30.153564453125
867 31.876625061035156
868 23.69208526611328
869 18.092140197753906
870 24.553617477416992
871 24.98438262939453
872 25.84591293334961
873 18.092138290405273
874 19.38443374633789
875 12.922956466674805
876 28.430503845214844
877 34.46121597290039
878 21.969024658203125
879 13.784486770629883
880 24.55361557006836
881 9.476835250854492
882 44.36881637573242
883 19.38443374633789
884 9.476834297180176
885 22.830554962158203
886 6.892243385314941
887 23.69208526611328
888 12.922956466674805
889 21.538259506225586
890 21.107494354248047
891 4.738417625427246
892 10.769129753112793
893 12.922956466674805
894 28.430503845214844
895 17.661373138427734
896 18.522903442382813
897 55.13795852661133
898 27.999738693237305
899 22.399789810180664
900 16.799842834472656
901 6.030713081359863
902 32.738155364990234
903 13.784486770629883
904 17.230607986450195
905 32.30739212036133
906 18.522903442382813
907 27.999736785888672
908 28.430503845214844
909 32.738155364990234
910 16.369077682495117
911 17.230607986450195
912 37.045806884765625
913 15.938311576843262
914 6.030713081359863
915 43.07651901245117
916 27.138206481933594
917 5.599947452545166
918 15.938312530517578
919 22.830554962158203
920 29.292034149169922
921 37.90734100341797
922 21.538259506225586
923 6.892243385314941
924 15.938312530517578
925 16.799842834472656
926 31.445858001708984
927 27.138206481933594
928 20.676729202270508
929 38.33810043334961
930 19.81519889831543
931 23.692087173461914
932 19.38443374633789
933 20.676729202270508
934 17.661373138427734
935 11.199895858764648
936 43.938053131103516
937 41.353458404541016
938 27.138206481933594
939 9.476835250854492
940 37.04581069946289
941 9.046069145202637
942 38.338104248046875
943 23.261322021484375
944 25.415145874023438
945 28.430503845214844
946 20.676729202270508
947 6.030713081359863
948 12.922955513000488
949 15.938312530517578
950 19.81519889831543
951 27.568973541259766
952 43.50728988647461
953 12.922956466674805
954 23.261320114135742
955 26.27667999267578
956 20.24596405029297
957 10.769129753112793
958 37.4765739440918
959 12.922956466674805
960 30.584327697753906
961 34.8919792175293
962 14.215251922607422
963 59.876365661621094
964 9.907600402832031
965 21.969024658203125
966 27.138206481933594
967 16.799842834472656
968 26.276676177978516
969 16.799842834472656
970 25.415145874023438
971 26.707441329956055
972 45.66111373901367
973 27.568973541259766
974 21.538259506225586
975 21.969024658203125
976 38.76887130737305
977 36.61504364013672
978 11.630661010742188
979 11.199895858764648
980 29.292034149169922
981 31.445859909057617
982 32.738155364990234
983 44.36881637573242
984 16.369077682495117
985 14.215251922607422
986 34.89198303222656
987 37.04581069946289
988 19.38443374633789
989 3.0153565406799316
990 12.06142520904541
991 34.030452728271484
992 15.0767822265625
993 35.753509521484375
994 11.630660057067871
995 43.07652282714844
996 18.95366859436035
997 27.999736785888672
998 29.722797393798828
999 22.399789810180664
1000 33.16891860961914
1001 29.292034149169922
1002 29.292034149169922
