# Selection:resname AU W ION Restricted:name AUC AUL AUSL Radius:2.64 Start:0 End:-1
0 366.58123779296875
1 358.82745361328125
2 86.58380889892578
3 94.33758544921875
4 26.707443237304688
5 52.5533561706543
6 32.30738830566406
7 40.92269515991211
8 87.44534301757813
9 41.78422546386719
10 39.19963455200195
11 85.72228240966797
12 56.43024444580078
13 48.24570083618164
14 95.62989807128906
15 86.15304565429688
16 55.56871032714844
17 34.8919792175293
18 61.16865921020508
19 53.84565353393555
20 78.3992691040039
21 51.691829681396484
22 53.84565734863281
23 52.122589111328125
24 74.09161376953125
25 19.815200805664063
26 58.58406448364258
27 40.06116485595703
28 18.092138290405273
29 30.584327697753906
30 25.41514778137207
31 37.4765739440918
32 66.76860809326172
33 98.21446228027344
34 39.630401611328125
35 82.27616882324219
36 110.7066650390625
37 21.538259506225586
38 35.322750091552734
39 64.61477661132813
40 132.67568969726563
41 102.09136199951172
42 62.891719818115234
43 16.369077682495117
44 54.27642059326172
45 45.661109924316406
46 40.4919319152832
47 55.56871795654297
48 146.0294189453125
49 45.66111755371094
50 19.38443374633789
51 38.338104248046875
52 34.8919792175293
53 54.707183837890625
54 71.50703430175781
55 24.122852325439453
56 100.3682861328125
57 49.96876907348633
58 91.32222747802734
59 36.61504364013672
60 71.50702667236328
61 81.41461944580078
62 33.59968566894531
63 34.030452728271484
64 46.09187698364258
65 55.99947738647461
66 46.52264404296875
67 108.1220703125
68 111.1374282836914
69 43.938053131103516
70 143.87559509277344
71 34.89198303222656
72 43.93804931640625
73 83.99922180175781
74 78.83003234863281
75 99.93753051757813
76 38.76887130737305
77 49.53799819946289
78 52.98412322998047
79 48.67646789550781
80 47.38417053222656
81 79.26079559326172
82 29.722797393798828
83 15.938312530517578
84 24.55361557006836
85 92.61451721191406
86 10.76913070678711
87 29.292034149169922
88 70.21473693847656
89 50.83029556274414
90 30.153564453125
91 47.81494140625
92 94.33758544921875
93 27.138208389282227
94 27.568973541259766
95 75.81468200683594
96 76.67620849609375
97 74.52238464355469
98 112.86048126220703
99 143.87559509277344
100 122.76808166503906
101 75.8146743774414
102 77.10696411132813
103 93.4760513305664
104 37.045806884765625
105 21.53826141357422
106 36.18427658081055
107 87.01457214355469
108 62.8917236328125
109 25.845911026000977
110 93.4760513305664
111 144.73712158203125
112 146.0294189453125
113 57.29177474975586
114 68.0609130859375
115 64.18402099609375
116 48.24570846557617
117 59.44560241699219
118 68.0609130859375
119 106.39900970458984
120 195.99818420410156
121 200.30584716796875
122 55.1379508972168
123 49.107234954833984
124 16.36907958984375
125 16.799842834472656
126 75.8146743774414
127 24.55361557006836
128 75.38391876220703
129 44.36882400512695
130 37.9073371887207
131 114.15279388427734
132 114.15278625488281
133 99.50677490234375
134 75.81468200683594
135 29.722801208496094
136 12.922955513000488
137 24.55361557006836
138 32.30739212036133
139 69.78396606445313
140 132.24493408203125
141 107.69129943847656
142 111.13742065429688
143 123.1988525390625
144 35.753509521484375
145 51.26105880737305
146 67.19937133789063
147 49.10723876953125
148 38.338104248046875
149 30.58432960510254
150 52.5533561706543
151 68.92243957519531
152 127.07575225830078
153 53.84565734863281
154 65.476318359375
155 30.153564453125
156 21.10749626159668
157 65.04554748535156
158 51.69182586669922
159 46.522647857666016
160 38.33810806274414
161 59.445594787597656
162 14.646017074584961
163 28.86126708984375
164 61.599422454833984
165 42.64575958251953
166 74.09162139892578
167 32.30739212036133
168 1.7230608463287354
169 37.045806884765625
170 87.87610626220703
171 46.522647857666016
172 68.49166870117188
173 44.36881637573242
174 37.90734100341797
175 38.76886749267578
176 3.0153565406799316
177 77.10697174072266
178 28.430503845214844
179 46.52264404296875
180 80.98387145996094
181 94.76834106445313
182 59.44559860229492
183 56.86101150512695
184 91.32222747802734
185 63.75325012207031
186 26.707443237304688
187 66.76861572265625
188 44.79957962036133
189 70.21472930908203
190 40.922698974609375
191 54.27642059326172
192 78.83003997802734
193 44.36882019042969
194 30.584331512451172
195 100.79906463623047
196 57.72254180908203
197 139.99868774414063
198 27.138206481933594
199 59.01483917236328
200 9.476834297180176
201 55.56871032714844
202 62.8917236328125
203 55.999481201171875
204 33.168922424316406
205 36.18427658081055
206 51.26106262207031
207 44.79957962036133
208 27.568973541259766
209 53.414886474609375
210 52.12258529663086
211 24.9843807220459
212 71.07626342773438
213 99.50676727294922
214 62.8917236328125
215 100.36830139160156
216 45.2303466796875
217 168.85997009277344
218 11.630661010742188
219 40.0611686706543
220 33.16891860961914
221 39.63039779663086
222 62.89171600341797
223 50.3995361328125
224 65.476318359375
225 64.18402099609375
226 103.38365173339844
227 122.7680892944336
228 139.1371612548828
229 87.87610626220703
230 177.90602111816406
231 204.1827392578125
232 155.93701171875
233 117.59890747070313
234 97.78370666503906
235 46.522647857666016
236 49.96876525878906
237 92.61453247070313
238 46.091880798339844
239 121.47579956054688
240 38.338104248046875
241 31.015094757080078
242 32.738155364990234
243 22.399791717529297
244 29.722797393798828
245 22.830554962158203
246 33.16891860961914
247 12.922956466674805
248 14.215251922607422
249 28.43050193786621
250 45.66111373901367
251 47.38417053222656
252 98.2144775390625
253 46.091880798339844
254 63.322479248046875
255 87.4453353881836
256 59.01483154296875
257 38.76886749267578
258 60.307132720947266
259 94.33759307861328
260 40.49192810058594
261 76.24543762207031
262 102.5221176147461
263 25.415145874023438
264 29.292036056518555
265 33.59968948364258
266 49.9687614440918
267 74.09162139892578
268 46.953407287597656
269 9.476834297180176
270 67.19937896728516
271 91.32221984863281
272 110.2759017944336
273 48.245704650878906
274 109.84512329101563
275 40.0611686706543
276 51.69182586669922
277 32.738155364990234
278 62.891727447509766
279 63.753257751464844
280 43.938053131103516
281 45.66111373901367
282 31.876625061035156
283 36.61504364013672
284 48.67646789550781
285 36.61504364013672
286 74.9531478881836
287 25.415145874023438
288 48.67647171020508
289 42.645755767822266
290 78.3992691040039
291 117.5988998413086
292 81.41462707519531
293 30.153564453125
294 59.014835357666016
295 65.90707397460938
296 67.19937896728516
297 118.46044158935547
298 54.707183837890625
299 70.64550018310547
300 68.49166870117188
301 49.53799819946289
302 60.307132720947266
303 22.399789810180664
304 99.93753814697266
305 70.64549255371094
306 87.4453353881836
307 59.01483154296875
308 50.39952850341797
309 77.968505859375
310 74.52239227294922
311 52.12259292602539
312 38.338104248046875
313 39.63039779663086
314 21.969026565551758
315 61.16865921020508
316 25.84591293334961
317 41.78422546386719
318 18.522903442382813
319 44.36881637573242
320 23.69208526611328
321 27.568971633911133
322 30.153564453125
323 43.507286071777344
324 74.09162902832031
325 106.82976531982422
326 83.99922180175781
327 123.19886016845703
328 72.79933166503906
329 52.98412322998047
330 77.968505859375
331 70.64550018310547
332 73.66085815429688
333 21.538259506225586
334 22.399791717529297
335 64.61478424072266
336 49.538002014160156
337 42.21499252319336
338 31.015092849731445
339 72.36856079101563
340 84.42998504638672
341 15.938312530517578
342 38.76886749267578
343 28.43050193786621
344 46.091880798339844
345 38.33810806274414
346 25.84591293334961
347 40.49192810058594
348 51.26106643676758
349 74.52237701416016
350 41.78422546386719
351 24.9843807220459
352 63.75325012207031
353 39.63040542602539
354 3.8768868446350098
355 15.0767822265625
356 35.75351333618164
357 58.15330505371094
358 53.414894104003906
359 31.01509666442871
360 47.38417434692383
361 101.66059875488281
362 50.830299377441406
363 86.15303802490234
364 149.4755401611328
365 92.18375396728516
366 69.35319519042969
367 49.96876907348633
368 43.507286071777344
369 31.445859909057617
370 71.93778991699219
371 88.73764038085938
372 14.215250968933105
373 172.3060760498047
374 105.53746795654297
375 66.76861572265625
376 64.18402862548828
377 105.5374755859375
378 108.98359680175781
379 64.61477661132813
380 53.84565353393555
381 21.969026565551758
382 52.12259292602539
383 107.26054382324219
384 24.98438262939453
385 151.1986083984375
386 94.76834869384766
387 95.1991195678711
388 21.107494354248047
389 43.50728988647461
390 34.461219787597656
391 36.18427658081055
392 32.30738830566406
393 51.69182586669922
394 45.2303466796875
395 49.96876525878906
396 24.55361557006836
397 46.953407287597656
398 55.999481201171875
399 66.76860809326172
400 63.753257751464844
401 37.90734100341797
402 72.79931640625
403 22.830556869506836
404 87.44534301757813
405 105.96825408935547
406 75.81468963623047
407 97.78369903564453
408 29.292036056518555
409 11.199895858764648
410 44.36881637573242
411 103.3836441040039
412 68.49166870117188
413 64.18402099609375
414 82.70692443847656
415 40.92269515991211
416 31.015094757080078
417 25.845911026000977
418 43.938053131103516
419 52.122589111328125
420 12.061426162719727
421 15.507548332214355
422 69.35320281982422
423 74.9531478881836
424 48.245704650878906
425 30.584327697753906
426 74.95315551757813
427 9.907600402832031
428 20.24596405029297
429 23.261320114135742
430 41.78422546386719
431 8.615303993225098
432 32.30739212036133
433 11.199895858764648
434 28.86126708984375
435 51.26105880737305
436 38.76886749267578
437 82.27615356445313
438 42.214988708496094
439 50.39952850341797
440 57.29177474975586
441 82.27615356445313
442 48.24570846557617
443 40.49192810058594
444 35.75351333618164
445 77.10698699951172
446 63.32249069213867
447 50.3995361328125
448 73.23008728027344
449 39.63039779663086
450 46.953407287597656
451 98.21446990966797
452 36.615047454833984
453 67.63014221191406
454 45.661109924316406
455 32.738155364990234
456 48.67646408081055
457 42.21499252319336
458 42.645755767822266
459 29.72279930114746
460 30.58432960510254
461 27.138208389282227
462 59.44560241699219
463 37.90734100341797
464 41.353458404541016
465 69.35319519042969
466 39.630401611328125
467 34.46121597290039
468 54.707183837890625
469 47.814937591552734
470 36.18427658081055
471 58.1533088684082
472 80.1223373413086
473 27.999738693237305
474 101.22982788085938
475 89.59916687011719
476 77.96849822998047
477 67.63014221191406
478 21.969024658203125
479 26.707441329956055
480 52.12259292602539
481 36.61504364013672
482 44.79957962036133
483 47.81494140625
484 10.338364601135254
485 71.93779754638672
486 80.12234497070313
487 102.09135437011719
488 80.98384857177734
489 55.1379508972168
490 25.415145874023438
491 18.522903442382813
492 54.707183837890625
493 81.41462707519531
494 113.72201538085938
495 36.18427658081055
496 98.21446990966797
497 67.63013458251953
498 68.92243957519531
499 26.276676177978516
500 75.8146743774414
501 51.26106262207031
502 55.1379508972168
503 31.876625061035156
504 46.52264404296875
505 71.50702667236328
506 37.4765739440918
507 106.82977294921875
508 46.52264404296875
509 28.43050193786621
510 77.5377426147461
511 52.55335998535156
512 42.21499252319336
513 31.015092849731445
514 29.722797393798828
515 46.52264404296875
516 42.214988708496094
517 30.58432960510254
518 33.168922424316406
519 34.89198303222656
520 76.67620849609375
521 83.56845092773438
522 62.8917236328125
523 27.568971633911133
524 47.814937591552734
525 30.584331512451172
526 50.830291748046875
527 73.66085052490234
528 65.47631072998047
529 21.969024658203125
530 36.18428039550781
531 105.10671997070313
532 21.107494354248047
533 24.12285041809082
534 17.230607986450195
535 26.276676177978516
536 42.214988708496094
537 41.353458404541016
538 23.261320114135742
539 40.06116485595703
540 44.36881637573242
541 78.3992691040039
542 68.92243957519531
543 54.27641677856445
544 27.138208389282227
545 16.369077682495117
546 55.5687141418457
547 35.322750091552734
548 78.83003234863281
549 24.122852325439453
550 33.168922424316406
551 0.43076521158218384
552 6.461478233337402
553 14.646017074584961
554 28.86126708984375
555 41.78422546386719
556 15.938312530517578
557 55.13794708251953
558 22.830554962158203
559 45.23035430908203
560 40.0611686706543
561 27.999740600585938
562 39.630401611328125
563 30.58432960510254
564 19.815200805664063
565 26.707441329956055
566 27.568973541259766
567 49.10723876953125
568 34.03044891357422
569 34.89198684692383
570 4.307652473449707
571 11.199895858764648
572 0.43076521158218384
573 25.84591293334961
574 27.138206481933594
575 17.661375045776367
576 42.64575958251953
577 18.95366859436035
578 38.76886749267578
579 55.568721771240234
580 32.738155364990234
581 28.430503845214844
582 3.8768868446350098
583 42.21499252319336
584 38.338104248046875
585 44.79958724975586
586 42.21499252319336
587 34.46121597290039
588 27.568971633911133
589 25.845911026000977
590 35.32274627685547
591 47.38417434692383
592 89.59916687011719
593 99.07599639892578
594 41.35346221923828
595 74.52238464355469
596 71.07626342773438
597 21.538259506225586
598 49.53800582885742
599 66.33784484863281
600 159.38314819335938
601 146.02940368652344
602 82.70691680908203
603 87.44534301757813
604 107.26053619384766
605 58.15330505371094
606 6.030713081359863
607 6.030713081359863
608 70.21473693847656
609 46.09187698364258
610 77.96851348876953
611 46.953407287597656
612 28.43050193786621
613 99.9375228881836
614 83.13768768310547
615 39.630401611328125
616 96.49141693115234
617 74.9531478881836
618 94.33758544921875
619 99.07598876953125
620 65.0455551147461
621 103.38365173339844
622 61.59942626953125
623 143.87557983398438
624 19.81519889831543
625 87.87610626220703
626 46.95341110229492
627 71.93778991699219
628 38.338104248046875
629 52.12259292602539
630 86.15304565429688
631 63.322486877441406
632 21.538259506225586
633 45.66111373901367
634 25.415149688720703
635 27.568971633911133
636 33.16891860961914
637 35.753509521484375
638 9.046070098876953
639 15.507547378540039
640 81.41462707519531
641 72.36856079101563
642 68.06090545654297
643 85.72227478027344
644 57.722537994384766
645 68.92243957519531
646 82.27615356445313
647 44.799583435058594
648 1.7230608463287354
649 80.98387145996094
650 52.5533561706543
651 31.015094757080078
652 44.36881637573242
653 55.13794708251953
654 49.10723114013672
655 36.18427658081055
656 61.16865921020508
657 23.69208526611328
658 24.12285041809082
659 46.09187698364258
660 77.10696411132813
661 71.50701904296875
662 55.56871795654297
663 118.46043395996094
664 122.33731842041016
665 78.83003997802734
666 59.014835357666016
667 61.599430084228516
668 85.72227478027344
669 66.76860809326172
670 62.891727447509766
671 40.922698974609375
672 34.461219787597656
673 22.399791717529297
674 67.63013458251953
675 69.78396606445313
676 118.4604263305664
677 173.16761779785156
678 164.1215362548828
679 149.90628051757813
680 59.87636947631836
681 139.13714599609375
682 118.46043395996094
683 65.0455551147461
684 81.41462707519531
685 77.53775024414063
686 41.78422927856445
687 35.753509521484375
688 58.15330123901367
689 135.69107055664063
690 25.845911026000977
691 49.538002014160156
692 48.24570846557617
693 139.13714599609375
694 104.24519348144531
695 123.62960815429688
696 121.47579193115234
697 52.55335998535156
698 98.64523315429688
699 90.46070098876953
700 40.49192810058594
701 23.69208526611328
702 45.2303466796875
703 35.75351333618164
704 46.52264404296875
705 36.615047454833984
706 11.630661010742188
707 70.2147216796875
708 49.96876525878906
709 145.59864807128906
710 103.38365173339844
711 89.16840362548828
712 53.414886474609375
713 98.6452407836914
714 32.30739212036133
715 89.16839599609375
716 47.814937591552734
717 55.13794708251953
718 61.599430084228516
719 7.7537736892700195
720 19.38443374633789
721 33.16891860961914
722 33.16891860961914
723 68.06090545654297
724 43.07652282714844
725 76.24543762207031
726 44.36881637573242
727 58.15330505371094
728 62.46095657348633
729 66.33785247802734
730 52.55335998535156
731 42.21499252319336
732 34.461219787597656
733 79.26079559326172
734 57.291778564453125
735 88.7376480102539
736 54.27641677856445
737 81.84539031982422
738 113.29125213623047
739 49.96876907348633
740 53.84565353393555
741 68.06089782714844
742 72.79931640625
743 88.73763275146484
744 76.24543762207031
745 129.66033935546875
746 138.27565002441406
747 117.16814422607422
748 73.23008728027344
749 37.045806884765625
750 34.03044891357422
751 106.39900970458984
752 30.58432960510254
753 22.399789810180664
754 51.69182586669922
755 79.26080322265625
756 49.107234954833984
757 8.615303993225098
758 83.13768768310547
759 46.953407287597656
760 47.38417434692383
761 65.04554748535156
762 68.06090545654297
763 51.691829681396484
764 19.38443374633789
765 82.70692443847656
766 8.184538841247559
767 62.46095657348633
768 140.8602294921875
769 63.75325393676758
770 62.891727447509766
771 22.830554962158203
772 9.907600402832031
773 70.64550018310547
774 51.69182205200195
775 27.138208389282227
776 54.707183837890625
777 30.153564453125
778 31.876623153686523
779 36.61504364013672
780 98.21446990966797
781 28.430503845214844
782 39.19963455200195
783 51.26106643676758
784 18.092138290405273
785 87.44534301757813
786 10.769129753112793
787 113.72203063964844
788 80.55309295654297
789 106.82977294921875
790 24.98438262939453
791 19.38443374633789
792 8.615303993225098
793 48.67646789550781
794 40.49192810058594
795 14.215251922607422
796 136.9833526611328
797 164.12155151367188
798 108.55281829833984
799 174.8906707763672
800 114.15277862548828
801 118.02967071533203
802 104.67594909667969
803 37.04581069946289
804 15.938312530517578
805 69.78396606445313
806 6.461478233337402
807 14.646017074584961
808 34.030452728271484
809 43.938053131103516
810 108.12206268310547
811 116.73736572265625
812 6.030713081359863
813 97.35293579101563
814 108.12206268310547
815 110.70665740966797
816 22.830554962158203
817 42.214988708496094
818 58.58407211303711
819 75.38391876220703
820 75.8146743774414
821 111.56820678710938
822 87.4453353881836
823 127.50650787353516
824 9.907599449157715
825 32.30739212036133
826 91.75299835205078
827 45.230350494384766
828 67.19937896728516
829 39.19963455200195
830 71.50701904296875
831 20.676729202270508
832 25.41514778137207
833 55.56871795654297
834 8.615303993225098
835 29.72279930114746
836 50.830299377441406
837 40.92269515991211
838 49.9687614440918
839 39.19963455200195
840 63.322486877441406
841 37.045806884765625
842 33.59968948364258
843 111.13742065429688
844 24.98438262939453
845 37.4765739440918
846 19.38443374633789
847 17.230607986450195
848 36.18428039550781
849 2.1538259983062744
850 40.06116485595703
851 27.13821029663086
852 13.784486770629883
853 43.07652282714844
854 15.0767822265625
855 18.95366859436035
856 15.0767822265625
857 2.1538259983062744
858 29.292034149169922
859 7.3230085372924805
860 22.830554962158203
861 48.24570846557617
862 25.41514778137207
863 21.969026565551758
864 16.799842834472656
865 55.99947738647461
866 24.9843807220459
867 60.30712890625
868 46.522647857666016
869 12.922956466674805
870 28.86126708984375
871 28.430503845214844
872 23.69208526611328
873 116.30660247802734
874 66.76860809326172
875 43.0765266418457
876 49.107234954833984
877 52.5533561706543
878 49.10723114013672
879 113.7220230102539
880 138.275634765625
881 105.1067123413086
882 55.5687141418457
883 91.75299072265625
884 84.86074829101563
885 125.35269165039063
886 74.52238464355469
887 83.13768768310547
888 118.89118957519531
889 66.76860809326172
890 171.0137939453125
891 45.661109924316406
892 48.24570846557617
893 43.50728988647461
894 56.43024444580078
895 44.799583435058594
896 24.98438262939453
897 31.445858001708984
898 84.42998504638672
899 54.27642059326172
900 23.69208526611328
901 19.38443374633789
902 77.10697174072266
903 39.19963455200195
904 90.89146423339844
905 66.76860809326172
906 50.83029556274414
907 100.79905700683594
908 59.01483154296875
909 76.67621612548828
910 93.4760513305664
911 91.32221984863281
912 40.06116485595703
913 37.045806884765625
914 75.81468200683594
915 94.76834106445313
916 44.799583435058594
917 31.015094757080078
918 36.61503982543945
919 74.9531478881836
920 43.507286071777344
921 125.78343963623047
922 140.42945861816406
923 77.10697174072266
924 120.18350219726563
925 78.83003234863281
926 37.90734100341797
927 79.26079559326172
928 65.476318359375
929 73.66085052490234
930 41.78422546386719
931 121.47579956054688
932 62.46095657348633
933 44.799583435058594
934 52.55335235595703
935 30.153564453125
936 64.18401336669922
937 93.90682220458984
938 94.76834869384766
939 55.999473571777344
940 98.64523315429688
941 108.98359680175781
942 146.8909454345703
943 151.1986083984375
944 92.6145248413086
945 33.168922424316406
946 81.41461944580078
947 45.2303466796875
948 84.86075592041016
949 102.5221176147461
950 57.72254180908203
951 42.214996337890625
952 99.50676727294922
953 137.4141082763672
954 49.107234954833984
955 74.52238464355469
956 110.27589416503906
957 64.18402099609375
958 82.70691680908203
959 93.90681457519531
960 109.84513854980469
961 125.35266876220703
962 134.39874267578125
963 28.430503845214844
964 83.13768005371094
965 68.49166870117188
966 62.8917236328125
967 52.9841194152832
968 20.24596405029297
969 122.33731842041016
970 122.33732604980469
971 108.12207794189453
972 85.72227478027344
973 51.26105880737305
974 63.75325012207031
975 108.5528335571289
976 45.66111373901367
977 62.030189514160156
978 92.61451721191406
979 67.63014221191406
980 50.830299377441406
981 24.9843807220459
982 37.9073371887207
983 21.969024658203125
984 25.415145874023438
985 31.015094757080078
986 43.93804931640625
987 102.09136199951172
988 54.27641677856445
989 44.36881637573242
990 74.9531478881836
991 64.61478424072266
992 56.430240631103516
993 43.938053131103516
994 56.86100769042969
995 71.50702667236328
996 34.89198303222656
997 92.61451721191406
998 38.33810806274414
999 71.93778991699219
1000 19.81519889831543
1001 45.66111373901367
1002 45.66111373901367
