# Selection 1:name C1A D2A C3A C4A C1B C2B C3B C4B Selection 2:name AUC AUSL AUL Cutoff:8 Start:0 End:-1
0 0
1 0
2 16
3 15
4 22
5 14
6 19
7 17
8 23
9 19
10 15
11 21
12 17
13 14
14 20
15 18
16 16
17 9
18 8
19 21
20 28
21 18
22 22
23 18
24 11
25 13
26 18
27 12
28 18
29 18
30 19
31 13
32 21
33 20
34 20
35 14
36 15
37 13
38 19
39 15
40 23
41 24
42 21
43 19
44 22
45 22
46 19
47 12
48 18
49 15
50 19
51 19
52 24
53 15
54 16
55 22
56 18
57 18
58 22
59 12
60 13
61 20
62 17
63 21
64 21
65 20
66 16
67 22
68 26
69 15
70 25
71 18
72 15
73 11
74 9
75 9
76 14
77 12
78 18
79 16
80 23
81 16
82 14
83 15
84 18
85 24
86 17
87 24
88 18
89 15
90 20
91 20
92 20
93 17
94 17
95 19
96 20
97 17
98 20
99 19
100 26
101 25
102 18
103 16
104 15
105 19
106 15
107 12
108 11
109 13
110 20
111 7
112 7
113 21
114 14
115 22
116 22
117 17
118 20
119 18
120 13
121 10
122 15
123 16
124 19
125 18
126 20
127 21
128 22
129 12
130 17
131 10
132 20
133 15
134 16
135 23
136 16
137 15
138 20
139 12
140 24
141 13
142 10
143 19
144 14
145 23
146 19
147 19
148 20
149 24
150 14
151 16
152 17
153 15
154 18
155 13
156 20
157 10
158 18
159 19
160 14
161 15
162 16
163 19
164 18
165 16
166 13
167 20
168 13
169 19
170 19
171 16
172 19
173 23
174 24
175 17
176 20
177 16
178 24
179 22
180 22
181 23
182 16
183 19
184 14
185 18
186 17
187 18
188 20
189 15
190 20
191 13
192 15
193 16
194 12
195 15
196 23
197 15
198 17
199 15
200 26
201 23
202 23
203 30
204 24
205 18
206 13
207 25
208 21
209 22
210 18
211 26
212 15
213 17
214 17
215 26
216 19
217 13
218 9
219 21
220 21
221 21
222 17
223 17
224 17
225 17
226 10
227 11
228 16
229 14
230 14
231 16
232 13
233 15
234 15
235 24
236 25
237 26
238 17
239 15
240 14
241 16
242 18
243 17
244 19
245 18
246 9
247 14
248 13
249 14
250 18
251 18
252 21
253 19
254 21
255 19
256 17
257 17
258 14
259 17
260 18
261 16
262 14
263 23
264 16
265 18
266 13
267 21
268 16
269 12
270 16
271 15
272 25
273 21
274 16
275 22
276 20
277 19
278 19
279 27
280 21
281 21
282 28
283 22
284 22
285 17
286 20
287 10
288 15
289 15
290 19
291 18
292 27
293 19
294 16
295 20
296 16
297 16
298 16
299 20
300 15
301 18
302 23
303 23
304 23
305 17
306 16
307 10
308 12
309 15
310 15
311 7
312 10
313 16
314 20
315 19
316 18
317 21
318 14
319 19
320 21
321 18
322 19
323 23
324 25
325 28
326 15
327 20
328 22
329 23
330 23
331 23
332 14
333 18
334 19
335 21
336 15
337 18
338 19
339 19
340 23
341 15
342 13
343 14
344 19
345 14
346 16
347 19
348 20
349 13
350 17
351 24
352 26
353 19
354 23
355 18
356 14
357 19
358 23
359 24
360 17
361 23
362 24
363 15
364 20
365 20
366 21
367 21
368 25
369 29
370 19
371 21
372 26
373 17
374 10
375 15
376 16
377 21
378 21
379 20
380 23
381 13
382 18
383 21
384 18
385 19
386 19
387 23
388 20
389 20
390 19
391 19
392 17
393 21
394 23
395 24
396 23
397 17
398 19
399 16
400 20
401 11
402 28
403 24
404 21
405 23
406 13
407 18
408 20
409 18
410 11
411 15
412 19
413 19
414 20
415 20
416 13
417 24
418 19
419 13
420 22
421 16
422 18
423 19
424 15
425 15
426 19
427 12
428 12
429 16
430 14
431 14
432 13
433 13
434 17
435 21
436 17
437 18
438 17
439 14
440 16
441 13
442 22
443 20
444 20
445 24
446 23
447 20
448 19
449 21
450 14
451 19
452 14
453 22
454 21
455 16
456 13
457 10
458 16
459 11
460 15
461 17
462 19
463 16
464 18
465 15
466 15
467 11
468 19
469 12
470 12
471 15
472 20
473 19
474 9
475 12
476 19
477 21
478 19
479 16
480 15
481 22
482 18
483 17
484 20
485 21
486 21
487 20
488 20
489 13
490 16
491 12
492 12
493 18
494 18
495 13
496 22
497 21
498 24
499 19
500 17
501 25
502 15
503 12
504 15
505 14
506 18
507 18
508 14
509 15
510 21
511 17
512 12
513 20
514 17
515 13
516 6
517 14
518 9
519 13
520 9
521 26
522 24
523 16
524 15
525 20
526 19
527 20
528 15
529 15
530 21
531 18
532 19
533 19
534 19
535 21
536 17
537 12
538 11
539 23
540 21
541 20
542 18
543 19
544 14
545 10
546 16
547 20
548 14
549 9
550 15
551 12
552 16
553 13
554 24
555 15
556 26
557 23
558 22
559 17
560 20
561 12
562 13
563 14
564 18
565 14
566 22
567 23
568 16
569 17
570 19
571 14
572 14
573 14
574 8
575 14
576 16
577 20
578 21
579 13
580 13
581 15
582 11
583 19
584 8
585 13
586 15
587 19
588 15
589 24
590 19
591 19
592 20
593 15
594 20
595 12
596 19
597 17
598 17
599 25
600 15
601 10
602 20
603 12
604 22
605 19
606 23
607 19
608 30
609 19
610 20
611 13
612 20
613 17
614 19
615 16
616 17
617 19
618 19
619 17
620 20
621 20
622 18
623 20
624 17
625 10
626 16
627 10
628 11
629 15
630 12
631 14
632 15
633 12
634 14
635 15
636 13
637 14
638 10
639 22
640 13
641 21
642 25
643 25
644 25
645 19
646 15
647 19
648 15
649 20
650 18
651 27
652 17
653 17
654 20
655 16
656 17
657 17
658 20
659 15
660 23
661 15
662 18
663 20
664 26
665 17
666 25
667 23
668 16
669 22
670 23
671 23
672 22
673 16
674 16
675 11
676 9
677 18
678 19
679 27
680 20
681 18
682 21
683 22
684 18
685 12
686 23
687 26
688 23
689 16
690 21
691 17
692 26
693 19
694 16
695 18
696 22
697 20
698 19
699 21
700 24
701 21
702 13
703 18
704 18
705 14
706 17
707 17
708 16
709 13
710 21
711 17
712 12
713 21
714 11
715 15
716 20
717 17
718 16
719 15
720 13
721 15
722 13
723 20
724 13
725 20
726 13
727 17
728 20
729 15
730 13
731 18
732 15
733 10
734 18
735 13
736 17
737 15
738 20
739 17
740 17
741 13
742 19
743 20
744 20
745 24
746 21
747 20
748 18
749 21
750 13
751 18
752 15
753 16
754 18
755 21
756 20
757 18
758 20
759 18
760 9
761 19
762 21
763 11
764 15
765 21
766 15
767 19
768 20
769 24
770 16
771 21
772 12
773 12
774 13
775 13
776 18
777 17
778 19
779 23
780 25
781 17
782 10
783 12
784 16
785 19
786 21
787 17
788 19
789 15
790 14
791 22
792 19
793 18
794 23
795 18
796 23
797 18
798 25
799 24
800 20
801 21
802 16
803 16
804 19
805 19
806 18
807 28
808 22
809 24
810 21
811 19
812 19
813 9
814 17
815 24
816 17
817 13
818 22
819 18
820 9
821 14
822 18
823 21
824 18
825 22
826 20
827 18
828 14
829 8
830 14
831 16
832 15
833 16
834 19
835 18
836 22
837 21
838 13
839 19
840 20
841 18
842 25
843 22
844 20
845 15
846 18
847 27
848 19
849 16
850 18
851 15
852 22
853 23
854 23
855 25
856 24
857 22
858 17
859 16
860 23
861 22
862 17
863 16
864 19
865 18
866 21
867 18
868 21
869 20
870 18
871 12
872 14
873 17
874 14
875 21
876 20
877 16
878 11
879 11
880 10
881 11
882 13
883 17
884 25
885 17
886 15
887 13
888 21
889 20
890 15
891 20
892 17
893 10
894 20
895 18
896 12
897 15
898 18
899 22
900 21
901 18
902 19
903 17
904 19
905 19
906 20
907 15
908 17
909 18
910 17
911 16
912 21
913 18
914 14
915 22
916 18
917 16
918 22
919 8
920 17
921 17
922 15
923 21
924 17
925 14
926 16
927 15
928 16
929 13
930 16
931 19
932 17
933 21
934 21
935 11
936 16
937 20
938 15
939 17
940 17
941 20
942 21
943 19
944 19
945 15
946 25
947 23
948 21
949 19
950 21
951 19
952 17
953 13
954 13
955 14
956 14
957 13
958 13
959 19
960 15
961 15
962 14
963 16
964 15
965 25
966 26
967 19
968 18
969 19
970 19
971 21
972 17
973 17
974 19
975 17
976 23
977 13
978 19
979 23
980 20
981 23
982 25
983 22
984 25
985 13
986 9
987 21
988 20
989 15
990 16
991 15
992 13
993 17
994 16
995 18
996 20
997 22
998 13
999 13
1000 19
1001 9
1002 9
