# Selection:resname AU POPC Restricted:name AUC AUL AUSL Radius:2.64 Start:0 End:-1
0 366.58123779296875
1 358.82745361328125
2 1.7230608463287354
3 0.43076521158218384
4 0.0
5 1.2922956943511963
6 0.0
7 0.0
8 0.43076521158218384
9 0.0
10 1.2922956943511963
11 0.0
12 1.2922956943511963
13 0.0
14 4.738417625427246
15 0.8615304231643677
16 0.0
17 2.1538259983062744
18 0.0
19 5.169182777404785
20 0.0
21 1.2922956943511963
22 0.0
23 0.0
24 0.0
25 0.0
26 0.0
27 0.0
28 0.0
29 0.0
30 0.8615304231643677
31 2.5845913887023926
32 0.0
33 0.0
34 0.43076521158218384
35 0.0
36 0.43076521158218384
37 0.8615304231643677
38 0.43076521158218384
39 0.0
40 2.5845913887023926
41 0.43076521158218384
42 1.7230608463287354
43 0.0
44 0.0
45 0.0
46 0.0
47 0.0
48 0.0
49 0.43076521158218384
50 0.0
51 0.0
52 0.0
53 0.43076521158218384
54 0.0
55 0.0
56 0.8615304231643677
57 0.0
58 3.0153565406799316
59 0.43076521158218384
60 0.0
61 0.0
62 0.0
63 0.0
64 0.8615304231643677
65 0.0
66 0.43076521158218384
67 0.0
68 0.0
69 0.0
70 0.0
71 0.0
72 0.0
73 0.43076521158218384
74 0.0
75 0.0
76 0.43076521158218384
77 0.0
78 0.0
79 0.0
80 0.0
81 0.0
82 0.0
83 0.0
84 0.0
85 3.4461216926574707
86 0.0
87 0.0
88 0.43076521158218384
89 0.0
90 0.43076521158218384
91 0.8615304231643677
92 1.2922956943511963
93 0.0
94 0.0
95 0.0
96 0.0
97 0.0
98 0.43076521158218384
99 0.0
100 0.0
101 0.0
102 0.8615304231643677
103 0.0
104 3.0153565406799316
105 0.8615304231643677
106 0.0
107 0.0
108 3.8768868446350098
109 0.0
110 0.43076521158218384
111 0.0
112 1.7230608463287354
113 0.0
114 0.0
115 0.0
116 0.8615304231643677
117 0.0
118 0.0
119 1.7230608463287354
120 0.8615304231643677
121 0.43076521158218384
122 0.8615304231643677
123 0.43076521158218384
124 0.0
125 0.0
126 0.0
127 0.0
128 0.0
129 0.0
130 0.43076521158218384
131 0.8615304231643677
132 0.0
133 0.43076521158218384
134 0.0
135 0.0
136 0.0
137 4.738417148590088
138 0.8615304231643677
139 0.0
140 2.5845913887023926
141 0.0
142 0.8615304231643677
143 0.0
144 0.0
145 0.43076521158218384
146 0.0
147 0.0
148 0.0
149 0.0
150 3.0153565406799316
151 0.0
152 0.0
153 0.43076521158218384
154 0.0
155 1.7230608463287354
156 0.0
157 0.0
158 0.0
159 0.43076521158218384
160 0.0
161 0.0
162 1.7230608463287354
163 0.0
164 0.0
165 0.0
166 0.0
167 0.0
168 0.0
169 0.0
170 0.0
171 0.0
172 0.0
173 0.43076521158218384
174 0.43076521158218384
175 0.0
176 0.0
177 4.738417148590088
178 0.0
179 0.0
180 0.0
181 0.0
182 0.0
183 0.43076521158218384
184 0.0
185 0.43076521158218384
186 0.8615304231643677
187 0.0
188 0.0
189 0.0
190 3.4461216926574707
191 0.0
192 0.43076521158218384
193 1.2922956943511963
194 2.5845913887023926
195 0.0
196 0.43076521158218384
197 0.43076521158218384
198 1.7230608463287354
199 1.7230608463287354
200 0.0
201 0.43076521158218384
202 0.8615304231643677
203 0.0
204 0.0
205 0.0
206 1.7230608463287354
207 0.43076521158218384
208 0.43076521158218384
209 0.8615304231643677
210 0.0
211 0.0
212 0.0
213 0.0
214 0.0
215 0.0
216 0.0
217 0.43076521158218384
218 0.0
219 1.7230608463287354
220 0.0
221 0.0
222 0.0
223 0.0
224 0.0
225 0.0
226 1.2922956943511963
227 0.0
228 0.8615304231643677
229 6.461478233337402
230 0.43076521158218384
231 3.0153565406799316
232 0.8615304231643677
233 0.43076521158218384
234 0.0
235 0.0
236 0.0
237 0.0
238 0.43076521158218384
239 0.43076521158218384
240 0.0
241 1.2922956943511963
242 0.0
243 0.0
244 0.0
245 0.0
246 0.0
247 0.0
248 0.0
249 0.0
250 0.0
251 0.0
252 1.7230608463287354
253 0.0
254 0.0
255 0.0
256 0.0
257 0.0
258 0.0
259 0.43076521158218384
260 1.7230608463287354
261 0.0
262 8.184538841247559
263 5.599947929382324
264 2.5845911502838135
265 0.8615304231643677
266 0.0
267 0.0
268 0.0
269 0.8615304231643677
270 0.0
271 0.0
272 0.0
273 0.43076521158218384
274 0.0
275 0.0
276 0.0
277 0.0
278 0.0
279 0.0
280 0.0
281 0.0
282 0.0
283 0.0
284 0.0
285 0.0
286 3.8768868446350098
287 0.43076521158218384
288 1.7230608463287354
289 0.0
290 0.43076521158218384
291 0.43076521158218384
292 0.43076521158218384
293 0.0
294 0.0
295 2.5845913887023926
296 0.0
297 0.0
298 0.0
299 0.0
300 0.8615304231643677
301 0.0
302 0.0
303 0.0
304 0.0
305 0.43076521158218384
306 0.0
307 0.0
308 0.0
309 0.0
310 0.0
311 0.0
312 0.0
313 0.43076521158218384
314 0.0
315 0.0
316 0.0
317 3.8768868446350098
318 0.0
319 0.8615304231643677
320 0.0
321 0.0
322 0.0
323 0.0
324 0.0
325 0.0
326 0.0
327 0.0
328 0.0
329 0.0
330 0.8615304231643677
331 0.0
332 0.0
333 0.0
334 0.0
335 0.0
336 0.0
337 0.0
338 0.0
339 0.0
340 0.0
341 0.0
342 4.307652473449707
343 0.0
344 0.43076521158218384
345 0.0
346 0.43076521158218384
347 0.0
348 0.43076521158218384
349 0.43076521158218384
350 0.0
351 0.0
352 2.5845913887023926
353 0.8615304231643677
354 0.0
355 0.0
356 0.0
357 0.0
358 0.0
359 0.0
360 1.2922956943511963
361 0.0
362 0.8615304231643677
363 0.0
364 0.0
365 0.43076521158218384
366 0.0
367 0.0
368 1.7230608463287354
369 0.0
370 0.0
371 0.0
372 0.0
373 0.0
374 0.0
375 0.0
376 0.0
377 0.0
378 0.43076521158218384
379 0.43076521158218384
380 0.0
381 9.046070098876953
382 0.0
383 0.0
384 4.738417148590088
385 0.43076521158218384
386 0.0
387 0.43076521158218384
388 0.0
389 0.0
390 0.8615304231643677
391 0.0
392 0.0
393 0.0
394 0.0
395 0.0
396 0.0
397 0.0
398 3.8768868446350098
399 0.0
400 0.0
401 1.7230608463287354
402 0.0
403 0.0
404 0.43076521158218384
405 0.0
406 0.0
407 0.43076521158218384
408 0.0
409 0.0
410 0.43076521158218384
411 0.0
412 2.1538259983062744
413 1.2922956943511963
414 1.7230608463287354
415 0.0
416 0.0
417 0.0
418 0.0
419 0.0
420 0.0
421 1.2922956943511963
422 0.8615304231643677
423 0.0
424 0.0
425 0.0
426 0.0
427 0.0
428 1.2922956943511963
429 0.0
430 0.0
431 0.0
432 0.0
433 0.43076521158218384
434 0.43076521158218384
435 0.43076521158218384
436 0.0
437 0.0
438 0.0
439 0.0
440 0.0
441 0.0
442 0.0
443 2.1538259983062744
444 7.3230085372924805
445 2.1538259983062744
446 0.0
447 0.0
448 2.1538259983062744
449 0.0
450 1.7230608463287354
451 0.0
452 0.0
453 0.43076521158218384
454 0.0
455 1.7230608463287354
456 3.8768868446350098
457 1.2922956943511963
458 0.0
459 1.2922956943511963
460 0.0
461 0.0
462 0.0
463 1.2922956943511963
464 0.0
465 0.0
466 0.43076521158218384
467 0.0
468 0.0
469 0.0
470 0.8615304231643677
471 0.0
472 0.0
473 0.0
474 1.2922956943511963
475 0.0
476 0.0
477 0.0
478 0.0
479 0.43076521158218384
480 0.0
481 0.0
482 1.2922956943511963
483 0.0
484 0.0
485 2.1538259983062744
486 0.8615304231643677
487 0.0
488 0.0
489 0.0
490 1.7230608463287354
491 0.43076521158218384
492 0.43076521158218384
493 0.0
494 0.43076521158218384
495 0.0
496 0.0
497 0.43076521158218384
498 0.43076521158218384
499 0.8615304231643677
500 0.0
501 0.0
502 0.43076521158218384
503 0.0
504 0.0
505 2.1538259983062744
506 0.0
507 0.8615304231643677
508 0.0
509 0.0
510 0.0
511 0.43076521158218384
512 0.43076521158218384
513 0.0
514 0.43076521158218384
515 0.0
516 0.0
517 0.0
518 0.0
519 0.0
520 0.0
521 0.0
522 0.43076521158218384
523 0.0
524 0.0
525 0.0
526 0.0
527 0.0
528 0.0
529 2.1538259983062744
530 0.0
531 0.43076521158218384
532 0.43076521158218384
533 0.0
534 0.8615304231643677
535 0.0
536 0.0
537 0.0
538 0.0
539 0.0
540 0.0
541 0.43076521158218384
542 0.0
543 0.0
544 0.0
545 0.0
546 0.0
547 0.0
548 0.0
549 0.0
550 0.0
551 0.0
552 0.8615304231643677
553 0.0
554 0.8615304231643677
555 0.0
556 0.0
557 0.0
558 0.0
559 0.43076521158218384
560 0.0
561 0.0
562 0.0
563 0.0
564 2.1538262367248535
565 4.307651996612549
566 1.2922956943511963
567 0.0
568 1.2922956943511963
569 0.0
570 0.0
571 0.0
572 0.0
573 1.2922956943511963
574 0.0
575 0.0
576 0.0
577 0.0
578 0.0
579 0.0
580 0.0
581 0.0
582 0.0
583 0.0
584 0.43076521158218384
585 0.0
586 0.0
587 0.0
588 0.0
589 0.0
590 0.0
591 0.0
592 0.0
593 0.0
594 0.8615304231643677
595 0.0
596 0.43076521158218384
597 0.0
598 0.0
599 0.0
600 0.43076521158218384
601 0.0
602 0.0
603 1.2922956943511963
604 0.0
605 0.0
606 0.0
607 0.0
608 0.0
609 0.0
610 0.8615304231643677
611 0.0
612 0.0
613 0.0
614 0.0
615 0.0
616 0.0
617 1.2922956943511963
618 0.0
619 4.307652473449707
620 0.0
621 0.0
622 0.0
623 0.0
624 0.0
625 0.8615304231643677
626 2.1538262367248535
627 0.0
628 0.0
629 2.5845913887023926
630 0.0
631 0.43076521158218384
632 1.2922956943511963
633 0.8615304231643677
634 0.0
635 0.0
636 0.43076521158218384
637 0.0
638 0.0
639 0.0
640 0.0
641 2.5845913887023926
642 0.8615304231643677
643 0.43076521158218384
644 0.0
645 0.0
646 1.7230608463287354
647 0.8615304231643677
648 0.8615304231643677
649 2.1538259983062744
650 0.0
651 0.0
652 0.0
653 0.43076521158218384
654 0.8615304231643677
655 0.0
656 0.0
657 0.43076521158218384
658 5.169182777404785
659 0.8615304231643677
660 0.0
661 0.0
662 0.43076521158218384
663 0.0
664 3.0153565406799316
665 0.0
666 0.8615304231643677
667 0.0
668 0.0
669 0.43076521158218384
670 0.0
671 0.43076521158218384
672 0.0
673 0.0
674 0.0
675 0.0
676 0.8615304231643677
677 0.43076521158218384
678 0.43076521158218384
679 0.0
680 0.8615304231643677
681 0.0
682 0.0
683 0.0
684 0.0
685 0.8615304231643677
686 0.0
687 0.0
688 0.0
689 0.0
690 0.43076521158218384
691 1.7230608463287354
692 0.0
693 0.0
694 0.43076521158218384
695 0.43076521158218384
696 2.5845913887023926
697 0.8615304231643677
698 0.0
699 0.0
700 0.43076521158218384
701 4.307651996612549
702 1.2922956943511963
703 3.0153565406799316
704 0.8615304231643677
705 1.2922956943511963
706 0.0
707 0.0
708 0.0
709 3.0153565406799316
710 0.43076521158218384
711 0.0
712 0.0
713 0.0
714 2.1538259983062744
715 0.43076521158218384
716 3.4461216926574707
717 0.43076521158218384
718 0.0
719 7.7537736892700195
720 0.0
721 0.0
722 0.0
723 0.0
724 1.2922956943511963
725 0.0
726 0.0
727 3.4461216926574707
728 0.0
729 0.0
730 0.0
731 2.5845913887023926
732 1.7230608463287354
733 0.0
734 0.43076521158218384
735 0.0
736 1.2922956943511963
737 0.0
738 0.43076521158218384
739 0.0
740 0.43076521158218384
741 0.0
742 1.7230608463287354
743 1.7230608463287354
744 0.0
745 0.43076521158218384
746 0.0
747 1.2922956943511963
748 2.5845911502838135
749 0.0
750 2.5845913887023926
751 0.0
752 1.2922956943511963
753 0.0
754 0.0
755 0.8615304231643677
756 1.2922956943511963
757 0.43076521158218384
758 1.2922956943511963
759 0.0
760 0.0
761 0.0
762 0.43076521158218384
763 6.030713081359863
764 1.7230608463287354
765 1.7230608463287354
766 0.0
767 0.0
768 0.0
769 0.0
770 0.0
771 0.0
772 0.0
773 6.030713081359863
774 4.738417148590088
775 1.2922956943511963
776 0.0
777 0.0
778 2.5845913887023926
779 0.0
780 0.0
781 1.7230608463287354
782 0.43076521158218384
783 0.0
784 0.0
785 0.43076521158218384
786 0.0
787 0.8615304231643677
788 0.0
789 0.0
790 0.0
791 0.0
792 2.1538262367248535
793 0.0
794 0.0
795 0.0
796 0.0
797 0.43076521158218384
798 2.1538259983062744
799 0.8615304231643677
800 0.0
801 0.43076521158218384
802 20.676729202270508
803 0.0
804 9.907600402832031
805 1.2922956943511963
806 0.43076521158218384
807 0.0
808 0.0
809 0.0
810 0.0
811 0.0
812 6.892243385314941
813 0.0
814 0.43076521158218384
815 1.2922956943511963
816 0.43076521158218384
817 2.5845913887023926
818 2.1538259983062744
819 2.1538262367248535
820 0.43076521158218384
821 0.0
822 1.7230608463287354
823 6.030713081359863
824 0.0
825 2.1538262367248535
826 0.0
827 5.599947929382324
828 0.0
829 0.8615304231643677
830 0.0
831 0.0
832 0.8615304231643677
833 0.43076521158218384
834 0.0
835 0.0
836 0.0
837 0.0
838 0.43076521158218384
839 0.8615304231643677
840 0.43076521158218384
841 0.0
842 0.0
843 0.43076521158218384
844 1.7230608463287354
845 0.0
846 1.2922956943511963
847 0.0
848 0.0
849 0.0
850 0.43076521158218384
851 0.8615304231643677
852 0.0
853 10.76913070678711
854 0.8615304231643677
855 0.0
856 0.43076521158218384
857 0.0
858 1.7230608463287354
859 0.0
860 0.0
861 0.43076521158218384
862 0.0
863 0.43076521158218384
864 0.0
865 4.307651996612549
866 4.738417148590088
867 0.0
868 0.0
869 0.0
870 0.0
871 0.0
872 0.0
873 0.43076521158218384
874 0.43076521158218384
875 0.8615304231643677
876 0.0
877 0.0
878 0.0
879 2.1538262367248535
880 0.0
881 0.0
882 0.8615304231643677
883 7.7537736892700195
884 2.5845913887023926
885 0.0
886 0.0
887 0.8615304231643677
888 0.0
889 2.5845913887023926
890 1.2922956943511963
891 0.0
892 0.43076521158218384
893 0.8615304231643677
894 0.0
895 1.7230608463287354
896 0.0
897 0.43076521158218384
898 0.8615304231643677
899 0.43076521158218384
900 3.4461216926574707
901 1.2922956943511963
902 0.0
903 0.43076521158218384
904 0.0
905 0.0
906 0.8615304231643677
907 0.0
908 0.43076521158218384
909 0.0
910 4.307652473449707
911 0.43076521158218384
912 0.0
913 0.0
914 0.8615304231643677
915 0.0
916 0.0
917 1.2922956943511963
918 0.0
919 6.030713081359863
920 0.0
921 0.0
922 1.7230608463287354
923 0.0
924 0.8615304231643677
925 0.0
926 0.0
927 0.0
928 1.7230608463287354
929 0.8615304231643677
930 0.8615304231643677
931 0.0
932 0.0
933 4.738417625427246
934 0.0
935 0.8615304231643677
936 0.0
937 1.7230608463287354
938 0.0
939 2.1538259983062744
940 1.7230608463287354
941 1.2922956943511963
942 0.0
943 0.0
944 2.5845913887023926
945 1.7230608463287354
946 4.738417148590088
947 0.0
948 0.0
949 0.8615304231643677
950 0.0
951 2.5845911502838135
952 0.0
953 1.7230608463287354
954 1.2922956943511963
955 0.0
956 5.169182777404785
957 0.0
958 0.0
959 0.0
960 0.0
961 3.0153565406799316
962 0.8615304231643677
963 0.43076521158218384
964 0.0
965 2.1538259983062744
966 0.0
967 3.0153565406799316
968 3.0153565406799316
969 3.4461216926574707
970 5.169182300567627
971 0.0
972 0.8615304231643677
973 0.43076521158218384
974 0.43076521158218384
975 0.0
976 0.43076521158218384
977 0.0
978 0.0
979 0.0
980 2.1538259983062744
981 0.0
982 0.0
983 0.0
984 0.0
985 0.0
986 6.461478233337402
987 0.43076521158218384
988 0.0
989 0.0
990 1.7230608463287354
991 0.0
992 0.0
993 0.0
994 0.0
995 0.43076521158218384
996 0.0
997 1.2922956943511963
998 0.43076521158218384
999 0.0
1000 5.599947929382324
1001 0.0
1002 0.0
