# Selection:resname AU W ION Restricted:name AUC AUL AUSL Radius:2.64 Start:0 End:-1
0 363.99664306640625
1 357.5351867675781
2 59.87636947631836
3 30.584327697753906
4 35.75351333618164
5 83.99921417236328
6 115.01431274414063
7 93.90681457519531
8 117.59891510009766
9 35.75351333618164
10 82.70692443847656
11 45.2303466796875
12 136.12181091308594
13 104.67595672607422
14 54.27642059326172
15 59.44560241699219
16 34.461219787597656
17 60.73789596557617
18 56.86100769042969
19 75.81468200683594
20 64.61478424072266
21 43.93804931640625
22 67.63014221191406
23 34.030452728271484
24 56.430240631103516
25 56.86100387573242
26 87.01457977294922
27 22.830554962158203
28 39.63040542602539
29 51.26106643676758
30 68.06090545654297
31 90.89146423339844
32 91.32223510742188
33 105.53748321533203
34 61.59942626953125
35 106.82978820800781
36 143.01405334472656
37 129.2295684814453
38 100.799072265625
39 64.18402099609375
40 45.230350494384766
41 80.55309295654297
42 102.952880859375
43 32.30738830566406
44 49.53799819946289
45 46.953407287597656
46 47.81494140625
47 28.86126708984375
48 41.35346221923828
49 72.79933166503906
50 62.03019714355469
51 15.507547378540039
52 77.53773498535156
53 55.1379508972168
54 54.70718002319336
55 27.999736785888672
56 22.399789810180664
57 71.07626342773438
58 68.0609130859375
59 41.78422546386719
60 29.72279930114746
61 62.030189514160156
62 62.8917236328125
63 27.999736785888672
64 29.72279930114746
65 27.568973541259766
66 32.30738830566406
67 47.38417434692383
68 34.89198303222656
69 43.507286071777344
70 30.584327697753906
71 133.96798706054688
72 74.09161376953125
73 97.78372192382813
74 40.49192810058594
75 45.661109924316406
76 44.799583435058594
77 12.061426162719727
78 44.799583435058594
79 48.245704650878906
80 91.32222747802734
81 66.76860046386719
82 36.615047454833984
83 55.568721771240234
84 67.63014221191406
85 105.5374755859375
86 56.86101531982422
87 137.4141082763672
88 61.59942626953125
89 36.61504364013672
90 43.07652282714844
91 13.353721618652344
92 15.0767822265625
93 32.30739212036133
94 41.78422546386719
95 65.04554748535156
96 53.414886474609375
97 120.18350219726563
98 145.59864807128906
99 54.27641677856445
100 80.9838638305664
101 33.59968566894531
102 43.07652282714844
103 111.56818389892578
104 126.64498901367188
105 60.73789978027344
106 49.107234954833984
107 32.7381591796875
108 45.230350494384766
109 54.27641677856445
110 53.84564971923828
111 99.50677490234375
112 68.0609130859375
113 40.922698974609375
114 97.35294342041016
115 111.56818389892578
116 94.33758544921875
117 68.92243957519531
118 15.938313484191895
119 102.5221176147461
120 54.27642059326172
121 35.32274627685547
122 26.276676177978516
123 96.06063842773438
124 53.84564971923828
125 8.184538841247559
126 37.045806884765625
127 45.661109924316406
128 130.0911102294922
129 95.1991195678711
130 42.645751953125
131 49.537994384765625
132 74.52238464355469
133 86.15303802490234
134 103.38365173339844
135 40.92269515991211
136 19.38443374633789
137 64.18402099609375
138 45.66111373901367
139 33.59968566894531
140 74.09161376953125
141 20.24596405029297
142 28.430503845214844
143 87.01457214355469
144 24.553617477416992
145 29.722801208496094
146 27.999736785888672
147 83.56845092773438
148 62.030189514160156
149 139.1371612548828
150 26.707441329956055
151 24.9843807220459
152 39.19963455200195
153 47.814945220947266
154 53.84564971923828
155 125.78345489501953
156 20.24596405029297
157 27.138208389282227
158 93.0452880859375
159 49.10723876953125
160 85.7222900390625
161 37.9073371887207
162 40.491939544677734
163 69.78397369384766
164 17.661373138427734
165 62.89173126220703
166 64.61478424072266
167 72.79933166503906
168 21.969024658203125
169 65.90707397460938
170 19.38443374633789
171 52.122589111328125
172 52.55335235595703
173 22.830554962158203
174 42.64575958251953
175 35.753509521484375
176 12.922955513000488
177 101.22982788085938
178 83.56845092773438
179 50.399532318115234
180 74.52237701416016
181 78.83003234863281
182 43.93804931640625
183 28.86126708984375
184 5.169182300567627
185 45.66111373901367
186 44.36881637573242
187 19.81519889831543
188 18.95366859436035
189 24.12285041809082
190 40.922691345214844
191 31.015094757080078
192 39.630401611328125
193 57.722537994384766
194 74.09162902832031
195 13.784486770629883
196 37.9073371887207
197 51.26106262207031
198 30.153564453125
199 38.338104248046875
200 26.707443237304688
201 49.538002014160156
202 16.799842834472656
203 16.799842834472656
204 43.507286071777344
205 6.461478233337402
206 36.61504364013672
207 16.799842834472656
208 8.184538841247559
209 12.922956466674805
210 9.476834297180176
211 39.63039779663086
212 11.630661010742188
213 63.322486877441406
214 77.968505859375
215 38.76887130737305
216 40.06116485595703
217 24.553617477416992
218 14.215251922607422
219 72.36856079101563
220 17.661373138427734
221 56.43024444580078
222 41.353458404541016
223 28.86126708984375
224 74.52238464355469
225 49.96876525878906
226 64.18402099609375
227 73.66085052490234
228 34.89198303222656
229 48.24570083618164
230 69.35319519042969
231 50.830291748046875
232 22.830554962158203
233 32.738155364990234
234 34.030452728271484
235 65.04554748535156
236 27.138208389282227
237 13.353721618652344
238 49.107234954833984
239 35.32274627685547
240 40.922691345214844
241 50.399532318115234
242 30.58432960510254
243 30.153566360473633
244 57.291778564453125
245 74.52238464355469
246 70.21472930908203
247 21.969026565551758
248 70.21473693847656
249 79.69155883789063
250 40.92269515991211
251 57.722537994384766
252 77.53773498535156
253 96.49140930175781
254 9.046069145202637
255 53.84565353393555
256 38.338104248046875
257 39.630401611328125
258 64.61479187011719
259 37.9073371887207
260 54.27641677856445
261 46.52264404296875
262 68.49166870117188
263 58.15330123901367
264 143.01406860351563
265 70.64550018310547
266 31.015094757080078
267 70.21473693847656
268 56.43024826049805
269 105.1067123413086
270 85.72227478027344
271 55.5687141418457
272 84.86074829101563
273 71.50702667236328
274 59.01483917236328
275 104.67595672607422
276 12.922956466674805
277 60.73789596557617
278 48.676475524902344
279 51.69182586669922
280 23.69208526611328
281 40.4919319152832
282 45.230350494384766
283 55.56871032714844
284 33.59968566894531
285 30.153564453125
286 34.89198303222656
287 30.58432960510254
288 47.38417434692383
289 27.568973541259766
290 32.738155364990234
291 18.092138290405273
292 18.092138290405273
293 80.1223373413086
294 63.322486877441406
295 81.41462707519531
296 49.538002014160156
297 65.04554748535156
298 100.79905700683594
299 108.55284118652344
300 34.030452728271484
301 42.645755767822266
302 51.69182586669922
303 39.19963836669922
304 25.84591293334961
305 20.24596405029297
306 67.19937896728516
307 43.07652282714844
308 87.4453353881836
309 65.47631072998047
310 89.16839599609375
311 30.58432960510254
312 33.59968948364258
313 48.24570083618164
314 42.64575958251953
315 46.953407287597656
316 34.030452728271484
317 26.276676177978516
318 40.4919319152832
319 25.415145874023438
320 75.8146743774414
321 61.16865921020508
322 68.92243957519531
323 42.21499252319336
324 30.153564453125
325 100.36829376220703
326 51.26105880737305
327 31.445858001708984
328 57.72254180908203
329 94.76834869384766
330 31.876625061035156
331 65.04554748535156
332 75.81468200683594
333 105.5374755859375
334 86.15303802490234
335 49.538002014160156
336 43.07651901245117
337 115.01431274414063
338 65.0455551147461
339 91.32223510742188
340 78.3992691040039
341 81.41463470458984
342 60.30712890625
343 18.953670501708984
344 80.98385620117188
345 46.09187698364258
346 53.41489028930664
347 40.92269515991211
348 90.460693359375
349 23.261322021484375
350 115.87584686279297
351 29.72279930114746
352 65.476318359375
353 41.35346221923828
354 48.245704650878906
355 38.76886749267578
356 27.999740600585938
357 27.13821029663086
358 86.15303802490234
359 87.44534301757813
360 56.86100769042969
361 28.43050193786621
362 57.722537994384766
363 47.38417434692383
364 52.122589111328125
365 12.922956466674805
366 32.738155364990234
367 31.87662696838379
368 50.399532318115234
369 79.69155883789063
370 17.230607986450195
371 15.938312530517578
372 23.692087173461914
373 45.66111755371094
374 18.092140197753906
375 21.10749626159668
376 30.584327697753906
377 53.41489028930664
378 76.24543762207031
379 74.52239227294922
380 55.1379508972168
381 49.96876525878906
382 92.18375396728516
383 115.4450912475586
384 95.62987518310547
385 83.1376953125
386 113.29125213623047
387 64.18402099609375
388 65.04554748535156
389 38.76887130737305
390 34.46121597290039
391 62.46095657348633
392 63.75325012207031
393 69.35320281982422
394 51.69182586669922
395 44.36881637573242
396 67.63014221191406
397 87.01457214355469
398 90.46070098876953
399 70.64549255371094
400 12.49219036102295
401 32.30738830566406
402 28.861268997192383
403 33.168922424316406
404 33.168922424316406
405 61.16865921020508
406 49.53799819946289
407 46.09187698364258
408 31.445859909057617
409 68.92243194580078
410 29.292034149169922
411 27.138208389282227
412 53.41488265991211
413 41.78422546386719
414 50.830299377441406
415 37.90734100341797
416 49.96876907348633
417 23.261322021484375
418 53.41489028930664
419 52.5533561706543
420 33.59968566894531
421 24.98438262939453
422 30.584327697753906
423 58.15330505371094
424 29.292034149169922
425 39.19963073730469
426 28.86126708984375
427 90.8914566040039
428 40.49192810058594
429 20.676729202270508
430 73.23008728027344
431 48.245704650878906
432 65.47631072998047
433 78.3992691040039
434 30.153564453125
435 34.461219787597656
436 21.969024658203125
437 26.27667808532715
438 21.969024658203125
439 39.63039779663086
440 25.415145874023438
441 55.1379508972168
442 40.061161041259766
443 56.430240631103516
444 41.78422546386719
445 112.86048889160156
446 74.52237701416016
447 88.30686950683594
448 35.75351333618164
449 68.49166870117188
450 36.61504364013672
451 64.18401336669922
452 31.44586181640625
453 35.322750091552734
454 18.092140197753906
455 46.09187316894531
456 38.76887130737305
457 37.90734100341797
458 32.30738830566406
459 61.599430084228516
460 41.35346603393555
461 120.1834945678711
462 42.214988708496094
463 105.96824645996094
464 91.32222747802734
465 71.50702667236328
466 126.64497375488281
467 100.36830139160156
468 43.507293701171875
469 100.3682861328125
470 77.10697174072266
471 68.92243957519531
472 20.676729202270508
473 47.814937591552734
474 109.41436767578125
475 74.09164428710938
476 76.24543762207031
477 135.69105529785156
478 108.98359680175781
479 111.56820678710938
480 69.35319519042969
481 47.38417434692383
482 69.35320281982422
483 53.84565353393555
484 88.30686950683594
485 61.168663024902344
486 37.47657775878906
487 33.59968948364258
488 71.93779754638672
489 25.84591293334961
490 32.30739212036133
491 54.27641296386719
492 46.091880798339844
493 102.5221176147461
494 78.83003234863281
495 14.215251922607422
496 91.75299835205078
497 39.19963073730469
498 24.55361557006836
499 55.99948501586914
500 50.399532318115234
501 75.8146743774414
502 55.56871032714844
503 27.999738693237305
504 52.122589111328125
505 31.876625061035156
506 74.09162139892578
507 27.999740600585938
508 81.41462707519531
509 55.1379508972168
510 51.691829681396484
511 69.78396606445313
512 20.24596405029297
513 27.999738693237305
514 44.79958724975586
515 67.19937133789063
516 47.814937591552734
517 58.15330123901367
518 78.83003234863281
519 97.78370666503906
520 40.06116485595703
521 15.507547378540039
522 33.59968566894531
523 50.39952850341797
524 65.04554748535156
525 31.876623153686523
526 39.63039779663086
527 96.49141693115234
528 79.69155883789063
529 114.15277862548828
530 55.99947738647461
531 28.861268997192383
532 31.015094757080078
533 74.9531478881836
534 42.64575958251953
535 21.10749626159668
536 35.32274627685547
537 11.199895858764648
538 37.9073371887207
539 52.122596740722656
540 31.445859909057617
541 25.41514778137207
542 5.599947929382324
543 29.292034149169922
544 24.122852325439453
545 22.399791717529297
546 15.938312530517578
547 64.18402099609375
548 41.78422164916992
549 28.861268997192383
550 13.784486770629883
551 86.15304565429688
552 71.93778991699219
553 12.922956466674805
554 59.01483917236328
555 18.522903442382813
556 9.476835250854492
557 46.091880798339844
558 71.07626342773438
559 19.81519889831543
560 20.67673110961914
561 71.50701904296875
562 54.27641677856445
563 39.63039779663086
564 45.230350494384766
565 62.891719818115234
566 29.72279930114746
567 32.30738830566406
568 31.876625061035156
569 55.99948501586914
570 33.59968948364258
571 18.953670501708984
572 37.04581069946289
573 37.04581069946289
574 25.415145874023438
575 105.10671997070313
576 51.26106262207031
577 38.76887130737305
578 44.79958724975586
579 74.95314025878906
580 57.291778564453125
581 70.21473693847656
582 62.891719818115234
583 20.676729202270508
584 36.18428039550781
585 49.96876525878906
586 47.81494140625
587 68.92243957519531
588 46.953407287597656
589 33.16891860961914
590 29.722797393798828
591 62.891719818115234
592 58.584068298339844
593 28.430503845214844
594 70.64549255371094
595 65.47631072998047
596 70.21472930908203
597 102.52212524414063
598 28.861268997192383
599 35.75351333618164
600 103.81441497802734
601 111.99896240234375
602 57.72254180908203
603 49.96876525878906
604 111.1374282836914
605 63.75325393676758
606 76.67621612548828
607 85.29151916503906
608 67.63014221191406
609 25.415145874023438
610 19.81519889831543
611 136.12181091308594
612 87.01457214355469
613 65.90707397460938
614 92.18376159667969
615 120.1834945678711
616 109.84512329101563
617 62.891719818115234
618 51.691829681396484
619 167.5676727294922
620 14.646017074584961
621 36.61503982543945
622 47.81494140625
623 89.59916687011719
624 71.93778991699219
625 103.38365173339844
626 62.46096420288086
627 137.4141082763672
628 62.460960388183594
629 78.83004760742188
630 56.43024826049805
631 51.69182586669922
632 23.261320114135742
633 29.292034149169922
634 23.69208526611328
635 49.107234954833984
636 64.18401336669922
637 133.1064453125
638 59.44559860229492
639 84.86074829101563
640 36.18427658081055
641 70.21472930908203
642 37.4765739440918
643 27.999736785888672
644 37.4765739440918
645 80.5531005859375
646 40.49193572998047
647 93.0452880859375
648 18.092138290405273
649 11.630661010742188
650 71.93778991699219
651 108.98360443115234
652 104.67594146728516
653 70.21472930908203
654 48.24570846557617
655 54.27642822265625
656 39.630401611328125
657 65.0455551147461
658 49.107234954833984
659 62.030189514160156
660 109.41436767578125
661 77.53773498535156
662 22.399789810180664
663 46.09187698364258
664 88.73763275146484
665 38.76887512207031
666 116.73737335205078
667 21.969024658203125
668 46.52264404296875
669 91.32222747802734
670 36.18427658081055
671 59.014835357666016
672 50.399532318115234
673 46.091880798339844
674 40.49192810058594
675 69.35319519042969
676 79.26079559326172
677 28.43050193786621
678 38.76886749267578
679 46.52264404296875
680 30.153564453125
681 37.90734100341797
682 39.19963455200195
683 45.230350494384766
684 21.538259506225586
685 48.24570083618164
686 5.599947929382324
687 13.784486770629883
688 23.261320114135742
689 11.199895858764648
690 12.492191314697266
691 40.4919319152832
692 28.861270904541016
693 97.78370666503906
694 43.50728988647461
695 22.830554962158203
696 78.83003997802734
697 52.5533561706543
698 31.445858001708984
699 109.41436004638672
700 156.7985382080078
701 110.70665740966797
702 18.092140197753906
703 96.92218017578125
704 80.12232971191406
705 136.12181091308594
706 133.10646057128906
707 114.15278625488281
708 137.84486389160156
709 106.39900207519531
710 83.56845092773438
711 79.69157409667969
712 51.691829681396484
713 90.0299301147461
714 21.538259506225586
715 29.722797393798828
716 67.19937133789063
717 55.99947738647461
718 40.922691345214844
719 58.584075927734375
720 12.922956466674805
721 64.61477661132813
722 35.322750091552734
723 87.8760986328125
724 98.64523315429688
725 112.42971801757813
726 63.32249069213867
727 44.799583435058594
728 43.07652282714844
729 61.16865921020508
730 31.015092849731445
731 31.876625061035156
732 32.738155364990234
733 111.56819152832031
734 30.153564453125
735 49.9687614440918
736 42.645755767822266
737 41.35346603393555
738 131.8141632080078
739 124.92191314697266
740 84.42998504638672
741 50.39952850341797
742 121.90656280517578
743 44.36881637573242
744 61.599430084228516
745 16.799842834472656
746 67.19937133789063
747 36.61504364013672
748 48.24570083618164
749 80.98385620117188
750 18.953670501708984
751 34.89198303222656
752 41.78422546386719
753 33.59968566894531
754 44.79958724975586
755 21.969024658203125
756 18.522905349731445
757 22.399789810180664
758 44.36881637573242
759 83.1376953125
760 80.9838638305664
761 140.42945861816406
762 50.399532318115234
763 44.799583435058594
764 66.76860809326172
765 60.307125091552734
766 15.938312530517578
767 44.799583435058594
768 80.12232971191406
769 103.38365173339844
770 144.7371063232422
771 63.322486877441406
772 120.6142578125
773 91.32221984863281
774 37.045806884765625
775 56.43024444580078
776 32.30738830566406
777 52.122589111328125
778 121.47579193115234
779 164.9830780029297
780 136.98333740234375
781 142.15252685546875
782 120.61426544189453
783 74.09161376953125
784 99.93753051757813
785 83.56844329833984
786 68.92243957519531
787 63.75325393676758
788 73.66085052490234
789 45.661109924316406
790 73.23008728027344
791 96.49140167236328
792 58.15330505371094
793 46.52264404296875
794 58.1533088684082
795 124.49114227294922
796 34.461219787597656
797 52.5533561706543
798 54.27642059326172
799 49.10723114013672
800 39.630401611328125
801 32.738155364990234
802 63.75325393676758
803 49.538002014160156
804 61.59942626953125
805 29.292034149169922
806 37.045806884765625
807 27.138208389282227
808 81.84539794921875
809 105.5374755859375
810 61.168663024902344
811 31.445859909057617
812 41.78422927856445
813 27.999736785888672
814 79.69157409667969
815 67.63014221191406
816 111.99895477294922
817 103.38365936279297
818 73.2300796508789
819 68.92243194580078
820 13.784486770629883
821 66.33784484863281
822 75.81468200683594
823 104.67594909667969
824 114.58354187011719
825 106.82977294921875
826 129.2295684814453
827 145.16787719726563
828 78.83003234863281
829 115.87584686279297
830 61.168663024902344
831 40.922691345214844
832 85.72228240966797
833 69.35319519042969
834 64.61478424072266
835 70.64550018310547
836 36.18427658081055
837 51.69182586669922
838 91.32222747802734
839 34.461219787597656
840 83.5684585571289
841 78.39926147460938
842 33.16891860961914
843 7.7537736892700195
844 45.2303466796875
845 40.49192810058594
846 31.445858001708984
847 98.2144775390625
848 52.5533561706543
849 78.39926147460938
850 89.16840362548828
851 90.46070098876953
852 90.460693359375
853 65.47630310058594
854 119.75273132324219
855 96.49141693115234
856 48.245704650878906
857 10.76913070678711
858 26.707441329956055
859 54.27642059326172
860 81.84539794921875
861 55.99947738647461
862 63.75325012207031
863 43.07652282714844
864 6.892243385314941
865 16.369077682495117
866 39.19963073730469
867 46.09187698364258
868 81.41463470458984
869 115.44508361816406
870 22.399791717529297
871 56.430240631103516
872 113.291259765625
873 27.999738693237305
874 46.953407287597656
875 21.969024658203125
876 38.76887130737305
877 82.27616119384766
878 31.445859909057617
879 23.261320114135742
880 51.69182586669922
881 39.630401611328125
882 69.35321044921875
883 133.10646057128906
884 73.23009490966797
885 33.168922424316406
886 57.72254180908203
887 19.38443374633789
888 51.26106643676758
889 56.43024444580078
890 30.153564453125
891 52.98412322998047
892 76.24543762207031
893 33.59968948364258
894 84.8607406616211
895 133.1064453125
896 86.1530532836914
897 37.9073371887207
898 57.722537994384766
899 75.8146743774414
900 105.10671997070313
901 96.92217254638672
902 37.4765739440918
903 7.3230085372924805
904 53.41488265991211
905 75.3839111328125
906 82.70692443847656
907 63.753257751464844
908 117.16813659667969
909 146.46018981933594
910 152.9216766357422
911 122.7680892944336
912 90.89146423339844
913 65.47631072998047
914 37.9073371887207
915 124.49114990234375
916 40.92269515991211
917 18.092138290405273
918 40.061161041259766
919 47.38417434692383
920 103.81441497802734
921 106.82978820800781
922 90.02993774414063
923 123.6296157836914
924 142.5832977294922
925 139.99868774414063
926 50.39952850341797
927 18.092140197753906
928 43.507293701171875
929 121.04503631591797
930 30.153562545776367
931 36.61504364013672
932 77.10697174072266
933 22.830554962158203
934 35.753509521484375
935 105.9682388305664
936 62.8917236328125
937 67.63014221191406
938 74.52237701416016
939 83.99922180175781
940 110.7066650390625
941 81.41462707519531
942 150.33706665039063
943 87.01457214355469
944 69.35320281982422
945 79.69156646728516
946 24.553617477416992
947 86.15303802490234
948 46.52264404296875
949 33.168922424316406
950 15.938312530517578
951 32.7381591796875
952 36.61504364013672
953 55.13794708251953
954 73.66085815429688
955 121.47579193115234
956 54.70718765258789
957 49.10723876953125
958 37.90734100341797
959 68.06090545654297
960 68.92243194580078
961 80.5531005859375
962 86.15304565429688
963 94.33757781982422
964 90.89146423339844
965 64.61478424072266
966 48.67647171020508
967 14.646017074584961
968 21.969024658203125
969 30.584327697753906
970 36.18427658081055
971 82.2761459350586
972 91.32221984863281
973 51.691829681396484
974 38.338104248046875
975 10.769129753112793
976 38.33810806274414
977 72.79933166503906
978 18.522903442382813
979 14.646017074584961
980 15.938312530517578
981 42.645755767822266
982 82.70692443847656
983 20.24596405029297
984 25.84591293334961
985 24.9843807220459
986 93.47605895996094
987 52.5533561706543
988 77.968505859375
989 26.707443237304688
990 61.168663024902344
991 50.83029556274414
992 114.15277099609375
993 49.10723876953125
994 67.19937896728516
995 59.01483154296875
996 85.29151153564453
997 57.72254180908203
998 35.75351333618164
999 84.42998504638672
1000 33.168922424316406
1001 65.9070816040039
1002 65.9070816040039
