# Selection 1:name C1A D2A C3A C4A C1B C2B C3B C4B Selection 2:name AUC AUSL AUL Cutoff:8 Start:0 End:-1
0 0
1 0
2 23
3 15
4 20
5 23
6 23
7 23
8 19
9 17
10 20
11 20
12 29
13 30
14 23
15 19
16 14
17 21
18 22
19 18
20 22
21 20
22 23
23 21
24 20
25 17
26 21
27 14
28 15
29 14
30 22
31 20
32 26
33 22
34 22
35 22
36 24
37 21
38 24
39 19
40 17
41 27
42 21
43 14
44 18
45 12
46 16
47 19
48 19
49 17
50 20
51 16
52 14
53 12
54 17
55 14
56 18
57 20
58 17
59 18
60 20
61 19
62 18
63 20
64 14
65 12
66 17
67 12
68 13
69 15
70 13
71 28
72 25
73 22
74 12
75 19
76 16
77 16
78 20
79 20
80 18
81 21
82 14
83 23
84 19
85 20
86 24
87 25
88 23
89 22
90 20
91 18
92 12
93 8
94 16
95 16
96 19
97 23
98 28
99 22
100 21
101 22
102 18
103 25
104 23
105 17
106 14
107 20
108 18
109 23
110 17
111 25
112 18
113 22
114 21
115 24
116 23
117 22
118 13
119 19
120 23
121 16
122 15
123 23
124 18
125 15
126 16
127 17
128 31
129 22
130 19
131 20
132 21
133 16
134 26
135 18
136 10
137 17
138 23
139 20
140 16
141 14
142 15
143 24
144 16
145 8
146 18
147 19
148 20
149 22
150 20
151 13
152 17
153 18
154 23
155 21
156 13
157 18
158 20
159 13
160 17
161 25
162 17
163 21
164 16
165 16
166 16
167 22
168 15
169 19
170 16
171 14
172 16
173 18
174 18
175 16
176 12
177 25
178 14
179 17
180 19
181 22
182 15
183 9
184 13
185 22
186 19
187 18
188 12
189 19
190 17
191 18
192 23
193 23
194 22
195 14
196 15
197 17
198 15
199 20
200 15
201 16
202 11
203 9
204 22
205 9
206 13
207 14
208 12
209 12
210 12
211 17
212 12
213 19
214 24
215 18
216 20
217 16
218 16
219 23
220 14
221 21
222 19
223 15
224 22
225 20
226 24
227 19
228 13
229 18
230 20
231 17
232 10
233 17
234 16
235 22
236 23
237 7
238 17
239 16
240 21
241 16
242 18
243 19
244 24
245 26
246 15
247 16
248 23
249 21
250 19
251 22
252 23
253 18
254 11
255 13
256 15
257 23
258 20
259 16
260 19
261 24
262 17
263 20
264 27
265 21
266 21
267 21
268 18
269 29
270 17
271 17
272 20
273 18
274 21
275 20
276 17
277 19
278 26
279 23
280 18
281 19
282 19
283 18
284 15
285 14
286 15
287 11
288 14
289 17
290 17
291 15
292 14
293 19
294 17
295 21
296 14
297 17
298 19
299 24
300 12
301 14
302 17
303 23
304 16
305 13
306 20
307 17
308 21
309 17
310 20
311 11
312 18
313 17
314 15
315 19
316 18
317 13
318 23
319 15
320 22
321 18
322 17
323 14
324 14
325 18
326 16
327 19
328 22
329 21
330 16
331 21
332 14
333 21
334 21
335 20
336 14
337 24
338 17
339 19
340 21
341 20
342 14
343 11
344 13
345 17
346 17
347 15
348 21
349 16
350 26
351 20
352 17
353 18
354 18
355 15
356 17
357 21
358 22
359 18
360 20
361 20
362 17
363 20
364 19
365 19
366 14
367 16
368 21
369 24
370 12
371 10
372 14
373 22
374 14
375 20
376 17
377 22
378 20
379 22
380 26
381 22
382 19
383 21
384 20
385 20
386 21
387 22
388 16
389 17
390 20
391 20
392 25
393 17
394 20
395 18
396 19
397 23
398 20
399 27
400 13
401 16
402 15
403 18
404 12
405 21
406 16
407 20
408 11
409 17
410 18
411 10
412 18
413 11
414 21
415 16
416 21
417 13
418 20
419 27
420 12
421 11
422 11
423 25
424 19
425 18
426 18
427 21
428 17
429 14
430 24
431 17
432 17
433 25
434 16
435 22
436 15
437 14
438 14
439 13
440 9
441 19
442 16
443 23
444 13
445 25
446 20
447 22
448 20
449 21
450 14
451 21
452 13
453 15
454 12
455 17
456 17
457 18
458 16
459 19
460 12
461 29
462 19
463 23
464 21
465 21
466 19
467 25
468 15
469 22
470 19
471 13
472 14
473 20
474 25
475 15
476 22
477 25
478 24
479 33
480 19
481 20
482 17
483 17
484 15
485 19
486 14
487 22
488 18
489 18
490 14
491 22
492 16
493 20
494 14
495 16
496 26
497 18
498 14
499 11
500 21
501 21
502 19
503 14
504 16
505 14
506 20
507 20
508 20
509 22
510 20
511 26
512 16
513 11
514 13
515 16
516 13
517 15
518 20
519 24
520 15
521 16
522 18
523 15
524 18
525 15
526 17
527 20
528 21
529 21
530 17
531 13
532 12
533 22
534 18
535 14
536 19
537 16
538 16
539 19
540 17
541 14
542 10
543 19
544 15
545 13
546 16
547 22
548 23
549 15
550 16
551 12
552 18
553 16
554 16
555 16
556 10
557 17
558 19
559 21
560 14
561 16
562 14
563 20
564 23
565 17
566 16
567 20
568 20
569 22
570 19
571 14
572 19
573 15
574 15
575 21
576 21
577 16
578 16
579 23
580 17
581 20
582 21
583 13
584 15
585 15
586 14
587 17
588 23
589 16
590 14
591 14
592 22
593 14
594 13
595 20
596 20
597 22
598 17
599 17
600 21
601 22
602 23
603 16
604 21
605 26
606 19
607 23
608 20
609 16
610 15
611 26
612 23
613 15
614 22
615 23
616 22
617 21
618 19
619 31
620 12
621 14
622 18
623 19
624 24
625 23
626 19
627 27
628 22
629 22
630 17
631 21
632 14
633 13
634 19
635 16
636 16
637 22
638 19
639 16
640 17
641 14
642 18
643 15
644 12
645 18
646 23
647 21
648 12
649 12
650 20
651 26
652 22
653 24
654 22
655 24
656 17
657 26
658 19
659 23
660 24
661 23
662 17
663 21
664 19
665 21
666 22
667 15
668 15
669 18
670 18
671 14
672 17
673 21
674 17
675 19
676 26
677 24
678 22
679 27
680 19
681 14
682 21
683 13
684 12
685 15
686 13
687 12
688 18
689 11
690 17
691 21
692 16
693 25
694 12
695 12
696 17
697 19
698 20
699 22
700 29
701 19
702 15
703 19
704 22
705 25
706 27
707 20
708 26
709 21
710 24
711 21
712 20
713 22
714 15
715 17
716 18
717 21
718 17
719 24
720 15
721 21
722 15
723 21
724 21
725 25
726 20
727 18
728 20
729 16
730 18
731 18
732 15
733 22
734 19
735 17
736 18
737 17
738 22
739 22
740 24
741 19
742 20
743 16
744 17
745 17
746 19
747 17
748 20
749 22
750 14
751 15
752 16
753 15
754 17
755 13
756 13
757 13
758 16
759 20
760 19
761 28
762 22
763 19
764 22
765 20
766 14
767 22
768 25
769 19
770 30
771 20
772 21
773 20
774 21
775 21
776 15
777 21
778 20
779 28
780 21
781 28
782 20
783 19
784 22
785 19
786 16
787 18
788 23
789 18
790 22
791 22
792 20
793 20
794 23
795 24
796 20
797 17
798 11
799 14
800 20
801 10
802 16
803 17
804 14
805 11
806 15
807 18
808 25
809 26
810 19
811 17
812 22
813 17
814 17
815 18
816 19
817 21
818 19
819 19
820 19
821 19
822 18
823 18
824 19
825 19
826 26
827 26
828 20
829 23
830 22
831 15
832 19
833 23
834 22
835 16
836 20
837 19
838 19
839 17
840 25
841 19
842 12
843 13
844 18
845 17
846 15
847 22
848 17
849 16
850 24
851 20
852 20
853 21
854 23
855 21
856 19
857 14
858 11
859 22
860 26
861 21
862 20
863 18
864 15
865 15
866 17
867 16
868 24
869 26
870 14
871 17
872 19
873 15
874 19
875 13
876 16
877 24
878 16
879 17
880 23
881 19
882 18
883 28
884 24
885 14
886 22
887 13
888 21
889 17
890 16
891 20
892 21
893 17
894 16
895 23
896 20
897 18
898 19
899 19
900 19
901 19
902 19
903 10
904 18
905 22
906 26
907 25
908 26
909 29
910 23
911 22
912 21
913 19
914 20
915 21
916 19
917 17
918 17
919 16
920 22
921 19
922 24
923 22
924 26
925 27
926 12
927 20
928 16
929 25
930 19
931 16
932 24
933 23
934 19
935 19
936 17
937 19
938 22
939 23
940 25
941 26
942 25
943 19
944 19
945 18
946 15
947 17
948 20
949 22
950 9
951 15
952 18
953 19
954 23
955 28
956 14
957 15
958 16
959 17
960 18
961 18
962 27
963 28
964 24
965 19
966 17
967 14
968 17
969 15
970 19
971 22
972 25
973 21
974 25
975 19
976 22
977 29
978 8
979 15
980 20
981 15
982 24
983 13
984 20
985 21
986 15
987 24
988 19
989 18
990 18
991 21
992 23
993 22
994 17
995 24
996 26
997 24
998 21
999 20
1000 16
1001 28
1002 28
