# Selection:resname AU POPC Restricted:name AUC AUL AUSL Radius:2.64 Start:0 End:-1
0 363.99664306640625
1 357.5351867675781
2 10.769129753112793
3 0.43076521158218384
4 1.2922956943511963
5 0.0
6 3.0153565406799316
7 0.43076521158218384
8 3.8768868446350098
9 0.43076521158218384
10 0.0
11 0.0
12 0.0
13 0.8615304231643677
14 0.0
15 0.0
16 2.1538259983062744
17 0.43076521158218384
18 0.43076521158218384
19 0.0
20 0.0
21 0.0
22 0.43076521158218384
23 0.0
24 0.0
25 2.1538259983062744
26 0.0
27 0.0
28 0.43076521158218384
29 0.8615304231643677
30 12.061426162719727
31 0.0
32 0.0
33 1.2922956943511963
34 0.0
35 0.0
36 0.0
37 0.0
38 0.0
39 0.0
40 0.0
41 0.43076521158218384
42 1.2922956943511963
43 0.0
44 0.43076521158218384
45 0.0
46 0.0
47 0.0
48 1.7230608463287354
49 0.8615304231643677
50 0.0
51 0.0
52 0.0
53 2.1538259983062744
54 0.0
55 3.0153565406799316
56 2.1538259983062744
57 0.0
58 0.8615304231643677
59 0.0
60 0.0
61 0.0
62 0.0
63 0.43076521158218384
64 0.0
65 1.2922956943511963
66 0.0
67 0.0
68 0.8615304231643677
69 0.0
70 0.0
71 0.0
72 0.0
73 0.0
74 4.738417625427246
75 1.7230608463287354
76 0.0
77 0.0
78 0.0
79 2.5845913887023926
80 0.0
81 0.0
82 0.0
83 0.0
84 0.0
85 0.43076521158218384
86 0.43076521158218384
87 0.0
88 4.307651996612549
89 0.43076521158218384
90 0.0
91 0.0
92 0.0
93 0.0
94 1.7230608463287354
95 0.43076521158218384
96 0.8615304231643677
97 0.0
98 1.2922956943511963
99 0.43076521158218384
100 0.0
101 1.2922956943511963
102 0.0
103 0.0
104 0.0
105 0.0
106 0.0
107 0.0
108 0.0
109 0.0
110 1.7230608463287354
111 0.0
112 1.2922956943511963
113 0.8615304231643677
114 0.0
115 0.43076521158218384
116 0.0
117 0.0
118 0.43076521158218384
119 0.0
120 0.0
121 0.0
122 0.0
123 1.2922956943511963
124 0.43076521158218384
125 0.0
126 0.0
127 0.0
128 0.0
129 0.43076521158218384
130 0.0
131 0.8615304231643677
132 0.0
133 0.0
134 0.0
135 0.0
136 0.43076521158218384
137 5.599947929382324
138 0.0
139 3.4461216926574707
140 0.43076521158218384
141 2.1538259983062744
142 0.0
143 0.0
144 0.0
145 0.0
146 0.0
147 0.0
148 0.0
149 2.1538259983062744
150 0.0
151 2.1538259983062744
152 0.43076521158218384
153 1.7230608463287354
154 2.5845913887023926
155 1.7230608463287354
156 0.0
157 0.0
158 0.43076521158218384
159 0.8615304231643677
160 0.0
161 0.0
162 0.8615304231643677
163 0.0
164 0.0
165 1.2922956943511963
166 0.43076521158218384
167 0.0
168 0.0
169 0.43076521158218384
170 0.0
171 0.0
172 0.0
173 0.0
174 0.8615304231643677
175 0.0
176 0.8615304231643677
177 0.0
178 0.0
179 0.0
180 0.0
181 0.0
182 0.0
183 0.0
184 0.0
185 0.43076521158218384
186 0.0
187 0.0
188 0.0
189 0.43076521158218384
190 1.2922956943511963
191 0.0
192 0.0
193 0.0
194 0.0
195 6.030713081359863
196 0.0
197 0.8615304231643677
198 0.43076521158218384
199 0.0
200 2.5845913887023926
201 0.0
202 3.4461216926574707
203 0.0
204 0.0
205 0.0
206 0.0
207 0.0
208 0.0
209 0.8615304231643677
210 0.8615304231643677
211 0.8615304231643677
212 0.0
213 0.0
214 0.43076521158218384
215 0.8615304231643677
216 0.43076521158218384
217 0.0
218 0.0
219 0.8615304231643677
220 0.0
221 0.0
222 0.43076521158218384
223 0.0
224 0.0
225 0.0
226 0.0
227 0.43076521158218384
228 0.0
229 0.43076521158218384
230 0.0
231 0.0
232 2.1538259983062744
233 0.0
234 0.0
235 0.0
236 3.0153565406799316
237 3.4461216926574707
238 0.8615304231643677
239 0.0
240 2.5845911502838135
241 0.0
242 0.0
243 0.43076521158218384
244 0.0
245 0.0
246 0.0
247 0.0
248 0.0
249 0.0
250 1.2922956943511963
251 0.0
252 0.43076521158218384
253 6.461478233337402
254 0.0
255 0.43076521158218384
256 0.43076521158218384
257 0.0
258 0.0
259 0.0
260 0.0
261 0.43076521158218384
262 1.2922956943511963
263 0.0
264 0.43076521158218384
265 0.0
266 1.2922956943511963
267 0.0
268 0.43076521158218384
269 0.8615304231643677
270 0.0
271 0.0
272 0.0
273 6.461478233337402
274 0.0
275 2.1538259983062744
276 0.0
277 1.7230608463287354
278 0.0
279 0.0
280 0.0
281 0.0
282 0.0
283 0.8615304231643677
284 0.0
285 1.2922956943511963
286 1.7230608463287354
287 0.0
288 0.43076521158218384
289 0.0
290 0.0
291 1.7230608463287354
292 0.0
293 0.0
294 0.0
295 0.0
296 2.1538262367248535
297 0.43076521158218384
298 0.0
299 0.0
300 0.0
301 0.43076521158218384
302 0.0
303 0.0
304 0.0
305 5.599947929382324
306 0.0
307 0.0
308 0.0
309 0.0
310 0.43076521158218384
311 0.43076521158218384
312 0.0
313 0.43076521158218384
314 0.0
315 1.2922956943511963
316 0.43076521158218384
317 0.0
318 0.0
319 0.0
320 0.0
321 0.0
322 0.0
323 0.0
324 0.0
325 0.0
326 0.43076521158218384
327 0.0
328 0.8615304231643677
329 1.2922956943511963
330 3.0153565406799316
331 0.0
332 1.2922956943511963
333 0.0
334 0.0
335 0.0
336 0.0
337 0.0
338 0.0
339 0.0
340 0.0
341 0.0
342 3.4461216926574707
343 0.0
344 1.2922956943511963
345 0.0
346 0.0
347 0.0
348 0.0
349 0.0
350 0.0
351 11.199895858764648
352 5.169182777404785
353 0.43076521158218384
354 0.0
355 0.0
356 0.0
357 0.0
358 1.2922956943511963
359 8.184538841247559
360 0.0
361 0.0
362 0.0
363 0.8615304231643677
364 0.0
365 0.0
366 0.0
367 0.43076521158218384
368 6.461478233337402
369 0.0
370 0.0
371 0.0
372 2.5845913887023926
373 0.0
374 0.8615304231643677
375 0.0
376 0.0
377 0.0
378 0.0
379 0.43076521158218384
380 0.0
381 0.0
382 0.0
383 0.8615304231643677
384 0.0
385 2.5845913887023926
386 0.0
387 0.8615304231643677
388 0.8615304231643677
389 0.0
390 0.8615304231643677
391 0.0
392 0.0
393 0.0
394 1.7230608463287354
395 0.0
396 0.0
397 0.43076521158218384
398 0.0
399 0.0
400 6.892243385314941
401 0.0
402 0.0
403 0.0
404 0.8615304231643677
405 0.0
406 0.0
407 1.7230608463287354
408 0.0
409 0.0
410 0.0
411 0.0
412 0.43076521158218384
413 1.7230608463287354
414 0.43076521158218384
415 0.0
416 2.1538259983062744
417 0.0
418 0.0
419 0.0
420 0.43076521158218384
421 0.43076521158218384
422 0.0
423 0.0
424 0.0
425 1.2922956943511963
426 1.2922956943511963
427 0.0
428 0.0
429 0.0
430 1.2922956943511963
431 0.0
432 0.0
433 0.0
434 0.43076521158218384
435 0.43076521158218384
436 0.0
437 0.0
438 1.2922956943511963
439 0.43076521158218384
440 0.0
441 0.8615304231643677
442 0.0
443 0.0
444 0.0
445 0.0
446 0.0
447 0.43076521158218384
448 0.0
449 0.0
450 1.7230608463287354
451 0.0
452 0.0
453 0.43076521158218384
454 0.0
455 0.0
456 0.0
457 1.2922956943511963
458 1.2922956943511963
459 0.0
460 1.2922956943511963
461 0.0
462 0.8615304231643677
463 0.0
464 0.0
465 0.0
466 0.0
467 0.0
468 3.876887083053589
469 0.0
470 0.0
471 0.0
472 0.0
473 0.0
474 0.0
475 0.0
476 4.307652473449707
477 0.0
478 0.8615304231643677
479 0.0
480 3.876887083053589
481 0.0
482 0.43076521158218384
483 0.0
484 0.0
485 0.43076521158218384
486 0.0
487 0.43076521158218384
488 0.0
489 0.0
490 0.0
491 0.43076521158218384
492 0.0
493 1.7230608463287354
494 0.0
495 3.8768868446350098
496 0.0
497 1.7230608463287354
498 0.0
499 0.0
500 0.0
501 0.0
502 0.8615304231643677
503 0.0
504 0.0
505 0.0
506 1.7230608463287354
507 0.0
508 1.2922956943511963
509 1.2922956943511963
510 0.0
511 0.0
512 0.0
513 0.0
514 0.0
515 0.0
516 0.0
517 0.0
518 0.0
519 2.5845913887023926
520 0.0
521 0.43076521158218384
522 0.0
523 0.0
524 0.8615304231643677
525 0.0
526 0.0
527 0.0
528 0.0
529 0.0
530 0.0
531 0.0
532 3.4461216926574707
533 0.0
534 0.0
535 0.43076521158218384
536 0.0
537 0.0
538 2.1538259983062744
539 0.43076521158218384
540 1.2922956943511963
541 0.0
542 0.0
543 0.0
544 0.0
545 0.0
546 0.0
547 0.0
548 0.0
549 0.0
550 0.0
551 0.43076521158218384
552 0.43076521158218384
553 0.8615304231643677
554 0.0
555 0.0
556 0.0
557 0.0
558 0.8615304231643677
559 0.0
560 0.8615304231643677
561 0.0
562 0.43076521158218384
563 0.0
564 0.0
565 0.0
566 0.0
567 2.5845913887023926
568 0.0
569 0.0
570 0.0
571 0.0
572 0.0
573 0.0
574 0.0
575 0.0
576 0.0
577 2.1538259983062744
578 0.0
579 0.0
580 0.0
581 0.0
582 0.43076521158218384
583 0.0
584 1.7230608463287354
585 0.0
586 1.7230608463287354
587 2.1538259983062744
588 0.0
589 0.0
590 2.1538262367248535
591 0.0
592 0.0
593 0.0
594 0.0
595 0.0
596 0.0
597 0.0
598 0.0
599 2.5845913887023926
600 0.0
601 0.0
602 0.0
603 0.43076521158218384
604 0.8615304231643677
605 0.0
606 0.0
607 0.0
608 1.2922956943511963
609 0.0
610 0.0
611 0.43076521158218384
612 0.43076521158218384
613 2.5845913887023926
614 0.0
615 0.0
616 0.0
617 0.0
618 3.4461216926574707
619 0.0
620 0.0
621 0.0
622 0.0
623 0.0
624 0.0
625 0.0
626 0.0
627 0.0
628 1.2922956943511963
629 0.0
630 1.2922956943511963
631 0.0
632 0.8615304231643677
633 0.0
634 0.43076521158218384
635 0.0
636 0.0
637 0.0
638 0.0
639 0.0
640 0.0
641 0.8615304231643677
642 0.0
643 0.0
644 0.0
645 0.0
646 1.7230608463287354
647 0.0
648 0.0
649 0.0
650 0.8615304231643677
651 0.0
652 0.0
653 0.0
654 0.0
655 0.0
656 0.0
657 0.43076521158218384
658 0.0
659 2.5845911502838135
660 0.0
661 0.0
662 6.030713081359863
663 0.0
664 0.0
665 0.43076521158218384
666 0.0
667 0.0
668 1.7230608463287354
669 0.8615304231643677
670 0.0
671 0.0
672 0.43076521158218384
673 0.43076521158218384
674 0.0
675 0.0
676 0.0
677 0.0
678 0.0
679 1.2922956943511963
680 0.0
681 0.0
682 0.0
683 0.0
684 0.0
685 3.8768868446350098
686 0.0
687 0.0
688 0.0
689 0.0
690 0.8615304231643677
691 0.43076521158218384
692 0.0
693 0.8615304231643677
694 0.0
695 0.0
696 0.0
697 0.8615304231643677
698 0.0
699 6.030713081359863
700 1.2922956943511963
701 1.2922956943511963
702 0.0
703 0.0
704 0.0
705 6.461478233337402
706 0.0
707 0.0
708 3.4461216926574707
709 0.0
710 0.0
711 0.0
712 0.43076521158218384
713 3.0153565406799316
714 3.0153565406799316
715 0.0
716 0.0
717 0.0
718 0.0
719 2.5845913887023926
720 1.2922956943511963
721 0.0
722 0.0
723 0.0
724 0.0
725 0.0
726 1.7230608463287354
727 0.0
728 0.0
729 3.8768868446350098
730 0.0
731 0.0
732 0.0
733 0.0
734 0.0
735 0.43076521158218384
736 0.0
737 0.0
738 0.0
739 1.2922956943511963
740 0.0
741 0.0
742 0.0
743 0.43076521158218384
744 0.0
745 0.0
746 0.43076521158218384
747 0.0
748 3.876887083053589
749 2.1538262367248535
750 0.0
751 0.0
752 0.43076521158218384
753 0.43076521158218384
754 0.0
755 0.0
756 0.8615304231643677
757 0.0
758 0.0
759 0.43076521158218384
760 0.0
761 0.0
762 0.0
763 0.0
764 0.0
765 0.0
766 0.0
767 1.2922956943511963
768 0.0
769 0.0
770 0.0
771 0.43076521158218384
772 0.0
773 0.0
774 0.0
775 0.8615304231643677
776 0.0
777 0.0
778 0.43076521158218384
779 3.8768868446350098
780 0.0
781 0.8615304231643677
782 1.7230608463287354
783 0.0
784 0.0
785 0.0
786 0.43076521158218384
787 0.0
788 0.0
789 0.0
790 0.0
791 0.0
792 0.0
793 0.0
794 0.0
795 0.0
796 0.0
797 0.0
798 0.0
799 0.0
800 0.43076521158218384
801 0.0
802 0.0
803 1.2922956943511963
804 0.8615304231643677
805 0.0
806 0.0
807 0.8615304231643677
808 1.7230608463287354
809 0.8615304231643677
810 0.0
811 0.0
812 0.0
813 0.0
814 2.5845911502838135
815 0.0
816 0.0
817 0.43076521158218384
818 0.0
819 8.615303993225098
820 0.0
821 0.0
822 0.0
823 0.0
824 0.0
825 0.0
826 0.0
827 0.0
828 0.0
829 0.0
830 0.0
831 0.8615304231643677
832 0.0
833 0.43076521158218384
834 0.43076521158218384
835 0.8615304231643677
836 0.0
837 0.0
838 0.0
839 0.0
840 0.0
841 0.43076521158218384
842 0.0
843 0.8615304231643677
844 0.0
845 0.0
846 0.0
847 0.0
848 0.0
849 0.0
850 0.0
851 0.0
852 0.0
853 0.43076521158218384
854 0.0
855 0.0
856 0.43076521158218384
857 0.0
858 3.4461216926574707
859 0.0
860 0.0
861 1.7230608463287354
862 0.0
863 0.0
864 0.0
865 0.43076521158218384
866 0.0
867 4.307651996612549
868 0.0
869 0.0
870 0.0
871 0.0
872 0.0
873 0.0
874 0.0
875 0.0
876 0.43076521158218384
877 0.43076521158218384
878 0.0
879 0.0
880 0.8615304231643677
881 0.0
882 1.2922956943511963
883 1.2922956943511963
884 0.0
885 0.0
886 0.0
887 0.43076521158218384
888 0.0
889 0.43076521158218384
890 0.0
891 3.8768868446350098
892 1.2922956943511963
893 2.5845913887023926
894 0.0
895 0.0
896 0.0
897 0.0
898 0.0
899 0.43076521158218384
900 0.0
901 1.2922956943511963
902 0.0
903 0.0
904 0.43076521158218384
905 0.0
906 0.0
907 0.8615304231643677
908 0.43076521158218384
909 0.43076521158218384
910 0.0
911 1.7230608463287354
912 0.0
913 0.43076521158218384
914 0.0
915 0.0
916 0.0
917 0.0
918 4.307651996612549
919 0.0
920 0.0
921 0.0
922 0.0
923 0.0
924 0.0
925 0.0
926 0.0
927 0.43076521158218384
928 0.0
929 0.0
930 0.0
931 2.1538262367248535
932 1.2922956943511963
933 0.0
934 0.0
935 0.0
936 0.0
937 0.43076521158218384
938 3.8768868446350098
939 0.0
940 0.0
941 0.0
942 0.8615304231643677
943 0.0
944 0.0
945 0.0
946 1.2922956943511963
947 0.0
948 0.0
949 0.0
950 0.0
951 0.0
952 0.0
953 1.2922956943511963
954 0.0
955 0.43076521158218384
956 1.7230608463287354
957 0.0
958 0.0
959 0.43076521158218384
960 0.8615304231643677
961 0.0
962 0.0
963 0.0
964 0.0
965 0.43076521158218384
966 0.0
967 0.0
968 1.2922956943511963
969 0.8615304231643677
970 3.4461216926574707
971 0.0
972 0.8615304231643677
973 0.0
974 0.0
975 0.8615304231643677
976 0.0
977 0.0
978 2.5845911502838135
979 0.0
980 0.0
981 0.8615304231643677
982 0.0
983 0.0
984 0.0
985 0.0
986 1.2922956943511963
987 0.0
988 0.43076521158218384
989 0.0
990 0.0
991 0.0
992 0.0
993 3.8768868446350098
994 3.4461216926574707
995 0.0
996 0.0
997 1.7230608463287354
998 0.0
999 0.0
1000 0.0
1001 0.0
1002 0.0
