# Selection:resname AU W ION Restricted:name AUC AUL AUSL Radius:2.64 Start:0 End:-1
0 425.59600830078125
1 423.8729553222656
2 71.50702667236328
3 16.799842834472656
4 25.84591293334961
5 15.938312530517578
6 8.184539794921875
7 14.215251922607422
8 33.59968566894531
9 34.46121597290039
10 59.445594787597656
11 18.092138290405273
12 48.67646789550781
13 12.922956466674805
14 12.922956466674805
15 20.24596405029297
16 35.32274627685547
17 37.045806884765625
18 61.16865921020508
19 16.369077682495117
20 34.46121597290039
21 64.61477661132813
22 50.39952850341797
23 28.861268997192383
24 27.5689754486084
25 33.168922424316406
26 62.46096420288086
27 40.06116485595703
28 32.738155364990234
29 13.784486770629883
30 34.461219787597656
31 35.322750091552734
32 17.230607986450195
33 34.46121597290039
34 31.015092849731445
35 26.276676177978516
36 25.415149688720703
37 68.06090545654297
38 27.138206481933594
39 18.95366859436035
40 37.9073371887207
41 25.41514778137207
42 16.799842834472656
43 45.230350494384766
44 54.707183837890625
45 48.67646789550781
46 43.93805694580078
47 9.907599449157715
48 15.507547378540039
49 5.599947929382324
50 42.64575958251953
51 34.89198303222656
52 42.21499252319336
53 42.6457633972168
54 27.568971633911133
55 68.06089782714844
56 21.10749626159668
57 56.43024444580078
58 14.646017074584961
59 62.8917236328125
60 34.461219787597656
61 26.707441329956055
62 42.645755767822266
63 20.676729202270508
64 35.32274627685547
65 23.69208526611328
66 21.969024658203125
67 9.476835250854492
68 34.89198303222656
69 53.41489028930664
70 29.722801208496094
71 18.522903442382813
72 34.030452728271484
73 47.38417053222656
74 35.322750091552734
75 13.784485816955566
76 27.138208389282227
77 45.66111373901367
78 39.630401611328125
79 56.86100769042969
80 61.59942626953125
81 68.49166870117188
82 49.9687614440918
83 49.96876907348633
84 22.830554962158203
85 19.81519889831543
86 36.18427658081055
87 64.61478424072266
88 38.33810806274414
89 48.245704650878906
90 38.76887130737305
91 54.707183837890625
92 49.538002014160156
93 31.44586181640625
94 48.67647171020508
95 55.56871032714844
96 28.430503845214844
97 25.41514778137207
98 50.830291748046875
99 56.86101150512695
100 21.969024658203125
101 32.738155364990234
102 27.138206481933594
103 29.29203224182129
104 25.415145874023438
105 49.96876907348633
106 40.922698974609375
107 51.69182586669922
108 62.46095657348633
109 47.38417053222656
110 38.338104248046875
111 24.12285041809082
112 25.84591293334961
113 17.230607986450195
114 31.015092849731445
115 32.30739212036133
116 44.36881637573242
117 24.98438262939453
118 15.507547378540039
119 46.09187316894531
120 48.245704650878906
121 20.67673110961914
122 16.369077682495117
123 35.75351333618164
124 23.261320114135742
125 34.461219787597656
126 36.18427658081055
127 39.19963455200195
128 34.46121597290039
129 24.553617477416992
130 23.261320114135742
131 50.830299377441406
132 9.046069145202637
133 32.738155364990234
134 68.0609130859375
135 31.445859909057617
136 20.24596405029297
137 30.153564453125
138 16.799842834472656
139 17.661373138427734
140 35.32274627685547
141 25.84591293334961
142 31.015094757080078
143 6.030713081359863
144 28.430503845214844
145 30.58432960510254
146 19.81519889831543
147 52.98412322998047
148 21.107494354248047
149 12.49219036102295
150 18.522903442382813
151 68.06090545654297
152 35.75351333618164
153 51.26106262207031
154 34.03044891357422
155 40.92269515991211
156 17.230607986450195
157 70.21472930908203
158 33.59968948364258
159 24.9843807220459
160 57.291778564453125
161 12.061426162719727
162 3.4461216926574707
163 18.092138290405273
164 21.107494354248047
165 29.722797393798828
166 21.538259506225586
167 59.87636947631836
168 58.584068298339844
169 90.02993774414063
170 73.66085815429688
171 41.78422927856445
172 37.47657012939453
173 33.59968566894531
174 37.04581069946289
175 31.445858001708984
176 30.584327697753906
177 24.98438262939453
178 60.307132720947266
179 49.53800582885742
180 67.63014221191406
181 16.36907958984375
182 47.814937591552734
183 69.35320281982422
184 56.43024826049805
185 68.49166870117188
186 38.76886749267578
187 21.969024658203125
188 18.092138290405273
189 28.430503845214844
190 15.507546424865723
191 47.38417434692383
192 24.553617477416992
193 27.5689754486084
194 44.79957962036133
195 39.63039779663086
196 22.830556869506836
197 37.47657012939453
198 39.630401611328125
199 24.984384536743164
200 12.922955513000488
201 32.30738830566406
202 49.107234954833984
203 63.32249450683594
204 23.69208526611328
205 44.799583435058594
206 64.18402099609375
207 71.50703430175781
208 21.969024658203125
209 28.43050193786621
210 48.24570083618164
211 46.953407287597656
212 34.46121597290039
213 49.107234954833984
214 78.3992691040039
215 45.230350494384766
216 30.58432960510254
217 43.07652282714844
218 32.30738830566406
219 55.999481201171875
220 54.27642059326172
221 37.4765739440918
222 25.84591293334961
223 27.138206481933594
224 9.476835250854492
225 59.87636947631836
226 26.707441329956055
227 43.938053131103516
228 36.18428039550781
229 42.214988708496094
230 47.38418197631836
231 38.76887130737305
232 67.19937133789063
233 54.707183837890625
234 19.38443374633789
235 27.568973541259766
236 40.0611686706543
237 39.19963455200195
238 14.215251922607422
239 22.830554962158203
240 19.815200805664063
241 25.41514778137207
242 42.64575958251953
243 40.92269515991211
244 43.507286071777344
245 33.59968566894531
246 35.75351333618164
247 29.29203224182129
248 46.522640228271484
249 32.738155364990234
250 59.876365661621094
251 36.18427658081055
252 13.353721618652344
253 26.276676177978516
254 34.8919792175293
255 41.78422546386719
256 19.38443374633789
257 38.76886749267578
258 55.999481201171875
259 28.43050193786621
260 29.292034149169922
261 31.445859909057617
262 68.92243194580078
263 34.46122360229492
264 50.830299377441406
265 62.030189514160156
266 44.79957962036133
267 42.21499252319336
268 18.95366859436035
269 11.199895858764648
270 51.69182586669922
271 41.353458404541016
272 55.13794708251953
273 18.953670501708984
274 61.16865921020508
275 66.76861572265625
276 54.27641677856445
277 27.568971633911133
278 76.24544525146484
279 40.4919319152832
280 20.24596405029297
281 32.738155364990234
282 53.41488265991211
283 54.70718002319336
284 16.799842834472656
285 13.784486770629883
286 50.399532318115234
287 24.553617477416992
288 24.98438262939453
289 51.69182205200195
290 27.999740600585938
291 24.9843807220459
292 49.96876525878906
293 53.41489028930664
294 38.76887130737305
295 9.046069145202637
296 32.738155364990234
297 36.61504364013672
298 71.50702667236328
299 37.4765739440918
300 31.015094757080078
301 65.90707397460938
302 75.8146743774414
303 57.722537994384766
304 59.876365661621094
305 41.78422927856445
306 64.18402099609375
307 45.66111373901367
308 18.092138290405273
309 8.615303993225098
310 82.27615356445313
311 36.18428421020508
312 22.830554962158203
313 48.24570846557617
314 23.261320114135742
315 21.538259506225586
316 37.90734100341797
317 14.215251922607422
318 36.18427658081055
319 39.63039779663086
320 60.73789596557617
321 35.32274627685547
322 17.230607986450195
323 34.461219787597656
324 35.32274627685547
325 12.061426162719727
326 32.738155364990234
327 27.138208389282227
328 16.799842834472656
329 35.75351333618164
330 43.507286071777344
331 25.415145874023438
332 12.922956466674805
333 45.661109924316406
334 8.615304946899414
335 38.33810806274414
336 19.815200805664063
337 26.27667808532715
338 53.414886474609375
339 87.01457214355469
340 32.738155364990234
341 46.953407287597656
342 48.67647171020508
343 18.95366859436035
344 13.784486770629883
345 10.76913070678711
346 27.999736785888672
347 37.90734100341797
348 13.353721618652344
349 62.8917236328125
350 26.276676177978516
351 54.27641677856445
352 24.12285041809082
353 40.061161041259766
354 29.722797393798828
355 51.69182586669922
356 55.1379508972168
357 18.95366859436035
358 22.830556869506836
359 27.999738693237305
360 46.95340347290039
361 93.90682220458984
362 21.538259506225586
363 19.38443374633789
364 3.876887083053589
365 22.830554962158203
366 59.01483917236328
367 6.030713081359863
368 17.661373138427734
369 34.03044891357422
370 23.261320114135742
371 48.67647171020508
372 15.938313484191895
373 71.07626342773438
374 22.399789810180664
375 18.522903442382813
376 26.27667808532715
377 67.63013458251953
378 43.50728988647461
379 38.76886749267578
380 38.76886749267578
381 4.738417625427246
382 40.922698974609375
383 34.89198303222656
384 60.30712890625
385 31.015094757080078
386 15.938312530517578
387 20.24596405029297
388 54.27642059326172
389 58.58407211303711
390 45.66111755371094
391 15.938312530517578
392 21.969024658203125
393 35.32274627685547
394 24.55361557006836
395 23.69208526611328
396 49.9687614440918
397 24.55361557006836
398 24.55361557006836
399 77.96849822998047
400 27.568971633911133
401 42.64575958251953
402 37.9073371887207
403 33.168922424316406
404 27.138206481933594
405 42.645755767822266
406 49.53799819946289
407 26.707443237304688
408 5.169182777404785
409 46.522640228271484
410 25.415149688720703
411 9.907600402832031
412 27.138208389282227
413 21.107494354248047
414 20.67673110961914
415 48.245704650878906
416 46.95341491699219
417 37.90734100341797
418 9.907600402832031
419 18.522903442382813
420 44.36882019042969
421 33.59968566894531
422 29.292034149169922
423 31.015094757080078
424 21.969026565551758
425 49.96876525878906
426 43.507293701171875
427 35.32274627685547
428 23.261322021484375
429 22.830554962158203
430 15.0767822265625
431 24.12285041809082
432 44.799583435058594
433 29.72279930114746
434 22.399791717529297
435 19.38443374633789
436 10.33836555480957
437 20.67673110961914
438 54.27642059326172
439 23.261322021484375
440 18.092138290405273
441 38.76887130737305
442 54.707183837890625
443 21.10749626159668
444 55.5687141418457
445 25.415145874023438
446 69.35319519042969
447 52.12259292602539
448 32.30739212036133
449 52.122589111328125
450 33.168922424316406
451 17.230607986450195
452 27.999736785888672
453 21.969026565551758
454 24.9843807220459
455 26.707443237304688
456 27.138206481933594
457 19.815200805664063
458 50.39952850341797
459 26.707441329956055
460 9.476835250854492
461 15.507547378540039
462 28.430503845214844
463 24.9843807220459
464 18.092138290405273
465 21.538259506225586
466 55.999481201171875
467 15.507547378540039
468 6.461478233337402
469 41.78422927856445
470 21.969024658203125
471 11.199894905090332
472 18.95366859436035
473 23.69208526611328
474 18.092140197753906
475 15.938312530517578
476 21.10749626159668
477 16.799842834472656
478 7.7537736892700195
479 32.738155364990234
480 28.861268997192383
481 31.445858001708984
482 25.415145874023438
483 38.338104248046875
484 43.93805694580078
485 30.584327697753906
486 34.89198303222656
487 60.73789596557617
488 45.230350494384766
489 24.55361557006836
490 15.0767822265625
491 9.907600402832031
492 36.18428039550781
493 39.630401611328125
494 9.046070098876953
495 32.30738830566406
496 48.67646789550781
497 32.30739212036133
498 22.830554962158203
499 7.3230085372924805
500 21.107494354248047
501 49.53800582885742
502 47.814937591552734
503 13.353721618652344
504 29.72279930114746
505 52.9841194152832
506 20.676729202270508
507 39.63039779663086
508 61.59942626953125
509 30.153564453125
510 26.707441329956055
511 26.27667808532715
512 8.615303993225098
513 28.86126708984375
514 25.41514778137207
515 30.584327697753906
516 37.9073371887207
517 38.76887130737305
518 46.95341491699219
519 2.1538262367248535
520 31.445859909057617
521 62.030189514160156
522 11.630660057067871
523 50.83030319213867
524 27.138208389282227
525 61.168663024902344
526 16.799842834472656
527 70.64550018310547
528 40.92269515991211
529 40.92269515991211
530 29.29203224182129
531 39.630401611328125
532 39.19963836669922
533 41.35346221923828
534 6.461478233337402
535 21.969024658203125
536 36.18427658081055
537 48.67647171020508
538 74.9531478881836
539 13.784486770629883
540 24.9843807220459
541 37.90734100341797
542 21.107494354248047
543 17.661373138427734
544 24.9843807220459
545 21.969024658203125
546 12.492191314697266
547 23.69208526611328
548 23.69208526611328
549 72.79933166503906
550 35.322750091552734
551 22.399791717529297
552 24.122852325439453
553 72.79932403564453
554 24.12285041809082
555 50.830299377441406
556 28.861268997192383
557 52.5533561706543
558 18.95366859436035
559 22.399789810180664
560 43.50728988647461
561 33.168922424316406
562 30.584331512451172
563 39.630401611328125
564 71.07626342773438
565 10.33836555480957
566 27.138206481933594
567 30.153564453125
568 36.61504364013672
569 20.676729202270508
570 66.76860809326172
571 52.12259292602539
572 29.72279930114746
573 18.092138290405273
574 26.27667808532715
575 44.79957962036133
576 24.9843807220459
577 36.18428039550781
578 21.107494354248047
579 27.138206481933594
580 21.107494354248047
581 32.7381591796875
582 31.01509666442871
583 34.030452728271484
584 19.815200805664063
585 46.091880798339844
586 37.90734100341797
587 64.18402099609375
588 20.676729202270508
589 32.30738830566406
590 15.938312530517578
591 45.66111755371094
592 19.38443374633789
593 24.98438262939453
594 52.55335998535156
595 33.16891860961914
596 5.169182777404785
597 18.522903442382813
598 42.21499252319336
599 45.230350494384766
600 41.78422546386719
601 74.52239227294922
602 42.645755767822266
603 32.30739212036133
604 57.722537994384766
605 25.845911026000977
606 61.168663024902344
607 35.75351333618164
608 11.199895858764648
609 46.953407287597656
610 32.30739212036133
611 62.891727447509766
612 29.72279930114746
613 26.276676177978516
614 55.56871032714844
615 12.49219036102295
616 7.323009014129639
617 15.938312530517578
618 32.30739212036133
619 17.661373138427734
620 14.215251922607422
621 19.81519889831543
622 35.753517150878906
623 11.630661010742188
624 41.78422546386719
625 16.799842834472656
626 21.969024658203125
627 21.107494354248047
628 21.53826141357422
629 37.04581069946289
630 31.015094757080078
631 48.67647171020508
632 35.322750091552734
633 37.90734100341797
634 32.30739212036133
635 32.30739212036133
636 23.69208526611328
637 21.969024658203125
638 32.30739212036133
639 25.415145874023438
640 25.41514778137207
641 20.24596405029297
642 51.26106262207031
643 67.63013458251953
644 40.06116485595703
645 25.415145874023438
646 77.96849822998047
647 83.56845092773438
648 31.445859909057617
649 63.75325393676758
650 76.67621612548828
651 49.53799819946289
652 39.19963455200195
653 38.338104248046875
654 66.33784484863281
655 79.69155883789063
656 58.15330505371094
657 89.59916687011719
658 48.24570846557617
659 71.50701904296875
660 38.338104248046875
661 74.09160614013672
662 39.19963455200195
663 15.938312530517578
664 12.49219036102295
665 31.876625061035156
666 46.522640228271484
667 19.38443374633789
668 36.61504364013672
669 27.999736785888672
670 49.538002014160156
671 40.49192810058594
672 42.645755767822266
673 28.430503845214844
674 32.738155364990234
675 40.92269515991211
676 68.06090545654297
677 35.32274627685547
678 73.23008728027344
679 25.845911026000977
680 46.091880798339844
681 30.584327697753906
682 29.722797393798828
683 12.061426162719727
684 80.12232971191406
685 55.99947738647461
686 52.55335235595703
687 52.122589111328125
688 34.89198303222656
689 49.107234954833984
690 31.445858001708984
691 21.107494354248047
692 70.64550018310547
693 50.83029556274414
694 73.23008728027344
695 28.430503845214844
696 15.938312530517578
697 92.61451721191406
698 19.815200805664063
699 31.015092849731445
700 27.568973541259766
701 51.26105880737305
702 55.999481201171875
703 48.67646408081055
704 21.53826141357422
705 16.79984474182129
706 72.79932403564453
707 25.845911026000977
708 23.692087173461914
709 5.599947929382324
710 41.78422164916992
711 38.76887130737305
712 43.507286071777344
713 41.78422927856445
714 31.44586181640625
715 34.89198684692383
716 65.476318359375
717 37.4765739440918
718 18.522903442382813
719 34.030452728271484
720 28.43050193786621
721 56.43024826049805
722 46.953407287597656
723 33.168922424316406
724 19.38443374633789
725 40.92269515991211
726 14.646016120910645
727 42.64575958251953
728 36.615047454833984
729 34.89198303222656
730 49.107234954833984
731 42.645755767822266
732 27.999738693237305
733 30.584327697753906
734 32.30739212036133
735 39.63039779663086
736 10.338364601135254
737 18.522903442382813
738 43.507293701171875
739 22.830554962158203
740 21.10749626159668
741 36.61504364013672
742 53.414886474609375
743 53.414886474609375
744 38.33810806274414
745 40.49192810058594
746 59.876365661621094
747 49.96876525878906
748 38.76886749267578
749 18.95366859436035
750 23.261322021484375
751 24.9843807220459
752 42.6457633972168
753 29.292034149169922
754 35.322750091552734
755 64.61478424072266
756 33.59968566894531
757 27.999736785888672
758 36.61504364013672
759 33.59968566894531
760 32.30739212036133
761 21.538259506225586
762 29.722797393798828
763 33.168922424316406
764 47.814937591552734
765 37.045806884765625
766 31.445859909057617
767 27.568973541259766
768 28.43050193786621
769 28.430503845214844
770 43.938053131103516
771 27.5689754486084
772 39.19963455200195
773 46.953407287597656
774 21.53826141357422
775 16.369077682495117
776 22.399791717529297
777 23.69208526611328
778 16.799842834472656
779 28.861270904541016
780 55.13794708251953
781 20.24596405029297
782 27.568973541259766
783 32.738155364990234
784 17.661373138427734
785 30.153564453125
786 93.90681457519531
787 67.19937133789063
788 41.35346221923828
789 65.90707397460938
790 41.78422546386719
791 44.36881637573242
792 26.707443237304688
793 29.722797393798828
794 2.1538259983062744
795 22.399789810180664
796 12.492191314697266
797 12.06142520904541
798 33.168922424316406
799 50.83029556274414
800 69.7839584350586
801 90.46070098876953
802 72.36856079101563
803 9.907599449157715
804 60.73789596557617
805 36.18427658081055
806 27.999736785888672
807 57.722537994384766
808 42.64575958251953
809 68.4916763305664
810 65.04554748535156
811 34.030452728271484
812 15.507547378540039
813 22.399789810180664
814 16.799842834472656
815 31.445858001708984
816 28.43050193786621
817 35.32274627685547
818 47.38417434692383
819 48.245704650878906
820 17.230607986450195
821 49.10723114013672
822 25.845911026000977
823 24.98438262939453
824 27.138208389282227
825 70.64550018310547
826 43.507293701171875
827 61.168663024902344
828 29.29203224182129
829 36.61504364013672
830 54.27642059326172
831 71.50702667236328
832 21.107494354248047
833 69.78396606445313
834 11.199895858764648
835 58.58406448364258
836 107.26054382324219
837 36.18428039550781
838 55.56871032714844
839 8.615303993225098
840 40.4919319152832
841 8.184538841247559
842 7.3230085372924805
843 6.892243385314941
844 37.90734100341797
845 42.645755767822266
846 47.384178161621094
847 29.72279930114746
848 83.99921417236328
849 76.24544525146484
850 59.44560623168945
851 24.98438262939453
852 24.553617477416992
853 55.99948501586914
854 31.876625061035156
855 24.122852325439453
856 48.24570846557617
857 35.753517150878906
858 21.53826141357422
859 29.29203224182129
860 23.261320114135742
861 42.645755767822266
862 24.553617477416992
863 51.69182586669922
864 32.738155364990234
865 22.399791717529297
866 15.507547378540039
867 32.30739212036133
868 49.538002014160156
869 28.86126708984375
870 28.43050193786621
871 22.399789810180664
872 73.66085052490234
873 36.615047454833984
874 65.47631072998047
875 58.15330505371094
876 34.461219787597656
877 16.36907958984375
878 8.615303993225098
879 47.38417053222656
880 28.861268997192383
881 6.461478233337402
882 27.138206481933594
883 27.138208389282227
884 35.32274627685547
885 25.845911026000977
886 91.75299072265625
887 47.38417434692383
888 35.75351333618164
889 20.67673110961914
890 61.59942626953125
891 35.32274627685547
892 77.10697174072266
893 46.52264404296875
894 28.430503845214844
895 42.214988708496094
896 11.630660057067871
897 31.44586181640625
898 93.90681457519531
899 35.322750091552734
900 34.8919792175293
901 25.41514778137207
902 14.646017074584961
903 23.261322021484375
904 2.5845913887023926
905 65.476318359375
906 22.830554962158203
907 17.230607986450195
908 37.9073371887207
909 15.507547378540039
910 12.492191314697266
911 32.7381591796875
912 89.16841125488281
913 60.307132720947266
914 62.460960388183594
915 49.538002014160156
916 29.72279930114746
917 49.538002014160156
918 43.07652282714844
919 11.630661010742188
920 44.799583435058594
921 14.646017074584961
922 22.830554962158203
923 40.4919319152832
924 59.44560241699219
925 51.26106643676758
926 59.87636947631836
927 36.18427658081055
928 2.1538262367248535
929 15.938312530517578
930 31.876625061035156
931 24.122852325439453
932 16.369077682495117
933 42.214996337890625
934 14.646017074584961
935 26.27667808532715
936 45.2303466796875
937 27.138208389282227
938 59.01483917236328
939 69.35320281982422
940 24.553617477416992
941 21.538259506225586
942 28.430505752563477
943 30.153564453125
944 37.04581069946289
945 52.55335235595703
946 63.322486877441406
947 54.707183837890625
948 37.47657012939453
949 63.322486877441406
950 37.04581069946289
951 34.46121597290039
952 34.89198303222656
953 39.19963455200195
954 13.353721618652344
955 26.27667999267578
956 13.784486770629883
957 43.07652282714844
958 30.58432960510254
959 53.41488265991211
960 51.26105880737305
961 41.35346221923828
962 16.369077682495117
963 36.61504364013672
964 8.615303993225098
965 26.707443237304688
966 40.4919319152832
967 32.738155364990234
968 41.78422546386719
969 45.66111373901367
970 33.16891860961914
971 45.230350494384766
972 48.24571228027344
973 32.30739212036133
974 40.49192810058594
975 45.66111373901367
976 43.93805694580078
977 50.399532318115234
978 12.061426162719727
979 32.738155364990234
980 20.24596405029297
981 28.861268997192383
982 39.19963455200195
983 16.369077682495117
984 54.707183837890625
985 6.030713081359863
986 34.89198684692383
987 46.95341873168945
988 23.261322021484375
989 27.138208389282227
990 24.55361557006836
991 23.261320114135742
992 32.30738830566406
993 34.89198303222656
994 33.59968948364258
995 22.399789810180664
996 13.784486770629883
997 52.122596740722656
998 22.399791717529297
999 46.52264404296875
1000 36.18427658081055
1001 20.676729202270508
1002 20.676729202270508
