# Selection 1:name C1A D2A C3A C4A C1B C2B C3B C4B Selection 2:name AUC AUSL AUL Cutoff:8 Start:0 End:-1
0 0
1 0
2 22
3 16
4 17
5 10
6 11
7 13
8 9
9 16
10 14
11 14
12 19
13 18
14 15
15 15
16 12
17 19
18 20
19 11
20 12
21 21
22 19
23 12
24 13
25 19
26 18
27 17
28 11
29 11
30 19
31 16
32 19
33 14
34 18
35 15
36 18
37 23
38 15
39 15
40 19
41 20
42 13
43 14
44 14
45 15
46 20
47 14
48 18
49 10
50 12
51 10
52 16
53 12
54 16
55 23
56 13
57 18
58 15
59 18
60 19
61 10
62 15
63 13
64 16
65 15
66 10
67 13
68 17
69 14
70 12
71 10
72 13
73 16
74 13
75 13
76 13
77 20
78 16
79 20
80 20
81 22
82 21
83 14
84 13
85 16
86 15
87 17
88 13
89 19
90 19
91 13
92 21
93 15
94 18
95 20
96 14
97 16
98 18
99 16
100 13
101 16
102 17
103 14
104 13
105 15
106 15
107 14
108 24
109 16
110 15
111 13
112 10
113 14
114 17
115 15
116 19
117 13
118 13
119 17
120 22
121 16
122 15
123 18
124 13
125 15
126 15
127 14
128 13
129 12
130 15
131 20
132 9
133 13
134 20
135 13
136 13
137 15
138 19
139 13
140 15
141 11
142 20
143 10
144 12
145 19
146 13
147 20
148 16
149 12
150 13
151 16
152 17
153 17
154 14
155 15
156 10
157 16
158 15
159 8
160 10
161 15
162 15
163 16
164 8
165 14
166 20
167 17
168 16
169 21
170 21
171 20
172 13
173 12
174 17
175 13
176 17
177 17
178 17
179 17
180 18
181 15
182 14
183 19
184 15
185 24
186 16
187 13
188 13
189 19
190 16
191 16
192 21
193 18
194 15
195 19
196 11
197 18
198 18
199 21
200 16
201 14
202 15
203 20
204 12
205 15
206 17
207 19
208 15
209 15
210 21
211 17
212 11
213 17
214 20
215 14
216 16
217 17
218 20
219 15
220 15
221 14
222 15
223 15
224 11
225 13
226 10
227 22
228 15
229 17
230 20
231 17
232 21
233 24
234 15
235 14
236 20
237 13
238 12
239 11
240 14
241 14
242 11
243 16
244 10
245 22
246 14
247 16
248 18
249 11
250 18
251 14
252 18
253 16
254 17
255 19
256 18
257 15
258 21
259 18
260 16
261 16
262 20
263 16
264 17
265 18
266 18
267 11
268 20
269 15
270 17
271 16
272 16
273 10
274 14
275 20
276 19
277 13
278 21
279 16
280 17
281 13
282 16
283 20
284 19
285 17
286 14
287 12
288 14
289 17
290 16
291 9
292 12
293 14
294 12
295 9
296 13
297 19
298 12
299 18
300 15
301 15
302 15
303 11
304 18
305 18
306 18
307 13
308 21
309 14
310 16
311 12
312 15
313 24
314 16
315 16
316 17
317 17
318 15
319 14
320 21
321 14
322 11
323 14
324 14
325 12
326 17
327 19
328 7
329 11
330 20
331 15
332 12
333 17
334 18
335 16
336 18
337 9
338 17
339 21
340 16
341 17
342 18
343 23
344 19
345 12
346 9
347 16
348 14
349 18
350 19
351 24
352 15
353 17
354 13
355 24
356 16
357 15
358 16
359 14
360 20
361 20
362 19
363 18
364 10
365 14
366 17
367 18
368 13
369 18
370 24
371 21
372 16
373 19
374 12
375 14
376 8
377 20
378 14
379 21
380 14
381 13
382 14
383 8
384 17
385 18
386 7
387 18
388 16
389 18
390 12
391 17
392 14
393 16
394 13
395 14
396 18
397 13
398 11
399 22
400 14
401 20
402 14
403 14
404 20
405 13
406 19
407 17
408 14
409 13
410 15
411 7
412 17
413 14
414 17
415 13
416 11
417 18
418 9
419 9
420 14
421 16
422 17
423 20
424 16
425 19
426 18
427 13
428 16
429 16
430 11
431 12
432 20
433 20
434 14
435 16
436 8
437 18
438 18
439 14
440 8
441 12
442 17
443 18
444 20
445 21
446 19
447 13
448 20
449 20
450 17
451 14
452 19
453 16
454 18
455 23
456 15
457 13
458 29
459 14
460 15
461 13
462 13
463 10
464 15
465 12
466 18
467 13
468 11
469 17
470 13
471 12
472 11
473 12
474 11
475 7
476 8
477 12
478 12
479 17
480 17
481 15
482 13
483 16
484 17
485 17
486 11
487 17
488 20
489 19
490 13
491 11
492 14
493 20
494 14
495 13
496 16
497 20
498 14
499 11
500 14
501 23
502 17
503 7
504 21
505 22
506 9
507 17
508 16
509 16
510 16
511 17
512 14
513 16
514 17
515 18
516 16
517 20
518 15
519 9
520 16
521 16
522 12
523 18
524 15
525 16
526 19
527 25
528 20
529 15
530 15
531 16
532 14
533 14
534 13
535 18
536 16
537 13
538 21
539 13
540 13
541 16
542 13
543 9
544 14
545 19
546 14
547 10
548 13
549 17
550 12
551 14
552 12
553 21
554 13
555 15
556 16
557 16
558 12
559 11
560 21
561 16
562 13
563 15
564 15
565 12
566 17
567 12
568 16
569 16
570 18
571 18
572 10
573 18
574 9
575 14
576 14
577 14
578 17
579 16
580 15
581 18
582 25
583 12
584 15
585 16
586 16
587 23
588 13
589 15
590 15
591 16
592 15
593 16
594 15
595 13
596 11
597 13
598 10
599 16
600 14
601 21
602 17
603 18
604 17
605 17
606 22
607 15
608 18
609 13
610 14
611 19
612 15
613 10
614 21
615 6
616 15
617 17
618 13
619 16
620 13
621 14
622 7
623 13
624 14
625 18
626 15
627 19
628 10
629 16
630 18
631 16
632 16
633 17
634 18
635 19
636 17
637 14
638 14
639 13
640 15
641 12
642 18
643 14
644 22
645 14
646 17
647 23
648 12
649 14
650 20
651 13
652 18
653 17
654 13
655 20
656 21
657 17
658 15
659 15
660 17
661 23
662 15
663 10
664 10
665 18
666 18
667 14
668 13
669 12
670 20
671 20
672 12
673 15
674 19
675 19
676 18
677 18
678 18
679 11
680 14
681 14
682 16
683 10
684 16
685 19
686 16
687 19
688 16
689 15
690 16
691 13
692 16
693 20
694 20
695 14
696 16
697 23
698 13
699 16
700 14
701 15
702 15
703 24
704 14
705 13
706 15
707 16
708 8
709 10
710 19
711 17
712 15
713 15
714 15
715 13
716 17
717 14
718 14
719 15
720 11
721 14
722 18
723 15
724 12
725 22
726 13
727 20
728 11
729 18
730 16
731 18
732 11
733 19
734 16
735 18
736 11
737 12
738 18
739 14
740 11
741 17
742 18
743 16
744 18
745 15
746 17
747 18
748 16
749 14
750 15
751 13
752 14
753 17
754 14
755 18
756 19
757 10
758 17
759 13
760 21
761 12
762 19
763 17
764 13
765 16
766 12
767 17
768 13
769 13
770 20
771 10
772 13
773 11
774 14
775 15
776 13
777 12
778 11
779 22
780 15
781 16
782 15
783 15
784 13
785 19
786 21
787 19
788 21
789 20
790 17
791 18
792 11
793 14
794 10
795 11
796 19
797 10
798 15
799 18
800 15
801 18
802 23
803 7
804 23
805 21
806 19
807 20
808 22
809 19
810 20
811 17
812 16
813 13
814 15
815 14
816 17
817 15
818 18
819 20
820 12
821 17
822 15
823 16
824 19
825 18
826 18
827 21
828 17
829 13
830 16
831 23
832 12
833 18
834 13
835 17
836 25
837 25
838 11
839 13
840 15
841 12
842 15
843 13
844 17
845 19
846 20
847 19
848 21
849 20
850 18
851 15
852 15
853 19
854 15
855 16
856 17
857 17
858 13
859 11
860 14
861 17
862 18
863 16
864 13
865 16
866 15
867 13
868 18
869 15
870 18
871 16
872 22
873 17
874 17
875 22
876 14
877 10
878 9
879 15
880 13
881 11
882 12
883 12
884 16
885 19
886 17
887 17
888 14
889 11
890 14
891 17
892 20
893 20
894 17
895 21
896 17
897 16
898 19
899 20
900 19
901 13
902 10
903 17
904 12
905 24
906 21
907 11
908 18
909 10
910 16
911 15
912 27
913 18
914 20
915 12
916 18
917 14
918 19
919 18
920 17
921 16
922 17
923 16
924 15
925 17
926 21
927 13
928 10
929 12
930 17
931 16
932 18
933 19
934 15
935 16
936 16
937 19
938 14
939 22
940 13
941 10
942 16
943 15
944 15
945 13
946 24
947 13
948 19
949 13
950 16
951 13
952 13
953 14
954 13
955 10
956 11
957 16
958 15
959 18
960 14
961 21
962 15
963 15
964 13
965 20
966 17
967 13
968 19
969 18
970 17
971 22
972 16
973 17
974 14
975 18
976 18
977 24
978 11
979 22
980 10
981 19
982 18
983 13
984 20
985 14
986 14
987 19
988 10
989 14
990 14
991 14
992 10
993 11
994 15
995 11
996 17
997 15
998 11
999 18
1000 17
1001 14
1002 14
