# Selection:resname AU POPC Restricted:name AUC AUL AUSL Radius:2.64 Start:0 End:-1
0 425.59600830078125
1 423.8729553222656
2 28.861268997192383
3 70.64550018310547
4 77.968505859375
5 99.93753051757813
6 95.62987518310547
7 102.52212524414063
8 125.3526840209961
9 81.41462707519531
10 65.90708923339844
11 65.476318359375
12 71.50703430175781
13 48.67647933959961
14 49.107242584228516
15 65.90708923339844
16 60.3071403503418
17 63.753257751464844
18 92.18375396728516
19 65.04554748535156
20 58.1533088684082
21 67.6301498413086
22 59.01484298706055
23 86.15306091308594
24 58.153324127197266
25 68.92244720458984
26 62.8917350769043
27 64.18402099609375
28 53.414886474609375
29 81.84540557861328
30 72.36856079101563
31 77.10700225830078
32 68.4916763305664
33 59.44560623168945
34 72.79933166503906
35 77.10698699951172
36 82.27617645263672
37 63.3224983215332
38 65.9070816040039
39 89.59917449951172
40 89.16841125488281
41 75.81468200683594
42 72.79933166503906
43 64.61479187011719
44 69.35320281982422
45 59.876373291015625
46 62.8917350769043
47 93.04530334472656
48 72.79933166503906
49 75.814697265625
50 115.87586975097656
51 71.0762710571289
52 87.01458740234375
53 72.79933166503906
54 72.36857604980469
55 67.19937896728516
56 105.53749084472656
57 63.32249069213867
58 88.73763275146484
59 78.39927673339844
60 84.42999267578125
61 83.99922180175781
62 62.8917350769043
63 79.26081085205078
64 75.81468200683594
65 86.1530532836914
66 80.1223373413086
67 65.04556274414063
68 64.18402099609375
69 46.95341110229492
70 78.39927673339844
71 37.90734100341797
72 42.645755767822266
73 74.9531478881836
74 50.3995361328125
75 61.59944152832031
76 59.876380920410156
77 55.99948501586914
78 74.09162139892578
79 77.53775024414063
80 74.52238464355469
81 71.07626342773438
82 103.3836669921875
83 111.99896240234375
84 93.47607421875
85 69.78397369384766
86 62.03019332885742
87 59.87638473510742
88 54.707191467285156
89 75.38391876220703
90 60.73790740966797
91 76.67621612548828
92 62.03020095825195
93 62.891727447509766
94 58.584083557128906
95 46.95341110229492
96 56.86101531982422
97 69.35321044921875
98 61.16867446899414
99 59.01484298706055
100 71.50703430175781
101 49.53800582885742
102 59.87636947631836
103 50.399532318115234
104 73.2301025390625
105 50.39954376220703
106 36.61504364013672
107 52.12259292602539
108 53.41489028930664
109 65.90708923339844
110 55.99947738647461
111 67.19937896728516
112 40.0611686706543
113 52.55335998535156
114 53.414894104003906
115 68.4916763305664
116 62.8917236328125
117 53.84565353393555
118 60.73789978027344
119 57.72254943847656
120 54.70719528198242
121 59.44559860229492
122 39.63039779663086
123 52.12260437011719
124 68.49168395996094
125 70.6455078125
126 52.55335998535156
127 78.39927673339844
128 46.95341873168945
129 71.93779754638672
130 64.61478424072266
131 85.72228240966797
132 86.1530532836914
133 63.32249450683594
134 75.81468963623047
135 88.30686950683594
136 61.168670654296875
137 59.44561767578125
138 65.476318359375
139 98.64524841308594
140 77.968505859375
141 73.66085052490234
142 87.44534301757813
143 85.72228240966797
144 81.41464233398438
145 79.69156646728516
146 106.39901733398438
147 123.19884490966797
148 102.09136962890625
149 102.52212524414063
150 100.36830139160156
151 75.38392639160156
152 93.0452880859375
153 80.98385620117188
154 74.09162139892578
155 80.9838638305664
156 87.01457977294922
157 56.43025207519531
158 120.61427307128906
159 78.39928436279297
160 76.67622375488281
161 50.830299377441406
162 46.52265167236328
163 75.8146743774414
164 70.2147445678711
165 90.89147186279297
166 67.19939422607422
167 58.153316497802734
168 51.26106262207031
169 48.24570846557617
170 60.73790740966797
171 50.3995361328125
172 48.24571228027344
173 52.5533561706543
174 71.0762710571289
175 54.276432037353516
176 66.33785247802734
177 63.32249450683594
178 52.122589111328125
179 62.03020095825195
180 77.5377426147461
181 60.73790740966797
182 65.476318359375
183 74.9531478881836
184 42.645755767822266
185 50.830299377441406
186 57.72254180908203
187 60.7379035949707
188 57.72254180908203
189 63.32249069213867
190 70.21473693847656
191 51.26106643676758
192 46.09188461303711
193 49.968772888183594
194 62.03019332885742
195 44.36882019042969
196 76.67622375488281
197 53.84565734863281
198 55.13795471191406
199 55.56871795654297
200 43.507293701171875
201 35.753509521484375
202 52.122596740722656
203 51.26106262207031
204 39.19963455200195
205 43.07652282714844
206 64.61478424072266
207 56.86101150512695
208 40.0611686706543
209 40.49192810058594
210 48.2457160949707
211 30.153562545776367
212 44.79958724975586
213 28.86126708984375
214 24.12285041809082
215 39.630401611328125
216 28.43050193786621
217 30.153564453125
218 48.67647171020508
219 43.07651901245117
220 29.722797393798828
221 25.845911026000977
222 30.584327697753906
223 37.045806884765625
224 21.538259506225586
225 37.4765739440918
226 37.9073371887207
227 37.90734100341797
228 52.55335998535156
229 70.21473693847656
230 73.23009490966797
231 61.16865539550781
232 51.26106262207031
233 55.5687141418457
234 89.59918212890625
235 60.30713653564453
236 74.09162139892578
237 72.79933166503906
238 85.29151153564453
239 74.95316314697266
240 74.09161376953125
241 98.64523315429688
242 75.3839111328125
243 87.44535064697266
244 71.07626342773438
245 65.47632598876953
246 97.35295104980469
247 73.23009490966797
248 109.8451156616211
249 92.18376922607422
250 79.26081085205078
251 63.32249069213867
252 85.29151916503906
253 83.13768768310547
254 80.5531005859375
255 87.87611389160156
256 71.0762710571289
257 101.22985076904297
258 84.42998504638672
259 99.93755340576172
260 92.6145248413086
261 84.86074829101563
262 78.3992691040039
263 105.96824645996094
264 77.96849822998047
265 88.73765563964844
266 79.69157409667969
267 69.78397369384766
268 72.79932403564453
269 97.7837142944336
270 88.3068618774414
271 95.1991195678711
272 92.61453247070313
273 65.90708923339844
274 77.10697937011719
275 67.63014221191406
276 67.63015747070313
277 69.35321807861328
278 90.89146423339844
279 59.01483917236328
280 92.18375396728516
281 67.19937896728516
282 43.93805694580078
283 73.23009490966797
284 49.96876907348633
285 73.23008728027344
286 73.2301025390625
287 56.43024444580078
288 61.168663024902344
289 64.61479187011719
290 88.306884765625
291 91.75299072265625
292 71.93779754638672
293 51.26106643676758
294 68.92244720458984
295 79.69156646728516
296 73.23009490966797
297 95.19911193847656
298 75.38391876220703
299 81.84540557861328
300 88.73762512207031
301 82.27616882324219
302 74.09162139892578
303 59.876365661621094
304 78.39928436279297
305 77.53775024414063
306 59.87637710571289
307 73.6608657836914
308 65.476318359375
309 90.02993774414063
310 52.12259292602539
311 72.36857604980469
312 54.70719528198242
313 64.18403625488281
314 62.891727447509766
315 47.81494140625
316 34.46121597290039
317 67.63014221191406
318 64.18402862548828
319 64.61478424072266
320 68.06089782714844
321 60.73789978027344
322 55.568721771240234
323 55.56871795654297
324 45.66111373901367
325 80.55311584472656
326 66.76861572265625
327 37.47657012939453
328 53.41489028930664
329 43.507286071777344
330 66.76861572265625
331 51.26106643676758
332 31.876623153686523
333 49.538002014160156
334 39.19963836669922
335 48.24571228027344
336 64.18402862548828
337 29.29203224182129
338 45.230350494384766
339 43.507293701171875
340 52.122589111328125
341 41.78422927856445
342 39.19963455200195
343 66.33784484863281
344 55.56871795654297
345 43.507286071777344
346 66.76861572265625
347 56.43024826049805
348 77.10699462890625
349 66.76861572265625
350 56.43025207519531
351 87.44534301757813
352 58.1533203125
353 69.35320281982422
354 87.01459503173828
355 48.24570846557617
356 53.84565353393555
357 41.78422927856445
358 74.09162902832031
359 68.0609130859375
360 71.50703430175781
361 37.90734100341797
362 52.984130859375
363 47.814937591552734
364 46.522647857666016
365 57.7225456237793
366 46.09188461303711
367 39.19963836669922
368 43.07651901245117
369 64.18402099609375
370 43.507293701171875
371 58.584075927734375
372 53.41489028930664
373 63.75325393676758
374 44.799583435058594
375 51.69183349609375
376 42.645755767822266
377 57.7225456237793
378 50.3995361328125
379 57.29178237915039
380 58.58407211303711
381 38.338104248046875
382 83.56845092773438
383 82.27615356445313
384 76.24543762207031
385 92.18376159667969
386 77.10697174072266
387 80.12232971191406
388 72.79933166503906
389 78.39927673339844
390 66.76861572265625
391 77.53775024414063
392 87.87610626220703
393 60.3071403503418
394 55.56871795654297
395 40.922698974609375
396 59.01484680175781
397 98.21449279785156
398 62.03020477294922
399 49.107242584228516
400 47.384178161621094
401 45.23035430908203
402 40.0611686706543
403 56.43024826049805
404 75.38392639160156
405 42.645755767822266
406 45.230350494384766
407 48.245704650878906
408 57.291778564453125
409 49.538002014160156
410 51.26106262207031
411 75.38392639160156
412 48.67647171020508
413 43.50728225708008
414 48.67647171020508
415 36.615047454833984
416 45.2303466796875
417 58.1533088684082
418 65.9070816040039
419 36.61504364013672
420 62.8917236328125
421 48.67646789550781
422 69.78396606445313
423 69.78396606445313
424 50.3995361328125
425 65.476318359375
426 54.707191467285156
427 47.38417053222656
428 74.09160614013672
429 59.876373291015625
430 87.4453353881836
431 84.86075592041016
432 75.81468200683594
433 78.39927673339844
434 77.5377426147461
435 64.18402862548828
436 80.12234497070313
437 81.41463470458984
438 66.76860809326172
439 65.0455551147461
440 80.98385620117188
441 99.07599639892578
442 66.33786010742188
443 75.38391876220703
444 69.35321807861328
445 82.7069320678711
446 55.99948501586914
447 48.245704650878906
448 63.753257751464844
449 71.93778991699219
450 87.4453353881836
451 59.44560241699219
452 77.10697937011719
453 68.92244720458984
454 65.0455551147461
455 79.69157409667969
456 58.153316497802734
457 78.39927673339844
458 72.36856842041016
459 75.38391876220703
460 71.50703430175781
461 72.36856842041016
462 87.8760986328125
463 86.15304565429688
464 105.10671997070313
465 83.56845092773438
466 73.23009490966797
467 71.0762710571289
468 64.18402099609375
469 78.39928436279297
470 80.12232971191406
471 69.78398132324219
472 58.153316497802734
473 73.23008728027344
474 73.2301025390625
475 58.584075927734375
476 83.1376953125
477 51.261070251464844
478 66.33785247802734
479 72.36856842041016
480 85.72227478027344
481 50.830299377441406
482 62.460975646972656
483 58.58407974243164
484 82.27616882324219
485 53.84565353393555
486 57.29177474975586
487 72.79932403564453
488 80.12234497070313
489 59.01484298706055
490 89.16841888427734
491 74.09162139892578
492 76.24544525146484
493 66.33785247802734
494 61.168670654296875
495 46.95341110229492
496 64.18401336669922
497 73.66085815429688
498 60.73789978027344
499 66.76862335205078
500 67.63014221191406
501 67.19937896728516
502 74.52238464355469
503 71.0762710571289
504 69.35321044921875
505 69.78398132324219
506 79.26079559326172
507 73.2301025390625
508 62.8917350769043
509 61.16867446899414
510 76.24545288085938
511 57.291778564453125
512 88.30687713623047
513 47.384178161621094
514 84.43000030517578
515 78.39928436279297
516 93.04530334472656
517 72.36856842041016
518 79.69158172607422
519 59.44560623168945
520 67.6301498413086
521 51.26106262207031
522 72.36856079101563
523 75.38392639160156
524 64.18402099609375
525 67.19937896728516
526 49.538002014160156
527 64.18402099609375
528 45.230350494384766
529 43.0765266418457
530 78.83003234863281
531 56.43025207519531
532 71.07627868652344
533 74.52237701416016
534 46.09188461303711
535 40.06117248535156
536 67.63013458251953
537 46.09187698364258
538 32.738155364990234
539 47.38418197631836
540 68.92243957519531
541 41.353458404541016
542 51.691829681396484
543 52.55335998535156
544 47.81494140625
545 57.72254180908203
546 96.92219543457031
547 74.52239227294922
548 48.24570846557617
549 51.69182586669922
550 50.3995246887207
551 74.52238464355469
552 83.1376953125
553 90.460693359375
554 85.29151916503906
555 78.83004760742188
556 82.70691680908203
557 92.18375396728516
558 83.99922180175781
559 91.75298309326172
560 79.26080322265625
561 65.04556274414063
562 84.86076354980469
563 100.799072265625
564 57.29178237915039
565 69.35321044921875
566 79.26080322265625
567 106.3990249633789
568 87.44535827636719
569 87.87611389160156
570 102.52212524414063
571 82.70692443847656
572 59.44560623168945
573 55.13794708251953
574 68.06090545654297
575 64.18403625488281
576 59.87636947631836
577 48.24570846557617
578 53.414886474609375
579 59.014835357666016
580 47.38417053222656
581 41.353458404541016
582 37.90734100341797
583 36.18428039550781
584 35.75351333618164
585 54.27642059326172
586 51.26106262207031
587 46.95341110229492
588 47.814937591552734
589 39.63039779663086
590 48.67647171020508
591 55.1379508972168
592 34.461219787597656
593 36.61504364013672
594 31.445858001708984
595 42.645755767822266
596 27.999736785888672
597 46.09188461303711
598 31.876625061035156
599 36.61504364013672
600 58.1533088684082
601 51.26106643676758
602 71.50703430175781
603 74.52238464355469
604 62.8917350769043
605 51.691837310791016
606 72.79932403564453
607 78.39927673339844
608 82.27616882324219
609 73.23008728027344
610 87.01457977294922
611 79.69156646728516
612 86.58380889892578
613 97.35294342041016
614 59.44560241699219
615 52.55337142944336
616 83.99923706054688
617 66.33786010742188
618 83.1376953125
619 75.81468200683594
620 118.02967071533203
621 122.33733367919922
622 105.96825408935547
623 110.7066879272461
624 104.24520111083984
625 104.67597198486328
626 107.69133758544922
627 83.5684585571289
628 136.9833526611328
629 87.01457977294922
630 90.46070098876953
631 90.0299301147461
632 108.12207794189453
633 92.61454010009766
634 100.3682861328125
635 90.02993774414063
636 85.7222900390625
637 92.6145248413086
638 66.33784484863281
639 120.61425018310547
640 87.44535064697266
641 77.968505859375
642 102.52212524414063
643 83.56844329833984
644 73.66085815429688
645 65.90708923339844
646 67.19937896728516
647 86.58380889892578
648 73.23009490966797
649 61.16866683959961
650 39.19963455200195
651 41.78422546386719
652 51.26106262207031
653 64.61478424072266
654 62.8917236328125
655 62.891719818115234
656 45.66111373901367
657 59.876365661621094
658 55.56871795654297
659 41.353458404541016
660 55.568721771240234
661 49.53800582885742
662 45.66111373901367
663 62.89173126220703
664 81.41461944580078
665 59.01484680175781
666 45.66111373901367
667 58.584075927734375
668 51.261070251464844
669 46.091880798339844
670 49.10724639892578
671 66.76860809326172
672 77.10698699951172
673 76.24545288085938
674 52.55336380004883
675 41.353458404541016
676 48.245704650878906
677 46.52265167236328
678 60.307132720947266
679 56.86101150512695
680 81.41462707519531
681 71.93779754638672
682 65.476318359375
683 55.137962341308594
684 75.81468963623047
685 79.69158935546875
686 59.44560241699219
687 72.79931640625
688 74.52238464355469
689 40.922698974609375
690 68.92243194580078
691 38.338104248046875
692 43.507286071777344
693 72.3685531616211
694 63.75326156616211
695 89.59917449951172
696 68.92243957519531
697 84.86075592041016
698 58.1533088684082
699 68.49166870117188
700 58.584075927734375
701 74.09163665771484
702 64.18402099609375
703 51.26106262207031
704 59.01484680175781
705 60.7379035949707
706 64.18402862548828
707 56.43025588989258
708 44.799591064453125
709 56.86101150512695
710 46.091880798339844
711 40.4919319152832
712 59.87637710571289
713 47.38417434692383
714 52.5533561706543
715 53.84565734863281
716 55.13794708251953
717 82.27615356445313
718 61.59943771362305
719 49.107234954833984
720 74.09162902832031
721 39.63039779663086
722 51.691829681396484
723 55.1379508972168
724 52.12260437011719
725 77.10697937011719
726 57.29178237915039
727 76.67620849609375
728 88.7376480102539
729 82.27616882324219
730 85.7222900390625
731 76.67620849609375
732 120.61426544189453
733 75.81468963623047
734 87.87610626220703
735 94.76835632324219
736 88.306884765625
737 94.33758544921875
738 85.2915267944336
739 71.07626342773438
740 53.41489791870117
741 69.35321044921875
742 78.83004760742188
743 69.78396606445313
744 89.59916687011719
745 53.41489791870117
746 75.81468200683594
747 76.24545288085938
748 75.38391876220703
749 90.89146423339844
750 77.53775024414063
751 79.26081848144531
752 66.33784484863281
753 50.399532318115234
754 94.33757781982422
755 61.16867446899414
756 69.78397369384766
757 59.44560623168945
758 70.6455078125
759 49.10723876953125
760 78.39928436279297
761 100.3682861328125
762 64.61479187011719
763 64.18401336669922
764 90.46070861816406
765 71.93778991699219
766 80.1223373413086
767 62.891719818115234
768 98.2144775390625
769 64.18403625488281
770 104.67594909667969
771 103.8144302368164
772 85.72229766845703
773 69.35320281982422
774 73.23009490966797
775 102.52213287353516
776 111.99897766113281
777 64.61479187011719
778 87.44534301757813
779 64.18403625488281
780 62.03021240234375
781 64.18402862548828
782 84.42998504638672
783 73.66085052490234
784 89.59917449951172
785 52.984130859375
786 52.122596740722656
787 89.59917449951172
788 95.19911193847656
789 72.36856079101563
790 92.61454010009766
791 102.95288848876953
792 107.26053619384766
793 120.61427307128906
794 102.95289611816406
795 85.72228240966797
796 90.8914794921875
797 92.61451721191406
798 111.13741302490234
799 74.95315551757813
800 107.6913070678711
801 83.99922180175781
802 90.46070098876953
803 75.38391876220703
804 75.81468963623047
805 73.2301025390625
806 118.89120483398438
807 75.81468963623047
808 78.83003997802734
809 62.89173126220703
810 115.01432037353516
811 83.56845092773438
812 78.39927673339844
813 76.2454605102539
814 86.58381652832031
815 72.36857604980469
816 56.43025207519531
817 70.21473693847656
818 107.69131469726563
819 65.90709686279297
820 114.15280151367188
821 62.891727447509766
822 62.46096420288086
823 74.52239990234375
824 68.06090545654297
825 104.67595672607422
826 75.38391876220703
827 76.67620086669922
828 68.92243957519531
829 76.67621612548828
830 56.86101531982422
831 74.95315551757813
832 66.76861572265625
833 68.4916763305664
834 74.95315551757813
835 43.50728988647461
836 56.43025588989258
837 46.52264404296875
838 58.15330505371094
839 62.03020477294922
840 63.75325393676758
841 74.09161376953125
842 74.95316314697266
843 96.92218017578125
844 93.47604370117188
845 80.55309295654297
846 77.10697937011719
847 89.59918212890625
848 74.9531478881836
849 74.95315551757813
850 79.26079559326172
851 80.1223373413086
852 82.70693969726563
853 68.92243957519531
854 79.26081848144531
855 96.0606460571289
856 71.93779754638672
857 67.19937896728516
858 77.53773498535156
859 85.29151916503906
860 79.69156646728516
861 96.49142456054688
862 62.03019332885742
863 81.4146499633789
864 75.81468963623047
865 85.29151916503906
866 84.8607406616211
867 92.61451721191406
868 70.6455078125
869 85.7222900390625
870 90.46070098876953
871 47.384178161621094
872 71.50703430175781
873 65.476318359375
874 74.9531478881836
875 70.64550018310547
876 70.21472930908203
877 52.12259292602539
878 53.84565734863281
879 50.830299377441406
880 48.24571228027344
881 59.87636947631836
882 43.50728988647461
883 55.99949264526367
884 84.86074829101563
885 75.38391876220703
886 65.476318359375
887 61.59943389892578
888 59.01483917236328
889 54.27642059326172
890 60.3071403503418
891 60.73789978027344
892 66.33785247802734
893 90.460693359375
894 60.3071403503418
895 63.32249450683594
896 49.53800964355469
897 45.230350494384766
898 42.214996337890625
899 61.59942626953125
900 78.8300552368164
901 70.21473693847656
902 74.09162139892578
903 62.03019332885742
904 74.95315551757813
905 76.67622375488281
906 66.76860809326172
907 74.09162902832031
908 67.19938659667969
909 88.30686950683594
910 67.19937896728516
911 67.6301498413086
912 58.584068298339844
913 66.33784484863281
914 102.95288848876953
915 71.0762710571289
916 101.22982788085938
917 82.70692443847656
918 107.26053619384766
919 125.35267639160156
920 84.86075592041016
921 89.16841125488281
922 92.18376922607422
923 87.87612915039063
924 79.69157409667969
925 78.3992919921875
926 53.414894104003906
927 95.62989807128906
928 45.2303466796875
929 59.445613861083984
930 83.13770294189453
931 83.9992446899414
932 125.783447265625
933 92.61454010009766
934 94.33759307861328
935 98.64524841308594
936 79.26080322265625
937 78.83004760742188
938 115.8758544921875
939 120.6142807006836
940 82.70691680908203
941 87.87611389160156
942 62.89173126220703
943 94.33759307861328
944 112.86050415039063
945 103.38365173339844
946 105.96824645996094
947 90.02993774414063
948 80.55310821533203
949 89.16841125488281
950 91.75299835205078
951 73.23008728027344
952 80.98387145996094
953 53.414894104003906
954 62.46095657348633
955 48.67647171020508
956 71.07627868652344
957 72.79933166503906
958 71.0762710571289
959 52.984127044677734
960 67.19937133789063
961 57.29178237915039
962 47.81494903564453
963 73.23009490966797
964 52.122596740722656
965 63.32249069213867
966 64.18402862548828
967 92.18375396728516
968 77.53775787353516
969 79.69156646728516
970 47.38418197631836
971 52.12259292602539
972 66.33784484863281
973 87.44534301757813
974 78.39927673339844
975 103.81442260742188
976 82.70692443847656
977 75.814697265625
978 52.122596740722656
979 73.66085815429688
980 80.12232971191406
981 98.64524841308594
982 71.07627868652344
983 84.86076354980469
984 79.69157409667969
985 90.02994537353516
986 62.8917236328125
987 65.90707397460938
988 94.76835632324219
989 77.10699462890625
990 51.691829681396484
991 68.92243957519531
992 90.8914566040039
993 58.58407211303711
994 71.50703430175781
995 89.59917449951172
996 65.90708923339844
997 74.09162139892578
998 71.07626342773438
999 87.01457977294922
1000 79.26081085205078
1001 66.33786010742188
1002 66.33786010742188
