# Selection 1:name C1A D2A C3A C4A C1B C2B C3B C4B Selection 2:name AUC AUSL AUL Cutoff:8 Start:0 End:-1
0 1
1 1
2 35
3 30
4 31
5 42
6 41
7 34
8 39
9 35
10 43
11 33
12 34
13 29
14 34
15 37
16 42
17 34
18 27
19 35
20 38
21 28
22 32
23 36
24 40
25 43
26 39
27 40
28 39
29 34
30 30
31 29
32 34
33 45
34 53
35 42
36 38
37 44
38 38
39 35
40 43
41 42
42 46
43 37
44 37
45 49
46 38
47 44
48 41
49 38
50 43
51 37
52 47
53 36
54 37
55 37
56 30
57 39
58 40
59 40
60 43
61 44
62 42
63 45
64 42
65 41
66 32
67 35
68 36
69 38
70 38
71 38
72 37
73 36
74 44
75 40
76 40
77 34
78 41
79 42
80 52
81 37
82 43
83 36
84 43
85 40
86 38
87 37
88 36
89 47
90 54
91 43
92 47
93 41
94 43
95 33
96 33
97 36
98 42
99 34
100 36
101 48
102 38
103 35
104 44
105 36
106 37
107 38
108 43
109 38
110 50
111 45
112 43
113 36
114 40
115 37
116 35
117 37
118 43
119 36
120 38
121 32
122 39
123 37
124 40
125 37
126 37
127 33
128 35
129 38
130 45
131 42
132 31
133 31
134 43
135 44
136 51
137 45
138 33
139 34
140 39
141 35
142 38
143 37
144 40
145 35
146 41
147 32
148 42
149 42
150 35
151 43
152 45
153 39
154 39
155 38
156 39
157 42
158 42
159 48
160 49
161 39
162 43
163 34
164 33
165 42
166 37
167 35
168 39
169 49
170 38
171 43
172 45
173 35
174 40
175 42
176 42
177 41
178 29
179 36
180 45
181 49
182 43
183 45
184 35
185 53
186 34
187 48
188 39
189 40
190 46
191 42
192 40
193 39
194 46
195 38
196 36
197 45
198 47
199 45
200 34
201 47
202 43
203 33
204 43
205 33
206 47
207 38
208 47
209 41
210 45
211 42
212 39
213 44
214 32
215 38
216 42
217 43
218 49
219 41
220 44
221 34
222 42
223 37
224 43
225 47
226 40
227 41
228 34
229 48
230 31
231 40
232 41
233 33
234 33
235 38
236 43
237 30
238 38
239 38
240 43
241 45
242 47
243 37
244 42
245 43
246 43
247 42
248 49
249 47
250 36
251 34
252 32
253 43
254 40
255 44
256 42
257 48
258 39
259 33
260 39
261 48
262 43
263 38
264 46
265 43
266 38
267 43
268 43
269 42
270 47
271 41
272 40
273 37
274 43
275 38
276 39
277 35
278 44
279 41
280 34
281 45
282 35
283 33
284 46
285 38
286 33
287 43
288 34
289 40
290 43
291 43
292 50
293 39
294 45
295 38
296 32
297 33
298 48
299 35
300 40
301 40
302 53
303 47
304 46
305 44
306 47
307 46
308 51
309 38
310 39
311 41
312 47
313 35
314 40
315 42
316 38
317 40
318 42
319 40
320 42
321 44
322 33
323 41
324 42
325 45
326 39
327 44
328 37
329 49
330 36
331 40
332 42
333 39
334 45
335 43
336 43
337 46
338 43
339 35
340 43
341 39
342 41
343 41
344 40
345 37
346 41
347 38
348 39
349 35
350 40
351 37
352 39
353 42
354 38
355 47
356 40
357 40
358 31
359 35
360 39
361 40
362 53
363 42
364 42
365 39
366 44
367 38
368 37
369 41
370 39
371 38
372 40
373 47
374 33
375 46
376 49
377 34
378 42
379 38
380 41
381 41
382 33
383 37
384 31
385 45
386 35
387 37
388 36
389 36
390 37
391 45
392 39
393 43
394 39
395 40
396 41
397 46
398 46
399 41
400 47
401 35
402 31
403 40
404 51
405 37
406 33
407 44
408 36
409 41
410 33
411 39
412 35
413 36
414 49
415 33
416 35
417 34
418 34
419 45
420 40
421 45
422 32
423 45
424 44
425 36
426 37
427 46
428 39
429 33
430 37
431 48
432 38
433 39
434 36
435 47
436 40
437 38
438 41
439 45
440 39
441 31
442 43
443 34
444 37
445 44
446 45
447 47
448 36
449 41
450 39
451 33
452 42
453 41
454 48
455 45
456 46
457 43
458 52
459 43
460 39
461 49
462 45
463 36
464 41
465 45
466 44
467 29
468 42
469 47
470 30
471 54
472 45
473 31
474 36
475 32
476 43
477 38
478 26
479 34
480 39
481 33
482 41
483 44
484 40
485 44
486 38
487 39
488 43
489 36
490 39
491 41
492 43
493 44
494 33
495 37
496 34
497 40
498 39
499 33
500 40
501 34
502 34
503 45
504 48
505 46
506 41
507 35
508 38
509 41
510 41
511 40
512 39
513 41
514 39
515 43
516 41
517 34
518 47
519 40
520 43
521 43
522 40
523 39
524 35
525 37
526 50
527 37
528 42
529 41
530 38
531 42
532 38
533 40
534 42
535 38
536 31
537 41
538 39
539 28
540 37
541 40
542 47
543 35
544 37
545 37
546 35
547 44
548 26
549 41
550 44
551 35
552 38
553 45
554 40
555 36
556 33
557 44
558 42
559 27
560 40
561 49
562 44
563 38
564 34
565 44
566 36
567 31
568 41
569 40
570 44
571 37
572 47
573 47
574 38
575 31
576 42
577 43
578 43
579 45
580 35
581 38
582 49
583 33
584 31
585 36
586 38
587 37
588 39
589 39
590 38
591 43
592 39
593 39
594 43
595 46
596 44
597 38
598 38
599 42
600 38
601 43
602 41
603 43
604 44
605 50
606 48
607 38
608 31
609 38
610 34
611 39
612 41
613 37
614 35
615 44
616 33
617 44
618 38
619 49
620 45
621 42
622 27
623 36
624 30
625 43
626 43
627 36
628 48
629 37
630 39
631 35
632 37
633 38
634 31
635 39
636 39
637 34
638 49
639 41
640 41
641 38
642 38
643 38
644 39
645 34
646 48
647 42
648 42
649 41
650 39
651 44
652 39
653 41
654 40
655 35
656 50
657 42
658 37
659 39
660 37
661 43
662 45
663 42
664 35
665 41
666 50
667 36
668 38
669 30
670 37
671 34
672 41
673 42
674 47
675 36
676 43
677 40
678 39
679 35
680 30
681 40
682 37
683 43
684 39
685 47
686 35
687 47
688 36
689 45
690 35
691 46
692 43
693 40
694 42
695 42
696 45
697 38
698 44
699 36
700 41
701 33
702 42
703 32
704 41
705 49
706 39
707 37
708 39
709 41
710 39
711 40
712 34
713 36
714 41
715 37
716 43
717 46
718 37
719 31
720 44
721 44
722 40
723 40
724 41
725 42
726 45
727 38
728 43
729 47
730 35
731 36
732 30
733 41
734 40
735 47
736 45
737 40
738 43
739 47
740 35
741 34
742 29
743 38
744 46
745 41
746 47
747 39
748 39
749 41
750 43
751 36
752 33
753 43
754 35
755 38
756 43
757 31
758 40
759 42
760 46
761 44
762 35
763 50
764 48
765 44
766 38
767 44
768 43
769 46
770 36
771 35
772 34
773 35
774 38
775 35
776 39
777 38
778 40
779 43
780 38
781 38
782 37
783 36
784 38
785 38
786 38
787 46
788 40
789 46
790 35
791 43
792 43
793 45
794 43
795 39
796 35
797 42
798 43
799 40
800 39
801 41
802 36
803 50
804 47
805 43
806 34
807 39
808 30
809 37
810 37
811 39
812 37
813 38
814 37
815 39
816 39
817 34
818 41
819 43
820 44
821 37
822 37
823 33
824 47
825 39
826 49
827 39
828 42
829 39
830 33
831 39
832 43
833 33
834 36
835 33
836 32
837 42
838 41
839 39
840 39
841 42
842 29
843 33
844 41
845 38
846 41
847 41
848 40
849 32
850 38
851 46
852 36
853 40
854 35
855 39
856 37
857 40
858 43
859 44
860 37
861 45
862 40
863 41
864 34
865 36
866 39
867 40
868 31
869 40
870 33
871 40
872 39
873 30
874 41
875 48
876 37
877 43
878 37
879 36
880 35
881 46
882 41
883 39
884 41
885 44
886 36
887 42
888 30
889 41
890 36
891 38
892 36
893 39
894 44
895 38
896 40
897 45
898 43
899 45
900 38
901 39
902 43
903 40
904 38
905 34
906 44
907 43
908 40
909 37
910 38
911 46
912 33
913 39
914 39
915 27
916 44
917 44
918 46
919 36
920 43
921 39
922 45
923 42
924 38
925 37
926 39
927 41
928 43
929 45
930 44
931 35
932 42
933 41
934 41
935 42
936 42
937 28
938 34
939 31
940 42
941 40
942 37
943 49
944 31
945 37
946 45
947 31
948 41
949 39
950 40
951 37
952 39
953 38
954 35
955 37
956 43
957 36
958 40
959 41
960 41
961 47
962 37
963 33
964 35
965 42
966 36
967 26
968 38
969 36
970 35
971 30
972 37
973 42
974 40
975 40
976 41
977 33
978 46
979 43
980 38
981 39
982 46
983 30
984 41
985 36
986 32
987 42
988 30
989 39
990 49
991 38
992 34
993 43
994 36
995 39
996 32
997 36
998 38
999 39
1000 39
1001 40
1002 40
