# Selection:resname AU POPC Restricted:name AUC AUL AUSL Radius:2.64 Start:0 End:-1
0 146.46017456054688
1 149.04476928710938
2 0.0
3 4.307651996612549
4 0.0
5 0.43076521158218384
6 0.0
7 0.8615304231643677
8 0.0
9 0.0
10 0.0
11 0.0
12 3.0153565406799316
13 0.0
14 0.0
15 0.0
16 0.0
17 0.0
18 1.2922956943511963
19 0.8615304231643677
20 0.8615304231643677
21 5.599947929382324
22 0.0
23 0.0
24 1.7230608463287354
25 0.0
26 0.0
27 1.7230608463287354
28 0.0
29 1.2922956943511963
30 0.43076521158218384
31 0.8615304231643677
32 1.2922956943511963
33 0.0
34 0.43076521158218384
35 3.8768868446350098
36 0.8615304231643677
37 0.0
38 0.0
39 0.0
40 0.0
41 0.0
42 0.0
43 0.0
44 0.0
45 1.7230608463287354
46 0.0
47 0.0
48 0.0
49 0.0
50 0.0
51 0.0
52 0.0
53 4.738417148590088
54 0.0
55 2.5845913887023926
56 0.0
57 0.0
58 0.0
59 0.0
60 0.0
61 0.0
62 0.0
63 0.0
64 0.8615304231643677
65 0.43076521158218384
66 0.0
67 0.43076521158218384
68 0.0
69 0.0
70 3.8768868446350098
71 1.2922956943511963
72 0.0
73 0.0
74 0.8615304231643677
75 0.0
76 0.0
77 0.0
78 0.43076521158218384
79 0.0
80 0.0
81 0.8615304231643677
82 0.0
83 0.0
84 0.0
85 0.0
86 1.2922956943511963
87 2.5845913887023926
88 5.169182777404785
89 0.43076521158218384
90 0.0
91 0.0
92 0.43076521158218384
93 0.0
94 2.5845913887023926
95 2.1538262367248535
96 0.0
97 4.738417625427246
98 2.1538262367248535
99 0.0
100 0.43076521158218384
101 0.0
102 0.8615304231643677
103 0.43076521158218384
104 0.0
105 0.0
106 0.0
107 0.0
108 0.0
109 0.0
110 0.0
111 0.8615304231643677
112 1.2922956943511963
113 0.0
114 0.8615304231643677
115 0.0
116 0.0
117 0.0
118 0.0
119 0.0
120 0.0
121 3.4461216926574707
122 0.0
123 0.0
124 3.8768868446350098
125 0.8615304231643677
126 3.4461216926574707
127 0.0
128 0.0
129 0.0
130 0.0
131 3.4461216926574707
132 0.0
133 2.1538259983062744
134 0.0
135 1.2922956943511963
136 0.0
137 3.4461216926574707
138 0.0
139 0.0
140 0.43076521158218384
141 0.0
142 0.8615304231643677
143 0.0
144 0.43076521158218384
145 3.0153565406799316
146 0.0
147 0.0
148 0.0
149 3.0153565406799316
150 0.0
151 1.7230608463287354
152 0.0
153 1.7230608463287354
154 0.0
155 0.0
156 0.43076521158218384
157 0.0
158 0.0
159 0.0
160 1.7230608463287354
161 5.169182300567627
162 0.0
163 2.1538262367248535
164 0.0
165 0.0
166 0.0
167 1.7230608463287354
168 0.8615304231643677
169 2.1538259983062744
170 0.0
171 0.0
172 0.0
173 3.0153565406799316
174 0.8615304231643677
175 0.8615304231643677
176 0.0
177 0.8615304231643677
178 0.0
179 0.43076521158218384
180 0.0
181 0.43076521158218384
182 0.8615304231643677
183 0.0
184 0.0
185 0.0
186 0.8615304231643677
187 0.43076521158218384
188 0.0
189 0.0
190 0.43076521158218384
191 0.0
192 0.0
193 0.8615304231643677
194 1.2922956943511963
195 4.307651996612549
196 1.7230608463287354
197 2.1538259983062744
198 0.8615304231643677
199 0.8615304231643677
200 0.0
201 0.0
202 0.0
203 1.2922956943511963
204 0.0
205 0.0
206 0.0
207 1.2922956943511963
208 0.0
209 1.7230608463287354
210 0.0
211 0.0
212 0.0
213 0.0
214 0.0
215 0.43076521158218384
216 3.4461216926574707
217 0.8615304231643677
218 0.0
219 0.0
220 0.0
221 0.0
222 0.0
223 2.1538262367248535
224 0.43076521158218384
225 0.0
226 0.0
227 0.0
228 0.0
229 0.0
230 2.1538259983062744
231 2.1538262367248535
232 0.0
233 0.0
234 15.938312530517578
235 0.0
236 2.1538262367248535
237 0.0
238 0.0
239 0.0
240 0.0
241 0.0
242 0.0
243 0.0
244 0.0
245 0.0
246 0.8615304231643677
247 0.0
248 0.0
249 0.0
250 0.0
251 0.0
252 0.0
253 7.3230085372924805
254 0.0
255 0.0
256 2.1538259983062744
257 0.0
258 0.8615304231643677
259 9.476834297180176
260 3.8768868446350098
261 0.43076521158218384
262 0.43076521158218384
263 0.0
264 0.0
265 0.0
266 1.2922956943511963
267 0.0
268 0.0
269 0.0
270 0.8615304231643677
271 0.0
272 0.0
273 0.8615304231643677
274 6.461478233337402
275 0.0
276 0.0
277 0.43076521158218384
278 1.2922956943511963
279 1.2922956943511963
280 0.8615304231643677
281 0.0
282 0.0
283 0.0
284 0.43076521158218384
285 0.8615304231643677
286 1.7230608463287354
287 0.0
288 0.0
289 0.0
290 0.8615304231643677
291 3.4461216926574707
292 0.0
293 0.0
294 0.0
295 0.0
296 0.43076521158218384
297 0.8615304231643677
298 0.8615304231643677
299 0.0
300 0.0
301 0.0
302 0.43076521158218384
303 0.0
304 0.0
305 0.0
306 2.1538259983062744
307 3.8768868446350098
308 0.43076521158218384
309 0.43076521158218384
310 0.8615304231643677
311 0.0
312 0.0
313 0.0
314 0.0
315 0.0
316 0.0
317 0.0
318 0.0
319 0.0
320 0.0
321 3.0153565406799316
322 3.4461216926574707
323 0.8615304231643677
324 0.43076521158218384
325 0.0
326 2.5845911502838135
327 3.8768868446350098
328 0.0
329 0.0
330 0.43076521158218384
331 0.8615304231643677
332 0.43076521158218384
333 1.2922956943511963
334 0.0
335 4.307651996612549
336 0.0
337 0.43076521158218384
338 0.0
339 0.0
340 0.0
341 0.8615304231643677
342 4.307652473449707
343 0.0
344 1.2922956943511963
345 0.0
346 0.8615304231643677
347 0.0
348 2.5845913887023926
349 6.461478233337402
350 1.2922956943511963
351 0.0
352 0.0
353 0.8615304231643677
354 1.2922956943511963
355 0.0
356 0.0
357 1.2922956943511963
358 0.0
359 0.0
360 0.0
361 0.0
362 0.0
363 0.0
364 0.43076521158218384
365 0.0
366 0.43076521158218384
367 1.7230608463287354
368 1.2922956943511963
369 0.0
370 0.0
371 0.0
372 0.0
373 0.0
374 0.0
375 0.0
376 0.0
377 0.0
378 0.0
379 0.0
380 0.0
381 0.0
382 0.0
383 16.799842834472656
384 0.0
385 2.5845913887023926
386 0.8615304231643677
387 0.0
388 0.0
389 3.4461216926574707
390 0.43076521158218384
391 0.0
392 0.0
393 0.8615304231643677
394 0.0
395 0.8615304231643677
396 0.0
397 0.0
398 1.2922956943511963
399 0.43076521158218384
400 0.0
401 0.0
402 0.0
403 0.0
404 0.0
405 1.2922956943511963
406 0.0
407 0.0
408 0.0
409 0.43076521158218384
410 0.0
411 0.0
412 0.8615304231643677
413 0.0
414 0.43076521158218384
415 0.8615304231643677
416 0.0
417 3.0153565406799316
418 0.0
419 0.0
420 0.0
421 0.8615304231643677
422 0.0
423 2.5845913887023926
424 0.0
425 1.2922956943511963
426 0.0
427 0.0
428 0.0
429 0.43076521158218384
430 0.0
431 0.0
432 4.307651996612549
433 0.0
434 0.0
435 0.0
436 0.0
437 0.43076521158218384
438 0.8615304231643677
439 0.0
440 0.0
441 0.0
442 0.0
443 0.43076521158218384
444 0.0
445 0.0
446 0.0
447 0.0
448 0.0
449 0.0
450 0.8615304231643677
451 0.0
452 3.4461216926574707
453 2.5845913887023926
454 0.43076521158218384
455 0.43076521158218384
456 0.0
457 1.7230608463287354
458 0.8615304231643677
459 1.2922956943511963
460 0.0
461 1.2922956943511963
462 2.5845913887023926
463 0.0
464 0.8615304231643677
465 1.2922956943511963
466 0.0
467 0.8615304231643677
468 0.8615304231643677
469 1.2922956943511963
470 0.0
471 3.8768868446350098
472 0.0
473 0.43076521158218384
474 0.0
475 0.0
476 0.0
477 0.8615304231643677
478 1.2922956943511963
479 0.0
480 0.43076521158218384
481 0.8615304231643677
482 0.0
483 0.0
484 0.0
485 0.0
486 0.0
487 1.7230608463287354
488 0.0
489 0.0
490 0.43076521158218384
491 0.0
492 1.7230608463287354
493 0.0
494 0.0
495 2.5845913887023926
496 0.43076521158218384
497 0.0
498 0.0
499 0.0
500 0.0
501 0.0
502 1.2922956943511963
503 0.0
504 0.0
505 0.0
506 0.0
507 0.0
508 0.0
509 0.0
510 0.0
511 0.0
512 0.8615304231643677
513 1.2922956943511963
514 2.5845913887023926
515 1.2922956943511963
516 0.0
517 0.0
518 0.43076521158218384
519 0.0
520 1.7230608463287354
521 1.2922956943511963
522 0.0
523 1.2922956943511963
524 0.0
525 0.0
526 0.0
527 0.43076521158218384
528 0.0
529 0.0
530 0.43076521158218384
531 0.0
532 2.5845911502838135
533 0.0
534 0.0
535 6.892243385314941
536 0.43076521158218384
537 0.0
538 0.0
539 0.0
540 2.1538259983062744
541 0.0
542 0.0
543 0.0
544 0.0
545 0.0
546 0.0
547 2.1538259983062744
548 0.0
549 6.461478233337402
550 14.215251922607422
551 1.7230608463287354
552 0.8615304231643677
553 0.0
554 0.0
555 0.43076521158218384
556 1.7230608463287354
557 0.8615304231643677
558 0.43076521158218384
559 1.2922956943511963
560 0.0
561 0.0
562 0.0
563 0.0
564 0.0
565 0.0
566 0.0
567 0.0
568 4.738417148590088
569 0.0
570 0.0
571 0.0
572 0.0
573 1.2922956943511963
574 0.0
575 7.3230085372924805
576 1.2922956943511963
577 0.43076521158218384
578 0.0
579 0.43076521158218384
580 0.0
581 0.43076521158218384
582 1.2922956943511963
583 0.43076521158218384
584 0.0
585 0.0
586 2.5845911502838135
587 0.0
588 0.0
589 0.0
590 0.0
591 0.0
592 0.0
593 0.0
594 0.0
595 0.0
596 0.0
597 1.2922956943511963
598 0.0
599 0.0
600 0.0
601 0.0
602 0.8615304231643677
603 0.0
604 0.0
605 0.43076521158218384
606 0.0
607 0.0
608 0.0
609 0.43076521158218384
610 0.8615304231643677
611 0.43076521158218384
612 0.0
613 0.0
614 0.8615304231643677
615 0.43076521158218384
616 0.0
617 2.1538262367248535
618 0.43076521158218384
619 0.0
620 0.0
621 0.0
622 0.8615304231643677
623 0.0
624 0.0
625 0.43076521158218384
626 0.0
627 0.0
628 1.2922956943511963
629 1.7230608463287354
630 0.0
631 0.0
632 0.0
633 0.0
634 0.8615304231643677
635 0.0
636 0.43076521158218384
637 0.43076521158218384
638 0.0
639 0.0
640 1.2922956943511963
641 0.0
642 0.43076521158218384
643 0.0
644 0.0
645 4.307651996612549
646 0.0
647 0.0
648 0.0
649 0.0
650 1.2922956943511963
651 0.0
652 0.0
653 0.0
654 0.0
655 0.0
656 0.0
657 0.0
658 0.0
659 1.7230608463287354
660 0.0
661 0.0
662 6.030713081359863
663 0.0
664 0.43076521158218384
665 0.43076521158218384
666 3.0153565406799316
667 0.0
668 0.0
669 0.0
670 0.0
671 3.8768868446350098
672 3.8768868446350098
673 0.0
674 0.0
675 0.0
676 3.0153565406799316
677 0.0
678 1.7230608463287354
679 0.0
680 4.307651996612549
681 0.0
682 6.461478233337402
683 0.8615304231643677
684 0.0
685 0.0
686 1.7230608463287354
687 0.43076521158218384
688 0.43076521158218384
689 1.7230608463287354
690 0.0
691 1.2922956943511963
692 0.0
693 0.0
694 0.0
695 0.0
696 0.0
697 0.0
698 0.0
699 0.0
700 0.0
701 0.43076521158218384
702 0.8615304231643677
703 0.43076521158218384
704 4.307652473449707
705 0.43076521158218384
706 0.8615304231643677
707 0.0
708 0.0
709 1.7230608463287354
710 0.43076521158218384
711 0.0
712 0.0
713 2.5845911502838135
714 0.43076521158218384
715 1.7230608463287354
716 1.2922956943511963
717 0.8615304231643677
718 0.0
719 0.0
720 0.8615304231643677
721 0.0
722 0.0
723 0.0
724 0.0
725 0.0
726 0.0
727 9.907600402832031
728 0.0
729 0.0
730 0.0
731 1.2922956943511963
732 0.8615304231643677
733 0.43076521158218384
734 2.1538259983062744
735 0.0
736 0.0
737 0.0
738 6.461478233337402
739 0.0
740 0.0
741 2.1538262367248535
742 0.0
743 0.0
744 0.0
745 0.0
746 0.0
747 0.0
748 1.7230608463287354
749 0.0
750 0.0
751 2.1538262367248535
752 0.0
753 0.0
754 0.0
755 0.0
756 0.43076521158218384
757 0.0
758 0.8615304231643677
759 0.0
760 0.0
761 0.0
762 2.1538259983062744
763 0.0
764 0.0
765 0.0
766 1.7230608463287354
767 0.0
768 0.0
769 0.0
770 0.0
771 0.0
772 0.0
773 0.0
774 2.1538262367248535
775 0.0
776 0.0
777 0.43076521158218384
778 0.43076521158218384
779 0.0
780 0.0
781 1.2922956943511963
782 0.0
783 0.0
784 2.1538262367248535
785 0.0
786 4.738417148590088
787 0.0
788 0.0
789 2.5845911502838135
790 0.0
791 0.0
792 0.0
793 0.0
794 0.0
795 0.0
796 0.0
797 0.8615304231643677
798 0.0
799 0.43076521158218384
800 7.3230085372924805
801 0.0
802 0.0
803 0.0
804 0.0
805 0.0
806 0.0
807 1.7230608463287354
808 1.2922956943511963
809 1.7230608463287354
810 0.0
811 0.0
812 0.0
813 0.0
814 0.0
815 0.0
816 0.0
817 1.2922956943511963
818 0.0
819 0.0
820 0.43076521158218384
821 4.738417625427246
822 0.43076521158218384
823 0.0
824 0.0
825 0.0
826 1.7230608463287354
827 2.5845913887023926
828 0.0
829 0.0
830 0.0
831 0.0
832 0.43076521158218384
833 0.0
834 0.0
835 0.8615304231643677
836 0.0
837 0.43076521158218384
838 0.43076521158218384
839 0.0
840 0.43076521158218384
841 0.43076521158218384
842 0.0
843 1.2922956943511963
844 0.43076521158218384
845 0.0
846 0.0
847 0.43076521158218384
848 0.0
849 0.0
850 0.0
851 0.0
852 0.0
853 0.0
854 0.0
855 0.0
856 0.0
857 0.0
858 0.0
859 0.0
860 0.0
861 0.0
862 0.0
863 0.0
864 5.599947929382324
865 0.0
866 0.43076521158218384
867 0.0
868 0.0
869 0.0
870 0.0
871 0.0
872 0.0
873 0.0
874 0.8615304231643677
875 0.0
876 5.599947929382324
877 0.0
878 0.8615304231643677
879 3.8768868446350098
880 0.0
881 0.8615304231643677
882 0.8615304231643677
883 0.0
884 0.0
885 0.43076521158218384
886 0.43076521158218384
887 1.2922956943511963
888 0.43076521158218384
889 0.0
890 0.0
891 0.0
892 0.0
893 0.0
894 1.7230608463287354
895 2.1538259983062744
896 0.0
897 0.0
898 0.0
899 0.0
900 2.1538259983062744
901 2.1538259983062744
902 0.0
903 0.0
904 0.0
905 0.0
906 0.0
907 0.8615304231643677
908 0.0
909 0.0
910 0.0
911 0.0
912 0.0
913 0.0
914 0.0
915 0.8615304231643677
916 1.2922956943511963
917 2.5845911502838135
918 0.0
919 1.7230608463287354
920 6.461478233337402
921 0.0
922 0.0
923 0.0
924 0.0
925 0.0
926 1.7230608463287354
927 0.0
928 0.0
929 0.0
930 0.0
931 0.0
932 0.0
933 0.0
934 0.43076521158218384
935 0.43076521158218384
936 0.0
937 0.8615304231643677
938 3.0153565406799316
939 0.43076521158218384
940 0.0
941 0.0
942 0.0
943 0.0
944 3.4461216926574707
945 0.0
946 0.0
947 9.476834297180176
948 0.8615304231643677
949 0.43076521158218384
950 0.0
951 2.5845913887023926
952 0.0
953 0.0
954 0.8615304231643677
955 0.0
956 1.7230608463287354
957 0.0
958 0.0
959 0.0
960 0.0
961 0.0
962 0.0
963 1.2922956943511963
964 0.0
965 2.5845911502838135
966 0.0
967 0.43076521158218384
968 0.0
969 0.8615304231643677
970 3.0153565406799316
971 0.0
972 0.43076521158218384
973 0.0
974 0.0
975 0.0
976 0.0
977 0.0
978 0.0
979 0.0
980 0.0
981 3.0153563022613525
982 0.0
983 0.8615304231643677
984 0.0
985 0.0
986 0.0
987 0.0
988 0.0
989 0.0
990 0.0
991 0.0
992 7.3230085372924805
993 0.43076521158218384
994 4.307652473449707
995 2.1538259983062744
996 0.0
997 0.0
998 1.7230608463287354
999 0.0
1000 0.0
1001 0.43076521158218384
1002 0.43076521158218384
