# Selection:resname AU W ION Restricted:name AUC AUL AUSL Radius:2.64 Start:0 End:-1
0 478.1494140625
1 481.5954895019531
2 18.95366859436035
3 44.79958724975586
4 70.21472930908203
5 43.938053131103516
6 34.89198303222656
7 29.292034149169922
8 24.55361557006836
9 40.922698974609375
10 31.44586181640625
11 71.50702667236328
12 35.75351333618164
13 26.707443237304688
14 44.799583435058594
15 71.93778991699219
16 63.75325012207031
17 31.015092849731445
18 22.830554962158203
19 40.922698974609375
20 35.75351333618164
21 31.87662696838379
22 65.9070816040039
23 59.014835357666016
24 49.96876525878906
25 67.19937133789063
26 39.63039779663086
27 41.35346221923828
28 51.69182586669922
29 24.553617477416992
30 36.615047454833984
31 35.322750091552734
32 49.10723114013672
33 35.75351333618164
34 24.98438262939453
35 34.89198303222656
36 6.030713081359863
37 25.41514778137207
38 48.67647171020508
39 37.47657775878906
40 40.06116485595703
41 48.245704650878906
42 31.876625061035156
43 60.30712890625
44 58.584068298339844
45 34.030452728271484
46 33.168922424316406
47 55.5687141418457
48 43.938053131103516
49 36.61503982543945
50 53.414886474609375
51 48.676475524902344
52 37.045806884765625
53 24.98438262939453
54 18.95366859436035
55 42.645755767822266
56 49.107234954833984
57 58.15330505371094
58 52.55336380004883
59 54.707191467285156
60 27.138206481933594
61 14.646017074584961
62 38.338104248046875
63 22.399789810180664
64 21.538259506225586
65 32.738155364990234
66 44.36882400512695
67 20.676729202270508
68 34.89198303222656
69 42.645751953125
70 65.04554748535156
71 19.384435653686523
72 77.96849822998047
73 73.23008728027344
74 50.399532318115234
75 18.092138290405273
76 35.32274627685547
77 60.307132720947266
78 46.522640228271484
79 59.44560241699219
80 32.738155364990234
81 49.538002014160156
82 21.107494354248047
83 73.23008728027344
84 49.538002014160156
85 81.84540557861328
86 58.584068298339844
87 34.03044891357422
88 70.64549255371094
89 40.922698974609375
90 39.19963455200195
91 36.18428039550781
92 33.59968948364258
93 30.584327697753906
94 80.12232971191406
95 71.93778991699219
96 31.876623153686523
97 47.38417434692383
98 13.784486770629883
99 31.445858001708984
100 32.738155364990234
101 21.969024658203125
102 27.999736785888672
103 26.707443237304688
104 34.46121597290039
105 41.353458404541016
106 62.46095275878906
107 47.814937591552734
108 46.52264404296875
109 45.66111373901367
110 54.27642059326172
111 75.38391876220703
112 27.138206481933594
113 9.476835250854492
114 52.98412322998047
115 26.276676177978516
116 38.33810806274414
117 77.10697174072266
118 54.27641677856445
119 37.045806884765625
120 48.245704650878906
121 70.21473693847656
122 75.38392639160156
123 26.707441329956055
124 24.12285041809082
125 55.13794708251953
126 56.43024444580078
127 77.10697174072266
128 53.414886474609375
129 70.21472930908203
130 42.64575958251953
131 21.969024658203125
132 43.07652282714844
133 29.722797393798828
134 37.4765739440918
135 38.76887130737305
136 59.44560241699219
137 36.615047454833984
138 41.35346221923828
139 45.6611213684082
140 39.19963455200195
141 38.33810806274414
142 21.969026565551758
143 54.27642059326172
144 53.414886474609375
145 57.29177474975586
146 18.092138290405273
147 31.876623153686523
148 59.01483154296875
149 34.89198303222656
150 46.95341110229492
151 80.12232208251953
152 40.06116485595703
153 21.538259506225586
154 16.799842834472656
155 67.19937133789063
156 59.01483917236328
157 43.07652282714844
158 18.522903442382813
159 46.09187698364258
160 53.414886474609375
161 52.9841194152832
162 43.50728988647461
163 72.79932403564453
164 37.9073371887207
165 37.90734100341797
166 24.553617477416992
167 9.046069145202637
168 54.707183837890625
169 31.876625061035156
170 34.89198684692383
171 19.81519889831543
172 27.138208389282227
173 27.999738693237305
174 29.292034149169922
175 47.38417053222656
176 34.46121597290039
177 49.96876525878906
178 68.06090545654297
179 38.338104248046875
180 34.030452728271484
181 54.27641677856445
182 38.33810806274414
183 35.322750091552734
184 13.784486770629883
185 12.492191314697266
186 37.9073371887207
187 38.76887130737305
188 34.030452728271484
189 34.46121597290039
190 32.30739212036133
191 33.168922424316406
192 47.38417434692383
193 43.07652282714844
194 24.9843807220459
195 13.353721618652344
196 8.184538841247559
197 26.707441329956055
198 21.969024658203125
199 55.13794708251953
200 39.63040542602539
201 33.168922424316406
202 29.292034149169922
203 29.722797393798828
204 31.015094757080078
205 33.168922424316406
206 21.538259506225586
207 21.538259506225586
208 41.78422546386719
209 31.876623153686523
210 28.861268997192383
211 50.399532318115234
212 52.9841194152832
213 66.76860809326172
214 31.015094757080078
215 39.630401611328125
216 18.522905349731445
217 57.72254180908203
218 28.861268997192383
219 38.33810806274414
220 41.353458404541016
221 17.230607986450195
222 32.30738830566406
223 16.799842834472656
224 62.460968017578125
225 41.78422927856445
226 18.092140197753906
227 41.353458404541016
228 28.861268997192383
229 42.214996337890625
230 41.78422546386719
231 22.830556869506836
232 37.9073371887207
233 29.292034149169922
234 18.522903442382813
235 37.47657775878906
236 47.38418197631836
237 62.891719818115234
238 31.876625061035156
239 40.92269515991211
240 20.24596405029297
241 50.83029556274414
242 56.43024826049805
243 39.19963073730469
244 64.61478424072266
245 37.90734100341797
246 37.4765739440918
247 58.58407211303711
248 22.830554962158203
249 31.015094757080078
250 33.59968566894531
251 43.07652282714844
252 47.81494140625
253 34.46121597290039
254 34.8919792175293
255 31.015094757080078
256 25.415145874023438
257 25.845911026000977
258 23.261320114135742
259 53.41489028930664
260 18.092138290405273
261 30.58432960510254
262 49.107234954833984
263 60.73789596557617
264 77.96851348876953
265 32.30738830566406
266 15.507547378540039
267 21.969024658203125
268 87.01457214355469
269 32.7381591796875
270 65.47631072998047
271 41.78422164916992
272 37.907344818115234
273 49.96876525878906
274 58.15330123901367
275 40.49192810058594
276 31.015094757080078
277 79.26079559326172
278 40.922698974609375
279 40.92269515991211
280 23.692087173461914
281 18.522903442382813
282 31.015092849731445
283 28.43050193786621
284 58.1533088684082
285 38.76887130737305
286 29.722797393798828
287 81.41462707519531
288 39.63039779663086
289 58.1533088684082
290 45.66112518310547
291 48.67647171020508
292 22.830554962158203
293 23.261320114135742
294 18.522903442382813
295 42.214988708496094
296 30.153562545776367
297 35.322750091552734
298 51.69182205200195
299 13.353720664978027
300 32.30738830566406
301 36.61504364013672
302 27.138208389282227
303 25.415145874023438
304 25.845911026000977
305 58.1533088684082
306 51.26106643676758
307 46.95341110229492
308 31.445858001708984
309 22.399789810180664
310 24.12285041809082
311 31.876623153686523
312 31.445858001708984
313 31.876623153686523
314 24.55361557006836
315 32.30739212036133
316 38.33810806274414
317 29.292036056518555
318 25.415145874023438
319 19.38443374633789
320 39.630401611328125
321 42.645755767822266
322 45.66111373901367
323 43.07652282714844
324 43.50728988647461
325 32.7381591796875
326 43.507286071777344
327 35.322750091552734
328 16.36907958984375
329 36.61504364013672
330 38.76886749267578
331 35.32274627685547
332 31.015094757080078
333 34.46121597290039
334 41.35346221923828
335 31.876625061035156
336 28.43050193786621
337 50.399532318115234
338 18.522903442382813
339 27.568973541259766
340 20.67673110961914
341 37.47657775878906
342 25.415145874023438
343 31.015094757080078
344 23.69208526611328
345 31.876625061035156
346 23.261320114135742
347 33.168922424316406
348 57.29177474975586
349 44.799583435058594
350 18.522905349731445
351 28.430503845214844
352 27.999738693237305
353 12.922956466674805
354 17.230607986450195
355 35.32274627685547
356 31.876623153686523
357 61.59942626953125
358 30.584327697753906
359 55.5687141418457
360 56.86101150512695
361 29.72279930114746
362 41.35346221923828
363 15.0767822265625
364 16.799842834472656
365 24.55361557006836
366 33.16892623901367
367 40.0611686706543
368 35.32274627685547
369 37.04581069946289
370 50.830299377441406
371 99.93753051757813
372 35.75351333618164
373 27.138208389282227
374 54.70718765258789
375 48.67647171020508
376 45.661109924316406
377 60.307132720947266
378 38.338111877441406
379 28.430503845214844
380 58.584068298339844
381 32.30739212036133
382 32.30739212036133
