0 35.745792388916016
1 35.745792388916016
2 0.0
3 12.559332847595215
4 13.525435447692871
5 39.61020278930664
6 27.050870895385742
7 19.322050094604492
8 34.77968978881836
9 20.28815269470215
10 15.457639694213867
11 1.932205080986023
12 3.864410161972046
13 18.355947494506836
14 28.0169734954834
15 18.355947494506836
16 30.915279388427734
17 43.474613189697266
18 25.11866569519043
19 26.084768295288086
20 35.745792388916016
21 10.627127647399902
22 43.474613189697266
23 91.77973937988281
24 31.88138198852539
25 18.355947494506836
26 13.525435447692871
27 10.627127647399902
28 4.830512523651123
29 44.44071578979492
30 35.745792388916016
31 18.355947494506836
32 57.966148376464844
33 69.55937957763672
34 51.203433990478516
35 56.03394317626953
36 57.00004959106445
37 37.67799758911133
38 32.84748458862305
39 24.152563095092773
40 62.796661376953125
41 26.084766387939453
42 58.932254791259766
43 17.38984489440918
44 56.03394317626953
45 9.661025047302246
46 34.77968978881836
47 15.457639694213867
48 3.864410161972046
49 6.7627177238464355
50 35.745792388916016
51 47.33902359008789
52 32.84748458862305
53 26.084768295288086
54 0.0
55 38.644100189208984
56 49.2712287902832
57 7.728819847106934
58 6.7627177238464355
59 44.44071578979492
60 31.881383895874023
61 21.254255294799805
62 35.745792388916016
63 5.796615123748779
64 22.22035789489746
65 26.084766387939453
66 60.86445999145508
67 28.0169734954834
68 56.0339469909668
69 14.491537094116211
70 25.11866569519043
71 56.0339469909668
72 49.2712287902832
73 11.593230247497559
74 10.627127647399902
75 34.77968978881836
76 28.983076095581055
77 3.864410161972046
78 5.796615123748779
79 63.76276779174805
80 27.050870895385742
81 7.728820323944092
82 6.7627177238464355
83 3.864410161972046
84 45.40681838989258
85 36.71189498901367
86 30.915281295776367
87 25.118663787841797
88 59.89835739135742
89 36.71189498901367
90 9.661025047302246
91 20.28815269470215
92 10.627127647399902
93 10.627127647399902
94 4.830512523651123
95 57.96615219116211
96 11.593230247497559
97 25.11866569519043
98 20.28815269470215
99 21.254255294799805
100 11.593230247497559
101 4.830512523651123
102 30.915281295776367
103 36.71189498901367
104 28.0169734954834
105 13.525435447692871
106 30.915281295776367
107 12.559332847595215
108 17.38984489440918
109 12.559332847595215
110 36.71189498901367
111 6.7627177238464355
112 40.5763053894043
113 3.864410161972046
114 39.61020278930664
115 42.50851058959961
116 59.89835739135742
117 0.9661025404930115
118 29.949176788330078
119 6.7627177238464355
120 19.322050094604492
121 17.38984489440918
122 25.118663787841797
123 27.050870895385742
124 9.661025047302246
125 25.11866569519043
126 47.33902359008789
127 24.152563095092773
128 29.94917869567871
129 18.355947494506836
130 11.593230247497559
131 7.728819847106934
132 0.0
133 18.355947494506836
134 51.203433990478516
135 55.06784439086914
136 58.932254791259766
137 25.11866569519043
138 8.69492244720459
139 0.0
140 1.932205080986023
141 21.254255294799805
142 58.9322509765625
143 26.084768295288086
144 6.7627177238464355
145 3.864410161972046
146 14.491537094116211
147 0.0
148 25.11866569519043
149 24.152563095092773
150 24.152563095092773
151 21.254255294799805
152 3.864410161972046
153 25.11866569519043
154 1.932205080986023
155 29.94917869567871
156 12.559332847595215
157 33.8135871887207
158 52.16953659057617
159 28.0169734954834
160 16.423742294311523
161 65.6949691772461
162 34.77968978881836
163 21.254255294799805
164 0.9661025404930115
165 12.559332847595215
166 4.830512523651123
167 22.22035789489746
168 19.322050094604492
169 44.44071578979492
170 43.474613189697266
171 9.661025047302246
172 41.54240798950195
173 16.423742294311523
174 15.457639694213867
175 20.28815269470215
176 31.88138198852539
177 9.661025047302246
178 34.77968978881836
179 12.559332847595215
180 11.593230247497559
181 72.45768737792969
182 43.474613189697266
183 12.559332847595215
184 29.94917869567871
185 17.38984489440918
186 23.186460494995117
187 5.796615123748779
188 30.915279388427734
189 5.796615123748779
190 62.79666519165039
191 1.932205080986023
192 2.8983075618743896
193 0.0
194 5.796615123748779
195 48.30512619018555
196 46.372920989990234
197 23.186460494995117
198 21.254255294799805
199 55.06784439086914
200 5.796615123748779
201 32.84748458862305
202 1.932205080986023
203 12.559332847595215
204 37.67799758911133
205 20.28815269470215
206 0.9661025404930115
207 11.593230247497559
208 10.627127647399902
209 3.864410161972046
210 29.94917869567871
211 58.932254791259766
212 33.8135871887207
213 10.627127647399902
214 53.13563919067383
215 44.44071578979492
216 7.728820323944092
217 35.745792388916016
218 0.9661025404930115
219 1.932205080986023
220 4.830512523651123
221 3.864410161972046
222 47.33902359008789
223 30.915281295776367
224 23.186460494995117
225 3.864410161972046
226 12.559332847595215
227 41.54240798950195
228 15.457640647888184
229 44.44071578979492
230 38.644100189208984
231 52.16953659057617
232 0.9661025404930115
233 14.491538047790527
234 33.8135871887207
235 29.94917869567871
236 49.2712287902832
237 3.864410161972046
238 28.983076095581055
239 1.932205080986023
240 7.728820323944092
241 5.796615123748779
242 19.322050094604492
243 3.864410161972046
244 36.71189498901367
245 19.322050094604492
246 27.05086898803711
247 36.71189498901367
248 25.11866569519043
249 54.101741790771484
250 31.881383895874023
251 28.016971588134766
252 17.38984489440918
253 11.593230247497559
254 28.983076095581055
255 29.94917869567871
256 65.6949691772461
257 43.474613189697266
258 22.22035789489746
259 23.186460494995117
260 6.7627177238464355
261 31.881383895874023
262 27.050870895385742
263 14.491538047790527
264 31.881383895874023
265 21.254255294799805
266 0.0
267 32.84748458862305
268 20.28815269470215
269 22.22035789489746
270 29.94917869567871
271 36.71189498901367
272 30.915281295776367
273 9.661025047302246
274 10.627127647399902
275 6.7627177238464355
276 36.71189498901367
277 0.9661025404930115
278 18.355947494506836
279 6.7627177238464355
280 31.881383895874023
281 5.796615123748779
282 28.0169734954834
283 38.644100189208984
284 15.457639694213867
285 74.389892578125
286 0.0
287 10.627127647399902
288 13.525435447692871
289 4.830512523651123
290 53.13563919067383
291 6.7627177238464355
292 1.932205080986023
293 28.983074188232422
294 69.55937957763672
295 6.7627177238464355
296 8.69492244720459
297 0.0
298 12.559332847595215
299 16.423742294311523
300 14.491538047790527
301 23.186460494995117
302 28.983076095581055
303 23.186460494995117
304 0.0
305 29.949176788330078
306 4.830512523651123
307 8.69492244720459
308 3.864410161972046
309 8.69492244720459
310 33.8135871887207
311 10.627127647399902
312 18.355947494506836
313 34.77968978881836
314 29.949176788330078
315 38.644100189208984
316 13.525435447692871
317 44.44071578979492
318 6.7627177238464355
319 47.33902359008789
320 33.8135871887207
321 45.40681838989258
322 56.0339469909668
323 16.423742294311523
324 65.6949691772461
325 78.25430297851563
326 29.949176788330078
327 29.94917869567871
328 23.186460494995117
329 28.983076095581055
330 8.69492244720459
331 25.11866569519043
332 42.50851058959961
333 35.745792388916016
334 1.932205080986023
335 30.915281295776367
336 6.7627177238464355
337 32.84748458862305
338 22.22035789489746
339 31.88138198852539
340 22.22035789489746
341 7.728820323944092
342 16.423742294311523
343 16.423742294311523
344 0.0
345 26.084768295288086
346 40.5763053894043
347 56.0339469909668
348 44.44071578979492
349 27.05086898803711
350 27.050870895385742
351 12.559332847595215
352 23.186460494995117
353 25.11866569519043
354 17.38984489440918
355 37.67799758911133
356 10.627127647399902
357 20.28815269470215
358 55.06784439086914
359 27.050870895385742
360 20.28815269470215
361 4.830512523651123
362 5.796615123748779
363 29.94917869567871
364 2.8983075618743896
365 32.84748458862305
366 17.38984489440918
367 44.44071578979492
368 25.11866569519043
369 4.830512523651123
370 7.728820323944092
371 17.38984489440918
372 4.830512523651123
373 57.00004959106445
374 33.8135871887207
375 26.084768295288086
376 28.0169734954834
377 32.84748458862305
378 32.84748458862305
379 7.728820323944092
380 0.0
381 49.2712287902832
382 48.30512619018555
383 0.9661025404930115
384 22.22035789489746
385 6.7627177238464355
386 24.152563095092773
387 42.50851058959961
388 10.627127647399902
389 32.84748458862305
390 28.0169734954834
391 40.5763053894043
392 23.186460494995117
393 28.983076095581055
394 16.423742294311523
395 38.644100189208984
396 1.932205080986023
397 46.372920989990234
398 27.050870895385742
399 54.10173797607422
400 21.254255294799805
401 14.491538047790527
402 68.59327697753906
403 16.423742294311523
404 38.644100189208984
405 24.152563095092773
406 57.00004959106445
407 12.559332847595215
408 67.6271743774414
409 26.084768295288086
410 3.864410161972046
411 7.728819847106934
412 19.322050094604492
413 14.491537094116211
414 32.84748458862305
415 35.745792388916016
416 1.932205080986023
417 29.94917869567871
418 43.474613189697266
419 28.016971588134766
420 5.796615123748779
421 8.69492244720459
422 24.152563095092773
423 19.322050094604492
424 17.38984489440918
425 2.8983075618743896
426 0.9661025404930115
427 2.8983075618743896
428 2.8983075618743896
429 36.71189498901367
430 47.33902359008789
431 22.22035789489746
432 14.491538047790527
433 1.932205080986023
434 11.593230247497559
435 46.372920989990234
436 34.77968978881836
437 15.457640647888184
438 15.457640647888184
439 34.77968978881836
440 20.28815269470215
441 16.423742294311523
442 20.28815269470215
443 16.423742294311523
444 41.54240798950195
445 65.6949691772461
446 24.152563095092773
447 0.9661025404930115
448 26.084768295288086
449 6.7627177238464355
450 20.28815269470215
451 52.16953659057617
452 15.457639694213867
453 32.84748458862305
454 4.830512523651123
455 3.864410161972046
456 0.9661025404930115
457 35.745792388916016
458 100.47466278076172
459 12.559332847595215
460 33.8135871887207
461 25.11866569519043
462 16.423742294311523
463 31.88138198852539
464 0.0
465 0.0
466 4.830512523651123
467 21.254255294799805
468 33.8135871887207
469 10.627127647399902
470 0.0
471 14.491538047790527
472 28.0169734954834
473 20.28815269470215
474 23.186460494995117
475 47.33902359008789
476 15.457640647888184
477 79.22040557861328
478 24.152563095092773
479 39.61020278930664
480 21.254255294799805
481 0.0
482 74.389892578125
483 19.322050094604492
484 9.661025047302246
485 10.627127647399902
486 2.8983075618743896
487 19.322050094604492
488 77.28820037841797
489 34.77968978881836
490 20.28815269470215
491 19.322050094604492
492 15.457640647888184
493 36.71189498901367
494 4.830512523651123
495 17.38984489440918
496 43.474613189697266
497 37.67799758911133
498 16.423742294311523
499 4.830512523651123
500 8.69492244720459
501 33.8135871887207
502 24.152563095092773
503 13.525435447692871
504 12.559332847595215
505 16.423742294311523
506 3.864410161972046
507 45.40681838989258
508 25.11866569519043
509 69.55937957763672
510 31.881383895874023
511 5.796615123748779
512 28.983076095581055
513 6.7627177238464355
514 6.7627177238464355
515 15.457640647888184
516 13.525435447692871
517 26.084768295288086
518 8.69492244720459
519 41.54240798950195
520 15.457640647888184
521 35.745792388916016
522 34.77968978881836
523 33.8135871887207
524 22.22035789489746
525 11.593230247497559
526 30.915279388427734
527 23.186460494995117
528 28.983076095581055
529 46.372920989990234
530 25.11866569519043
531 12.559332847595215
532 42.50851058959961
533 6.7627177238464355
534 46.372920989990234
535 4.830512523651123
536 1.932205080986023
537 54.101741790771484
538 11.593230247497559
539 12.559332847595215
540 81.1526107788086
541 19.322050094604492
542 26.084766387939453
543 9.661025047302246
544 42.50851058959961
545 0.0
546 13.525434494018555
547 14.491538047790527
548 11.593230247497559
549 60.86445999145508
550 9.661025047302246
551 3.864410161972046
552 50.23733139038086
553 10.627127647399902
554 5.796615123748779
555 17.38984489440918
556 61.83055877685547
557 18.355947494506836
558 46.372920989990234
559 28.0169734954834
560 18.355947494506836
561 6.7627177238464355
562 31.881383895874023
563 46.372920989990234
564 27.050870895385742
565 26.084768295288086
566 17.38984489440918
567 6.7627177238464355
568 40.5763053894043
569 80.18650817871094
570 28.0169734954834
571 3.864410161972046
572 2.8983075618743896
573 31.881383895874023
574 15.457640647888184
575 18.355947494506836
576 35.745792388916016
577 81.1526107788086
578 15.457639694213867
579 25.11866569519043
580 24.152563095092773
581 5.796615123748779
582 12.559332847595215
583 22.22035789489746
584 29.949176788330078
585 18.355947494506836
586 43.474613189697266
587 0.0
588 9.661025047302246
589 79.22040557861328
590 17.38984489440918
591 37.67799758911133
592 11.593230247497559
593 0.0
594 25.11866569519043
595 18.355947494506836
596 8.69492244720459
597 27.050870895385742
598 2.8983075618743896
599 12.559332847595215
600 35.745792388916016
601 61.83055877685547
602 42.50851058959961
603 10.627127647399902
604 69.55937957763672
605 29.94917869567871
606 5.796615123748779
607 49.2712287902832
608 4.830512523651123
609 19.322050094604492
610 26.084766387939453
611 31.88138198852539
612 9.661025047302246
613 50.23733139038086
614 14.491538047790527
615 16.423742294311523
616 15.457639694213867
617 11.593230247497559
618 21.254255294799805
619 28.983076095581055
620 36.71189498901367
621 64.72886657714844
622 26.084768295288086
623 75.35599517822266
624 10.627127647399902
625 18.355947494506836
626 10.627127647399902
627 59.898353576660156
628 31.88138198852539
629 26.084768295288086
630 42.50851058959961
631 2.8983075618743896
632 28.0169734954834
633 5.796615123748779
634 34.77968978881836
635 6.7627177238464355
636 2.8983075618743896
637 8.69492244720459
638 13.525435447692871
639 0.0
640 1.932205080986023
641 48.30512619018555
642 9.661025047302246
643 7.728820323944092
644 39.61020278930664
645 2.8983075618743896
646 36.71189498901367
647 27.050870895385742
648 57.96615219116211
649 26.084768295288086
650 38.644100189208984
651 20.28815269470215
652 53.13563919067383
653 32.84748458862305
654 20.28815269470215
655 6.7627177238464355
656 30.915281295776367
657 14.491537094116211
658 36.71189498901367
659 28.0169734954834
660 36.71189498901367
661 11.593230247497559
662 11.593230247497559
663 67.6271743774414
664 17.38984489440918
665 22.22035789489746
666 22.22035789489746
667 53.13563919067383
668 1.932205080986023
669 55.067840576171875
670 23.186460494995117
671 35.745792388916016
672 13.525435447692871
673 45.40681838989258
674 25.11866569519043
675 17.38984489440918
676 40.5763053894043
677 24.152563095092773
678 15.457639694213867
679 40.5763053894043
680 40.5763053894043
681 0.0
682 27.050870895385742
683 42.50851058959961
684 7.728819847106934
685 56.0339469909668
686 36.71189498901367
687 4.830512523651123
688 46.372920989990234
689 20.28815269470215
690 26.084768295288086
691 14.491537094116211
692 7.728819847106934
693 28.0169734954834
694 54.101741790771484
695 3.864410161972046
696 5.796615123748779
697 22.22035789489746
698 7.728820323944092
699 66.66107177734375
700 33.8135871887207
701 68.59327697753906
702 49.2712287902832
703 41.54240798950195
704 21.254255294799805
705 40.5763053894043
706 49.2712287902832
707 4.830512523651123
708 53.13563919067383
709 39.61020278930664
710 44.44071578979492
711 15.457639694213867
712 10.627127647399902
713 33.8135871887207
714 64.72886657714844
715 22.22035789489746
716 44.44071578979492
717 68.59327697753906
718 29.949176788330078
719 27.050870895385742
720 28.983074188232422
721 69.55937957763672
722 29.94917869567871
723 13.525434494018555
724 44.44071578979492
725 36.71189498901367
726 18.355947494506836
727 19.322050094604492
728 9.661025047302246
729 15.457640647888184
730 76.32209777832031
731 11.593230247497559
732 2.8983075618743896
733 0.0
734 11.593230247497559
735 80.18650817871094
736 42.50851058959961
737 7.728820323944092
738 17.38984489440918
739 58.9322509765625
740 28.0169734954834
741 21.254255294799805
742 24.152563095092773
743 6.7627177238464355
744 76.32209777832031
745 28.0169734954834
746 5.796615123748779
747 48.30512619018555
748 31.88138198852539
749 10.627127647399902
750 33.8135871887207
751 4.830512523651123
752 7.728819847106934
753 48.30512619018555
754 1.932205080986023
755 26.084768295288086
756 77.28820037841797
757 37.67799758911133
758 13.525435447692871
759 24.152563095092773
760 8.69492244720459
761 36.71189498901367
762 43.474613189697266
763 19.322050094604492
764 48.30512619018555
765 37.67799758911133
766 26.084766387939453
767 53.13563919067383
768 41.54240798950195
769 28.016971588134766
770 36.71189498901367
771 51.203433990478516
772 48.30512619018555
773 10.627127647399902
774 4.830512523651123
775 31.881383895874023
776 38.644100189208984
777 16.423742294311523
778 35.745792388916016
779 16.423742294311523
780 14.491537094116211
781 24.152563095092773
782 10.627127647399902
783 41.54240798950195
784 8.69492244720459
785 16.423742294311523
786 13.525435447692871
787 20.28815269470215
788 38.644100189208984
789 41.54240798950195
790 10.627127647399902
791 12.559332847595215
792 9.661025047302246
793 15.457640647888184
794 7.728820323944092
795 7.728820323944092
796 93.71194458007813
797 4.830512523651123
798 10.627127647399902
799 28.983076095581055
800 3.864410161972046
801 8.69492244720459
802 8.69492244720459
803 19.322050094604492
804 28.0169734954834
805 47.33902359008789
806 28.0169734954834
807 12.559332847595215
808 11.593230247497559
809 50.23733139038086
810 14.491538047790527
811 18.355947494506836
812 21.254255294799805
813 7.728819847106934
814 57.96615219116211
815 22.22035789489746
816 27.050870895385742
817 9.661025047302246
818 72.45768737792969
819 10.627127647399902
820 22.22035789489746
821 19.322050094604492
822 24.152563095092773
823 57.96615219116211
824 7.728820323944092
825 7.728820323944092
826 22.22035789489746
827 50.23733139038086
828 30.915281295776367
829 30.915279388427734
830 26.084768295288086
831 5.796615123748779
832 30.915281295776367
833 6.7627177238464355
834 37.67799758911133
835 10.627127647399902
836 22.22035789489746
837 12.559332847595215
838 48.30512619018555
839 43.474613189697266
840 32.84748458862305
841 63.76276397705078
842 18.355947494506836
843 16.423742294311523
844 0.0
845 53.13563919067383
846 26.084768295288086
847 15.457640647888184
848 31.881383895874023
849 41.54240798950195
850 23.186460494995117
851 3.864410161972046
852 18.355947494506836
853 41.54240798950195
854 55.067840576171875
855 26.084768295288086
856 14.491538047790527
857 47.33902359008789
858 17.38984489440918
859 31.88138198852539
860 73.42378997802734
861 14.491538047790527
862 35.745792388916016
863 22.22035789489746
864 29.949176788330078
865 20.28815269470215
866 36.71189498901367
867 26.084768295288086
868 7.728820323944092
869 16.423742294311523
870 13.525435447692871
871 14.491538047790527
872 20.28815269470215
873 19.322050094604492
874 0.0
875 0.0
876 29.949176788330078
877 11.593230247497559
878 33.8135871887207
879 16.423742294311523
880 30.915281295776367
881 13.525435447692871
882 23.186460494995117
883 51.20343017578125
884 20.28815269470215
885 64.72886657714844
886 22.22035789489746
887 16.423742294311523
888 10.627127647399902
889 22.22035789489746
890 28.983074188232422
891 37.67799758911133
892 9.661025047302246
893 37.67799758911133
894 13.525435447692871
895 22.22035789489746
896 14.491538047790527
897 69.55937957763672
898 11.593230247497559
899 18.355947494506836
900 29.94917869567871
901 25.11866569519043
902 85.98312377929688
903 19.322050094604492
904 11.593230247497559
905 33.8135871887207
906 36.71189498901367
907 25.11866569519043
908 14.491538047790527
909 25.11866569519043
910 10.627127647399902
911 8.69492244720459
912 2.8983075618743896
913 21.254255294799805
914 47.33902359008789
915 17.38984489440918
916 61.83055877685547
917 17.38984489440918
918 55.06784439086914
919 42.50851058959961
920 20.28815269470215
921 0.9661025404930115
922 20.28815269470215
923 71.49158477783203
924 34.77968978881836
925 9.661025047302246
926 46.372920989990234
927 0.9661025404930115
928 3.864410161972046
929 48.30512237548828
930 27.050870895385742
931 25.11866569519043
932 33.8135871887207
933 11.593230247497559
934 11.593230247497559
935 19.322050094604492
936 8.69492244720459
937 28.983074188232422
938 16.423742294311523
939 25.11866569519043
940 9.661025047302246
941 45.40681838989258
942 35.745792388916016
943 13.525435447692871
944 5.796615123748779
945 24.152563095092773
946 28.0169734954834
947 13.525435447692871
948 18.355947494506836
949 47.33902359008789
950 7.728820323944092
951 29.949176788330078
952 42.50851058959961
953 10.627127647399902
954 13.525434494018555
955 57.966148376464844
956 36.71189498901367
957 10.627127647399902
958 31.88138198852539
959 11.593230247497559
960 24.152563095092773
961 57.00004959106445
962 22.22035789489746
963 5.796615123748779
964 24.152563095092773
965 4.830512523651123
966 20.28815269470215
967 8.69492244720459
968 1.932205080986023
969 7.728820323944092
970 32.84748458862305
971 16.423742294311523
972 41.54240798950195
973 0.0
974 12.559332847595215
975 21.254255294799805
976 45.40681838989258
977 12.559332847595215
978 0.9661025404930115
979 16.423742294311523
980 26.084768295288086
981 7.728819847106934
982 7.728820323944092
983 24.152563095092773
984 27.05086898803711
985 1.932205080986023
986 16.423742294311523
987 17.38984489440918
988 0.9661025404930115
989 12.559332847595215
990 13.525434494018555
991 12.559332847595215
992 8.69492244720459
993 19.322050094604492
994 37.67799758911133
995 40.5763053894043
996 16.423742294311523
997 37.67799758911133
998 41.54240798950195
999 12.559332847595215
1000 45.40681838989258
1001 8.69492244720459
1002 8.69492244720459
