# Selection:resname AU W ION Restricted:name AUC AUL AUSL Radius:2.64 Start:0 End:-1
0 343.3199157714844
1 346.335205078125
2 63.32249069213867
3 65.90707397460938
4 107.26055145263672
5 85.29151916503906
6 70.21472930908203
7 51.691829681396484
8 55.1379508972168
9 81.41461944580078
10 112.42971801757813
11 105.96825408935547
12 126.21421813964844
13 157.22930908203125
14 83.1376953125
15 106.39901733398438
16 133.10646057128906
17 155.0754852294922
18 122.7680892944336
19 94.33757019042969
20 77.968505859375
21 61.168663024902344
22 63.753257751464844
23 66.33784484863281
24 29.292034149169922
25 41.35346221923828
26 65.9070816040039
27 71.93779754638672
28 135.69102478027344
29 90.02993774414063
30 77.53773498535156
31 95.6298828125
32 117.59889221191406
33 74.09162139892578
34 76.67620849609375
35 81.41462707519531
36 49.10723876953125
37 55.999481201171875
38 89.59916687011719
39 49.107234954833984
40 53.84564971923828
41 59.01483917236328
42 49.53799819946289
43 43.07652282714844
44 39.63039779663086
45 83.99922943115234
46 51.26106262207031
47 61.16866683959961
48 108.5528335571289
49 106.39901733398438
50 122.33733367919922
51 66.76860809326172
52 43.938053131103516
53 127.07573699951172
54 136.5525665283203
55 96.0606460571289
56 116.73736572265625
57 68.49166870117188
58 124.49114227294922
59 159.81390380859375
60 117.5988998413086
61 106.39901733398438
62 112.8604965209961
63 103.3836669921875
64 108.98361206054688
65 70.2147445678711
66 155.0754852294922
67 110.27589416503906
68 70.21473693847656
69 91.75299072265625
70 68.06090545654297
71 115.8758544921875
72 132.2449188232422
73 86.15303802490234
74 105.9682388305664
75 91.32222747802734
76 93.90682220458984
77 81.41463470458984
78 114.58353424072266
79 90.46068572998047
80 135.2602996826172
81 35.75351333618164
82 63.75324630737305
83 103.81441497802734
84 81.41462707519531
85 118.46043395996094
86 99.50676727294922
87 113.291259765625
88 97.78369903564453
89 133.1064453125
90 45.2303466796875
91 147.3217010498047
92 89.16840362548828
93 92.18375396728516
94 87.44534301757813
95 96.49140167236328
96 55.1379508972168
97 85.29151916503906
98 113.7220230102539
99 127.07573699951172
100 46.09187698364258
101 62.03019714355469
102 114.15278625488281
103 88.30686950683594
104 96.92218017578125
105 86.15304565429688
106 82.7069320678711
107 66.33784484863281
108 83.1376953125
109 101.66059112548828
110 68.06090545654297
111 155.0754852294922
112 115.87584686279297
113 110.70665740966797
114 84.86075592041016
115 124.49115753173828
116 130.95262145996094
117 43.938053131103516
118 62.030189514160156
119 177.90606689453125
120 34.030452728271484
121 31.015092849731445
122 58.1533088684082
123 122.7680892944336
124 156.36776733398438
125 103.81440734863281
126 96.92217254638672
127 103.81442260742188
128 38.76886749267578
129 80.55309295654297
130 143.87559509277344
131 89.16840362548828
132 65.0455551147461
133 132.24493408203125
134 124.06038665771484
135 94.76836395263672
136 126.21420288085938
137 161.9677276611328
138 57.29177474975586
139 80.9838638305664
140 90.460693359375
141 57.29177474975586
142 109.84513092041016
143 84.86074829101563
144 46.95341110229492
145 98.21446990966797
146 124.49114227294922
147 79.69156646728516
148 46.52265167236328
149 67.19937133789063
150 73.23009490966797
151 78.83003997802734
152 88.306884765625
153 112.42972564697266
154 82.2761459350586
155 95.19911193847656
156 70.2147445678711
157 90.0299301147461
158 66.76861572265625
159 47.814937591552734
160 68.0609130859375
161 67.19938659667969
162 37.04581069946289
163 90.46070098876953
164 84.86074829101563
165 80.5531005859375
166 49.538002014160156
167 115.44507598876953
168 70.21472930908203
169 101.66059875488281
170 76.24545288085938
171 102.95288848876953
172 100.36829376220703
173 60.30712890625
174 161.5369415283203
175 93.04528045654297
176 80.98385620117188
177 100.79905700683594
178 62.03019332885742
179 106.39900970458984
180 99.07600402832031
181 109.84513092041016
182 60.30713653564453
183 58.584075927734375
184 72.36856842041016
185 94.33758544921875
186 106.39901733398438
187 99.93753814697266
188 71.0762710571289
189 51.26107406616211
190 61.599430084228516
191 147.3217010498047
192 114.58354187011719
193 58.58407211303711
194 119.32196807861328
195 105.5374755859375
196 87.87609100341797
197 64.18402862548828
198 171.01376342773438
199 85.29151916503906
200 125.78343963623047
201 96.92216491699219
202 89.16840362548828
203 65.0455551147461
204 95.6298828125
205 85.7222900390625
206 97.35293579101563
207 70.64549255371094
208 81.84539031982422
209 79.69156646728516
210 104.67595672607422
211 82.27616119384766
212 119.32196044921875
213 97.78369903564453
214 52.55335998535156
215 104.24518585205078
216 156.36778259277344
217 62.89173126220703
218 55.5687141418457
219 52.984127044677734
220 81.84539794921875
221 87.01458740234375
222 90.0299301147461
223 142.1525421142578
224 90.460693359375
225 123.62963104248047
226 114.58354187011719
227 65.04554748535156
228 51.26106262207031
229 77.10698699951172
230 53.84565353393555
231 50.399539947509766
232 95.19910430908203
233 101.66060638427734
234 65.9070816040039
235 77.5377426147461
236 83.99922180175781
237 151.19859313964844
238 131.38340759277344
239 100.36829376220703
240 110.2759017944336
241 136.9833526611328
242 118.46043395996094
243 122.33733367919922
244 102.52212524414063
245 105.53748321533203
246 67.19937896728516
247 49.96876907348633
248 108.1220703125
249 90.0299301147461
250 90.8914566040039
251 96.49141693115234
252 120.18350219726563
253 49.538002014160156
254 65.0455551147461
255 131.8141632080078
256 120.18350219726563
257 118.46044921875
258 105.96824645996094
259 77.10697937011719
260 24.55361557006836
261 121.04502868652344
262 90.89146423339844
263 99.93753814697266
264 127.50650024414063
265 123.19884490966797
266 125.35267639160156
267 220.9825439453125
268 106.82978057861328
269 90.8914566040039
270 112.42972564697266
271 50.830299377441406
272 162.82925415039063
273 109.41436004638672
274 125.35267639160156
275 171.8753204345703
276 116.30661010742188
277 106.39900207519531
278 108.98360443115234
279 96.92218017578125
280 110.27588653564453
281 104.24518585205078
282 133.96798706054688
283 130.95263671875
284 101.66059875488281
285 152.49090576171875
286 145.1678924560547
287 164.12156677246094
288 125.35266876220703
289 128.798828125
290 101.66058349609375
291 145.1678924560547
292 80.9838638305664
293 122.33732604980469
294 65.90708923339844
295 74.95315551757813
296 110.27588653564453
297 171.44454956054688
298 168.85995483398438
299 141.72177124023438
300 167.99844360351563
301 118.89120483398438
302 113.29125213623047
303 105.96824645996094
304 120.1834945678711
305 168.42921447753906
306 71.50702667236328
307 179.1983184814453
308 102.95288848876953
309 147.3217010498047
310 165.8446044921875
311 158.52159118652344
312 138.7063751220703
313 134.82952880859375
314 115.01431274414063
315 115.87583923339844
316 115.87584686279297
317 134.3987579345703
318 143.87557983398438
319 149.47552490234375
320 131.81417846679688
321 81.84539794921875
322 75.38391876220703
323 75.3839111328125
324 115.8758544921875
325 76.24544525146484
326 51.69183349609375
327 74.09161376953125
328 66.33783721923828
329 80.12232971191406
330 71.93779754638672
331 73.66085052490234
332 67.19937896728516
333 62.89173126220703
334 82.70692443847656
335 74.09162139892578
336 111.1374282836914
337 95.19912719726563
338 59.445594787597656
339 46.953407287597656
340 30.153562545776367
341 81.84539031982422
342 70.64549255371094
343 74.09162139892578
344 64.61478424072266
345 95.19911193847656
346 98.21446990966797
347 138.70639038085938
348 100.79906463623047
349 129.22955322265625
350 93.47605895996094
351 104.67595672607422
352 59.876365661621094
353 111.13742065429688
354 106.39900970458984
355 78.83003234863281
356 67.63014221191406
357 62.891719818115234
358 127.50650024414063
359 77.53775024414063
360 83.99921417236328
361 45.230350494384766
362 59.44559860229492
363 127.07575225830078
364 95.6298828125
365 111.99896240234375
366 105.1067123413086
367 59.876365661621094
368 78.83002471923828
369 88.30686950683594
370 164.12155151367188
371 115.8758544921875
372 98.21446228027344
373 79.26081085205078
374 51.26106262207031
375 25.845911026000977
376 129.6603240966797
377 104.24519348144531
378 41.78422927856445
379 54.707183837890625
380 61.168663024902344
381 113.29124450683594
382 77.96849822998047
383 102.5221176147461
384 80.55308532714844
385 35.32274627685547
386 53.84565734863281
387 39.630401611328125
388 136.12181091308594
389 58.584068298339844
390 55.999481201171875
391 65.476318359375
392 86.15304565429688
393 73.23008728027344
394 96.06063842773438
395 87.44534301757813
396 120.18348693847656
397 152.92164611816406
398 99.93753051757813
399 84.86075592041016
400 85.29151916503906
401 49.10723876953125
402 61.59942626953125
403 90.8914566040039
404 92.18375396728516
405 75.38391876220703
406 79.69155883789063
407 60.307132720947266
408 37.045806884765625
409 96.49140930175781
410 43.507293701171875
411 163.69078063964844
412 69.35320281982422
413 102.52212524414063
414 164.5523223876953
415 97.3529281616211
416 84.42998504638672
417 93.4760513305664
418 85.29151153564453
419 89.16840362548828
420 143.44480895996094
421 61.59943389892578
422 50.3995361328125
423 100.79905700683594
424 90.8914566040039
425 112.86048889160156
426 133.968017578125
427 52.55335235595703
428 68.49166870117188
429 99.93753814697266
430 64.61478424072266
431 94.33758544921875
432 43.93806076049805
433 83.13768768310547
434 140.86024475097656
435 68.49166870117188
436 64.18402099609375
437 71.93778991699219
438 117.16815185546875
439 65.04556274414063
440 85.29151916503906
441 117.16815185546875
442 129.6603240966797
443 78.39927673339844
444 114.15279388427734
445 65.476318359375
446 78.83004760742188
447 70.64550018310547
448 91.75299072265625
449 80.12234497070313
450 47.81494140625
451 107.6913070678711
452 46.52264404296875
453 62.03019332885742
454 35.32274627685547
455 109.84513092041016
456 83.99921417236328
457 76.24545288085938
458 56.86101150512695
459 71.07626342773438
460 121.04502868652344
461 82.70692443847656
462 79.26080322265625
463 104.24518585205078
464 72.3685531616211
465 134.8295135498047
466 171.0137939453125
467 111.99896240234375
468 102.52212524414063
469 146.46017456054688
470 72.79932403564453
471 63.75325393676758
472 56.43024444580078
473 133.53721618652344
474 108.12207794189453
475 96.49141693115234
476 115.01431274414063
477 93.90682983398438
478 122.76809692382813
479 108.98359680175781
480 91.32222747802734
481 107.26054382324219
482 71.50701904296875
483 57.722537994384766
484 136.9833221435547
485 92.61454010009766
486 77.10697937011719
487 118.46044158935547
488 80.5531005859375
489 95.19911193847656
490 81.84539031982422
491 87.8760986328125
492 65.9070816040039
493 80.12232971191406
494 75.81468200683594
495 73.66085815429688
496 45.230350494384766
497 66.76860809326172
498 95.19911193847656
499 78.83003997802734
500 35.75351333618164
501 115.44508361816406
502 61.599430084228516
503 81.84539031982422
504 105.5374755859375
505 74.95315551757813
506 119.75272369384766
507 61.16865921020508
508 83.5684585571289
509 70.64550018310547
510 153.35243225097656
511 65.9070816040039
512 98.21446228027344
513 66.76861572265625
514 80.12232971191406
515 119.32196807861328
516 100.79905700683594
517 71.07626342773438
518 37.045806884765625
519 49.96876525878906
520 134.8295440673828
521 139.9987030029297
522 106.39900970458984
523 106.39900970458984
524 179.1983184814453
525 103.81440734863281
526 103.38365936279297
527 126.21422576904297
528 50.83029556274414
529 108.55284118652344
530 52.5533561706543
531 80.5531005859375
532 124.49114227294922
533 135.26028442382813
534 113.72201538085938
535 138.70640563964844
536 119.32196807861328
537 86.15304565429688
538 140.86021423339844
539 66.76860809326172
540 105.1067123413086
541 95.6298828125
542 165.8446044921875
543 104.67595672607422
544 77.968505859375
545 72.79932403564453
546 106.39901733398438
547 132.6756591796875
548 139.13717651367188
549 108.1220703125
550 90.89147186279297
551 152.49087524414063
552 176.61373901367188
553 151.1986083984375
554 99.93753051757813
555 96.06063079833984
556 73.23008728027344
557 86.15304565429688
558 66.76861572265625
559 95.62986755371094
560 82.70691680908203
561 59.014835357666016
562 107.26055145263672
563 134.3987579345703
564 99.07599639892578
565 67.63014221191406
566 107.26054382324219
567 63.322486877441406
568 68.0609130859375
569 71.93779754638672
570 84.86074829101563
571 99.50676727294922
572 86.15303802490234
573 89.59915924072266
574 130.52186584472656
575 112.86048889160156
576 95.1990966796875
577 63.32249069213867
578 116.30660247802734
579 89.59916687011719
580 89.16839599609375
581 123.62962341308594
582 83.99922180175781
583 80.9838638305664
584 113.29126739501953
585 46.95341491699219
586 75.3839111328125
587 67.19937896728516
588 65.476318359375
589 51.26106643676758
590 72.36856079101563
591 87.4453353881836
592 71.50702667236328
593 72.79932403564453
594 58.15331268310547
595 60.73789596557617
596 89.16840362548828
597 94.33758544921875
598 47.814937591552734
599 57.29177474975586
600 78.83003997802734
601 52.122589111328125
602 34.03044891357422
603 71.50704193115234
604 64.61478424072266
605 43.0765266418457
606 23.261320114135742
607 65.0455551147461
608 27.999736785888672
609 77.10698699951172
610 99.07601165771484
611 57.72254180908203
612 121.04502868652344
613 86.15303802490234
614 67.19937896728516
615 144.73712158203125
616 131.8141632080078
617 90.0299301147461
618 81.84539031982422
619 127.50650787353516
620 93.47605895996094
621 110.7066650390625
622 60.737892150878906
623 48.245704650878906
624 101.22982025146484
625 123.6296157836914
626 108.12207794189453
627 48.245704650878906
628 66.33784484863281
629 132.2449188232422
630 79.69155883789063
631 121.47579956054688
632 119.32197570800781
633 110.2759017944336
634 80.5531005859375
635 73.23009490966797
636 132.2449188232422
637 139.99871826171875
638 115.4450912475586
639 81.41461944580078
640 96.92217254638672
641 75.81468200683594
642 72.79933166503906
643 127.50651550292969
644 66.33785247802734
645 130.52186584472656
646 69.35319519042969
647 50.83029556274414
648 53.41488265991211
649 39.63039779663086
650 115.87584686279297
651 79.26078796386719
652 106.39900207519531
653 80.55309295654297
654 60.30712890625
655 101.66059112548828
656 105.5374755859375
657 80.12232971191406
658 45.66111755371094
659 114.15277862548828
660 109.84513854980469
661 138.70640563964844
662 79.26079559326172
663 89.16840362548828
664 129.22958374023438
665 97.78370666503906
666 121.47579956054688
667 75.3839111328125
668 68.06089782714844
669 33.59968566894531
670 66.33785247802734
671 71.50702667236328
672 65.04554748535156
673 56.43024826049805
674 42.645755767822266
675 128.79879760742188
676 80.5531005859375
677 121.47578430175781
678 124.49114990234375
679 140.8602294921875
680 101.22982025146484
681 156.36776733398438
682 140.8602294921875
683 119.75273132324219
684 141.7217559814453
685 183.07522583007813
686 125.783447265625
687 135.6910400390625
688 115.01431274414063
689 125.78343200683594
690 184.79827880859375
691 83.56845092773438
692 108.98360443115234
693 47.81494140625
694 92.18376159667969
695 144.7371063232422
696 42.214996337890625
697 89.16840362548828
698 111.56819152832031
699 121.04501342773438
700 87.8760986328125
701 67.63014221191406
702 71.50702667236328
703 106.82977294921875
704 87.01456451416016
705 158.09083557128906
706 108.12208557128906
707 55.1379508972168
708 73.66085052490234
709 76.24545288085938
710 116.30661010742188
711 110.2759017944336
712 98.2144775390625
713 102.09135437011719
714 36.61503982543945
715 52.5533561706543
716 85.72228240966797
717 68.06090545654297
718 55.13794708251953
719 112.42971801757813
720 122.7680892944336
721 116.73737335205078
722 50.83029556274414
723 61.16866683959961
724 148.1832275390625
725 83.99922943115234
726 55.999481201171875
727 57.29177474975586
728 43.938053131103516
729 55.5687141418457
730 78.3992691040039
731 91.75299072265625
732 95.62989044189453
733 88.73764038085938
734 161.10621643066406
735 115.0143051147461
736 63.75325012207031
737 127.50651550292969
738 80.55308532714844
739 146.89096069335938
740 73.23009490966797
741 61.59942626953125
742 59.44559860229492
743 48.24570846557617
744 72.79931640625
745 64.18402099609375
746 67.19937133789063
747 102.09136199951172
748 69.35320281982422
749 138.275634765625
750 100.799072265625
751 100.79906463623047
752 53.414886474609375
753 47.814945220947266
754 75.38391876220703
755 101.22982788085938
756 66.33784484863281
757 54.27642059326172
758 55.137962341308594
759 75.38391876220703
760 130.95262145996094
761 167.567626953125
762 84.8607406616211
763 140.86021423339844
764 151.62936401367188
765 62.8917236328125
766 156.3677978515625
767 91.32223510742188
768 101.66058349609375
769 47.814945220947266
770 121.90655517578125
771 85.29150390625
772 71.50703430175781
773 107.6913070678711
774 83.5684585571289
775 60.73789596557617
776 74.09162139892578
777 54.707183837890625
778 26.707443237304688
779 20.24596405029297
780 87.01457977294922
781 44.36881637573242
782 94.76835632324219
783 114.58354949951172
784 83.99922180175781
785 85.29151916503906
786 164.55230712890625
787 113.291259765625
788 102.09136199951172
789 161.10618591308594
790 76.67621612548828
791 31.015094757080078
792 105.5374755859375
793 127.50650024414063
794 61.59943389892578
795 49.53799819946289
796 144.73712158203125
797 110.27589416503906
798 110.70665740966797
799 101.22982788085938
800 102.52212524414063
801 128.36802673339844
802 96.06063842773438
803 91.32222747802734
804 75.81468200683594
805 79.26079559326172
806 61.59943771362305
807 83.13768768310547
808 85.29151153564453
809 108.12207794189453
810 81.41461944580078
811 100.79906463623047
812 109.41436004638672
813 64.18402099609375
814 77.968505859375
815 30.153564453125
816 103.8144302368164
817 55.56871032714844
818 38.76887130737305
819 80.1223373413086
820 24.122852325439453
821 68.92243194580078
822 122.76807403564453
823 119.32196807861328
824 189.10594177246094
825 76.67620849609375
826 129.66033935546875
827 85.72227478027344
828 53.84565353393555
829 59.014835357666016
830 91.75299835205078
831 72.79932403564453
832 100.36829376220703
833 104.67594146728516
834 69.35320281982422
835 81.41463470458984
836 90.46070861816406
837 69.35319519042969
838 152.4908905029297
839 124.06039428710938
840 83.13768768310547
841 75.8146743774414
842 118.02967834472656
843 121.04502868652344
844 77.968505859375
845 65.47631072998047
846 96.0606460571289
847 36.61504364013672
848 73.23008728027344
849 61.59942626953125
850 82.27616119384766
851 47.38417434692383
852 102.952880859375
853 95.1991195678711
854 48.24570846557617
855 69.35320281982422
856 57.722537994384766
857 92.61451721191406
858 85.7222671508789
859 84.86075592041016
860 61.168663024902344
861 111.1374282836914
862 63.32248306274414
863 84.42998504638672
864 64.61479187011719
865 65.90707397460938
866 136.5525665283203
867 104.24518585205078
868 95.6298828125
869 67.19937896728516
870 58.1533088684082
871 96.49141693115234
872 58.584075927734375
873 53.41489028930664
874 71.50701904296875
875 115.01431274414063
876 83.99921417236328
877 104.67594146728516
878 46.95341491699219
879 101.22984313964844
880 114.15279388427734
881 54.70718765258789
882 76.24544525146484
883 38.76886749267578
884 89.59917449951172
885 101.22982788085938
886 130.52186584472656
887 82.27616119384766
888 121.90655517578125
889 64.61478424072266
890 56.43025207519531
891 86.58380889892578
892 65.9070816040039
893 40.49193572998047
894 76.67620849609375
895 83.13768768310547
896 142.1525421142578
897 28.430503845214844
898 49.538002014160156
899 55.999481201171875
900 67.6301498413086
901 84.42998504638672
902 48.67646789550781
903 61.16866683959961
904 127.07575225830078
905 67.19937133789063
906 78.83003997802734
907 90.02993774414063
908 73.66085052490234
909 90.02993774414063
910 93.04529571533203
911 65.04554748535156
912 63.75325012207031
913 77.53775024414063
914 64.61478424072266
915 139.13717651367188
916 75.38391876220703
917 145.16786193847656
918 136.98333740234375
919 58.1533088684082
920 83.56845092773438
921 75.38391876220703
922 136.98333740234375
923 111.56819152832031
924 66.33784484863281
925 72.36856079101563
926 121.90656280517578
927 68.92243194580078
928 62.460960388183594
929 90.46070861816406
930 94.76834869384766
931 87.87610626220703
932 65.0455551147461
933 108.55284118652344
934 147.32171630859375
935 74.95315551757813
936 65.9070816040039
937 97.35293579101563
938 60.7379035949707
939 66.76860809326172
940 110.7066650390625
941 71.93779754638672
942 60.307132720947266
943 62.8917236328125
944 49.53800964355469
945 98.21446990966797
946 113.29125213623047
947 96.49140167236328
948 90.89146423339844
949 58.15331268310547
950 79.26081085205078
951 170.15223693847656
952 60.30713653564453
953 77.10697174072266
954 120.18350219726563
955 143.87559509277344
956 79.69155883789063
957 123.62963104248047
958 109.41436767578125
959 118.46043395996094
960 125.35266876220703
961 83.99922180175781
962 95.1991195678711
963 102.09136199951172
964 86.58381652832031
965 88.73763275146484
966 52.12259292602539
967 71.93779754638672
968 89.59915924072266
969 77.5377426147461
970 96.06063842773438
971 111.13743591308594
972 45.66111755371094
973 40.49192810058594
974 74.9531478881836
975 86.15304565429688
976 96.49140930175781
977 77.5377426147461
978 104.67594909667969
979 52.55335998535156
980 69.78396606445313
981 156.79852294921875
982 117.59889221191406
983 46.95341110229492
984 197.29046630859375
985 106.39900970458984
986 100.3682861328125
987 78.83003997802734
988 108.1220703125
989 90.0299301147461
990 223.13638305664063
991 83.99922180175781
992 95.6298828125
993 138.70640563964844
994 132.2449188232422
995 82.27616882324219
996 80.9838638305664
997 93.90682220458984
998 70.21472930908203
999 143.87557983398438
1000 123.62962341308594
1001 103.81442260742188
1002 103.81442260742188
