# Selection:resname AU POPC Restricted:name AUC AUL AUSL Radius:2.64 Start:0 End:-1
0 343.3199157714844
1 346.335205078125
2 111.13742065429688
3 68.49166870117188
4 55.137962341308594
5 95.62987518310547
6 71.50702667236328
7 139.5679168701172
8 124.49115753173828
9 126.21420288085938
10 112.86048889160156
11 108.98358917236328
12 114.58353424072266
13 81.41462707519531
14 164.5523223876953
15 156.7985382080078
16 84.42998504638672
17 108.5528335571289
18 104.24519348144531
19 96.06063842773438
20 161.53695678710938
21 109.84513092041016
22 58.15331268310547
23 98.64524841308594
24 159.8139190673828
25 107.6913070678711
26 105.96825408935547
27 88.73764038085938
28 63.32249069213867
29 56.43024444580078
30 34.89198303222656
31 111.56819915771484
32 65.9070816040039
33 92.18375396728516
34 131.38339233398438
35 97.35295104980469
36 139.9987030029297
37 125.3526840209961
38 101.22982025146484
39 147.3217010498047
40 133.1064453125
41 146.46018981933594
42 163.6907958984375
43 145.16790771484375
44 161.96774291992188
45 83.13768768310547
46 93.0452880859375
47 125.783447265625
48 100.79905700683594
49 68.4916763305664
50 73.66085815429688
51 130.52188110351563
52 129.66033935546875
53 60.30714416503906
54 65.0455551147461
55 92.6145248413086
56 67.19937133789063
57 128.3680419921875
58 90.460693359375
59 101.66059112548828
60 174.8907012939453
61 111.99896240234375
62 99.9375228881836
63 106.82978820800781
64 60.73789596557617
65 117.5988998413086
66 90.460693359375
67 78.83003997802734
68 99.07599639892578
69 67.19937896728516
70 116.73738098144531
71 83.1376953125
72 96.92218017578125
73 148.1832275390625
74 120.18350982666016
75 89.59918212890625
76 99.07601165771484
77 105.10671997070313
78 121.04502868652344
79 72.3685531616211
80 42.645755767822266
81 105.1067123413086
82 78.83002471923828
83 77.10697174072266
84 50.399532318115234
85 118.89120483398438
86 139.56793212890625
87 92.61454010009766
88 124.06038665771484
89 105.5374755859375
90 154.6446990966797
91 83.99922180175781
92 119.75273895263672
93 97.35293579101563
94 86.15304565429688
95 76.24545288085938
96 136.98333740234375
97 99.50676727294922
98 117.16812133789063
99 93.04528045654297
100 160.67543029785156
101 128.3680419921875
102 95.1991195678711
103 150.33706665039063
104 62.03019332885742
105 83.99920654296875
106 90.46070098876953
107 180.0598602294922
108 172.73684692382813
109 99.9375228881836
110 129.2295684814453
111 81.84539031982422
112 87.87611389160156
113 112.4297103881836
114 123.62962341308594
115 117.16813659667969
116 89.59916687011719
117 124.49114990234375
118 84.86075592041016
119 60.73789978027344
120 165.8446502685547
121 106.39901733398438
122 126.21419525146484
123 81.84540557861328
124 101.22982788085938
125 40.0611686706543
126 101.22982025146484
127 130.0911102294922
128 160.67544555664063
129 74.95315551757813
130 97.78372192382813
131 78.83003997802734
132 140.4294891357422
133 90.89146423339844
134 68.06090545654297
135 57.291770935058594
136 61.59943389892578
137 102.95288848876953
138 103.38365936279297
139 131.38340759277344
140 112.42972564697266
141 211.50575256347656
142 59.01483917236328
143 102.52210998535156
144 160.2446746826172
145 108.12206268310547
146 87.87610626220703
147 96.49141693115234
148 123.19886779785156
149 148.61399841308594
150 130.09109497070313
151 82.70692443847656
152 143.8755645751953
153 54.70718765258789
154 162.82928466796875
155 107.26054382324219
156 107.26054382324219
157 157.6600799560547
158 73.23008728027344
159 68.0609130859375
160 135.26026916503906
161 139.9987030029297
162 143.44482421875
163 87.01457977294922
164 107.69132232666016
165 92.18376159667969
166 121.90655517578125
167 99.93753814697266
168 99.07600402832031
169 93.90681457519531
170 76.67620849609375
171 71.07626342773438
172 56.43024826049805
173 63.75325393676758
174 31.445859909057617
175 118.89120483398438
176 91.75299835205078
177 111.99895477294922
178 129.22955322265625
179 100.7990493774414
180 127.93726348876953
181 117.59890747070313
182 100.79905700683594
183 137.84487915039063
184 123.1988525390625
185 142.58326721191406
186 135.26026916503906
187 90.89146423339844
188 52.122589111328125
189 113.291259765625
190 144.30638122558594
191 55.56871795654297
192 102.5221176147461
193 137.84486389160156
194 62.46095275878906
195 119.75272369384766
196 110.27588653564453
197 102.52210998535156
198 121.04501342773438
199 51.691829681396484
200 107.6913070678711
201 148.18324279785156
202 93.90681457519531
203 146.46018981933594
204 102.95289611816406
205 119.75273132324219
206 130.95262145996094
207 142.5832977294922
208 93.90681457519531
209 78.3992691040039
210 137.84487915039063
211 153.78317260742188
212 94.33758544921875
213 122.7680892944336
214 80.55309295654297
215 97.78372192382813
216 62.8917236328125
217 93.4760513305664
218 90.02994537353516
219 40.4919319152832
220 81.84539794921875
221 45.66111755371094
222 75.81468200683594
223 46.52264404296875
224 74.09162902832031
225 33.168922424316406
226 59.014835357666016
227 151.19863891601563
228 100.799072265625
229 104.67594146728516
230 90.0299301147461
231 97.78370666503906
232 90.46070861816406
233 88.30686950683594
234 79.69156646728516
235 125.35269927978516
236 160.2446746826172
237 68.06090545654297
238 90.46070098876953
239 97.35293579101563
240 96.49140930175781
241 69.35320281982422
242 72.3685531616211
243 64.61478424072266
244 99.50677490234375
245 40.92269515991211
246 108.1220703125
247 186.9521026611328
248 76.24545288085938
249 99.07598876953125
250 55.99949645996094
251 102.09136962890625
252 98.6452407836914
253 138.275634765625
254 153.35243225097656
255 96.49141693115234
256 107.69131469726563
257 49.107234954833984
258 84.86075592041016
259 121.90657043457031
260 142.58331298828125
261 83.99921417236328
262 87.44534301757813
263 121.0450210571289
264 115.44508361816406
265 95.62987518310547
266 91.32221984863281
267 69.78397369384766
268 90.8914794921875
269 106.39901733398438
270 76.24545288085938
271 102.95288848876953
272 133.1064453125
273 107.69132995605469
274 116.30661010742188
275 81.41463470458984
276 110.27589416503906
277 124.92192077636719
278 90.89146423339844
279 126.21420288085938
280 70.64550018310547
281 64.61478424072266
282 80.55308532714844
283 101.22982025146484
284 105.53748321533203
285 74.09162139892578
286 25.845911026000977
287 47.38417053222656
288 62.8917236328125
289 44.799583435058594
290 86.58380889892578
291 67.19937896728516
292 73.23009490966797
293 85.72227478027344
294 102.5221176147461
295 84.86074829101563
296 71.0762710571289
297 74.9531478881836
298 79.26079559326172
299 145.59866333007813
300 112.86048889160156
301 66.33783721923828
302 121.04502868652344
303 134.3987579345703
304 93.0452880859375
305 21.969024658203125
306 178.76754760742188
307 70.21473693847656
308 82.7069320678711
309 92.61451721191406
310 57.291778564453125
311 91.3222427368164
312 64.18402862548828
313 151.19857788085938
314 131.38339233398438
315 149.90631103515625
316 85.29151916503906
317 110.27590942382813
318 88.30686950683594
319 92.6145248413086
320 86.58380889892578
321 101.2298355102539
322 102.09136199951172
323 118.4604263305664
324 110.70665740966797
325 84.42998504638672
326 98.21446990966797
327 40.4919319152832
328 59.876365661621094
329 74.09162139892578
330 55.999488830566406
331 33.168922424316406
332 84.86075592041016
333 91.75299835205078
334 74.09162139892578
335 55.1379508972168
336 85.29151916503906
337 83.99922943115234
338 120.18350219726563
339 80.9838638305664
340 156.79852294921875
341 66.76861572265625
342 166.27537536621094
343 145.16787719726563
344 74.95316314697266
345 109.41438293457031
346 72.36856079101563
347 104.24519348144531
348 115.44507598876953
349 28.86126708984375
350 134.8295135498047
351 47.814945220947266
352 109.41436004638672
353 70.64550018310547
354 68.92244720458984
355 60.7379035949707
356 162.39849853515625
357 96.0606460571289
358 93.0452880859375
359 116.73736572265625
360 123.62960815429688
361 69.78397369384766
362 85.29151153564453
363 25.415145874023438
364 95.6298828125
365 99.93753814697266
366 68.92243957519531
367 83.13768768310547
368 72.36856842041016
369 93.04529571533203
370 57.291786193847656
371 58.15330505371094
372 123.19886016845703
373 78.3992691040039
374 139.56793212890625
375 161.53697204589844
376 91.32221984863281
377 81.41463470458984
378 85.72227478027344
379 67.63014221191406
380 114.15277099609375
381 99.93754577636719
382 151.6293487548828
383 108.12206268310547
384 72.79933166503906
385 169.7215118408203
386 61.16866683959961
387 84.43000030517578
388 99.50676727294922
389 122.7680892944336
390 115.01431274414063
391 106.82977294921875
392 98.64523315429688
393 133.96798706054688
394 117.16813659667969
395 133.96800231933594
396 81.84540557861328
397 100.36830139160156
398 138.275634765625
399 90.8914794921875
400 59.876365661621094
401 129.66033935546875
402 110.70665740966797
403 83.1376953125
404 74.09161376953125
405 71.07626342773438
406 99.07600402832031
407 117.59890747070313
408 141.291015625
409 68.49166870117188
410 78.83003997802734
411 46.95341491699219
412 64.61478424072266
413 81.84539031982422
414 65.9070816040039
415 81.84539031982422
416 115.44508361816406
417 111.99896240234375
418 92.6145248413086
419 121.47579193115234
420 34.89198684692383
421 83.13768768310547
422 133.1064453125
423 43.0765266418457
424 38.76887512207031
425 69.78397369384766
426 52.122596740722656
427 145.59866333007813
428 64.61479187011719
429 146.02938842773438
430 55.99948501586914
431 130.09109497070313
432 90.89147186279297
433 104.24517822265625
434 25.41514778137207
435 133.53721618652344
436 113.29125213623047
437 85.72227478027344
438 30.153562545776367
439 72.79932403564453
440 110.27589416503906
441 84.42998504638672
442 78.83003997802734
443 117.16812896728516
444 111.99896240234375
445 139.99868774414063
446 111.13742065429688
447 117.16813659667969
448 64.61479187011719
449 105.10672760009766
450 174.02914428710938
451 87.87610626220703
452 120.1834945678711
453 119.75271606445313
454 87.01457977294922
455 57.72254943847656
456 57.722537994384766
457 124.06037902832031
458 111.56818389892578
459 86.58380126953125
460 72.3685531616211
461 85.72227478027344
462 78.39928436279297
463 77.5377426147461
464 105.96826171875
465 103.38365936279297
466 107.26053619384766
467 97.3529281616211
468 121.0450210571289
469 92.61451721191406
470 99.93753051757813
471 78.83004760742188
472 113.7220230102539
473 109.84513092041016
474 62.03019714355469
475 87.87611389160156
476 91.32223510742188
477 108.55284881591797
478 133.5372314453125
479 73.66085815429688
480 41.78422546386719
481 55.1379508972168
482 81.41463470458984
483 130.95262145996094
484 74.52238464355469
485 32.30739212036133
486 89.16840362548828
487 118.46043395996094
488 66.33785247802734
489 50.83029556274414
490 57.722537994384766
491 59.014835357666016
492 66.33784484863281
493 53.414886474609375
494 67.19937133789063
495 87.01457977294922
496 134.82952880859375
497 96.92217254638672
498 84.86074829101563
499 83.13768768310547
500 143.87559509277344
501 40.06117248535156
502 134.39874267578125
503 119.32196807861328
504 65.90709686279297
505 146.8909454345703
506 149.04476928710938
507 120.18350219726563
508 102.95288848876953
509 105.53748321533203
510 96.49140930175781
511 132.24493408203125
512 79.69156646728516
513 146.4601593017578
514 97.35294342041016
515 81.41463470458984
516 67.19937896728516
517 53.414894104003906
518 166.70619201660156
519 202.45965576171875
520 103.3836669921875
521 91.32221984863281
522 105.53748321533203
523 73.6608657836914
524 44.799583435058594
525 152.9216766357422
526 96.92218017578125
527 99.93753051757813
528 124.49115753173828
529 133.1064453125
530 125.35266876220703
531 101.22982025146484
532 121.90654754638672
533 91.32222747802734
534 85.29151916503906
535 18.95366859436035
536 38.76886749267578
537 82.27616882324219
538 40.92269515991211
539 135.26026916503906
540 89.16841888427734
541 86.58380889892578
542 43.0765266418457
543 30.153562545776367
544 95.1991195678711
545 130.95263671875
546 93.90681457519531
547 37.04581069946289
548 34.03044891357422
549 40.49192810058594
550 77.96851348876953
551 61.168663024902344
552 56.43024826049805
553 81.84538269042969
554 111.13742065429688
555 129.2295684814453
556 134.3987579345703
557 99.50678253173828
558 94.7683334350586
559 75.3839111328125
560 95.62987518310547
561 115.44508361816406
562 78.83003997802734
563 105.53748321533203
564 101.22982025146484
565 132.67568969726563
566 45.661109924316406
567 85.7222900390625
568 103.81441497802734
569 110.27589416503906
570 115.01431274414063
571 50.83029556274414
572 115.8758316040039
573 102.95289611816406
574 97.7837142944336
575 89.16839599609375
576 74.95314025878906
577 144.73712158203125
578 136.55258178710938
579 117.16815185546875
580 74.52238464355469
581 65.90708923339844
582 136.55258178710938
583 124.92192077636719
584 71.07625579833984
585 102.09136199951172
586 30.58432960510254
587 106.82976531982422
588 59.014835357666016
589 80.12232971191406
590 65.04554748535156
591 86.58380889892578
592 125.35267639160156
593 114.15278625488281
594 171.87530517578125
595 73.23009490966797
596 108.98359680175781
597 111.56818389892578
598 86.58381652832031
599 112.42971801757813
600 91.75299835205078
601 123.1988754272461
602 137.41412353515625
603 173.59837341308594
604 95.19914245605469
605 139.5679168701172
606 144.7371368408203
607 62.03019714355469
608 150.76783752441406
609 111.13744354248047
610 129.22958374023438
611 98.21446990966797
612 85.29151153564453
613 132.6757049560547
614 140.42945861816406
615 74.09161376953125
616 96.0606460571289
617 124.92192077636719
618 135.26026916503906
619 152.4908905029297
620 84.42996978759766
621 112.86048889160156
622 102.9529037475586
623 83.56845092773438
624 108.55282592773438
625 127.07574462890625
626 83.1376953125
627 114.58353424072266
628 148.614013671875
629 64.61477661132813
630 98.6452407836914
631 81.84539031982422
632 58.15330505371094
633 66.76860809326172
634 113.29124450683594
635 102.09134674072266
636 41.35346603393555
637 87.87610626220703
638 74.09161376953125
639 125.78345489501953
640 58.1533088684082
641 59.01483917236328
642 100.799072265625
643 123.19886016845703
644 95.19913482666016
645 99.07599639892578
646 116.73738098144531
647 132.24493408203125
648 130.95265197753906
649 138.275634765625
650 86.15303802490234
651 102.09135437011719
652 163.26002502441406
653 104.67594909667969
654 105.10671997070313
655 108.98360443115234
656 84.86074829101563
657 98.21446990966797
658 145.16786193847656
659 115.87584686279297
660 49.538002014160156
661 85.29151916503906
662 119.75273132324219
663 70.21472930908203
664 32.738155364990234
665 55.568721771240234
666 82.27615356445313
667 100.79906463623047
668 71.93781280517578
669 83.56846618652344
670 105.53748321533203
671 130.95263671875
672 83.56844329833984
673 122.7680892944336
674 105.5374755859375
675 102.52212524414063
676 117.59890747070313
677 81.84539031982422
678 127.07573699951172
679 86.15303802490234
680 78.83003234863281
681 79.26080322265625
682 68.49168395996094
683 103.3836441040039
684 52.98412322998047
685 81.41463470458984
686 55.999481201171875
687 90.8914794921875
688 72.36856079101563
689 104.67594909667969
690 32.30738830566406
691 113.29124450683594
692 99.07600402832031
693 110.7066650390625
694 76.2454605102539
695 84.42999267578125
696 147.75247192382813
697 119.75274658203125
698 105.53746795654297
699 65.0455551147461
700 125.35267639160156
701 149.04476928710938
702 106.39900970458984
703 157.22930908203125
704 121.04503631591797
705 135.6910400390625
706 94.76834869384766
707 83.56845092773438
708 111.56819152832031
709 108.1220703125
710 69.78397369384766
711 89.59916687011719
712 108.12208557128906
713 76.67619323730469
714 112.86048889160156
715 154.6447296142578
716 81.41461944580078
717 125.783447265625
718 163.69081115722656
719 54.27641677856445
720 40.4919319152832
721 47.384178161621094
722 119.32198333740234
723 77.96849822998047
724 69.35320281982422
725 74.9531478881836
726 123.1988525390625
727 112.42972564697266
728 74.95316314697266
729 77.10697174072266
730 140.42947387695313
731 82.27615356445313
732 96.92218017578125
733 120.61427307128906
734 18.95366859436035
735 81.41462707519531
736 136.55258178710938
737 74.52238464355469
738 183.93675231933594
739 89.59916687011719
740 148.18324279785156
741 165.84461975097656
742 124.92191314697266
743 120.18350982666016
744 117.59891510009766
745 157.6601104736328
746 171.01382446289063
747 115.87584686279297
748 138.70639038085938
749 94.33759307861328
750 110.27590942382813
751 145.59864807128906
752 147.3217010498047
753 65.04554748535156
754 85.2915267944336
755 59.44560241699219
756 115.87584686279297
757 123.62960815429688
758 91.75299072265625
759 74.09161376953125
760 74.9531478881836
761 48.67646789550781
762 34.03044891357422
763 34.03044891357422
764 43.50728988647461
765 86.58380126953125
766 96.06063842773438
767 140.42947387695313
768 184.7982635498047
769 161.106201171875
770 81.84539031982422
771 88.30687713623047
772 108.55284881591797
773 77.968505859375
774 76.67620849609375
775 104.24517059326172
776 63.75325393676758
777 91.75299835205078
778 132.2449188232422
779 214.5211181640625
780 66.76860809326172
781 111.13742065429688
782 54.707191467285156
783 99.07600402832031
784 123.6296157836914
785 137.84487915039063
786 103.38365936279297
787 74.52237701416016
788 128.36802673339844
789 89.59916687011719
790 198.15200805664063
791 200.73660278320313
792 85.29151916503906
793 65.9070816040039
794 105.53746795654297
795 167.99844360351563
796 45.661109924316406
797 93.4760513305664
798 83.5684585571289
799 122.33732604980469
800 112.42973327636719
801 108.1220703125
802 109.84514617919922
803 117.16814422607422
804 93.90681457519531
805 101.2298355102539
806 136.9833526611328
807 117.16813659667969
808 113.291259765625
809 72.79933166503906
810 95.62989044189453
811 104.67594909667969
812 74.09162902832031
813 111.56818389892578
814 71.50703430175781
815 112.42972564697266
816 99.50676727294922
817 86.1530532836914
818 104.67595672607422
819 123.62963104248047
820 218.8287353515625
821 116.30662536621094
822 92.6145248413086
823 108.55284881591797
824 84.86075592041016
825 126.64498138427734
826 117.16814422607422
827 63.75325393676758
828 74.95314025878906
829 68.49166870117188
830 149.47552490234375
831 103.38365173339844
832 100.79905700683594
833 80.1223373413086
834 95.62986755371094
835 79.26080322265625
836 149.90631103515625
837 64.61477661132813
838 76.67620086669922
839 83.99921417236328
840 100.79906463623047
841 80.55309295654297
842 61.59942626953125
843 49.53800582885742
844 83.99921417236328
845 109.41436004638672
846 65.0455551147461
847 133.5372314453125
848 110.27588653564453
849 87.44534301757813
850 95.19912719726563
851 146.8909454345703
852 91.75301361083984
853 52.55335998535156
854 69.78396606445313
855 90.0299301147461
856 104.67595672607422
857 96.0606460571289
858 71.07626342773438
859 87.01456451416016
860 93.04529571533203
861 76.24545288085938
862 145.59866333007813
863 121.47579193115234
864 97.78369903564453
865 72.79932403564453
866 79.69156646728516
867 101.22984313964844
868 158.09083557128906
869 108.55282592773438
870 101.22982025146484
871 128.3680419921875
872 146.8909454345703
873 100.36829376220703
874 146.89093017578125
875 87.44534301757813
876 105.10671997070313
877 54.70718765258789
878 138.70639038085938
879 63.75325012207031
880 85.72228240966797
881 104.67595672607422
882 98.64522552490234
883 140.42945861816406
884 93.04529571533203
885 70.21473693847656
886 73.2300796508789
887 87.44535064697266
888 72.3685531616211
889 111.56819915771484
890 112.42972564697266
891 80.9838638305664
892 124.06038665771484
893 109.84513092041016
894 77.5377426147461
895 104.24517059326172
896 43.0765380859375
897 102.09135437011719
898 125.78343200683594
899 84.42999267578125
900 106.82977294921875
901 79.69156646728516
902 141.7217559814453
903 108.55284118652344
904 48.24570083618164
905 133.96798706054688
906 110.7066650390625
907 101.66059875488281
908 78.8300552368164
909 118.89120483398438
910 108.98359680175781
911 114.58356475830078
912 88.30687713623047
913 68.06090545654297
914 81.41462707519531
915 67.63014221191406
916 93.90681457519531
917 61.599430084228516
918 87.44535064697266
919 103.81441497802734
920 120.61426544189453
921 86.1530532836914
922 118.46043395996094
923 118.46044921875
924 163.260009765625
925 104.24518585205078
926 56.86101531982422
927 113.29124450683594
928 111.99895477294922
929 126.2142105102539
930 71.50703430175781
931 61.59942626953125
932 155.50625610351563
933 106.39900970458984
934 64.61479187011719
935 111.99897003173828
936 111.56820678710938
937 91.32222747802734
938 58.1533088684082
939 51.691829681396484
940 93.04528045654297
941 103.38365936279297
942 81.84539031982422
943 85.72228240966797
944 89.16840362548828
945 60.3071403503418
946 63.75325012207031
947 101.22982025146484
948 65.9070816040039
949 99.50676727294922
950 140.86024475097656
951 24.122854232788086
952 135.26028442382813
953 64.61478424072266
954 57.291778564453125
955 86.15304565429688
956 45.66111373901367
957 68.92243957519531
958 90.0299301147461
959 81.84539031982422
960 69.78397369384766
961 103.81440734863281
962 46.09187698364258
963 119.75273132324219
964 83.13768768310547
965 86.58380889892578
966 178.767578125
967 146.89093017578125
968 99.93753051757813
969 119.75271606445313
970 90.89146423339844
971 105.96825408935547
972 144.30633544921875
973 124.49114990234375
974 154.21395874023438
975 65.476318359375
976 99.93753051757813
977 77.968505859375
978 97.78369140625
979 96.06063842773438
980 93.47605895996094
981 48.67646789550781
982 46.522647857666016
983 105.96825408935547
984 23.261322021484375
985 27.138206481933594
986 39.63039779663086
987 51.69182586669922
988 74.9531478881836
989 83.5684585571289
990 45.66111755371094
991 124.49115753173828
992 120.18348693847656
993 46.09188461303711
994 46.953407287597656
995 103.81440734863281
996 92.61450958251953
997 122.33734130859375
998 83.5684585571289
999 74.52238464355469
1000 87.87610626220703
1001 121.04502868652344
1002 121.04502868652344
