# Selection 1:name C1A D2A C3A C4A C1B C2B C3B C4B Selection 2:name AUC AUSL AUL Cutoff:8 Start:0 End:-1
0 4
1 4
2 32
3 41
4 43
5 43
6 34
7 39
8 40
9 42
10 38
11 36
12 36
13 43
14 47
15 51
16 45
17 38
18 33
19 42
20 44
21 42
22 44
23 41
24 42
25 38
26 38
27 44
28 41
29 41
30 46
31 41
32 42
33 40
34 46
35 54
36 41
37 48
38 43
39 41
40 42
41 43
42 34
43 45
44 48
45 45
46 41
47 44
48 38
49 36
50 33
51 36
52 48
53 36
54 42
55 51
56 39
57 43
58 36
59 40
60 43
61 43
62 44
63 43
64 44
65 50
66 35
67 37
68 45
69 41
70 39
71 38
72 42
73 45
74 41
75 43
76 36
77 35
78 37
79 32
80 41
81 43
82 37
83 37
84 46
85 46
86 36
87 40
88 39
89 32
90 41
91 38
92 40
93 36
94 46
95 44
96 42
97 34
98 41
99 55
100 37
101 45
102 36
103 47
104 41
105 40
106 45
107 42
108 44
109 35
110 42
111 46
112 43
113 40
114 44
115 44
116 36
117 36
118 31
119 44
120 42
121 48
122 34
123 38
124 40
125 48
126 52
127 39
128 45
129 47
130 43
131 39
132 44
133 47
134 37
135 48
136 42
137 37
138 41
139 38
140 44
141 41
142 41
143 40
144 40
145 44
146 47
147 49
148 34
149 42
150 43
151 39
152 45
153 42
154 40
155 41
156 46
157 50
158 39
159 37
160 35
161 37
162 38
163 38
164 40
165 35
166 40
167 43
168 40
169 39
170 41
171 41
172 41
173 44
174 41
175 39
176 47
177 46
178 44
179 40
180 42
181 47
182 42
183 36
184 51
185 42
186 45
187 41
188 41
189 46
190 46
191 47
192 38
193 37
194 43
195 39
196 43
197 46
198 44
199 47
200 49
201 44
202 48
203 42
204 35
205 41
206 39
207 52
208 49
209 51
210 41
211 37
212 47
213 36
214 45
215 36
216 42
217 41
218 41
219 41
220 28
221 37
222 42
223 44
224 38
225 50
226 45
227 47
228 37
229 48
230 39
231 39
232 49
233 45
234 36
235 41
236 41
237 42
238 42
239 37
240 37
241 39
242 39
243 35
244 41
245 37
246 40
247 40
248 44
249 36
250 44
251 40
252 49
253 41
254 39
255 42
256 34
257 47
258 42
259 41
260 40
261 40
262 36
263 43
264 49
265 43
266 48
267 49
268 36
269 38
270 40
271 40
272 45
273 42
274 46
275 43
276 37
277 46
278 42
279 43
280 42
281 43
282 31
283 38
284 44
285 35
286 47
287 42
288 46
289 41
290 43
291 38
292 42
293 41
294 42
295 37
296 41
297 41
298 50
299 35
300 43
301 43
302 44
303 43
304 32
305 42
306 37
307 47
308 45
309 42
310 44
311 44
312 52
313 34
314 42
315 38
316 44
317 38
318 40
319 46
320 43
321 46
322 38
323 44
324 49
325 35
326 46
327 43
328 41
329 38
330 41
331 44
332 47
333 39
334 34
335 40
336 40
337 51
338 39
339 41
340 38
341 37
342 43
343 37
344 38
345 43
346 46
347 47
348 50
349 44
350 43
351 40
352 47
353 44
354 41
355 44
356 39
357 39
358 36
359 48
360 53
361 41
362 33
363 42
364 56
365 46
366 46
367 43
368 37
369 43
370 31
371 42
372 46
373 43
374 46
375 35
376 49
377 38
378 49
379 35
380 42
381 43
382 43
383 39
384 42
385 37
386 48
387 36
388 38
389 42
390 38
391 42
392 41
393 44
394 50
395 47
396 46
397 47
398 42
399 43
400 48
401 37
402 36
403 47
404 37
405 40
406 40
407 37
408 34
409 32
410 36
411 40
412 40
413 47
414 42
415 39
416 42
417 38
418 44
419 46
420 41
421 41
422 43
423 34
424 38
425 48
426 40
427 51
428 47
429 38
430 41
431 35
432 35
433 49
434 46
435 43
436 39
437 45
438 39
439 40
440 41
441 35
442 46
443 39
444 39
445 43
446 38
447 36
448 36
449 42
450 36
451 39
452 44
453 46
454 35
455 42
456 46
457 33
458 43
459 42
460 40
461 36
462 39
463 45
464 39
465 41
466 33
467 39
468 34
469 40
470 45
471 42
472 34
473 42
474 41
475 39
476 43
477 39
478 41
479 39
480 51
481 42
482 43
483 40
484 38
485 34
486 41
487 50
488 36
489 40
490 43
491 40
492 46
493 40
494 39
495 47
496 42
497 40
498 48
499 37
500 40
501 40
502 39
503 40
504 43
505 46
506 41
507 42
508 46
509 49
510 44
511 47
512 42
513 54
514 45
515 35
516 45
517 37
518 43
519 42
520 40
521 44
522 46
523 41
524 40
525 48
526 43
527 41
528 40
529 39
530 36
531 42
532 43
533 46
534 51
535 45
536 47
537 39
538 45
539 43
540 36
541 48
542 37
543 39
544 39
545 44
546 35
547 36
548 44
549 43
550 51
551 39
552 45
553 43
554 40
555 44
556 44
557 42
558 35
559 33
560 40
561 43
562 43
563 42
564 44
565 45
566 37
567 38
568 39
569 47
570 38
571 43
572 45
573 49
574 42
575 41
576 46
577 45
578 36
579 43
580 40
581 37
582 45
583 42
584 37
585 45
586 37
587 37
588 42
589 39
590 43
591 43
592 43
593 39
594 44
595 46
596 48
597 44
598 42
599 45
600 43
601 41
602 41
603 32
604 41
605 45
606 42
607 44
608 45
609 44
610 42
611 41
612 44
613 35
614 52
615 43
616 41
617 45
618 42
619 44
620 40
621 45
622 47
623 45
624 42
625 32
626 32
627 42
628 35
629 43
630 44
631 46
632 39
633 38
634 49
635 48
636 35
637 43
638 50
639 49
640 36
641 51
642 44
643 43
644 38
645 41
646 37
647 42
648 40
649 44
650 43
651 44
652 36
653 42
654 42
655 41
656 36
657 41
658 45
659 42
660 36
661 44
662 40
663 42
664 39
665 39
666 37
667 35
668 42
669 44
670 46
671 36
672 42
673 44
674 35
675 36
676 50
677 50
678 42
679 39
680 48
681 34
682 43
683 40
684 44
685 46
686 44
687 35
688 42
689 37
690 37
691 48
692 47
693 43
694 48
695 38
696 41
697 46
698 42
699 39
700 36
701 40
702 45
703 37
704 40
705 41
706 34
707 39
708 41
709 39
710 43
711 40
712 45
713 47
714 41
715 40
716 43
717 39
718 39
719 48
720 38
721 36
722 46
723 32
724 46
725 44
726 41
727 36
728 35
729 36
730 44
731 40
732 43
733 39
734 41
735 40
736 40
737 34
738 45
739 39
740 40
741 42
742 42
743 40
744 46
745 42
746 47
747 38
748 45
749 43
750 42
751 41
752 42
753 37
754 41
755 49
756 46
757 50
758 43
759 45
760 48
761 49
762 38
763 41
764 38
765 42
766 39
767 44
768 43
769 40
770 45
771 45
772 43
773 37
774 49
775 40
776 46
777 26
778 43
779 46
780 44
781 46
782 45
783 40
784 37
785 45
786 39
787 39
788 45
789 37
790 30
791 42
792 43
793 38
794 33
795 41
796 44
797 42
798 49
799 39
800 37
801 42
802 41
803 46
804 37
805 34
806 44
807 36
808 44
809 50
810 48
811 41
812 46
813 42
814 42
815 41
816 45
817 31
818 41
819 40
820 36
821 45
822 40
823 45
824 37
825 44
826 44
827 41
828 43
829 44
830 44
831 46
832 31
833 44
834 43
835 41
836 39
837 40
838 43
839 39
840 41
841 32
842 30
843 35
844 34
845 49
846 38
847 45
848 47
849 40
850 41
851 45
852 45
853 39
854 38
855 39
856 42
857 34
858 40
859 38
860 45
861 37
862 40
863 43
864 40
865 43
866 35
867 38
868 40
869 44
870 40
871 39
872 42
873 44
874 39
875 41
876 43
877 43
878 47
879 40
880 40
881 46
882 37
883 45
884 47
885 43
886 39
887 41
888 47
889 35
890 36
891 39
892 46
893 36
894 46
895 39
896 42
897 39
898 45
899 39
900 40
901 41
902 43
903 38
904 48
905 54
906 40
907 43
908 42
909 43
910 33
911 42
912 36
913 50
914 39
915 47
916 40
917 32
918 49
919 42
920 39
921 44
922 45
923 40
924 41
925 42
926 42
927 40
928 50
929 45
930 42
931 36
932 42
933 45
934 46
935 42
936 39
937 49
938 41
939 39
940 39
941 51
942 49
943 46
944 48
945 47
946 35
947 37
948 47
949 41
950 33
951 40
952 45
953 32
954 38
955 42
956 43
957 45
958 41
959 38
960 48
961 32
962 36
963 39
964 43
965 40
966 43
967 46
968 42
969 49
970 36
971 40
972 49
973 40
974 35
975 42
976 39
977 46
978 35
979 45
980 39
981 39
982 53
983 49
984 39
985 37
986 40
987 40
988 39
989 39
990 52
991 37
992 41
993 55
994 35
995 41
996 47
997 42
998 37
999 38
1000 49
1001 40
1002 40
