# Selection:resname AU POPC Restricted:name AUC AUL AUSL Radius:2.64 Start:0 End:-1
0 270.9513244628906
1 268.3667297363281
2 0.0
3 0.0
4 0.43076521158218384
5 0.0
6 0.0
7 0.8615304231643677
8 0.0
9 0.0
10 0.43076521158218384
11 3.8768868446350098
12 0.43076521158218384
13 0.0
14 0.0
15 0.0
16 0.43076521158218384
17 0.43076521158218384
18 0.0
19 0.0
20 0.43076521158218384
21 1.2922956943511963
22 0.0
23 0.0
24 0.0
25 0.0
26 0.43076521158218384
27 0.0
28 0.0
29 0.8615304231643677
30 0.0
31 0.0
32 2.1538259983062744
33 0.0
34 0.0
35 0.43076521158218384
36 0.0
37 0.43076521158218384
38 2.1538259983062744
39 0.0
40 0.8615304231643677
41 0.0
42 0.0
43 0.0
44 0.0
45 0.0
46 6.030713081359863
47 0.0
48 0.43076521158218384
49 2.1538259983062744
50 1.2922956943511963
51 0.0
52 3.8768868446350098
53 0.0
54 1.7230608463287354
55 0.0
56 0.8615304231643677
57 0.0
58 0.0
59 0.0
60 0.0
61 0.8615304231643677
62 0.0
63 0.0
64 0.0
65 0.43076521158218384
66 0.0
67 0.8615304231643677
68 0.0
69 0.0
70 0.0
71 0.0
72 0.0
73 0.43076521158218384
74 0.0
75 0.0
76 8.615303993225098
77 0.0
78 0.0
79 0.0
80 0.0
81 0.0
82 0.0
83 0.0
84 0.8615304231643677
85 0.0
86 0.0
87 0.0
88 0.0
89 0.0
90 2.1538259983062744
91 0.0
92 0.0
93 0.0
94 0.8615304231643677
95 0.0
96 0.8615304231643677
97 0.43076521158218384
98 0.0
99 1.2922956943511963
100 0.43076521158218384
101 0.0
102 0.0
103 0.8615304231643677
104 0.8615304231643677
105 0.0
106 0.8615304231643677
107 0.0
108 0.43076521158218384
109 0.0
110 0.0
111 0.8615304231643677
112 0.0
113 0.0
114 0.8615304231643677
115 0.0
116 0.0
117 1.7230608463287354
118 0.0
119 0.0
120 0.43076521158218384
121 3.0153565406799316
122 0.8615304231643677
123 0.0
124 0.43076521158218384
125 0.0
126 0.43076521158218384
127 0.0
128 2.1538259983062744
129 0.0
130 0.43076521158218384
131 0.0
132 0.0
133 0.8615304231643677
134 0.0
135 1.2922956943511963
136 0.0
137 2.5845913887023926
138 0.0
139 0.43076521158218384
140 3.4461216926574707
141 1.2922956943511963
142 1.2922956943511963
143 2.1538259983062744
144 0.0
145 0.0
146 0.0
147 0.8615304231643677
148 6.030713081359863
149 0.43076521158218384
150 0.0
151 0.0
152 0.0
153 0.0
154 0.0
155 0.0
156 4.307652473449707
157 0.0
158 2.5845913887023926
159 0.0
160 0.43076521158218384
161 0.0
162 0.8615304231643677
163 8.615303993225098
164 0.8615304231643677
165 0.0
166 1.7230608463287354
167 0.0
168 0.43076521158218384
169 0.0
170 0.0
171 0.43076521158218384
172 0.0
173 0.0
174 0.0
175 0.43076521158218384
176 1.7230608463287354
177 0.0
178 0.0
179 0.0
180 0.0
181 0.0
182 0.43076521158218384
183 0.0
184 0.43076521158218384
185 0.43076521158218384
186 0.43076521158218384
187 0.0
188 0.8615304231643677
189 0.0
190 0.0
191 0.0
192 0.43076521158218384
193 0.0
194 0.0
195 0.0
196 0.0
197 0.0
198 0.43076521158218384
199 1.2922956943511963
200 0.0
201 0.0
202 2.1538259983062744
203 0.43076521158218384
204 0.8615304231643677
205 0.0
206 0.0
207 0.0
208 0.0
209 0.0
210 0.0
211 0.0
212 0.8615304231643677
213 0.8615304231643677
214 0.0
215 4.307651996612549
216 0.0
217 0.0
218 0.0
219 0.0
220 0.0
221 0.0
222 0.0
223 0.43076521158218384
224 0.0
225 0.0
226 0.0
227 0.8615304231643677
228 6.461478233337402
229 0.0
230 0.0
231 3.0153565406799316
232 1.7230608463287354
233 0.0
234 0.0
235 0.0
236 0.0
237 0.0
238 0.0
239 0.0
240 0.8615304231643677
241 1.7230608463287354
242 0.0
243 0.0
244 0.0
245 0.0
246 0.43076521158218384
247 0.0
248 0.0
249 0.0
250 0.43076521158218384
251 0.0
252 0.0
253 3.4461216926574707
254 0.0
255 0.0
256 0.0
257 0.0
258 1.2922956943511963
259 1.7230608463287354
260 0.43076521158218384
261 0.43076521158218384
262 0.0
263 0.0
264 0.0
265 0.43076521158218384
266 0.0
267 0.0
268 0.0
269 2.1538259983062744
270 0.43076521158218384
271 0.0
272 0.0
273 0.0
274 1.7230608463287354
275 3.0153565406799316
276 0.0
277 0.0
278 0.0
279 0.0
280 0.0
281 0.0
282 0.0
283 0.43076521158218384
284 0.0
285 0.0
286 0.8615304231643677
287 0.0
288 5.599947929382324
289 8.615303993225098
290 0.0
291 0.0
292 0.0
293 0.8615304231643677
294 5.169182777404785
295 0.0
296 0.0
297 0.8615304231643677
298 0.0
299 0.43076521158218384
300 0.0
301 0.0
302 0.0
303 0.0
304 1.7230608463287354
305 6.030713081359863
306 0.43076521158218384
307 0.0
308 0.0
309 2.1538259983062744
310 0.8615304231643677
311 0.43076521158218384
312 0.0
313 0.0
314 0.0
315 0.0
316 0.0
317 1.7230608463287354
318 0.0
319 0.0
320 0.0
321 0.0
322 0.43076521158218384
323 0.0
324 0.0
325 0.0
326 0.0
327 0.0
328 0.0
329 0.0
330 0.0
331 2.5845913887023926
332 0.43076521158218384
333 0.0
334 0.0
335 0.0
336 1.7230608463287354
337 0.0
338 1.2922956943511963
339 0.0
340 0.0
341 0.0
342 0.0
343 0.0
344 0.0
345 0.43076521158218384
346 0.43076521158218384
347 0.8615304231643677
348 0.43076521158218384
349 0.0
350 0.0
351 0.8615304231643677
352 0.0
353 0.0
354 0.43076521158218384
355 2.5845913887023926
356 2.5845913887023926
357 0.8615304231643677
358 0.0
359 0.0
360 1.2922956943511963
361 2.1538259983062744
362 0.43076521158218384
363 0.0
364 0.0
365 0.0
366 0.0
367 3.4461216926574707
368 0.0
369 2.5845911502838135
370 0.43076521158218384
371 0.0
372 0.0
373 0.43076521158218384
374 0.0
375 0.43076521158218384
376 0.0
377 0.0
378 0.0
379 0.0
380 0.0
381 0.0
382 0.0
383 0.43076521158218384
384 0.43076521158218384
385 1.7230608463287354
386 0.8615304231643677
387 1.2922956943511963
388 0.0
389 0.43076521158218384
390 0.43076521158218384
391 0.0
392 0.0
393 0.8615304231643677
394 0.43076521158218384
395 4.307651996612549
396 0.0
397 0.0
398 0.0
399 1.7230608463287354
400 0.0
401 0.8615304231643677
402 0.0
403 0.0
404 0.8615304231643677
405 0.0
406 0.0
407 0.0
408 0.0
409 0.0
410 0.0
411 0.8615304231643677
412 0.0
413 0.0
414 5.599947929382324
415 2.1538259983062744
416 0.43076521158218384
417 0.0
418 0.0
419 0.0
420 3.876887083053589
421 0.43076521158218384
422 0.0
423 9.046069145202637
424 0.0
425 0.0
426 0.8615304231643677
427 0.0
428 1.2922956943511963
429 0.0
430 0.0
431 0.8615304231643677
432 0.0
433 0.43076521158218384
434 0.0
435 1.2922956943511963
436 1.2922956943511963
437 0.0
438 0.0
439 0.0
440 2.1538259983062744
441 0.0
442 0.0
443 0.0
444 3.0153565406799316
445 1.2922956943511963
446 0.0
447 0.0
448 0.0
449 4.307651996612549
450 0.0
451 0.0
452 1.7230608463287354
453 0.0
454 0.0
455 0.8615304231643677
456 0.0
457 0.0
458 0.43076521158218384
459 0.0
460 0.0
461 2.1538259983062744
462 0.0
463 0.0
464 3.4461216926574707
465 1.7230608463287354
466 0.43076521158218384
467 0.0
468 0.0
469 0.0
470 0.0
471 0.43076521158218384
472 1.2922956943511963
473 0.0
474 0.0
475 0.0
476 2.1538259983062744
477 2.1538259983062744
478 0.0
479 0.0
480 0.43076521158218384
481 0.0
482 0.43076521158218384
483 0.0
484 0.43076521158218384
485 2.5845913887023926
486 0.0
487 0.0
488 0.0
489 0.0
490 0.0
491 1.2922956943511963
492 0.0
493 0.0
494 1.7230608463287354
495 0.0
496 0.0
497 0.43076521158218384
498 0.43076521158218384
499 0.43076521158218384
500 0.43076521158218384
501 0.0
502 0.0
503 0.0
504 1.7230608463287354
505 0.0
506 0.0
507 5.169182300567627
508 0.8615304231643677
509 1.7230608463287354
510 0.0
511 0.0
512 0.0
513 0.8615304231643677
514 0.8615304231643677
515 0.0
516 0.0
517 1.7230608463287354
518 0.0
519 0.0
520 0.0
521 0.8615304231643677
522 0.0
523 0.0
524 0.0
525 0.0
526 0.0
527 0.0
528 0.0
529 0.0
530 0.0
531 0.0
532 0.0
533 0.43076521158218384
534 0.0
535 0.0
536 0.0
537 0.0
538 0.0
539 0.0
540 8.184538841247559
541 0.0
542 1.7230608463287354
543 0.43076521158218384
544 0.0
545 0.0
546 0.0
547 0.8615304231643677
548 0.0
549 0.43076521158218384
550 0.0
551 2.5845913887023926
552 0.8615304231643677
553 0.0
554 0.0
555 0.0
556 2.5845913887023926
557 0.0
558 1.2922956943511963
559 0.0
560 0.0
561 0.0
562 0.0
563 0.0
564 0.0
565 0.0
566 0.0
567 0.8615304231643677
568 0.0
569 1.2922956943511963
570 0.8615304231643677
571 0.0
572 0.0
573 0.0
574 0.0
575 0.0
576 0.43076521158218384
577 0.0
578 0.0
579 0.8615304231643677
580 0.0
581 0.0
582 0.0
583 0.0
584 2.1538259983062744
585 0.0
586 0.43076521158218384
587 1.2922956943511963
588 0.0
589 2.5845913887023926
590 1.2922956943511963
591 0.0
592 0.43076521158218384
593 0.0
594 0.43076521158218384
595 2.1538259983062744
596 0.0
597 0.0
598 0.0
599 0.0
600 0.43076521158218384
601 0.0
602 0.0
603 0.0
604 0.0
605 0.0
606 0.0
607 0.0
608 0.43076521158218384
609 0.0
610 1.2922956943511963
611 0.0
612 0.0
613 0.8615304231643677
614 0.8615304231643677
615 0.0
616 0.0
617 0.0
618 0.0
619 0.0
620 0.8615304231643677
621 0.0
622 0.0
623 0.0
624 0.0
625 0.43076521158218384
626 0.0
627 2.1538262367248535
628 0.43076521158218384
629 1.7230608463287354
630 0.0
631 0.0
632 0.0
633 0.0
634 0.0
635 0.8615304231643677
636 0.0
637 3.0153565406799316
638 0.0
639 0.0
640 0.0
641 0.0
642 0.8615304231643677
643 0.0
644 0.43076521158218384
645 0.0
646 0.8615304231643677
647 0.0
648 0.0
649 0.43076521158218384
650 0.43076521158218384
651 0.0
652 0.0
653 0.0
654 6.030713081359863
655 0.0
656 0.0
657 1.7230608463287354
658 0.43076521158218384
659 0.0
660 0.43076521158218384
661 0.0
662 0.0
663 0.0
664 0.0
665 1.2922956943511963
666 0.0
667 0.0
668 0.0
669 0.43076521158218384
670 0.0
671 0.0
672 0.0
673 0.0
674 0.0
675 5.599947929382324
676 0.0
677 0.43076521158218384
678 0.0
679 0.0
680 0.0
681 0.0
682 0.0
683 0.43076521158218384
684 0.0
685 0.43076521158218384
686 0.0
687 0.8615304231643677
688 0.0
689 0.0
690 0.0
691 0.0
692 0.0
693 0.0
694 0.0
695 0.0
696 0.0
697 0.43076521158218384
698 0.0
699 0.8615304231643677
700 1.2922956943511963
701 0.0
702 0.8615304231643677
703 0.0
704 0.0
705 0.8615304231643677
706 2.1538259983062744
707 0.43076521158218384
708 0.43076521158218384
709 0.0
710 1.2922956943511963
711 0.0
712 7.3230085372924805
713 0.0
714 0.0
715 2.5845913887023926
716 0.43076521158218384
717 0.0
718 0.8615304231643677
719 0.8615304231643677
720 0.0
721 2.5845911502838135
722 0.43076521158218384
723 0.0
724 0.0
725 0.0
726 0.8615304231643677
727 0.0
728 0.0
729 0.0
730 0.0
731 0.0
732 0.0
733 0.0
734 0.0
735 3.0153565406799316
736 0.0
737 2.5845913887023926
738 1.7230608463287354
739 0.0
740 0.0
741 0.43076521158218384
742 0.0
743 0.0
744 1.2922956943511963
745 0.0
746 0.0
747 0.0
748 0.43076521158218384
749 0.0
750 0.0
751 0.43076521158218384
752 1.7230608463287354
753 0.8615304231643677
754 0.43076521158218384
755 0.0
756 0.8615304231643677
757 0.0
758 0.43076521158218384
759 1.2922956943511963
760 0.0
761 0.0
762 3.4461216926574707
763 0.0
764 0.43076521158218384
765 0.0
766 0.0
767 0.0
768 0.0
769 0.8615304231643677
770 0.0
771 0.0
772 0.0
773 1.7230608463287354
774 0.0
775 0.8615304231643677
776 0.43076521158218384
777 0.43076521158218384
778 0.0
779 0.0
780 0.0
781 0.0
782 0.8615304231643677
783 1.2922956943511963
784 0.0
785 0.0
786 3.0153565406799316
787 1.7230608463287354
788 0.0
789 0.0
790 10.33836555480957
791 0.0
792 0.0
793 0.0
794 0.0
795 0.0
796 0.0
797 0.0
798 3.4461216926574707
799 0.8615304231643677
800 0.8615304231643677
801 0.0
802 4.738417148590088
803 0.0
804 0.0
805 0.0
806 0.0
807 0.0
808 0.0
809 0.43076521158218384
810 0.0
811 0.43076521158218384
812 0.0
813 1.7230608463287354
814 0.0
815 0.8615304231643677
816 0.0
817 0.8615304231643677
818 0.0
819 0.8615304231643677
820 0.0
821 0.0
822 0.43076521158218384
823 1.2922956943511963
824 0.0
825 0.0
826 1.7230608463287354
827 0.0
828 0.0
829 0.0
830 0.0
831 0.0
832 1.2922956943511963
833 0.0
834 0.0
835 0.0
836 1.2922956943511963
837 0.0
838 0.0
839 0.0
840 0.43076521158218384
841 0.0
842 0.0
843 0.0
844 3.0153565406799316
845 0.43076521158218384
846 0.0
847 0.0
848 0.0
849 0.0
850 2.5845913887023926
851 1.2922956943511963
852 0.43076521158218384
853 0.0
854 0.43076521158218384
855 0.0
856 0.0
857 0.0
858 0.0
859 0.0
860 0.0
861 2.1538259983062744
862 3.4461216926574707
863 0.0
864 0.0
865 0.0
866 0.0
867 0.43076521158218384
868 1.2922956943511963
869 1.2922956943511963
870 0.0
871 0.8615304231643677
872 0.0
873 0.43076521158218384
874 0.0
875 0.0
876 0.0
877 0.0
878 0.43076521158218384
879 0.0
880 0.0
881 0.43076521158218384
882 0.0
883 0.0
884 2.1538259983062744
885 0.0
886 0.43076521158218384
887 0.0
888 0.43076521158218384
889 0.0
890 0.0
891 0.0
892 0.0
893 0.0
894 0.0
895 0.0
896 0.43076521158218384
897 0.8615304231643677
898 1.2922956943511963
899 4.738417148590088
900 0.0
901 0.0
902 0.0
903 1.2922956943511963
904 0.0
905 0.0
906 0.0
907 0.0
908 0.8615304231643677
909 0.0
910 0.0
911 3.0153565406799316
912 0.0
913 0.43076521158218384
914 0.0
915 0.0
916 0.0
917 0.0
918 0.43076521158218384
919 0.0
920 0.0
921 0.0
922 0.8615304231643677
923 0.0
924 0.43076521158218384
925 0.0
926 0.43076521158218384
927 0.43076521158218384
928 0.43076521158218384
929 1.2922956943511963
930 0.0
931 0.43076521158218384
932 0.0
933 0.0
934 0.43076521158218384
935 1.7230608463287354
936 0.0
937 0.0
938 0.43076521158218384
939 0.0
940 0.0
941 0.0
942 0.0
943 0.0
944 0.0
945 0.8615304231643677
946 5.599947452545166
947 1.7230608463287354
948 0.8615304231643677
949 1.2922956943511963
950 0.0
951 0.0
952 0.43076521158218384
953 0.0
954 0.0
955 0.0
956 0.0
957 0.0
958 0.0
959 0.0
960 0.0
961 0.43076521158218384
962 1.7230608463287354
963 0.0
964 1.2922956943511963
965 0.0
966 0.0
967 0.0
968 0.43076521158218384
969 0.43076521158218384
970 0.0
971 0.0
972 0.0
973 2.5845913887023926
974 2.1538259983062744
975 2.5845913887023926
976 1.2922956943511963
977 0.0
978 0.0
979 1.7230608463287354
980 0.43076521158218384
981 3.0153565406799316
982 6.461478233337402
983 0.43076521158218384
984 0.0
985 0.0
986 0.43076521158218384
987 0.0
988 0.0
989 0.0
990 1.7230608463287354
991 0.0
992 0.43076521158218384
993 0.0
994 0.0
995 0.43076521158218384
996 0.0
997 1.7230608463287354
998 0.0
999 0.43076521158218384
1000 0.43076521158218384
1001 0.0
1002 0.0
