# Selection:resname AU W ION Restricted:name AUC AUL AUSL Radius:2.64 Start:0 End:-1
0 10.338364601135254
1 9.046069145202637
2 48.67647171020508
3 88.30687713623047
4 64.18402099609375
5 32.30739212036133
6 49.10723114013672
7 46.52264404296875
8 77.968505859375
9 69.78396606445313
10 38.76887130737305
11 46.953407287597656
12 41.78422927856445
13 76.67620086669922
14 49.53800582885742
15 27.999738693237305
16 40.922698974609375
17 28.430503845214844
18 90.0299301147461
19 37.9073371887207
20 61.599430084228516
21 62.891719818115234
22 53.84565353393555
23 57.291770935058594
24 58.15330505371094
25 28.86126708984375
26 34.89198303222656
27 39.630401611328125
28 32.738155364990234
29 24.12285041809082
30 65.90707397460938
31 34.030452728271484
32 26.276676177978516
33 34.461219787597656
34 53.84565353393555
35 48.245704650878906
36 48.24570846557617
37 48.67647171020508
38 43.07652282714844
39 48.67647171020508
40 77.10697174072266
41 36.18428039550781
42 64.61478424072266
43 27.999736785888672
44 40.0611686706543
45 37.9073371887207
46 50.830299377441406
47 39.19963836669922
48 32.30739212036133
49 59.87636947631836
50 60.73789596557617
51 51.26106643676758
52 21.53826141357422
53 29.722801208496094
54 34.46121597290039
55 57.7225456237793
56 78.3992691040039
57 55.999481201171875
58 27.568971633911133
59 75.3839111328125
60 64.61478424072266
61 48.67647171020508
62 62.46095657348633
63 35.75351333618164
64 61.599422454833984
65 48.67647171020508
66 33.59968566894531
67 32.30739212036133
68 59.014835357666016
69 36.61503982543945
70 40.0611686706543
71 55.99947738647461
72 57.29177474975586
73 35.32274627685547
74 28.86126708984375
75 76.67620849609375
76 56.86101150512695
77 52.55335998535156
78 27.568971633911133
79 59.44560241699219
80 33.168922424316406
81 74.09161376953125
82 60.73789978027344
83 46.522640228271484
84 44.79958724975586
85 71.93778991699219
86 12.492191314697266
87 53.414886474609375
88 76.67620086669922
89 56.43024444580078
90 65.9070816040039
91 27.138208389282227
92 58.58407211303711
93 63.32249450683594
94 49.538002014160156
95 69.35320281982422
96 27.999738693237305
97 78.39927673339844
98 30.58432960510254
99 62.8917236328125
100 87.8760986328125
101 58.58407211303711
102 46.522640228271484
103 69.35320281982422
104 42.214996337890625
105 62.03019332885742
106 70.64549255371094
107 62.891719818115234
108 65.47631072998047
109 22.399789810180664
110 46.091880798339844
111 44.79958724975586
112 40.06116485595703
113 45.2303466796875
114 46.52264404296875
115 46.091880798339844
116 50.399532318115234
117 31.876625061035156
118 64.18402099609375
119 13.784486770629883
120 41.35346221923828
121 51.26106262207031
122 47.38417434692383
123 65.47631072998047
124 81.41462707519531
125 56.86101150512695
126 60.30712890625
127 57.722537994384766
128 36.18428039550781
129 64.61478424072266
130 48.67647171020508
131 69.35320281982422
132 51.26105880737305
133 48.24570846557617
134 45.66111373901367
135 27.568971633911133
136 49.107234954833984
137 49.10723876953125
138 44.79957962036133
139 36.61504364013672
140 37.045806884765625
141 47.38418197631836
142 51.26106262207031
143 55.99947738647461
144 40.922698974609375
145 44.36882019042969
146 51.69182586669922
147 25.84591293334961
148 49.538002014160156
149 39.19963836669922
150 37.4765739440918
151 52.12258529663086
152 44.799583435058594
153 65.9070816040039
154 61.599430084228516
155 113.72201538085938
156 69.35319519042969
157 62.46095657348633
158 69.35321044921875
159 74.09162139892578
160 39.19963455200195
161 42.21499252319336
162 49.96876907348633
163 42.645755767822266
164 67.19937896728516
165 38.338104248046875
166 40.49193572998047
167 64.61478424072266
168 63.322486877441406
169 20.67673110961914
170 50.399532318115234
171 37.4765739440918
172 52.984127044677734
173 63.322486877441406
174 56.430240631103516
175 73.66085052490234
176 47.81494140625
177 81.84539031982422
178 54.27641677856445
179 60.73789596557617
180 57.29177474975586
181 39.63040542602539
182 38.338104248046875
183 48.67647171020508
184 64.18402099609375
185 79.69157409667969
186 53.84565734863281
187 52.122596740722656
188 45.2303466796875
189 52.98412322998047
190 55.56871032714844
191 34.03044891357422
192 33.59968566894531
193 63.75325393676758
194 27.999736785888672
195 31.445859909057617
196 104.24517822265625
197 37.04581069946289
198 53.84565353393555
199 40.0611686706543
200 40.92269515991211
201 73.2300796508789
202 52.122596740722656
203 31.015094757080078
204 48.24570083618164
205 70.21472930908203
206 39.63039779663086
207 55.13794708251953
208 56.86100769042969
209 44.79957962036133
210 53.84565734863281
211 76.24544525146484
212 67.63013458251953
213 66.76860809326172
214 69.35320281982422
215 70.64549255371094
216 56.86101531982422
217 47.38417434692383
218 27.568973541259766
219 70.64549255371094
220 66.33784484863281
221 27.138206481933594
222 55.999481201171875
223 54.27641677856445
224 73.66085815429688
225 45.230350494384766
226 55.1379508972168
227 51.26106262207031
228 82.27615356445313
229 36.18427658081055
230 42.645755767822266
231 68.06090545654297
232 83.99922180175781
233 65.04554748535156
234 37.4765739440918
235 58.58407211303711
236 86.15304565429688
237 73.23009490966797
238 64.61479187011719
239 21.969024658203125
240 68.92243957519531
241 40.92269515991211
242 34.030452728271484
243 86.15303802490234
244 70.2147216796875
245 42.64575958251953
246 73.2300796508789
247 34.03045654296875
248 26.276676177978516
249 52.98412322998047
250 44.36881637573242
251 46.95341491699219
252 43.07651901245117
253 55.137943267822266
254 29.722797393798828
255 42.645755767822266
256 53.84564971923828
257 72.79932403564453
258 21.107494354248047
259 19.38443374633789
260 27.138208389282227
261 35.322750091552734
262 63.75326156616211
263 51.26105880737305
264 50.83029556274414
265 18.092138290405273
266 95.19911193847656
267 30.58432960510254
268 54.70718002319336
269 62.03019332885742
270 14.215251922607422
271 100.79906463623047
272 46.953407287597656
273 90.460693359375
274 31.445859909057617
275 54.27641677856445
276 26.707443237304688
277 49.96876907348633
278 77.968505859375
279 30.584327697753906
280 30.153562545776367
281 22.830554962158203
282 14.646018028259277
283 42.214988708496094
284 51.69182586669922
285 18.522903442382813
286 51.26106262207031
287 33.59968948364258
288 90.89146423339844
289 55.999481201171875
290 42.21499252319336
291 65.9070816040039
292 82.70692443847656
293 48.245704650878906
294 40.06116485595703
295 51.26105880737305
296 24.553617477416992
297 42.645755767822266
298 48.67647171020508
299 51.26106262207031
300 47.384178161621094
301 70.64549255371094
302 60.73789978027344
303 58.58407211303711
304 71.93779754638672
305 57.291778564453125
306 69.78396606445313
307 56.86100769042969
308 46.09188461303711
309 46.95341110229492
310 45.66111373901367
311 48.67647171020508
312 115.445068359375
313 74.52238464355469
314 33.168922424316406
315 34.89198303222656
316 70.64549255371094
317 65.9070816040039
318 15.507547378540039
319 25.415149688720703
320 65.04553985595703
321 51.26105880737305
322 50.83030319213867
323 43.93804931640625
324 79.69156646728516
325 46.95341110229492
326 70.21473693847656
327 77.968505859375
328 57.29178237915039
329 87.4453353881836
330 74.9531478881836
331 59.44559860229492
332 64.18402099609375
333 50.39952850341797
334 83.13768768310547
335 84.86074829101563
336 62.460960388183594
337 73.6608657836914
338 36.61504364013672
339 66.33785247802734
340 74.09160614013672
341 18.092138290405273
342 80.5531005859375
343 65.476318359375
344 64.61478424072266
345 93.0452880859375
346 49.53799819946289
347 43.93805694580078
348 48.67646789550781
349 46.52264404296875
350 54.27641677856445
351 34.46121597290039
352 52.98412322998047
353 62.46095657348633
354 82.70692443847656
355 34.89198303222656
356 23.692087173461914
357 75.3839111328125
358 35.322750091552734
359 32.30739212036133
360 34.030452728271484
361 78.39927673339844
362 47.38417434692383
363 91.75299072265625
364 37.90734100341797
365 58.58407211303711
366 52.9841194152832
367 32.30738830566406
368 61.168663024902344
369 49.96876907348633
370 44.799583435058594
371 53.414886474609375
372 42.645755767822266
373 50.39952850341797
374 79.26080322265625
375 123.1988525390625
376 48.245704650878906
377 72.36856079101563
378 27.999738693237305
379 57.722537994384766
380 71.50702667236328
381 111.99896240234375
382 24.9843807220459
383 63.322486877441406
384 58.58407211303711
385 47.384178161621094
386 55.13794708251953
387 69.35320281982422
388 47.814937591552734
389 80.98384857177734
390 68.49166870117188
391 46.091880798339844
392 51.26106262207031
393 76.24545288085938
394 50.39952850341797
395 34.461219787597656
396 40.4919319152832
397 54.707183837890625
398 65.476318359375
399 76.24543762207031
400 84.86075592041016
401 68.06089782714844
402 55.13794708251953
403 44.799583435058594
404 45.2303466796875
405 64.61478424072266
406 61.16865921020508
407 81.41462707519531
408 54.707183837890625
409 15.0767822265625
410 49.538002014160156
411 62.8917236328125
412 30.153564453125
413 40.06116485595703
414 58.1533088684082
415 71.50703430175781
416 37.9073371887207
417 76.24544525146484
418 77.5377426147461
419 75.3839111328125
420 53.414894104003906
421 68.49166870117188
422 52.12259292602539
423 83.99922180175781
424 64.61477661132813
425 41.78422546386719
426 46.953407287597656
427 92.18376159667969
428 81.41461944580078
429 51.26105880737305
430 20.24596405029297
431 35.75351333618164
432 68.92243957519531
433 43.50728988647461
434 68.06089782714844
435 55.13794708251953
436 50.3995361328125
437 71.50701904296875
438 54.70718002319336
439 43.93805694580078
440 43.07652282714844
441 82.27615356445313
442 59.44560241699219
443 46.95341110229492
444 30.153564453125
445 40.922698974609375
446 76.24543762207031
447 43.93805694580078
448 42.64575958251953
449 49.96876525878906
450 40.922698974609375
451 46.09187698364258
452 79.26078796386719
453 46.52264404296875
454 24.55361557006836
455 67.19937896728516
456 72.79932403564453
457 40.92269515991211
458 38.33810806274414
459 37.045806884765625
460 79.69157409667969
461 53.84565734863281
462 47.81494140625
463 37.90734100341797
464 8.615304946899414
465 49.53800582885742
466 48.245704650878906
467 52.55335998535156
468 83.56845092773438
469 61.59942626953125
470 45.2303466796875
471 72.36856079101563
472 96.92218017578125
473 45.2303466796875
474 21.538259506225586
475 60.73789978027344
476 53.84565734863281
477 68.92243194580078
478 55.56871795654297
479 60.30713653564453
480 51.26106262207031
481 77.53773498535156
482 65.0455551147461
483 54.27641296386719
484 62.8917236328125
485 15.507548332214355
486 59.44559860229492
487 47.38417434692383
488 37.47657775878906
489 38.76887130737305
490 64.61478424072266
491 51.26105880737305
492 73.66085815429688
493 35.753517150878906
494 69.35320281982422
495 6.892243385314941
496 52.98412322998047
497 70.21472930908203
498 58.15330505371094
499 102.95288848876953
500 16.799842834472656
501 35.322750091552734
502 83.13768768310547
503 71.07625579833984
504 82.27615356445313
505 66.33784484863281
506 27.999736785888672
507 61.168663024902344
508 51.26106262207031
509 37.90734100341797
510 72.79932403564453
511 68.92243957519531
512 78.83003234863281
513 64.61478424072266
514 51.69182586669922
515 48.67647171020508
516 39.19963455200195
517 53.414886474609375
518 47.81494140625
519 55.999481201171875
520 20.676729202270508
521 23.692087173461914
522 71.93778991699219
523 66.33783721923828
524 52.5533561706543
525 68.06090545654297
526 40.49192810058594
527 49.968772888183594
528 36.18427658081055
529 49.10723876953125
530 65.04554748535156
531 62.03019332885742
532 83.13768768310547
533 80.55310821533203
534 83.56846618652344
535 71.07625579833984
536 43.938053131103516
537 34.89198303222656
538 53.41489028930664
539 41.78422546386719
540 37.9073371887207
541 16.369077682495117
542 51.26106262207031
543 74.09162139892578
544 61.59942626953125
545 57.7225456237793
546 77.5377426147461
547 60.307132720947266
548 68.92243957519531
549 38.76887512207031
550 47.814945220947266
551 37.90734100341797
552 85.29151916503906
553 50.830299377441406
554 91.32222747802734
555 68.92243194580078
556 51.69182205200195
557 59.01483917236328
558 51.69182586669922
559 65.04554748535156
560 52.55335235595703
561 96.06063842773438
562 49.538002014160156
563 59.014835357666016
564 89.16841125488281
565 15.507547378540039
566 67.6301498413086
567 31.876625061035156
568 73.23008728027344
569 42.21499252319336
570 29.292034149169922
571 82.70691680908203
572 19.38443374633789
573 77.968505859375
574 67.19937133789063
575 48.24570846557617
576 64.61478424072266
577 59.87636947631836
578 42.21499252319336
579 35.753509521484375
580 54.27642059326172
581 36.615047454833984
582 21.969024658203125
583 42.21499252319336
584 55.56871032714844
585 60.307132720947266
586 57.291778564453125
587 83.99921417236328
588 53.84565353393555
589 41.35346221923828
590 54.70718002319336
591 48.67646789550781
592 42.645755767822266
593 43.507293701171875
594 42.645755767822266
595 45.661109924316406
596 62.030189514160156
597 52.98412322998047
598 45.2303466796875
599 62.46095275878906
600 24.98438262939453
601 43.07652282714844
602 95.6298828125
603 38.338104248046875
604 56.43024826049805
605 24.122852325439453
606 43.938053131103516
607 44.79957962036133
608 74.95314025878906
609 36.61504364013672
610 43.07652282714844
611 66.33784484863281
612 57.29177474975586
613 40.06116485595703
614 26.707441329956055
615 65.47631072998047
616 62.03019332885742
617 57.722537994384766
618 43.938053131103516
619 69.78396606445313
620 66.76860046386719
621 37.9073371887207
622 77.968505859375
623 51.69182586669922
624 69.35320281982422
625 64.61478424072266
626 33.168922424316406
627 39.63039779663086
628 65.47631072998047
629 65.04554748535156
630 32.738155364990234
631 26.27667808532715
632 46.522640228271484
633 78.83002471923828
634 52.12259292602539
635 34.03044891357422
636 43.0765266418457
637 76.24543762207031
638 72.79932403564453
639 85.72227478027344
640 65.04554748535156
641 25.845911026000977
642 29.72279930114746
643 74.52239227294922
644 24.553617477416992
645 71.07626342773438
646 67.63014221191406
647 43.50728988647461
648 48.245704650878906
649 53.84566116333008
650 63.32249069213867
651 48.245704650878906
652 18.092138290405273
653 45.66111373901367
654 43.50728988647461
655 34.030452728271484
656 41.35346603393555
657 29.292034149169922
658 27.568971633911133
659 69.78397369384766
660 31.876625061035156
661 49.538002014160156
662 41.78422546386719
663 34.030452728271484
664 38.338104248046875
665 59.44560623168945
666 26.707441329956055
667 65.04554748535156
668 15.507547378540039
669 19.81519889831543
670 37.4765739440918
671 49.107234954833984
672 19.81519889831543
673 55.5687141418457
674 23.261322021484375
675 55.99947738647461
676 26.707443237304688
677 47.38417434692383
678 53.84565353393555
679 40.06116485595703
680 26.276676177978516
681 78.83003234863281
682 67.19937896728516
683 46.522647857666016
684 69.35320281982422
685 72.36856079101563
686 84.42997741699219
687 75.3839111328125
688 77.5377426147461
689 65.04554748535156
690 45.66111755371094
691 46.953407287597656
692 45.230342864990234
693 52.55335998535156
694 50.830291748046875
695 24.98438262939453
696 58.1533088684082
697 55.99947738647461
698 40.4919319152832
699 35.322750091552734
700 51.691829681396484
701 29.722797393798828
702 52.98412322998047
703 40.49192810058594
704 68.4916763305664
705 13.784486770629883
706 37.90734100341797
707 40.06116485595703
708 46.953407287597656
709 21.10749626159668
710 20.24596405029297
711 6.892243385314941
712 13.353721618652344
713 41.35346221923828
714 10.338364601135254
715 8.615304946899414
716 9.907600402832031
717 40.0611686706543
718 21.107494354248047
719 16.79984474182129
720 3.0153565406799316
721 0.43076521158218384
722 21.107494354248047
723 15.507547378540039
724 27.999736785888672
725 27.568973541259766
726 13.784486770629883
727 18.522903442382813
728 27.138206481933594
729 22.399791717529297
730 30.584327697753906
731 9.046069145202637
732 4.307652473449707
733 11.630661010742188
734 19.815200805664063
735 38.338104248046875
736 33.168922424316406
737 11.199895858764648
738 24.9843807220459
739 16.799842834472656
740 29.72279930114746
741 12.492191314697266
742 22.399789810180664
743 19.81519889831543
744 27.999738693237305
745 32.30739212036133
746 11.630660057067871
747 29.292034149169922
748 22.830554962158203
749 12.922955513000488
750 14.215251922607422
751 30.584331512451172
752 2.5845913887023926
753 19.38443374633789
754 37.045806884765625
755 8.184538841247559
756 12.492191314697266
757 19.815200805664063
758 3.8768868446350098
759 27.568973541259766
760 11.630661010742188
761 19.38443374633789
762 6.892243385314941
763 29.72279930114746
764 16.799842834472656
765 16.799842834472656
766 7.7537736892700195
767 15.507547378540039
768 11.199894905090332
769 9.476834297180176
770 15.938312530517578
771 31.445859909057617
772 52.98411560058594
773 9.046070098876953
774 17.661375045776367
775 26.27667999267578
776 24.98438262939453
777 26.276676177978516
778 12.492191314697266
779 19.81519889831543
780 27.138208389282227
781 9.046070098876953
782 45.2303466796875
783 21.10749626159668
784 25.415145874023438
785 18.522903442382813
786 12.492191314697266
787 31.876623153686523
788 11.199895858764648
789 38.33810806274414
790 18.092138290405273
791 27.138208389282227
792 31.445859909057617
793 18.522903442382813
794 16.799842834472656
795 19.384435653686523
796 12.061426162719727
797 16.369077682495117
798 31.445859909057617
799 36.61504364013672
800 14.215251922607422
801 28.86126708984375
802 14.215251922607422
803 28.861268997192383
804 32.30739212036133
805 18.092140197753906
806 27.999738693237305
807 20.676729202270508
808 30.153564453125
809 26.27667999267578
810 15.507547378540039
811 14.646017074584961
812 6.892243385314941
813 25.415145874023438
814 1.2922956943511963
815 25.41514778137207
816 13.353721618652344
817 14.646017074584961
818 21.969024658203125
819 19.38443374633789
820 15.507547378540039
821 11.630661010742188
822 20.676729202270508
823 12.492191314697266
824 15.507547378540039
825 18.092138290405273
826 13.353721618652344
827 15.507547378540039
828 12.492191314697266
829 28.430505752563477
830 0.8615304231643677
831 47.38417434692383
832 30.153564453125
833 35.75351333618164
834 7.3230085372924805
835 29.722797393798828
836 15.0767822265625
837 14.646017074584961
838 28.861268997192383
839 12.922956466674805
840 22.830554962158203
841 19.38443374633789
842 13.353721618652344
843 24.98438262939453
844 13.353721618652344
845 15.938312530517578
846 3.8768868446350098
847 15.938312530517578
848 25.845911026000977
849 8.184539794921875
850 28.861268997192383
851 8.615303993225098
852 12.922956466674805
853 24.55361557006836
854 8.184538841247559
855 14.646017074584961
856 17.661373138427734
857 1.7230608463287354
858 17.230607986450195
859 24.12285041809082
860 24.9843807220459
861 18.953670501708984
862 9.907600402832031
863 17.661375045776367
864 11.199895858764648
865 26.707441329956055
866 21.969024658203125
867 20.676729202270508
868 31.87662696838379
869 12.922956466674805
870 33.59968948364258
871 15.938312530517578
872 25.415145874023438
873 24.553617477416992
874 18.522903442382813
875 26.276676177978516
876 19.81519889831543
877 28.430503845214844
878 26.707441329956055
879 19.81519889831543
880 12.922956466674805
881 13.784486770629883
882 30.584327697753906
883 19.81519889831543
884 16.799842834472656
885 19.38443374633789
886 19.38443374633789
887 24.9843807220459
888 26.707443237304688
889 27.999736785888672
890 27.138208389282227
891 3.8768868446350098
892 28.43050193786621
893 17.230607986450195
894 24.55361557006836
895 15.938312530517578
896 25.415145874023438
897 9.476834297180176
898 18.953670501708984
899 18.95366859436035
900 27.138206481933594
901 14.215251922607422
902 32.738155364990234
903 12.06142520904541
904 12.061426162719727
905 8.184538841247559
906 15.507547378540039
907 16.369077682495117
908 18.092138290405273
909 12.061426162719727
910 17.661373138427734
911 27.13821029663086
912 17.661373138427734
913 25.415149688720703
914 11.199895858764648
915 55.56871795654297
916 21.538259506225586
917 25.84591293334961
918 46.091880798339844
919 18.522903442382813
920 20.24596405029297
921 20.676729202270508
922 15.507547378540039
923 13.353720664978027
924 44.799583435058594
925 49.96876525878906
926 48.676475524902344
927 47.384178161621094
928 45.66111373901367
929 68.92243957519531
930 51.26106262207031
931 31.876623153686523
932 21.538259506225586
933 40.0611686706543
934 31.445859909057617
935 37.47657775878906
936 55.5687141418457
937 27.568973541259766
938 25.84591293334961
939 96.0606460571289
940 32.30739212036133
941 19.81519889831543
942 65.9070816040039
943 13.784485816955566
944 17.661373138427734
945 53.84565353393555
946 27.568973541259766
947 57.722537994384766
948 36.18427658081055
949 40.0611686706543
950 23.692087173461914
951 32.738155364990234
952 31.015094757080078
953 25.845911026000977
954 51.69182586669922
955 71.50702667236328
956 56.430240631103516
957 19.38443374633789
958 59.44560623168945
959 46.52264404296875
960 45.661109924316406
961 26.707441329956055
962 39.630401611328125
963 41.35346221923828
964 75.3839111328125
965 31.876625061035156
966 63.753257751464844
967 50.399532318115234
968 32.738155364990234
969 70.21472930908203
970 47.81494140625
971 37.9073371887207
972 55.13794708251953
973 24.98438262939453
974 48.245704650878906
975 63.75325393676758
976 36.18427658081055
977 29.722797393798828
978 43.938053131103516
979 70.64549255371094
980 28.430503845214844
981 80.98385620117188
982 63.75325012207031
983 39.630401611328125
984 55.5687141418457
985 65.47631072998047
986 58.584068298339844
987 37.90734100341797
988 32.30738830566406
989 40.49192810058594
990 38.338104248046875
991 57.722537994384766
992 42.64575958251953
993 49.107234954833984
994 25.84591293334961
995 24.9843807220459
996 21.969024658203125
997 43.50728225708008
998 47.38417434692383
999 43.507293701171875
1000 23.261320114135742
1001 37.4765739440918
1002 37.4765739440918
