# Selection:resname AU POPC Restricted:name AUC AUL AUSL Radius:2.64 Start:0 End:-1
0 10.338364601135254
1 9.046069145202637
2 15.507547378540039
3 10.33836555480957
4 31.445858001708984
5 9.476834297180176
6 5.599947452545166
7 9.907600402832031
8 32.738155364990234
9 28.43050193786621
10 11.630661010742188
11 30.584331512451172
12 3.4461216926574707
13 9.476834297180176
14 5.599947929382324
15 0.0
16 13.353721618652344
17 6.030713081359863
18 5.599947929382324
19 7.7537736892700195
20 12.492191314697266
21 18.522903442382813
22 3.8768868446350098
23 8.615303993225098
24 8.184538841247559
25 11.199894905090332
26 3.0153565406799316
27 10.769129753112793
28 12.061426162719727
29 7.7537736892700195
30 21.969026565551758
31 19.384435653686523
32 19.38443374633789
33 6.892243385314941
34 21.969024658203125
35 1.2922956943511963
36 16.799842834472656
37 5.169182777404785
38 6.461478233337402
39 19.81519889831543
40 27.138208389282227
41 8.184538841247559
42 9.476834297180176
43 10.33836555480957
44 11.630661010742188
45 9.476834297180176
46 21.107494354248047
47 19.81519889831543
48 7.3230085372924805
49 19.38443374633789
50 18.092138290405273
51 6.461478233337402
52 12.492191314697266
53 8.615303993225098
54 15.507547378540039
55 20.676729202270508
56 39.630401611328125
57 24.9843807220459
58 3.0153565406799316
59 16.369077682495117
60 21.969024658203125
61 14.646017074584961
62 38.76887130737305
63 3.876887083053589
64 22.399789810180664
65 1.2922956943511963
66 21.538259506225586
67 7.3230085372924805
68 14.646017074584961
69 8.184538841247559
70 7.3230085372924805
71 23.69208526611328
72 26.276676177978516
73 3.876887083053589
74 12.061426162719727
75 13.784486770629883
76 27.138206481933594
77 19.81519889831543
78 5.599947929382324
79 6.030713081359863
80 2.1538259983062744
81 26.276676177978516
82 15.507547378540039
83 27.138208389282227
84 31.876625061035156
85 17.661373138427734
86 9.907599449157715
87 4.738417148590088
88 37.045806884765625
89 22.399789810180664
90 24.553617477416992
91 2.1538259983062744
92 18.95366859436035
93 23.261322021484375
94 12.06142520904541
95 4.738417625427246
96 3.0153565406799316
97 0.8615304231643677
98 5.169182300567627
99 16.799842834472656
100 33.59968566894531
101 1.2922956943511963
102 29.722797393798828
103 16.369077682495117
104 7.3230085372924805
105 12.922956466674805
106 23.261320114135742
107 3.44612193107605
108 24.55361557006836
109 15.938312530517578
110 8.184539794921875
111 5.169182777404785
112 15.0767822265625
113 6.461478233337402
114 10.33836555480957
115 26.276676177978516
116 6.461478233337402
117 12.49219036102295
118 21.538259506225586
119 4.307652473449707
120 9.476834297180176
121 18.092138290405273
122 26.276676177978516
123 45.23035430908203
124 13.353721618652344
125 3.8768868446350098
126 18.522903442382813
127 29.29203224182129
128 8.184538841247559
129 15.0767822265625
130 6.030713081359863
131 15.0767822265625
132 14.646017074584961
133 6.892243385314941
134 7.7537736892700195
135 8.615303993225098
136 19.38443374633789
137 22.399791717529297
138 27.568973541259766
139 3.0153565406799316
140 5.599947929382324
141 14.215251922607422
142 7.3230085372924805
143 3.8768868446350098
144 2.1538259983062744
145 7.7537736892700195
146 13.784486770629883
147 2.5845913887023926
148 15.507547378540039
149 12.492191314697266
150 21.969024658203125
151 14.646017074584961
152 10.76913070678711
153 21.969026565551758
154 9.046069145202637
155 24.12285041809082
156 7.7537736892700195
157 24.553617477416992
158 28.86126708984375
159 15.938312530517578
160 10.769129753112793
161 12.06142520904541
162 11.630660057067871
163 10.33836555480957
164 12.922956466674805
165 8.615304946899414
166 11.630661010742188
167 16.369077682495117
168 12.922956466674805
169 4.738417148590088
170 22.830554962158203
171 11.199895858764648
172 7.3230085372924805
173 30.58432960510254
174 16.369077682495117
175 27.138206481933594
176 11.199895858764648
177 15.938311576843262
178 6.030713081359863
179 4.738417625427246
180 22.830556869506836
181 14.215251922607422
182 11.630661010742188
183 10.769129753112793
184 21.107494354248047
185 14.646017074584961
186 1.7230608463287354
187 17.230607986450195
188 12.492191314697266
189 2.1538259983062744
190 17.230607986450195
191 6.892243385314941
192 10.76913070678711
193 15.507547378540039
194 12.492191314697266
195 3.4461216926574707
196 12.061426162719727
197 6.461478233337402
198 10.33836555480957
199 15.0767822265625
200 16.369077682495117
201 27.999738693237305
202 16.799842834472656
203 6.892243385314941
204 9.476835250854492
205 22.399789810180664
206 6.030713081359863
207 16.36907958984375
208 10.33836555480957
209 9.476834297180176
210 24.984384536743164
211 15.938312530517578
212 37.90734100341797
213 21.538259506225586
214 22.830554962158203
215 27.568971633911133
216 8.184538841247559
217 15.0767822265625
218 6.461478233337402
219 22.830554962158203
220 6.461478233337402
221 6.461478233337402
222 6.892243385314941
223 3.8768868446350098
224 15.0767822265625
225 14.215251922607422
226 4.738417625427246
227 7.7537736892700195
228 4.738417625427246
229 6.030713081359863
230 10.33836555480957
231 21.538259506225586
232 13.353721618652344
233 12.061426162719727
234 2.1538259983062744
235 18.953670501708984
236 9.907599449157715
237 28.86126708984375
238 44.36882400512695
239 1.7230608463287354
240 24.98438262939453
241 9.907600402832031
242 24.122852325439453
243 32.30739212036133
244 39.199642181396484
245 5.169182777404785
246 24.122852325439453
247 18.95366859436035
248 8.615303993225098
249 5.599947929382324
250 15.938312530517578
251 27.999736785888672
252 19.81519889831543
253 10.33836555480957
254 23.69208526611328
255 6.030713081359863
256 12.922956466674805
257 6.030712604522705
258 3.8768868446350098
259 3.4461216926574707
260 3.4461216926574707
261 12.492191314697266
262 33.59968948364258
263 6.461478233337402
264 9.476834297180176
265 11.630661010742188
266 17.230607986450195
267 8.184538841247559
268 16.799842834472656
269 14.215251922607422
270 2.1538262367248535
271 46.52264404296875
272 6.030713081359863
273 12.061426162719727
274 24.12285041809082
275 7.7537736892700195
276 5.599947452545166
277 4.307651996612549
278 41.35346221923828
279 25.845911026000977
280 16.369077682495117
281 9.907600402832031
282 0.43076521158218384
283 1.2922956943511963
284 25.84591293334961
285 0.43076521158218384
286 21.107494354248047
287 18.092138290405273
288 31.445858001708984
289 22.830554962158203
290 3.0153565406799316
291 16.369077682495117
292 3.8768868446350098
293 14.646017074584961
294 13.784486770629883
295 35.75351333618164
296 6.030713081359863
297 22.399789810180664
298 19.38443374633789
299 24.98438262939453
300 4.738417148590088
301 6.892243385314941
302 8.184538841247559
303 13.353721618652344
304 11.630660057067871
305 22.399789810180664
306 38.76887130737305
307 17.661373138427734
308 17.230607986450195
309 17.661373138427734
310 37.045814514160156
311 0.0
312 29.292034149169922
313 15.938312530517578
314 21.107494354248047
315 34.46121597290039
316 21.538259506225586
317 12.922956466674805
318 6.892243385314941
319 9.907600402832031
320 11.630660057067871
321 7.7537736892700195
322 4.307651996612549
323 19.38443374633789
324 12.922956466674805
325 15.938312530517578
326 26.276676177978516
327 36.61504364013672
328 0.43076521158218384
329 11.630660057067871
330 32.738155364990234
331 15.0767822265625
332 21.538259506225586
333 5.169182300567627
334 31.876625061035156
335 34.030452728271484
336 13.784486770629883
337 10.33836555480957
338 9.476834297180176
339 17.661373138427734
340 16.36907958984375
341 13.353721618652344
342 34.030452728271484
343 31.445858001708984
344 31.87662696838379
345 12.06142520904541
346 34.89198303222656
347 15.0767822265625
348 10.33836555480957
349 19.38443374633789
350 10.33836555480957
351 1.2922956943511963
352 10.76913070678711
353 7.7537736892700195
354 25.415145874023438
355 10.76913070678711
356 13.353721618652344
357 31.876623153686523
358 10.338364601135254
359 13.353721618652344
360 3.8768868446350098
361 37.4765739440918
362 9.476834297180176
363 20.24596405029297
364 1.7230608463287354
365 9.476835250854492
366 6.461478233337402
367 12.492191314697266
368 23.69208526611328
369 7.323008060455322
370 17.230607986450195
371 15.938312530517578
372 6.030713081359863
373 19.815200805664063
374 15.938312530517578
375 20.676729202270508
376 38.338104248046875
377 9.046069145202637
378 10.769129753112793
379 21.969024658203125
380 10.769129753112793
381 14.215251922607422
382 11.630661010742188
383 13.353721618652344
384 5.599947929382324
385 7.3230085372924805
386 15.507547378540039
387 30.153564453125
388 27.999738693237305
389 28.430503845214844
390 15.938312530517578
391 6.892243385314941
392 15.938312530517578
393 21.538259506225586
394 7.7537736892700195
395 13.784486770629883
396 14.215251922607422
397 19.81519889831543
398 19.38443374633789
399 29.29203224182129
400 13.784486770629883
401 3.8768868446350098
402 22.399789810180664
403 19.38443374633789
404 21.107494354248047
405 23.69208526611328
406 10.769129753112793
407 23.261320114135742
408 21.538259506225586
409 11.199894905090332
410 27.999738693237305
411 8.615303993225098
412 6.030713081359863
413 11.199894905090332
414 15.938312530517578
415 24.12285041809082
416 21.538259506225586
417 4.738417148590088
418 46.52264404296875
419 23.261320114135742
420 22.830554962158203
421 8.184538841247559
422 8.615304946899414
423 24.55361557006836
424 11.199895858764648
425 17.661373138427734
426 7.3230085372924805
427 22.830554962158203
428 22.830554962158203
429 32.30739212036133
430 11.199895858764648
431 10.33836555480957
432 19.81519889831543
433 18.953670501708984
434 8.615303993225098
435 9.907600402832031
436 5.599947929382324
437 0.0
438 29.29203224182129
439 22.830554962158203
440 14.646017074584961
441 10.769129753112793
442 9.476834297180176
443 6.461478233337402
444 12.922956466674805
445 3.4461216926574707
446 9.046069145202637
447 13.784486770629883
448 4.307651996612549
449 4.307652473449707
450 19.38443374633789
451 8.615303993225098
452 7.3230085372924805
453 18.522903442382813
454 1.2922956943511963
455 8.184538841247559
456 0.8615304231643677
457 15.507547378540039
458 8.184538841247559
459 8.615304946899414
460 28.430503845214844
461 9.046070098876953
462 13.784485816955566
463 10.33836555480957
464 4.307651996612549
465 8.615303993225098
466 16.369077682495117
467 2.1538262367248535
468 13.784485816955566
469 18.522903442382813
470 24.12285041809082
471 34.89198303222656
472 23.261322021484375
473 16.369077682495117
474 1.7230608463287354
475 14.646017074584961
476 3.4461216926574707
477 7.7537736892700195
478 25.845911026000977
479 6.461478233337402
480 1.7230608463287354
481 21.969024658203125
482 22.399789810180664
483 10.33836555480957
484 25.415145874023438
485 1.2922956943511963
486 12.922955513000488
487 16.799842834472656
488 6.030713081359863
489 6.461478233337402
490 19.384435653686523
491 12.492191314697266
492 12.061426162719727
493 3.4461216926574707
494 19.81519889831543
495 5.169182300567627
496 27.568973541259766
497 15.938312530517578
498 11.630660057067871
499 32.738155364990234
500 3.0153565406799316
501 18.092138290405273
502 12.492191314697266
503 16.799842834472656
504 52.98412322998047
505 12.49219036102295
506 3.8768868446350098
507 15.076781272888184
508 6.461477756500244
509 10.76913070678711
510 30.153564453125
511 21.969024658203125
512 13.353721618652344
513 16.369077682495117
514 12.492191314697266
515 13.353721618652344
516 11.630661010742188
517 7.7537736892700195
518 21.538259506225586
519 22.399789810180664
520 1.7230608463287354
521 6.892243385314941
522 20.67673110961914
523 30.584327697753906
524 5.169182777404785
525 36.61503982543945
526 18.092138290405273
527 7.7537736892700195
528 7.7537736892700195
529 8.184539794921875
530 18.95366859436035
531 22.830554962158203
532 19.38443374633789
533 24.12285041809082
534 21.969024658203125
535 13.353721618652344
536 29.29203224182129
537 26.276676177978516
538 12.922956466674805
539 4.307652473449707
540 9.046070098876953
541 11.199895858764648
542 21.969024658203125
543 21.969026565551758
544 10.338364601135254
545 15.938312530517578
546 57.291770935058594
547 13.784486770629883
548 16.369077682495117
549 15.507547378540039
550 6.461477756500244
551 15.938312530517578
552 10.338364601135254
553 7.753774166107178
554 17.661373138427734
555 37.9073371887207
556 18.092138290405273
557 15.507547378540039
558 14.646017074584961
559 7.3230085372924805
560 19.38443374633789
561 12.061426162719727
562 12.922956466674805
563 10.338364601135254
564 27.568973541259766
565 1.7230608463287354
566 34.03044891357422
567 17.661373138427734
568 35.32274627685547
569 3.4461216926574707
570 4.738417625427246
571 12.06142520904541
572 1.2922956943511963
573 13.353721618652344
574 28.430503845214844
575 17.661373138427734
576 19.81519889831543
577 40.06117248535156
578 13.353721618652344
579 14.646016120910645
580 20.676729202270508
581 12.06142520904541
582 7.3230085372924805
583 19.38443374633789
584 6.461478233337402
585 34.8919792175293
586 12.492191314697266
587 5.169182777404785
588 24.12285041809082
589 20.676729202270508
590 9.046069145202637
591 9.046070098876953
592 33.59968566894531
593 31.876625061035156
594 5.169182300567627
595 5.599947929382324
596 23.261320114135742
597 6.030713081359863
598 9.046069145202637
599 6.030713081359863
600 9.476834297180176
601 22.399791717529297
602 21.538259506225586
603 6.461478233337402
604 16.799842834472656
605 22.399789810180664
606 9.476834297180176
607 9.046069145202637
608 43.50728988647461
609 19.38443374633789
610 11.630661010742188
611 28.861270904541016
612 17.661373138427734
613 6.461478233337402
614 9.907599449157715
615 11.199895858764648
616 12.492191314697266
617 9.046069145202637
618 16.369077682495117
619 14.215251922607422
620 13.353721618652344
621 2.5845913887023926
622 21.969024658203125
623 11.630661010742188
624 16.369077682495117
625 13.784486770629883
626 6.892243385314941
627 9.907599449157715
628 13.784486770629883
629 20.676729202270508
630 5.599947929382324
631 12.922956466674805
632 9.907599449157715
633 15.507547378540039
634 14.215251922607422
635 4.738417148590088
636 4.307652473449707
637 16.369077682495117
638 5.169182300567627
639 36.61504364013672
640 5.599947452545166
641 17.661373138427734
642 11.630660057067871
643 36.61504364013672
644 11.199894905090332
645 17.230607986450195
646 24.55361557006836
647 4.738417625427246
648 17.661373138427734
649 24.98438262939453
650 18.95366859436035
651 15.507546424865723
652 16.799842834472656
653 17.230609893798828
654 12.061426162719727
655 11.630661010742188
656 17.661373138427734
657 5.599947452545166
658 19.81519889831543
659 46.95341110229492
660 8.184538841247559
661 3.8768868446350098
662 15.938312530517578
663 6.892243385314941
664 7.3230085372924805
665 18.092138290405273
666 3.4461216926574707
667 24.122852325439453
668 5.599947929382324
669 3.0153565406799316
670 14.215251922607422
671 8.184538841247559
672 8.615303993225098
673 5.599947929382324
674 3.4461216926574707
675 12.492191314697266
676 0.8615304231643677
677 8.615304946899414
678 18.95366859436035
679 3.4461216926574707
680 2.5845911502838135
681 11.199894905090332
682 10.338364601135254
683 22.399789810180664
684 22.399789810180664
685 27.999738693237305
686 26.707441329956055
687 40.49193572998047
688 25.415145874023438
689 10.769129753112793
690 8.615303993225098
691 15.938312530517578
692 4.738417625427246
693 21.107494354248047
694 17.661373138427734
695 9.907599449157715
696 16.369077682495117
697 18.95366859436035
698 23.69208526611328
699 4.307651996612549
700 16.799842834472656
701 0.8615304231643677
702 9.476835250854492
703 20.24596405029297
704 15.938312530517578
705 6.030713081359863
706 4.738417625427246
707 17.661373138427734
708 0.8615304231643677
709 6.030713081359863
710 4.738417148590088
711 0.8615304231643677
712 2.5845913887023926
713 4.738417148590088
714 2.1538262367248535
715 4.307651996612549
716 0.8615304231643677
717 2.5845913887023926
718 9.907599449157715
719 0.0
720 3.0153565406799316
721 0.43076521158218384
722 2.1538259983062744
723 4.738417148590088
724 3.4461216926574707
725 3.4461216926574707
726 0.43076521158218384
727 4.307652473449707
728 14.646017074584961
729 9.907600402832031
730 1.7230608463287354
731 7.3230085372924805
732 1.2922956943511963
733 5.599947929382324
734 0.8615304231643677
735 8.184538841247559
736 3.8768868446350098
737 2.1538259983062744
738 12.061426162719727
739 6.461478233337402
740 7.7537736892700195
741 5.169182777404785
742 3.44612193107605
743 8.615303993225098
744 17.661373138427734
745 5.599947929382324
746 2.1538259983062744
747 16.369077682495117
748 12.061426162719727
749 3.0153565406799316
750 3.876887083053589
751 24.122852325439453
752 0.0
753 6.030713081359863
754 9.046069145202637
755 3.0153565406799316
756 4.738417148590088
757 8.184538841247559
758 3.8768868446350098
759 2.5845913887023926
760 6.030713081359863
761 0.0
762 4.307651996612549
763 11.199895858764648
764 0.0
765 10.338364601135254
766 0.8615304231643677
767 9.476835250854492
768 6.461478233337402
769 6.892243385314941
770 9.476834297180176
771 10.769129753112793
772 7.3230085372924805
773 0.8615304231643677
774 4.738417625427246
775 4.307651996612549
776 9.907600402832031
777 10.33836555480957
778 3.4461216926574707
779 0.0
780 10.33836555480957
781 1.2922956943511963
782 13.784486770629883
783 5.599947929382324
784 6.461478233337402
785 2.5845911502838135
786 1.7230608463287354
787 12.492191314697266
788 3.0153565406799316
789 16.369077682495117
790 5.599947929382324
791 5.169182300567627
792 8.184539794921875
793 13.784486770629883
794 6.892243385314941
795 3.44612193107605
796 8.615303993225098
797 10.769129753112793
798 6.030713081359863
799 0.8615304231643677
800 14.215251922607422
801 0.0
802 1.2922956943511963
803 3.0153565406799316
804 11.630661010742188
805 7.3230085372924805
806 5.599947929382324
807 12.922955513000488
808 15.938312530517578
809 12.061426162719727
810 11.199895858764648
811 11.630661010742188
812 0.8615304231643677
813 4.307652473449707
814 0.8615304231643677
815 13.353721618652344
816 5.599947929382324
817 9.476834297180176
818 14.215251922607422
819 6.892243385314941
820 5.169182777404785
821 9.476834297180176
822 3.4461216926574707
823 0.43076521158218384
824 1.2922956943511963
825 7.7537736892700195
826 2.5845913887023926
827 0.0
828 9.907600402832031
829 3.0153565406799316
830 0.43076521158218384
831 16.369077682495117
832 2.1538259983062744
833 13.353721618652344
834 4.738417625427246
835 18.95366859436035
836 6.892243385314941
837 9.476834297180176
838 12.492191314697266
839 5.169182777404785
840 6.461478233337402
841 8.615303993225098
842 5.169182777404785
843 6.030713081359863
844 2.1538262367248535
845 2.1538259983062744
846 2.1538262367248535
847 3.8768868446350098
848 14.215251922607422
849 6.892243385314941
850 9.476835250854492
851 4.307651996612549
852 5.599947929382324
853 11.630661010742188
854 3.4461216926574707
855 3.4461216926574707
856 2.5845913887023926
857 0.8615304231643677
858 7.753774166107178
859 3.4461216926574707
860 8.184538841247559
861 8.615304946899414
862 3.4461216926574707
863 3.8768868446350098
864 0.8615304231643677
865 9.476834297180176
866 13.784486770629883
867 6.892243385314941
868 9.046070098876953
869 10.76913070678711
870 6.892243385314941
871 13.353721618652344
872 6.461478233337402
873 6.461478233337402
874 2.5845913887023926
875 14.215251922607422
876 1.2922956943511963
877 5.169182300567627
878 14.646017074584961
879 12.492191314697266
880 4.307651996612549
881 1.2922956943511963
882 0.8615304231643677
883 6.461478233337402
884 3.8768868446350098
885 4.307652473449707
886 6.461478233337402
887 1.7230608463287354
888 7.7537736892700195
889 9.046070098876953
890 5.169182777404785
891 0.43076521158218384
892 1.2922956943511963
893 5.599947929382324
894 7.3230085372924805
895 6.030713081359863
896 9.046070098876953
897 0.0
898 4.307652473449707
899 3.8768868446350098
900 13.353721618652344
901 6.461478233337402
902 9.476835250854492
903 0.8615304231643677
904 5.599947929382324
905 5.169182300567627
906 6.892243385314941
907 8.184538841247559
908 3.8768868446350098
909 1.7230608463287354
910 0.8615304231643677
911 13.7844877243042
912 12.492191314697266
913 0.43076521158218384
914 4.738417148590088
915 11.630661010742188
916 3.0153565406799316
917 9.907599449157715
918 4.738417625427246
919 7.7537736892700195
920 3.0153565406799316
921 2.1538259983062744
922 6.030713081359863
923 9.907599449157715
924 5.169182777404785
925 13.784486770629883
926 12.492191314697266
927 9.907599449157715
928 10.769129753112793
929 35.753517150878906
930 9.907600402832031
931 5.169182777404785
932 3.4461216926574707
933 12.061426162719727
934 3.0153565406799316
935 0.0
936 30.58432960510254
937 3.4461216926574707
938 5.169182777404785
939 9.046069145202637
940 9.907599449157715
941 8.615303993225098
942 3.8768868446350098
943 3.4461214542388916
944 3.4461216926574707
945 2.1538262367248535
946 3.8768868446350098
947 14.215251922607422
948 7.7537736892700195
949 16.79984474182129
950 9.046070098876953
951 7.3230085372924805
952 4.307651996612549
953 4.307651996612549
954 9.907600402832031
955 18.092138290405273
956 4.738417625427246
957 5.599947929382324
958 5.169182777404785
959 18.092138290405273
960 1.2922956943511963
961 9.476835250854492
962 7.3230085372924805
963 7.7537736892700195
964 28.430503845214844
965 0.8615304231643677
966 1.7230608463287354
967 12.922955513000488
968 10.338364601135254
969 7.3230085372924805
970 0.43076521158218384
971 3.8768868446350098
972 13.353721618652344
973 0.0
974 5.169182300567627
975 25.41514778137207
976 1.7230608463287354
977 24.122852325439453
978 17.230609893798828
979 22.830556869506836
980 8.615303993225098
981 9.907599449157715
982 18.95366859436035
983 7.7537736892700195
984 6.030713081359863
985 12.492191314697266
986 19.815200805664063
987 9.046069145202637
988 2.1538259983062744
989 9.476835250854492
990 29.29203224182129
991 21.969026565551758
992 0.8615304231643677
993 11.630661010742188
994 13.353721618652344
995 22.830556869506836
996 3.8768868446350098
997 6.892243385314941
998 1.7230608463287354
999 10.76913070678711
1000 3.4461216926574707
1001 10.33836555480957
1002 10.33836555480957
