0 36.71189498901367
1 36.71189498901367
2 0.0
3 20.28815269470215
4 0.0
5 40.5763053894043
6 9.661025047302246
7 0.0
8 4.830512523651123
9 7.728820323944092
10 73.42378997802734
11 5.796615123748779
12 1.932205080986023
13 3.864410161972046
14 4.830512523651123
15 13.525435447692871
16 4.830512523651123
17 14.491538047790527
18 43.474613189697266
19 16.423742294311523
20 21.254255294799805
21 0.9661025404930115
22 0.0
23 81.1526107788086
24 10.627127647399902
25 1.932205080986023
26 0.9661025404930115
27 2.8983075618743896
28 0.0
29 30.915279388427734
30 3.864410161972046
31 10.627127647399902
32 2.8983075618743896
33 3.864410161972046
34 10.627127647399902
35 27.050870895385742
36 30.915281295776367
37 11.593230247497559
38 2.8983075618743896
39 0.0
40 16.423742294311523
41 16.423742294311523
42 5.796615123748779
43 1.932205080986023
44 0.0
45 1.932205080986023
46 0.0
47 9.661025047302246
48 0.0
49 28.983074188232422
50 2.8983075618743896
51 53.13563537597656
52 8.69492244720459
53 18.355947494506836
54 67.6271743774414
55 25.11866569519043
56 39.61020278930664
57 1.932205080986023
58 22.22035789489746
59 7.728819847106934
60 14.491538047790527
61 3.864410161972046
62 0.0
63 22.22035789489746
64 43.474613189697266
65 19.322050094604492
66 31.881383895874023
67 14.491538047790527
68 15.457640647888184
69 10.627127647399902
70 26.084768295288086
71 0.9661025404930115
72 4.830512523651123
73 27.050870895385742
74 35.745792388916016
75 6.7627177238464355
76 4.830512523651123
77 22.22035789489746
78 0.0
79 17.38984489440918
80 5.796615123748779
81 13.525435447692871
82 10.627127647399902
83 21.254255294799805
84 11.593230247497559
85 18.355947494506836
86 5.796615123748779
87 43.474613189697266
88 1.932205080986023
89 11.593230247497559
90 11.593230247497559
91 5.796615123748779
92 17.38984489440918
93 8.69492244720459
94 55.067840576171875
95 11.593230247497559
96 6.7627177238464355
97 0.9661025404930115
98 22.22035789489746
99 0.0
100 10.627127647399902
101 21.254255294799805
102 0.0
103 7.728820323944092
104 4.830512523651123
105 19.322050094604492
106 1.932205080986023
107 8.69492244720459
108 6.7627177238464355
109 0.9661025404930115
110 3.864410161972046
111 2.8983075618743896
112 15.457640647888184
113 10.627127647399902
114 9.661025047302246
115 9.661025047302246
116 10.627127647399902
117 0.0
118 0.9661025404930115
119 24.152563095092773
120 0.0
121 0.0
122 0.9661025404930115
123 10.627127647399902
124 4.830512523651123
125 3.864410161972046
126 2.8983075618743896
127 11.593230247497559
128 3.864410161972046
129 29.949176788330078
130 32.84748458862305
131 28.0169734954834
132 29.949176788330078
133 34.77968978881836
134 10.627127647399902
135 9.661025047302246
136 5.796615123748779
137 62.796661376953125
138 34.77968978881836
139 0.0
140 2.8983075618743896
141 21.254255294799805
142 0.0
143 4.830512523651123
144 11.593230247497559
145 27.050870895385742
146 10.627127647399902
147 1.932205080986023
148 84.05091857910156
149 0.0
150 0.0
151 5.796615123748779
152 0.9661025404930115
153 24.152563095092773
154 9.661025047302246
155 1.932205080986023
156 10.627127647399902
157 0.9661025404930115
158 2.8983075618743896
159 34.77968978881836
160 12.559332847595215
161 2.8983075618743896
162 91.77973937988281
163 35.745792388916016
164 34.77968978881836
165 38.644100189208984
166 4.830512523651123
167 3.864410161972046
168 6.7627177238464355
169 30.915281295776367
170 9.661025047302246
171 0.0
172 10.627127647399902
173 0.9661025404930115
174 28.983074188232422
175 37.67799758911133
176 16.423742294311523
177 5.796615123748779
178 1.932205080986023
179 4.830512523651123
180 0.0
181 11.593230247497559
182 11.593230247497559
183 12.559332847595215
184 1.932205080986023
185 0.9661025404930115
186 19.322050094604492
187 11.593230247497559
188 15.457640647888184
189 8.69492244720459
190 39.61020278930664
191 28.0169734954834
192 40.5763053894043
193 38.644100189208984
194 0.9661025404930115
195 19.322050094604492
196 25.118663787841797
197 0.0
198 14.491538047790527
199 1.932205080986023
200 0.0
201 24.152563095092773
202 0.0
203 5.796615123748779
204 9.661025047302246
205 6.7627177238464355
206 0.0
207 0.0
208 37.67799758911133
209 0.9661025404930115
210 17.38984489440918
211 13.525434494018555
212 11.593230247497559
213 39.61020278930664
214 0.9661025404930115
215 8.69492244720459
216 102.40686798095703
217 21.254255294799805
218 5.796615123748779
219 12.559332847595215
220 16.423742294311523
221 19.322050094604492
222 2.8983075618743896
223 13.525435447692871
224 3.864410161972046
225 14.491538047790527
226 9.661025047302246
227 16.423742294311523
228 1.932205080986023
229 54.101741790771484
230 0.9661025404930115
231 5.796615123748779
232 19.322050094604492
233 0.0
234 49.2712287902832
235 14.491538047790527
236 13.525435447692871
237 0.9661025404930115
238 1.932205080986023
239 24.152563095092773
240 0.0
241 25.11866569519043
242 58.932254791259766
243 24.152563095092773
244 11.593230247497559
245 1.932205080986023
246 15.457640647888184
247 31.881383895874023
248 27.05086898803711
249 0.9661025404930115
250 15.457640647888184
251 44.44071578979492
252 7.728820323944092
253 5.796615123748779
254 16.423742294311523
255 0.0
256 20.28815269470215
257 2.8983075618743896
258 11.593230247497559
259 25.11866569519043
260 9.661025047302246
261 16.423742294311523
262 51.203433990478516
263 17.38984489440918
264 1.932205080986023
265 16.423742294311523
266 11.593230247497559
267 34.77968978881836
268 22.22035789489746
269 6.7627177238464355
270 21.254255294799805
271 0.0
272 21.254255294799805
273 0.0
274 28.983074188232422
275 113.03399658203125
276 9.661025047302246
277 124.62722778320313
278 0.0
279 3.864410161972046
280 18.355947494506836
281 0.9661025404930115
282 7.728820323944092
283 4.830512523651123
284 0.0
285 8.69492244720459
286 28.983076095581055
287 21.254255294799805
288 24.152563095092773
289 2.8983075618743896
290 13.525435447692871
291 7.728820323944092
292 18.355947494506836
293 6.7627177238464355
294 4.830512523651123
295 22.22035789489746
296 13.525435447692871
297 19.322050094604492
298 48.30512619018555
299 14.491538047790527
300 7.728820323944092
301 0.0
302 0.0
303 3.864410161972046
304 7.728820323944092
305 3.864410161972046
306 0.9661025404930115
307 23.186460494995117
308 0.0
309 52.16953659057617
310 24.152563095092773
311 75.35599517822266
312 129.45773315429688
313 21.254255294799805
314 28.0169734954834
315 10.627127647399902
316 0.0
317 45.40681838989258
318 20.28815269470215
319 45.40681838989258
320 7.728820323944092
321 19.322050094604492
322 12.559332847595215
323 28.0169734954834
324 3.864410161972046
325 38.644100189208984
326 112.0678939819336
327 4.830512523651123
328 22.22035789489746
329 15.457640647888184
330 37.67799758911133
331 0.0
332 4.830512523651123
333 18.355947494506836
334 0.9661025404930115
335 26.084768295288086
336 20.28815269470215
337 0.9661025404930115
338 19.322050094604492
339 19.322050094604492
340 5.796615123748779
341 40.5763053894043
342 29.94917869567871
343 5.796615123748779
344 0.0
345 21.254255294799805
346 11.593230247497559
347 23.186460494995117
348 0.0
349 3.864410161972046
350 17.38984489440918
351 0.0
352 2.8983075618743896
353 10.627127647399902
354 7.728820323944092
355 66.66107177734375
356 10.627127647399902
357 3.864410161972046
358 34.77968978881836
359 12.559332847595215
360 22.22035789489746
361 10.627127647399902
362 0.9661025404930115
363 5.796615123748779
364 38.644100189208984
365 40.5763053894043
366 13.525435447692871
367 9.661025047302246
368 10.627127647399902
369 9.661025047302246
370 19.322050094604492
371 14.491537094116211
372 0.9661025404930115
373 15.457640647888184
374 3.864410161972046
375 6.7627177238464355
376 9.661025047302246
377 4.830512523651123
378 6.7627177238464355
379 1.932205080986023
380 0.9661025404930115
381 13.525435447692871
382 39.61020278930664
383 11.593230247497559
384 0.0
385 3.864410161972046
386 20.28815269470215
387 0.9661025404930115
388 1.932205080986023
389 6.7627177238464355
390 6.7627177238464355
391 7.728820323944092
392 12.559332847595215
393 13.525435447692871
394 18.355947494506836
395 11.593230247497559
396 2.8983075618743896
397 24.152563095092773
398 47.33902359008789
399 6.7627177238464355
400 7.728820323944092
401 0.9661025404930115
402 20.28815269470215
403 34.77968978881836
404 13.525434494018555
405 0.0
406 1.932205080986023
407 27.050870895385742
408 35.745792388916016
409 7.728819847106934
410 20.28815269470215
411 57.00004959106445
412 36.71189498901367
413 6.7627177238464355
414 6.7627177238464355
415 68.59327697753906
416 12.559332847595215
417 9.661025047302246
418 44.44071578979492
419 16.423742294311523
420 21.254255294799805
421 17.38984489440918
422 30.915281295776367
423 40.5763053894043
424 2.8983075618743896
425 16.423742294311523
426 0.9661025404930115
427 19.322050094604492
428 43.474613189697266
429 4.830512523651123
430 26.084768295288086
431 0.0
432 1.932205080986023
433 9.661025047302246
434 9.661025047302246
435 31.88138198852539
436 23.186460494995117
437 0.0
438 14.491537094116211
439 5.796615123748779
440 14.491538047790527
441 14.491537094116211
442 57.00004959106445
443 11.593230247497559
444 19.322050094604492
445 28.0169734954834
446 25.11866569519043
447 20.28815269470215
448 0.0
449 5.796615123748779
450 40.5763053894043
451 18.355947494506836
452 0.9661025404930115
453 23.186460494995117
454 6.7627177238464355
455 10.627127647399902
456 0.9661025404930115
457 17.38984489440918
458 6.7627177238464355
459 23.186460494995117
460 15.457640647888184
461 5.796615123748779
462 6.7627177238464355
463 12.559332847595215
464 11.593230247497559
465 4.830512523651123
466 64.72886657714844
467 1.932205080986023
468 3.864410161972046
469 14.491538047790527
470 1.932205080986023
471 28.983074188232422
472 5.796615123748779
473 31.881383895874023
474 6.7627177238464355
475 2.8983075618743896
476 12.559332847595215
477 22.22035789489746
478 5.796615123748779
479 10.627127647399902
480 25.11866569519043
481 29.94917869567871
482 44.44071578979492
483 14.491538047790527
484 23.186460494995117
485 0.0
486 36.71189498901367
487 0.0
488 1.932205080986023
489 19.322050094604492
490 9.661025047302246
491 2.8983075618743896
492 21.254255294799805
493 6.7627177238464355
494 0.0
495 3.864410161972046
496 46.372920989990234
497 34.77968978881836
498 53.13563537597656
499 25.11866569519043
500 23.186460494995117
501 27.05086898803711
502 26.084768295288086
503 9.661025047302246
504 10.627127647399902
505 0.9661025404930115
506 64.72886657714844
507 0.0
508 11.593230247497559
509 38.644100189208984
510 2.8983075618743896
511 0.0
512 11.593230247497559
513 0.9661025404930115
514 55.067840576171875
515 3.864410161972046
516 5.796615123748779
517 38.644100189208984
518 3.864410161972046
519 11.593230247497559
520 4.830512523651123
521 13.525434494018555
522 23.186460494995117
523 53.13563919067383
524 0.0
525 16.423742294311523
526 0.9661025404930115
527 0.0
528 11.593230247497559
529 92.74584197998047
530 15.457640647888184
531 0.0
532 1.932205080986023
533 46.372920989990234
534 32.84748458862305
535 10.627127647399902
536 3.864410161972046
537 10.627127647399902
538 33.8135871887207
539 13.525435447692871
540 26.084768295288086
541 1.932205080986023
542 24.152563095092773
543 69.55937957763672
544 6.7627177238464355
545 11.593230247497559
546 5.796615123748779
547 25.11866569519043
548 29.94917869567871
549 10.627127647399902
550 3.864410161972046
551 64.72886657714844
552 35.745792388916016
553 36.71189498901367
554 16.423742294311523
555 5.796615123748779
556 12.559332847595215
557 6.7627177238464355
558 8.69492244720459
559 0.9661025404930115
560 9.661025047302246
561 53.13563919067383
562 48.30512237548828
563 32.84748458862305
564 42.50851058959961
565 23.186460494995117
566 55.06784439086914
567 46.372920989990234
568 5.796615123748779
569 50.23733139038086
570 26.084768295288086
571 16.423742294311523
572 1.932205080986023
573 1.932205080986023
574 2.8983075618743896
575 5.796615123748779
576 25.11866569519043
577 67.6271743774414
578 34.77968978881836
579 5.796615123748779
580 3.864410161972046
581 0.0
582 11.593230247497559
583 0.0
584 4.830512523651123
585 12.559332847595215
586 0.9661025404930115
587 0.0
588 0.0
589 21.254255294799805
590 37.67799758911133
591 26.084768295288086
592 16.423742294311523
593 0.0
594 8.69492244720459
595 6.7627177238464355
596 111.10179138183594
597 44.44071578979492
598 23.186460494995117
599 0.0
600 4.830512523651123
601 2.8983075618743896
602 20.28815269470215
603 2.8983075618743896
604 0.0
605 62.796661376953125
606 68.59327697753906
607 43.474613189697266
608 9.661025047302246
609 11.593230247497559
610 22.22035789489746
611 18.355947494506836
612 0.9661025404930115
613 0.0
614 33.8135871887207
615 6.7627177238464355
616 23.186460494995117
617 28.0169734954834
618 7.728819847106934
619 3.864410161972046
620 14.491538047790527
621 10.627127647399902
622 45.40681838989258
623 5.796615123748779
624 35.745792388916016
625 2.8983075618743896
626 15.457640647888184
627 12.559332847595215
628 26.084768295288086
629 82.11871337890625
630 20.28815269470215
631 29.94917869567871
632 8.69492244720459
633 3.864410161972046
634 2.8983075618743896
635 6.7627177238464355
636 34.77968978881836
637 56.0339469909668
638 32.84748458862305
639 12.559332847595215
640 0.0
641 21.254255294799805
642 4.830512523651123
643 58.9322509765625
644 7.728820323944092
645 15.457640647888184
646 3.864410161972046
647 0.9661025404930115
648 5.796615123748779
649 17.38984489440918
650 2.8983075618743896
651 1.932205080986023
652 23.186460494995117
653 0.0
654 17.38984489440918
655 21.254255294799805
656 21.254255294799805
657 16.423742294311523
658 0.9661025404930115
659 8.69492244720459
660 0.0
661 3.864410161972046
662 30.915281295776367
663 14.491538047790527
664 2.8983075618743896
665 23.186460494995117
666 4.830512523651123
667 10.627127647399902
668 0.0
669 6.7627177238464355
670 17.38984489440918
671 3.864410161972046
672 10.627127647399902
673 36.71189498901367
674 12.559332847595215
675 8.69492244720459
676 6.7627177238464355
677 8.69492244720459
678 3.864410161972046
679 25.11866569519043
680 11.593230247497559
681 3.864410161972046
682 0.0
683 5.796615123748779
684 25.11866569519043
685 6.7627177238464355
686 23.186460494995117
687 28.016971588134766
688 13.525435447692871
689 1.932205080986023
690 13.525435447692871
691 28.0169734954834
692 0.9661025404930115
693 3.864410161972046
694 0.0
695 14.491538047790527
696 3.864410161972046
697 7.728820323944092
698 29.94917869567871
699 0.0
700 8.69492244720459
701 19.322050094604492
702 34.77968978881836
703 21.254255294799805
704 1.932205080986023
705 0.0
706 14.491537094116211
707 4.830512523651123
708 21.254255294799805
709 15.457640647888184
710 13.525435447692871
711 0.9661025404930115
712 0.0
713 32.84748458862305
714 10.627127647399902
715 68.59327697753906
716 6.7627177238464355
717 2.8983075618743896
718 15.457640647888184
719 1.932205080986023
720 1.932205080986023
721 2.8983075618743896
722 113.03399658203125
723 3.864410161972046
724 28.0169734954834
725 160.37301635742188
726 29.94917869567871
727 20.28815269470215
728 32.84748458862305
729 37.67799758911133
730 0.0
731 23.186460494995117
732 16.423742294311523
733 20.28815269470215
734 23.186460494995117
735 13.525435447692871
736 4.830512523651123
737 21.254255294799805
738 15.457640647888184
739 7.728820323944092
740 44.44071578979492
741 13.525435447692871
742 6.7627177238464355
743 20.28815269470215
744 6.7627177238464355
745 2.8983075618743896
746 1.932205080986023
747 41.54240798950195
748 34.77968978881836
749 1.932205080986023
750 17.38984489440918
751 13.525435447692871
752 0.0
753 7.728820323944092
754 4.830512523651123
755 25.11866569519043
756 18.355947494506836
757 20.28815269470215
758 24.152563095092773
759 0.9661025404930115
760 8.69492244720459
761 30.915281295776367
762 0.9661025404930115
763 10.627127647399902
764 17.38984489440918
765 6.7627177238464355
766 25.11866569519043
767 7.728820323944092
768 10.627127647399902
769 27.05086898803711
770 17.38984489440918
771 0.0
772 2.8983075618743896
773 7.728820323944092
774 2.8983075618743896
775 0.0
776 24.152563095092773
777 0.0
778 2.8983075618743896
779 4.830512523651123
780 3.864410161972046
781 7.728820323944092
782 24.152563095092773
783 53.13563919067383
784 57.96615219116211
785 35.745792388916016
786 28.0169734954834
787 2.8983075618743896
788 59.89835739135742
789 23.186460494995117
790 39.61020278930664
791 11.593230247497559
792 14.491537094116211
793 0.9661025404930115
794 11.593230247497559
795 19.322050094604492
796 21.254255294799805
797 15.457640647888184
798 44.44071578979492
799 0.0
800 11.593230247497559
801 5.796615123748779
802 28.983076095581055
803 28.0169734954834
804 65.6949691772461
805 21.254255294799805
806 57.966148376464844
807 4.830512523651123
808 6.7627177238464355
809 0.0
810 11.593230247497559
811 3.864410161972046
812 35.745792388916016
813 3.864410161972046
814 13.525435447692871
815 2.8983075618743896
816 6.7627177238464355
817 20.28815269470215
818 8.69492244720459
819 28.983074188232422
820 9.661025047302246
821 43.474613189697266
822 34.77968978881836
823 16.423742294311523
824 32.84748458862305
825 30.915281295776367
826 23.186460494995117
827 65.6949691772461
828 92.74584197998047
829 33.8135871887207
830 24.152563095092773
831 40.5763053894043
832 12.559332847595215
833 32.84748458862305
834 39.61020278930664
835 2.8983075618743896
836 31.881383895874023
837 13.525435447692871
838 21.254255294799805
839 9.661025047302246
840 10.627127647399902
841 16.423742294311523
842 21.254255294799805
843 1.932205080986023
844 8.69492244720459
845 12.559332847595215
846 31.881383895874023
847 31.88138198852539
848 3.864410161972046
849 2.8983075618743896
850 4.830512523651123
851 6.7627177238464355
852 0.0
853 2.8983075618743896
854 8.69492244720459
855 24.152563095092773
856 44.44071578979492
857 48.30512619018555
858 0.0
859 48.30512619018555
860 22.22035789489746
861 0.0
862 9.661025047302246
863 9.661025047302246
864 0.9661025404930115
865 4.830512523651123
866 0.0
867 6.7627177238464355
868 4.830512523651123
869 30.915281295776367
870 13.525435447692871
871 0.0
872 26.084768295288086
873 10.627127647399902
874 28.983074188232422
875 14.491538047790527
876 58.9322509765625
877 6.7627177238464355
878 47.33902359008789
879 0.0
880 52.16953659057617
881 21.254255294799805
882 65.6949691772461
883 33.8135871887207
884 6.7627177238464355
885 25.11866569519043
886 20.28815269470215
887 0.9661025404930115
888 51.203433990478516
889 18.355947494506836
890 1.932205080986023
891 0.0
892 3.864410161972046
893 11.593230247497559
894 12.559332847595215
895 25.11866569519043
896 8.69492244720459
897 2.8983075618743896
898 4.830512523651123
899 7.728820323944092
900 128.49163818359375
901 10.627127647399902
902 66.66107177734375
903 0.9661025404930115
904 7.728820323944092
905 0.0
906 0.0
907 8.69492244720459
908 6.7627177238464355
909 19.322050094604492
910 34.77968978881836
911 42.50851058959961
912 18.355947494506836
913 29.94917869567871
914 25.11866569519043
915 5.796615123748779
916 9.661025047302246
917 0.0
918 10.627127647399902
919 8.69492244720459
920 0.0
921 0.0
922 2.8983075618743896
923 8.69492244720459
924 12.559332847595215
925 3.864410161972046
926 26.084768295288086
927 3.864410161972046
928 21.254255294799805
929 3.864410161972046
930 6.7627177238464355
931 0.0
932 2.8983075618743896
933 7.728819847106934
934 0.0
935 28.0169734954834
936 36.71189498901367
937 6.7627177238464355
938 13.525435447692871
939 10.627127647399902
940 5.796615123748779
941 17.38984489440918
942 6.7627177238464355
943 42.50851058959961
944 62.79666519165039
945 12.559332847595215
946 7.728820323944092
947 15.457640647888184
948 15.457639694213867
949 9.661025047302246
950 59.898353576660156
951 42.50851058959961
952 13.525435447692871
953 61.830562591552734
954 0.0
955 38.644100189208984
956 40.5763053894043
957 25.11866569519043
958 0.0
959 3.864410161972046
960 2.8983075618743896
961 8.69492244720459
962 103.37297058105469
963 89.8475341796875
964 56.0339469909668
965 57.00004959106445
966 17.38984489440918
967 21.254255294799805
968 37.67799758911133
969 47.33902359008789
970 17.38984489440918
971 24.152563095092773
972 24.152563095092773
973 22.22035789489746
974 7.728820323944092
975 37.67799758911133
976 19.322050094604492
977 19.322050094604492
978 9.661025047302246
979 3.864410161972046
980 9.661025047302246
981 0.0
982 3.864410161972046
983 23.186460494995117
984 27.050870895385742
985 3.864410161972046
986 3.864410161972046
987 15.457640647888184
988 0.0
989 3.864410161972046
990 16.423742294311523
991 14.491538047790527
992 36.71189498901367
993 8.69492244720459
994 4.830512523651123
995 37.67799758911133
996 15.457640647888184
997 5.796615123748779
998 29.949176788330078
999 2.8983075618743896
1000 13.525435447692871
1001 5.796615123748779
1002 5.796615123748779
