0 26.084768295288086
1 23.186460494995117
2 9.661025047302246
3 4.830512523651123
4 0.9661025404930115
5 23.186460494995117
6 19.322050094604492
7 2.8983075618743896
8 108.20348358154297
9 10.627127647399902
10 0.9661025404930115
11 16.423742294311523
12 8.69492244720459
13 55.06784439086914
14 31.88138198852539
15 25.11866569519043
16 29.94917869567871
17 28.0169734954834
18 9.661025047302246
19 57.966148376464844
20 7.728820323944092
21 2.8983075618743896
22 14.491538047790527
23 25.11866569519043
24 25.11866569519043
25 0.9661025404930115
26 28.016971588134766
27 33.8135871887207
28 4.830512523651123
29 19.322050094604492
30 18.355947494506836
31 19.322050094604492
32 0.9661025404930115
33 39.61020278930664
34 11.593230247497559
35 23.186460494995117
36 32.84748458862305
37 0.9661025404930115
38 14.491538047790527
39 10.627127647399902
40 50.23733139038086
41 13.525434494018555
42 19.322050094604492
43 26.084768295288086
44 38.644100189208984
45 30.915281295776367
46 20.28815269470215
47 29.94917869567871
48 30.915279388427734
49 13.525435447692871
50 26.084768295288086
51 4.830512523651123
52 13.525434494018555
53 54.101741790771484
54 13.525435447692871
55 0.0
56 21.254255294799805
57 0.0
58 16.423742294311523
59 32.84748458862305
60 29.94917869567871
61 41.54240798950195
62 14.491538047790527
63 20.28815269470215
64 28.016971588134766
65 9.661025047302246
66 59.89835739135742
67 12.559332847595215
68 9.661025047302246
69 50.23733139038086
70 47.33902359008789
71 7.728820323944092
72 7.728820323944092
73 3.864410161972046
74 5.796615123748779
75 2.8983075618743896
76 29.949176788330078
77 11.593230247497559
78 29.94917869567871
79 37.67799758911133
80 34.77968978881836
81 25.11866569519043
82 49.2712287902832
83 10.627127647399902
84 12.559332847595215
85 2.8983075618743896
86 26.084768295288086
87 6.7627177238464355
88 10.627127647399902
89 18.355947494506836
90 48.30512619018555
91 9.661025047302246
92 95.64414978027344
93 28.0169734954834
94 42.50851058959961
95 28.983076095581055
96 16.423742294311523
97 13.525435447692871
98 8.69492244720459
99 22.22035789489746
100 52.169532775878906
101 0.9661025404930115
102 24.152563095092773
103 0.0
104 27.050870895385742
105 1.932205080986023
106 3.864410161972046
107 5.796615123748779
108 0.9661025404930115
109 29.94917869567871
110 31.88138198852539
111 26.084768295288086
112 13.525435447692871
113 26.084768295288086
114 21.254255294799805
115 13.525435447692871
116 96.6102523803711
117 25.11866569519043
118 26.084768295288086
119 30.915281295776367
120 34.77968978881836
121 71.49158477783203
122 0.0
123 0.0
124 36.71189498901367
125 3.864410161972046
126 17.38984489440918
127 57.00004577636719
128 13.525435447692871
129 17.38984489440918
130 10.627127647399902
131 17.38984489440918
132 83.0848159790039
133 48.30512619018555
134 6.7627177238464355
135 19.322050094604492
136 11.593230247497559
137 20.28815269470215
138 1.932205080986023
139 15.457640647888184
140 17.38984489440918
141 8.69492244720459
142 8.69492244720459
143 18.355947494506836
144 42.50851058959961
145 60.86445617675781
146 16.423742294311523
147 17.38984489440918
148 28.983076095581055
149 16.423742294311523
150 15.457640647888184
151 9.661025047302246
152 25.11866569519043
153 71.49158477783203
154 5.796615123748779
155 10.627127647399902
156 36.71189498901367
157 59.89835739135742
158 19.322050094604492
159 104.33906555175781
160 90.81363677978516
161 5.796615123748779
162 40.5763053894043
163 5.796615123748779
164 32.84748458862305
165 66.66107177734375
166 0.0
167 20.28815269470215
168 27.050870895385742
169 18.355947494506836
170 26.084768295288086
171 66.66107177734375
172 17.38984489440918
173 6.7627177238464355
174 17.38984489440918
175 13.525435447692871
176 28.983076095581055
177 24.152563095092773
178 17.38984489440918
179 10.627127647399902
180 4.830512523651123
181 30.915281295776367
182 29.949176788330078
183 12.559332847595215
184 9.661025047302246
185 3.864410161972046
186 46.372920989990234
187 25.11866569519043
188 14.491537094116211
189 4.830512523651123
190 0.0
191 2.8983075618743896
192 3.864410161972046
193 22.22035789489746
194 47.33902359008789
195 62.796661376953125
196 45.40681838989258
197 22.22035789489746
198 11.593230247497559
199 40.5763053894043
200 37.67799758911133
201 20.28815269470215
202 34.77968978881836
203 0.0
204 18.355947494506836
205 38.644100189208984
206 30.915281295776367
207 18.355947494506836
208 35.745792388916016
209 53.13563919067383
210 14.491538047790527
211 3.864410161972046
212 26.084766387939453
213 3.864410161972046
214 25.11866569519043
215 12.559332847595215
216 11.593230247497559
217 0.0
218 0.9661025404930115
219 15.457640647888184
220 1.932205080986023
221 12.559332847595215
222 19.322050094604492
223 23.186460494995117
224 45.40681838989258
225 1.932205080986023
226 7.728820323944092
227 19.322050094604492
228 9.661025047302246
229 26.084768295288086
230 15.457640647888184
231 57.00004577636719
232 68.59327697753906
233 14.491538047790527
234 28.983076095581055
235 16.423742294311523
236 38.644100189208984
237 3.864410161972046
238 22.22035789489746
239 10.627127647399902
240 28.983076095581055
241 28.983076095581055
242 62.79666519165039
243 0.9661025404930115
244 14.491538047790527
245 2.8983075618743896
246 28.0169734954834
247 6.7627177238464355
248 10.627127647399902
249 19.322050094604492
250 18.355947494506836
251 6.7627177238464355
252 25.118663787841797
253 6.7627177238464355
254 9.661025047302246
255 57.96615219116211
256 9.661025047302246
257 14.491537094116211
258 17.38984489440918
259 6.7627177238464355
260 21.254255294799805
261 0.0
262 9.661025047302246
263 27.050870895385742
264 28.983074188232422
265 31.881383895874023
266 0.0
267 23.186460494995117
268 4.830512523651123
269 10.627127647399902
270 33.8135871887207
271 72.45768737792969
272 30.915281295776367
273 55.06784439086914
274 18.355947494506836
275 14.491538047790527
276 29.94917869567871
277 38.644100189208984
278 61.83055877685547
279 15.457640647888184
280 17.38984489440918
281 19.322050094604492
282 19.322050094604492
283 20.28815269470215
284 33.8135871887207
285 22.22035789489746
286 0.9661025404930115
287 86.94922637939453
288 11.593230247497559
289 31.88138198852539
290 57.00004577636719
291 23.186460494995117
292 8.69492244720459
293 8.69492244720459
294 0.9661025404930115
295 19.322050094604492
296 37.67799758911133
297 22.22035789489746
298 25.11866569519043
299 57.00004959106445
300 35.745792388916016
301 16.423742294311523
302 42.50851058959961
303 9.661025047302246
304 3.864410161972046
305 22.22035789489746
306 60.86445999145508
307 43.474613189697266
308 52.169532775878906
309 35.745792388916016
310 5.796615123748779
311 11.593230247497559
312 42.50851058959961
313 12.559332847595215
314 24.152563095092773
315 67.6271743774414
316 27.05086898803711
317 12.559332847595215
318 3.864410161972046
319 20.28815269470215
320 39.61020278930664
321 19.322050094604492
322 71.49158477783203
323 17.38984489440918
324 14.491538047790527
325 2.8983075618743896
326 23.186460494995117
327 6.7627177238464355
328 14.491538047790527
329 2.8983075618743896
330 24.152563095092773
331 15.457640647888184
332 10.627127647399902
333 58.9322509765625
334 57.00004959106445
335 43.474613189697266
336 34.77968978881836
337 0.9661025404930115
338 23.186460494995117
339 1.932205080986023
340 1.932205080986023
341 23.186460494995117
342 15.457639694213867
343 20.28815269470215
344 20.28815269470215
345 17.38984489440918
346 13.525435447692871
347 4.830512523651123
348 6.7627177238464355
349 1.932205080986023
350 34.77968978881836
351 40.5763053894043
352 7.728820323944092
353 28.983074188232422
354 4.830512523651123
355 17.38984489440918
356 10.627127647399902
357 2.8983075618743896
358 22.22035789489746
359 9.661025047302246
360 13.525435447692871
361 14.491538047790527
362 69.55937957763672
363 24.152563095092773
364 50.23733139038086
365 41.54240798950195
366 11.593230247497559
367 17.38984489440918
368 29.949176788330078
369 22.22035789489746
370 13.525435447692871
371 18.355947494506836
372 12.559332847595215
373 66.66107177734375
374 4.830512523651123
375 20.28815269470215
376 6.7627177238464355
377 11.593230247497559
378 1.932205080986023
379 9.661025047302246
380 47.33902359008789
381 26.084768295288086
382 57.00004959106445
383 11.593230247497559
384 11.593230247497559
385 10.627127647399902
386 9.661025047302246
387 8.69492244720459
388 23.186460494995117
389 14.491538047790527
390 27.050870895385742
391 0.0
392 79.22040557861328
393 77.28820037841797
394 15.457639694213867
395 66.66107177734375
396 17.38984489440918
397 6.7627177238464355
398 0.0
399 11.593230247497559
400 15.457640647888184
401 39.61020278930664
402 31.881383895874023
403 5.796615123748779
404 13.525435447692871
405 26.084768295288086
406 3.864410161972046
407 16.423742294311523
408 0.0
409 6.7627177238464355
410 21.254255294799805
411 17.38984489440918
412 32.84748458862305
413 37.67799758911133
414 21.254255294799805
415 19.322050094604492
416 16.423742294311523
417 23.186460494995117
418 18.355947494506836
419 6.7627177238464355
420 1.932205080986023
421 37.67799758911133
422 0.9661025404930115
423 17.38984489440918
424 46.372920989990234
425 20.28815269470215
426 10.627127647399902
427 43.474613189697266
428 21.254255294799805
429 5.796615123748779
430 15.457640647888184
431 57.966148376464844
432 10.627127647399902
433 17.38984489440918
434 34.77968978881836
435 13.525435447692871
436 8.69492244720459
437 16.423742294311523
438 15.457640647888184
439 23.186460494995117
440 44.44071578979492
441 27.050870895385742
442 28.983076095581055
443 20.28815269470215
444 17.38984489440918
445 10.627127647399902
446 29.949176788330078
447 0.0
448 8.69492244720459
449 21.254255294799805
450 0.0
451 70.52548217773438
452 45.40681838989258
453 80.18650817871094
454 26.084768295288086
455 37.67799758911133
456 57.966148376464844
457 10.627127647399902
458 13.525435447692871
459 25.11866569519043
460 42.50851058959961
461 34.77968978881836
462 18.355947494506836
463 2.8983075618743896
464 50.23733139038086
465 28.983074188232422
466 1.932205080986023
467 5.796615123748779
468 21.254255294799805
469 35.745792388916016
470 23.186460494995117
471 0.0
472 8.69492244720459
473 9.661025047302246
474 6.7627177238464355
475 12.559332847595215
476 2.8983075618743896
477 44.44071578979492
478 47.33902359008789
479 18.355947494506836
480 19.322050094604492
481 11.593230247497559
482 10.627127647399902
483 0.0
484 18.355947494506836
485 0.0
486 15.457640647888184
487 17.38984489440918
488 0.0
489 1.932205080986023
490 36.71189498901367
491 37.67799758911133
492 20.28815269470215
493 20.28815269470215
494 6.7627177238464355
495 12.559332847595215
496 11.593230247497559
497 42.50851058959961
498 97.57635498046875
499 13.525435447692871
500 39.61020278930664
501 1.932205080986023
502 11.593230247497559
503 7.728820323944092
504 37.67799758911133
505 1.932205080986023
506 7.728820323944092
507 47.33902359008789
508 41.54240798950195
509 24.152563095092773
510 0.0
511 36.71189498901367
512 3.864410161972046
513 21.254255294799805
514 2.8983075618743896
515 6.7627177238464355
516 38.644100189208984
517 13.525435447692871
518 57.00004959106445
519 9.661025047302246
520 10.627127647399902
521 46.372920989990234
522 4.830512523651123
523 36.71189498901367
524 12.559332847595215
525 2.8983075618743896
526 25.11866569519043
527 7.728820323944092
528 6.7627177238464355
529 5.796615123748779
530 22.22035789489746
531 28.983074188232422
532 3.864410161972046
533 58.932254791259766
534 65.6949691772461
535 57.00004959106445
536 28.983074188232422
537 10.627127647399902
538 21.254255294799805
539 40.5763053894043
540 24.152563095092773
541 3.864410161972046
542 84.05091857910156
543 19.322050094604492
544 25.11866569519043
545 30.915279388427734
546 89.8475341796875
547 110.13568878173828
548 10.627127647399902
549 47.33902359008789
550 24.152563095092773
551 13.525435447692871
552 29.94917869567871
553 64.72886657714844
554 12.559332847595215
555 7.728819847106934
556 15.457639694213867
557 12.559332847595215
558 30.915281295776367
559 3.864410161972046
560 28.983076095581055
561 38.644100189208984
562 11.593230247497559
563 15.457640647888184
564 0.0
565 7.728820323944092
566 23.186460494995117
567 49.2712287902832
568 51.203433990478516
569 35.745792388916016
570 29.949176788330078
571 13.525435447692871
572 56.0339469909668
573 75.35599517822266
574 16.423742294311523
575 51.203433990478516
576 32.84748458862305
577 33.8135871887207
578 8.69492244720459
579 32.84748458862305
580 36.71189498901367
581 12.559332847595215
582 32.84748458862305
583 25.11866569519043
584 72.45768737792969
585 40.5763053894043
586 34.77968978881836
587 18.355947494506836
588 5.796615123748779
589 53.13563919067383
590 17.38984489440918
591 5.796615123748779
592 2.8983075618743896
593 40.5763053894043
594 33.8135871887207
595 22.22035789489746
596 20.28815269470215
597 12.559332847595215
598 21.254255294799805
599 0.9661025404930115
600 53.13563537597656
601 16.423742294311523
602 16.423742294311523
603 34.77968978881836
604 16.423742294311523
605 1.932205080986023
606 39.61020278930664
607 5.796615123748779
608 11.593230247497559
609 28.983076095581055
610 60.86445999145508
611 50.23733139038086
612 53.13563919067383
613 14.491537094116211
614 28.0169734954834
615 45.40681838989258
616 38.644100189208984
617 28.983076095581055
618 1.932205080986023
619 7.728820323944092
620 24.152563095092773
621 5.796615123748779
622 4.830512523651123
623 9.661025047302246
624 51.203433990478516
625 48.30512619018555
626 19.322050094604492
627 0.0
628 13.525435447692871
629 0.0
630 55.06784439086914
631 19.322050094604492
632 73.42378997802734
633 55.06784439086914
634 10.627127647399902
635 13.525435447692871
636 7.728819847106934
637 15.457640647888184
638 77.28820037841797
639 11.593230247497559
640 0.9661025404930115
641 2.8983075618743896
642 24.152563095092773
643 74.389892578125
644 35.745792388916016
645 60.86445999145508
646 22.22035789489746
647 44.44071578979492
648 16.423742294311523
649 19.322050094604492
650 15.457640647888184
651 43.474613189697266
652 58.9322509765625
653 0.9661025404930115
654 17.38984489440918
655 68.59327697753906
656 37.67799758911133
657 4.830512523651123
658 5.796615123748779
659 4.830512523651123
660 43.474613189697266
661 26.084768295288086
662 4.830512523651123
663 13.525435447692871
664 0.9661025404930115
665 5.796615123748779
666 9.661025047302246
667 28.983076095581055
668 49.2712287902832
669 0.0
670 32.84748458862305
671 11.593230247497559
672 47.33902359008789
673 71.49158477783203
674 47.33902359008789
675 2.8983075618743896
676 4.830512523651123
677 0.0
678 12.559332847595215
679 42.50851058959961
680 5.796615123748779
681 26.084768295288086
682 2.8983075618743896
683 22.22035789489746
684 3.864410161972046
685 14.491537094116211
686 22.22035789489746
687 10.627127647399902
688 12.559332847595215
689 0.0
690 0.9661025404930115
691 7.728819847106934
692 26.084768295288086
693 11.593230247497559
694 31.881383895874023
695 0.0
696 0.9661025404930115
697 47.33902359008789
698 26.084768295288086
699 100.47466278076172
700 0.0
701 12.559332847595215
702 24.152563095092773
703 0.0
704 14.491537094116211
705 20.28815269470215
706 28.983076095581055
707 28.983076095581055
708 24.152563095092773
709 4.830512523651123
710 47.33902359008789
711 19.322050094604492
712 26.084766387939453
713 0.0
714 0.0
715 18.355947494506836
716 11.593230247497559
717 66.66107177734375
718 36.71189498901367
719 43.474613189697266
720 1.932205080986023
721 16.423742294311523
722 1.932205080986023
723 39.61020278930664
724 5.796615123748779
725 0.0
726 23.186460494995117
727 29.94917869567871
728 17.38984489440918
729 21.254255294799805
730 76.32209777832031
731 37.67799758911133
732 27.050870895385742
733 31.88138198852539
734 81.1526107788086
735 17.38984489440918
736 0.0
737 27.050870895385742
738 19.322050094604492
739 54.101741790771484
740 13.525434494018555
741 25.11866569519043
742 14.491538047790527
743 32.84748458862305
744 5.796615123748779
745 5.796615123748779
746 14.491538047790527
747 13.525435447692871
748 9.661025047302246
749 54.101741790771484
750 42.50851058959961
751 17.38984489440918
752 61.83055877685547
753 44.44071578979492
754 47.33902359008789
755 33.8135871887207
756 0.0
757 13.525435447692871
758 2.8983075618743896
759 0.9661025404930115
760 23.186460494995117
761 20.28815269470215
762 0.9661025404930115
763 23.186460494995117
764 10.627127647399902
765 57.96615219116211
766 2.8983075618743896
767 37.67799758911133
768 8.69492244720459
769 8.69492244720459
770 6.7627177238464355
771 20.28815269470215
772 8.69492244720459
773 2.8983075618743896
774 6.7627177238464355
775 19.322050094604492
776 0.0
777 22.22035789489746
778 6.7627177238464355
779 45.40681838989258
780 53.13563919067383
781 6.7627177238464355
782 3.864410161972046
783 6.7627177238464355
784 28.983076095581055
785 0.9661025404930115
786 22.22035789489746
787 3.864410161972046
788 39.61020278930664
789 52.16953659057617
790 25.11866569519043
791 55.06784439086914
792 2.8983075618743896
793 18.355947494506836
794 52.16953659057617
795 19.322050094604492
796 22.22035789489746
797 106.27127838134766
798 14.491538047790527
799 5.796615123748779
800 47.33902359008789
801 29.94917869567871
802 45.40681838989258
803 26.084768295288086
804 15.457639694213867
805 42.50851058959961
806 12.559332847595215
807 18.355947494506836
808 15.457640647888184
809 25.11866569519043
810 25.11866569519043
811 24.152563095092773
812 24.152563095092773
813 2.8983075618743896
814 33.8135871887207
815 7.728820323944092
816 43.474613189697266
817 52.16953659057617
818 50.23733139038086
819 38.644100189208984
820 20.28815269470215
821 0.0
822 11.593230247497559
823 7.728820323944092
824 0.0
825 17.38984489440918
826 16.423742294311523
827 54.101741790771484
828 39.61020278930664
829 9.661025047302246
830 21.254255294799805
831 6.7627177238464355
832 14.491538047790527
833 0.9661025404930115
834 15.457639694213867
835 7.728820323944092
836 42.50851058959961
837 25.11866569519043
838 11.593230247497559
839 20.28815269470215
840 57.00004959106445
841 1.932205080986023
842 1.932205080986023
843 21.254255294799805
844 17.38984489440918
845 36.71189498901367
846 20.28815269470215
847 6.7627177238464355
848 40.5763053894043
849 7.728819847106934
850 26.084768295288086
851 56.0339469909668
852 62.79666519165039
853 21.254255294799805
854 0.0
855 36.71189498901367
856 35.745792388916016
857 28.983076095581055
858 46.372920989990234
859 59.898353576660156
860 46.372920989990234
861 51.203433990478516
862 1.932205080986023
863 24.152563095092773
864 19.322050094604492
865 28.983076095581055
866 42.50851058959961
867 34.77968978881836
868 12.559332847595215
869 28.983076095581055
870 9.661025047302246
871 35.745792388916016
872 5.796615123748779
873 4.830512523651123
874 1.932205080986023
875 14.491538047790527
876 10.627127647399902
877 59.898353576660156
878 60.86445999145508
879 12.559332847595215
880 20.28815269470215
881 6.7627177238464355
882 8.69492244720459
883 21.254255294799805
884 34.77968978881836
885 55.06784439086914
886 19.322050094604492
887 19.322050094604492
888 47.33902359008789
889 26.084766387939453
890 3.864410161972046
891 25.11866569519043
892 10.627127647399902
893 10.627127647399902
894 29.94917869567871
895 14.491537094116211
896 0.0
897 11.593230247497559
898 35.745792388916016
899 25.11866569519043
900 47.33902359008789
901 3.864410161972046
902 31.881383895874023
903 34.77968978881836
904 20.28815269470215
905 8.69492244720459
906 0.9661025404930115
907 2.8983075618743896
908 13.525435447692871
909 19.322050094604492
910 0.9661025404930115
911 44.44071578979492
912 13.525435447692871
913 15.457640647888184
914 4.830512523651123
915 11.593230247497559
916 26.084768295288086
917 21.254255294799805
918 37.67799758911133
919 0.0
920 18.355947494506836
921 19.322050094604492
922 2.8983075618743896
923 25.11866569519043
924 52.16953659057617
925 24.152563095092773
926 0.0
927 56.0339469909668
928 0.0
929 0.9661025404930115
930 5.796615123748779
931 3.864410161972046
932 31.881383895874023
933 52.16953659057617
934 7.728819847106934
935 15.457640647888184
936 11.593230247497559
937 3.864410161972046
938 23.186460494995117
939 29.949176788330078
940 8.69492244720459
941 11.593230247497559
942 35.745792388916016
943 58.932254791259766
944 0.0
945 28.983076095581055
946 18.355947494506836
947 16.423742294311523
948 59.89835739135742
949 0.9661025404930115
950 31.881383895874023
951 2.8983075618743896
952 28.983074188232422
953 30.915281295776367
954 56.0339469909668
955 40.5763053894043
956 47.33902359008789
957 14.491538047790527
958 49.2712287902832
959 38.644100189208984
960 21.254255294799805
961 58.9322509765625
962 18.355947494506836
963 0.0
964 22.22035789489746
965 27.05086898803711
966 3.864410161972046
967 56.03394317626953
968 17.38984489440918
969 0.0
970 14.491538047790527
971 0.0
972 9.661025047302246
973 36.71189498901367
974 3.864410161972046
975 9.661025047302246
976 3.864410161972046
977 4.830512523651123
978 11.593230247497559
979 5.796615123748779
980 45.40681838989258
981 28.983076095581055
982 5.796615123748779
983 10.627127647399902
984 13.525435447692871
985 16.423742294311523
986 0.9661025404930115
987 46.372920989990234
988 23.186460494995117
989 36.71189498901367
990 30.915279388427734
991 24.152563095092773
992 25.11866569519043
993 0.0
994 28.983076095581055
995 9.661025047302246
996 23.186460494995117
997 11.593230247497559
998 9.661025047302246
999 59.89835739135742
1000 55.06784439086914
1001 16.423742294311523
1002 16.423742294311523
