# Selection:resname AU W ION Restricted:name AUC AUL AUSL Radius:2.64 Start:0 End:-1
0 380.7965087890625
1 382.9502868652344
2 89.16840362548828
3 5.599947929382324
4 29.722797393798828
5 25.41514778137207
6 75.38391876220703
7 57.291778564453125
8 43.07651901245117
9 73.23008728027344
10 15.0767822265625
11 52.122596740722656
12 47.384178161621094
13 70.6455078125
14 48.245704650878906
15 58.15330505371094
16 99.93753814697266
17 63.322486877441406
18 50.83029556274414
19 37.90734100341797
20 47.384178161621094
21 67.19937133789063
22 71.07625579833984
23 40.92269515991211
24 37.045806884765625
25 16.799842834472656
26 81.84539031982422
27 27.568971633911133
28 55.1379508972168
29 93.90682220458984
30 39.630401611328125
31 97.78370666503906
32 59.876365661621094
33 28.430503845214844
34 20.676729202270508
35 33.16891860961914
36 34.030452728271484
37 81.84539794921875
38 28.43050193786621
39 21.538259506225586
40 12.492191314697266
41 29.722797393798828
42 48.245704650878906
43 90.46070861816406
44 49.538002014160156
45 18.95366859436035
46 78.83003234863281
47 64.18402099609375
48 62.46095657348633
49 71.07626342773438
50 67.19937133789063
51 100.799072265625
52 119.75273895263672
53 116.30660247802734
54 101.66059112548828
55 105.10671997070313
56 77.10697174072266
57 56.86101531982422
58 93.90682220458984
59 55.1379508972168
60 72.79932403564453
61 72.36856079101563
62 79.69157409667969
63 33.16891860961914
64 48.24570846557617
65 21.107494354248047
66 11.199895858764648
67 45.2303466796875
68 28.86126708984375
69 62.460960388183594
70 77.10697937011719
71 86.15304565429688
72 22.830556869506836
73 75.8146743774414
74 71.50702667236328
75 64.18401336669922
76 64.18402099609375
77 80.9838638305664
78 109.41436004638672
79 59.876365661621094
80 71.93779754638672
81 85.7222671508789
82 63.32248306274414
83 87.87610626220703
84 71.07626342773438
85 36.61504364013672
86 49.107242584228516
87 71.93778991699219
88 113.291259765625
89 34.030452728271484
90 102.52213287353516
91 34.89198303222656
92 58.15330505371094
93 103.81441497802734
94 69.78397369384766
95 88.30686950683594
96 43.93805694580078
97 37.47657775878906
98 46.953407287597656
99 37.9073371887207
100 37.045806884765625
101 72.3685531616211
102 52.122596740722656
103 37.4765739440918
104 43.50728988647461
105 38.33811569213867
106 27.999736785888672
107 51.69182586669922
108 86.58380889892578
109 74.52238464355469
110 32.738155364990234
111 54.27641677856445
112 51.691829681396484
113 43.93805694580078
114 3.8768868446350098
115 49.107242584228516
116 33.168922424316406
117 29.722797393798828
118 46.522640228271484
119 63.322486877441406
120 101.66059875488281
121 31.44586181640625
122 93.04530334472656
123 37.4765739440918
124 44.799583435058594
125 61.599430084228516
126 40.491939544677734
127 42.645755767822266
128 43.93804931640625
129 45.2303466796875
130 56.43024826049805
131 82.7069320678711
132 25.84591293334961
133 68.06089782714844
134 57.29177474975586
135 57.722537994384766
136 50.83030319213867
137 64.61479187011719
138 64.61479187011719
139 55.999481201171875
140 41.78422546386719
141 91.32222747802734
142 82.70691680908203
143 68.49166870117188
144 95.62987518310547
145 46.091880798339844
146 42.214996337890625
147 80.98387145996094
148 43.507286071777344
149 85.72227478027344
150 64.61479187011719
151 76.24544525146484
152 34.89198303222656
153 35.753517150878906
154 3.876887083053589
155 47.81494140625
156 24.12285041809082
157 31.445859909057617
158 31.445858001708984
159 37.045806884765625
160 80.12232971191406
161 48.245704650878906
162 25.845911026000977
163 52.984127044677734
164 82.70692443847656
165 41.78422546386719
166 63.75325393676758
167 110.2759017944336
168 96.49140930175781
169 55.56871032714844
170 35.75351333618164
171 34.030452728271484
172 50.399539947509766
173 74.09161376953125
174 55.99947738647461
175 46.091880798339844
176 28.86126708984375
177 59.876373291015625
178 48.67647171020508
179 64.61479187011719
180 68.4916763305664
181 37.90734100341797
182 80.9838638305664
183 123.1988525390625
184 46.953407287597656
185 60.73789978027344
186 40.06116485595703
187 29.722797393798828
188 52.12259292602539
189 24.55361557006836
190 59.01483917236328
191 40.06116485595703
192 41.78422927856445
193 67.63014221191406
194 51.26105880737305
195 37.4765739440918
196 40.92269515991211
197 79.69158172607422
198 111.1374282836914
199 77.53775024414063
200 26.27667808532715
201 60.73789596557617
202 93.90682220458984
203 40.92269515991211
204 27.999738693237305
205 36.18427658081055
206 25.415145874023438
207 40.49192810058594
208 49.10723876953125
209 14.215251922607422
210 64.61478424072266
211 52.98412322998047
212 50.83029556274414
213 24.55361557006836
214 26.707441329956055
215 37.4765739440918
216 70.21472930908203
217 31.876623153686523
218 40.0611686706543
219 53.41489028930664
220 61.59942626953125
221 21.538259506225586
222 60.73789596557617
223 32.30739212036133
224 31.015092849731445
225 34.89198303222656
226 27.568973541259766
227 34.89198303222656
228 28.430503845214844
229 14.646017074584961
230 31.876623153686523
231 21.107494354248047
232 52.122589111328125
233 56.43024444580078
234 3.8768868446350098
235 31.445859909057617
236 61.59942626953125
237 39.630401611328125
238 77.968505859375
239 95.1991195678711
240 58.58407211303711
241 118.02967071533203
242 96.92217254638672
243 95.19910430908203
244 61.599422454833984
245 116.30661010742188
246 90.46070098876953
247 65.9070816040039
248 69.78396606445313
249 27.999736785888672
250 52.122589111328125
251 82.70691680908203
252 9.907600402832031
253 41.78422164916992
254 54.27642059326172
255 57.72254180908203
256 47.81494140625
257 70.64550018310547
258 78.3992691040039
259 105.96824645996094
260 65.90707397460938
261 94.76834869384766
262 81.84539794921875
263 26.707441329956055
264 68.49166870117188
265 65.9070816040039
266 78.83003997802734
267 112.8604965209961
268 98.21446990966797
269 122.76808166503906
270 83.13768768310547
271 55.1379508972168
272 12.922956466674805
273 88.7376480102539
274 76.24545288085938
275 36.61504364013672
276 33.16892623901367
277 52.9841194152832
278 41.78422546386719
279 24.122852325439453
280 29.722797393798828
281 25.415149688720703
282 28.861268997192383
283 55.99947738647461
284 42.21499252319336
285 77.10697174072266
286 40.0611686706543
287 27.999738693237305
288 21.538259506225586
289 46.09187698364258
290 19.38443374633789
291 46.953407287597656
292 42.21499252319336
293 94.76834869384766
294 98.64523315429688
295 77.968505859375
296 70.21472930908203
297 46.09188461303711
298 46.95341110229492
299 70.64549255371094
300 4.738417625427246
301 16.799842834472656
302 18.522903442382813
303 72.3685531616211
304 36.18428039550781
305 35.753517150878906
306 31.445858001708984
307 21.538259506225586
308 42.64575958251953
309 23.692087173461914
310 56.43024444580078
311 26.707441329956055
312 30.153564453125
313 50.39952850341797
314 47.814937591552734
315 72.79932403564453
316 59.876365661621094
317 21.538259506225586
318 56.43024826049805
319 93.90682220458984
320 118.46044158935547
321 47.814945220947266
322 54.70718002319336
323 59.44561004638672
324 98.2144775390625
325 93.04529571533203
326 102.09136199951172
327 57.291778564453125
328 96.06063842773438
329 99.07600402832031
330 87.87610626220703
331 26.27667808532715
332 80.9838638305664
333 30.153562545776367
334 56.43024444580078
335 59.44560241699219
336 55.999481201171875
337 30.153564453125
338 50.83030319213867
339 49.96876525878906
340 79.69156646728516
341 40.06116485595703
342 57.72254180908203
343 80.5531005859375
344 36.18428039550781
345 39.63039779663086
346 59.44560241699219
347 47.38417053222656
348 100.36830139160156
349 135.26028442382813
350 51.26106262207031
351 63.75325393676758
352 65.90708923339844
353 65.9070816040039
354 52.122589111328125
355 25.41514778137207
356 32.738155364990234
357 19.815200805664063
358 74.09162139892578
359 59.014835357666016
360 77.10697937011719
361 114.15278625488281
362 75.3839111328125
363 29.292036056518555
364 28.861268997192383
365 104.67594909667969
366 58.584068298339844
367 50.83029556274414
368 40.0611686706543
369 122.33732604980469
370 34.89198303222656
371 53.414886474609375
372 27.999738693237305
373 67.63013458251953
374 27.138206481933594
375 35.75351333618164
376 29.292036056518555
377 39.630401611328125
378 18.092140197753906
379 39.19963836669922
380 31.87662696838379
381 27.999738693237305
382 60.73789596557617
383 52.5533561706543
384 46.09188461303711
385 76.24544525146484
386 57.291778564453125
387 21.107494354248047
388 49.107234954833984
389 12.922956466674805
390 23.261320114135742
391 74.52239227294922
392 57.29177474975586
393 34.461219787597656
394 34.89198303222656
395 41.35346221923828
396 62.891719818115234
397 46.522647857666016
398 61.59942626953125
399 23.69208526611328
400 43.93805694580078
401 37.045806884765625
402 51.26105880737305
403 54.70718765258789
404 34.46121597290039
405 27.138206481933594
406 44.36882019042969
407 9.046070098876953
408 23.261320114135742
409 17.661373138427734
410 59.01483917236328
411 40.92269515991211
412 33.59968566894531
413 49.53799819946289
414 62.8917236328125
415 34.03045654296875
416 71.50702667236328
417 25.845911026000977
418 18.092140197753906
419 48.24570083618164
420 52.12259292602539
421 82.27615356445313
422 15.938312530517578
423 59.876365661621094
424 32.30739212036133
425 74.95315551757813
426 10.769129753112793
427 46.522640228271484
428 23.69208526611328
429 41.35346221923828
430 25.41514778137207
431 30.153562545776367
432 75.81468200683594
433 36.615047454833984
434 34.03045654296875
435 88.30686950683594
436 98.64522552490234
437 80.55309295654297
438 60.737892150878906
439 85.72227478027344
440 77.5377426147461
441 80.5531005859375
442 59.44560241699219
443 38.33810806274414
444 50.399539947509766
445 56.86101531982422
446 55.56871032714844
447 71.93778991699219
448 66.33784484863281
449 37.9073371887207
450 45.2303466796875
451 34.03044891357422
452 40.4919319152832
453 84.42997741699219
454 52.122596740722656
455 23.261322021484375
456 22.830554962158203
457 38.33810806274414
458 58.58407211303711
459 113.291259765625
460 72.36856079101563
461 120.18348693847656
462 121.47579193115234
463 87.01457977294922
464 43.50728988647461
465 55.1379508972168
466 115.01431274414063
467 28.86126708984375
468 66.76860809326172
469 51.691829681396484
470 21.107494354248047
471 24.9843807220459
472 87.44535064697266
473 75.81468200683594
474 72.79932403564453
475 69.35321044921875
476 121.90655517578125
477 18.092138290405273
478 39.63040542602539
479 56.86100769042969
480 96.0606460571289
481 79.26079559326172
482 143.01405334472656
483 38.338104248046875
484 48.67646789550781
485 21.538259506225586
486 49.53800582885742
487 54.707191467285156
488 25.845911026000977
489 105.53748321533203
490 28.861268997192383
491 24.55361557006836
492 24.553617477416992
493 119.75274658203125
494 50.3995361328125
495 40.4919319152832
496 52.984127044677734
497 22.830556869506836
498 49.9687614440918
499 45.6611213684082
500 38.76887130737305
501 37.045806884765625
502 78.83003234863281
503 70.64550018310547
504 49.96876525878906
505 35.322750091552734
506 27.568973541259766
507 26.707441329956055
508 57.72254180908203
509 33.16891860961914
510 28.43050193786621
511 32.30739212036133
512 43.507286071777344
513 94.33759307861328
514 101.22982788085938
515 70.64550018310547
516 49.107234954833984
517 67.19937896728516
518 93.4760513305664
519 26.276676177978516
520 55.5687141418457
521 56.86101531982422
522 62.8917236328125
523 30.153564453125
524 38.338104248046875
525 42.21499252319336
526 74.52237701416016
527 76.67621612548828
528 69.78396606445313
529 29.292034149169922
530 54.27642059326172
531 37.045806884765625
532 81.84538269042969
533 45.661109924316406
534 41.78422546386719
535 108.98358917236328
536 77.53775024414063
537 52.55335998535156
538 55.1379508972168
539 65.90707397460938
540 41.78422927856445
541 49.10723876953125
542 82.70692443847656
543 71.07626342773438
544 30.584331512451172
545 35.75351333618164
546 45.66111373901367
547 73.23009490966797
548 31.445859909057617
549 23.692087173461914
550 45.66111755371094
551 81.41462707519531
552 48.67647171020508
553 63.32248306274414
554 46.09188461303711
555 60.307132720947266
556 13.784486770629883
557 55.1379508972168
558 45.230342864990234
559 24.98438262939453
560 82.7069320678711
561 65.0455551147461
562 66.33784484863281
563 72.3685531616211
564 43.507286071777344
565 42.214988708496094
566 65.9070816040039
567 32.738155364990234
568 24.122852325439453
569 53.84565353393555
570 112.86048889160156
571 61.599422454833984
572 66.33784484863281
573 78.83003997802734
574 76.24545288085938
575 45.661109924316406
576 63.322486877441406
577 68.06090545654297
578 76.67621612548828
579 81.84539794921875
580 35.32274627685547
581 54.707183837890625
582 70.21472930908203
583 58.58407974243164
584 60.73789596557617
585 70.21473693847656
586 69.78396606445313
587 6.030713081359863
588 60.30713653564453
589 45.66111373901367
590 73.23009490966797
591 16.369077682495117
592 50.830299377441406
593 43.938053131103516
594 41.78422546386719
595 66.33784484863281
596 37.04581069946289
597 66.33784484863281
598 18.092138290405273
599 30.153564453125
600 21.969024658203125
601 68.4916763305664
602 94.76834869384766
603 71.93778991699219
604 24.55361557006836
605 55.99947738647461
606 32.738155364990234
607 61.16865921020508
608 80.9838638305664
609 49.10723876953125
610 46.522640228271484
611 51.69182586669922
612 18.95366859436035
613 21.538259506225586
614 14.646017074584961
615 65.04554748535156
616 83.99922180175781
617 128.3680419921875
618 116.30661010742188
619 76.24543762207031
620 59.44560241699219
621 61.168670654296875
622 14.646017074584961
623 54.27641677856445
624 6.030713081359863
625 31.015094757080078
626 62.891727447509766
627 65.47631072998047
628 40.922698974609375
629 58.15330505371094
630 45.66111373901367
631 80.12232971191406
632 43.938053131103516
633 24.122852325439453
634 20.67673110961914
635 12.922956466674805
636 14.215251922607422
637 31.876625061035156
638 18.522903442382813
639 54.27641677856445
640 45.66111373901367
641 27.568973541259766
642 59.445594787597656
643 90.8914566040039
644 29.29203224182129
645 51.69182586669922
646 80.98385620117188
647 34.030452728271484
648 32.30738830566406
649 64.61478424072266
650 42.64575958251953
651 34.030452728271484
652 40.92269515991211
653 63.753257751464844
654 44.799583435058594
655 102.52213287353516
656 40.49192810058594
657 59.44559860229492
658 63.322486877441406
659 54.707191467285156
660 70.64549255371094
661 54.707183837890625
662 33.59968566894531
663 82.70692443847656
664 37.9073371887207
665 59.876365661621094
666 25.415145874023438
667 61.599430084228516
668 42.214996337890625
669 35.32274627685547
670 34.46121597290039
671 62.460960388183594
672 50.830291748046875
673 50.399532318115234
674 36.61504364013672
675 43.07652282714844
676 29.292034149169922
677 81.84539031982422
678 20.24596405029297
679 59.876365661621094
680 55.999481201171875
681 15.938312530517578
682 45.230350494384766
683 70.64549255371094
684 51.69182586669922
685 72.79932403564453
686 59.014835357666016
687 63.75324630737305
688 42.21499252319336
689 39.19963836669922
690 29.292034149169922
691 15.0767822265625
692 57.29177474975586
693 67.19937133789063
694 75.3839111328125
695 88.30687713623047
696 45.23035430908203
697 65.476318359375
698 54.70718765258789
699 40.49192810058594
700 35.32274627685547
701 40.06116485595703
702 22.830556869506836
703 51.691829681396484
704 17.661373138427734
705 27.999736785888672
706 15.938312530517578
707 13.353721618652344
708 27.138206481933594
709 27.138206481933594
710 16.799842834472656
711 92.6145248413086
712 22.830554962158203
713 21.969024658203125
714 7.7537736892700195
715 71.93778991699219
716 38.338104248046875
717 43.507286071777344
718 80.9838638305664
719 21.969024658203125
720 59.014835357666016
721 64.18402099609375
722 43.0765266418457
723 56.43024826049805
724 44.36882019042969
725 83.99922943115234
726 42.645755767822266
727 82.27615356445313
728 65.0455551147461
729 70.21472930908203
730 59.44560623168945
731 54.707183837890625
732 51.691829681396484
733 65.90707397460938
734 67.63014221191406
735 69.35320281982422
736 64.61477661132813
737 44.36882019042969
738 68.4916763305664
739 74.95315551757813
740 47.38417434692383
741 57.291778564453125
742 80.98385620117188
743 67.19937896728516
744 59.01483917236328
745 24.55361557006836
746 84.86074829101563
747 18.95366859436035
748 88.73763275146484
749 122.33732604980469
750 49.107234954833984
751 43.07652282714844
752 72.36856842041016
753 109.41436767578125
754 68.06090545654297
755 24.12285041809082
756 45.66111373901367
757 20.676729202270508
758 54.707183837890625
759 24.9843807220459
760 85.72228240966797
761 61.16866683959961
762 77.10699462890625
763 80.5531005859375
764 94.33758544921875
765 58.1533088684082
766 30.584327697753906
767 49.10723876953125
768 59.44559860229492
769 67.19937133789063
770 50.39952850341797
771 84.86074829101563
772 19.81519889831543
773 59.014835357666016
774 65.04553985595703
775 84.42997741699219
776 79.69156646728516
777 57.291770935058594
778 59.014835357666016
779 91.32223510742188
780 34.03044891357422
781 46.091880798339844
782 77.5377426147461
783 27.999736785888672
784 17.661373138427734
785 29.292034149169922
786 62.460960388183594
787 71.50702667236328
788 38.76887130737305
789 48.67647171020508
790 76.24544525146484
791 34.03045654296875
792 35.322750091552734
793 73.23008728027344
794 51.26106262207031
795 71.93779754638672
796 90.02993774414063
797 72.79933166503906
798 70.21472930908203
799 55.137943267822266
800 21.53826141357422
801 53.414886474609375
802 77.5377426147461
803 72.79933166503906
804 74.09162902832031
805 75.8146743774414
806 65.47631072998047
807 53.414886474609375
808 75.3839111328125
809 60.73789596557617
810 102.52212524414063
811 82.70692443847656
812 56.430240631103516
813 71.07626342773438
814 83.56845092773438
815 60.73789978027344
816 43.50728225708008
817 22.399791717529297
818 72.79932403564453
819 44.799583435058594
820 35.32274627685547
821 26.707443237304688
822 56.86101150512695
823 9.476834297180176
824 77.5377426147461
825 136.12179565429688
826 136.5525665283203
827 53.84565353393555
828 52.984127044677734
829 43.50728988647461
830 48.24570083618164
831 53.414886474609375
832 59.87636947631836
833 110.70667266845703
834 32.738155364990234
835 47.81494140625
836 31.445858001708984
837 53.84565353393555
838 102.09136199951172
839 21.969026565551758
840 49.107234954833984
841 93.0452880859375
842 45.2303466796875
843 21.969024658203125
844 59.44559860229492
845 34.461219787597656
846 47.38417434692383
847 102.95289611816406
848 46.522647857666016
849 68.49166870117188
850 70.6455078125
851 27.568973541259766
852 31.015094757080078
853 51.69182586669922
854 46.522647857666016
855 50.399532318115234
856 73.23011016845703
857 74.52238464355469
858 80.5531005859375
859 113.29125213623047
860 88.73763275146484
861 132.67568969726563
862 96.92218017578125
863 50.830299377441406
864 77.10697174072266
865 83.1376953125
866 57.291778564453125
867 101.22982788085938
868 43.93806457519531
869 83.1376953125
870 18.522903442382813
871 17.661375045776367
872 29.72279930114746
873 40.0611686706543
874 40.06116485595703
875 63.32249450683594
876 26.707441329956055
877 46.522640228271484
878 38.33810806274414
879 45.2303466796875
880 39.19963455200195
881 38.338104248046875
882 85.29150390625
883 46.091880798339844
884 57.291778564453125
885 96.49140930175781
886 108.55284118652344
887 77.53775024414063
888 34.89198303222656
889 107.26053619384766
890 60.30712890625
891 85.72228240966797
892 77.968505859375
893 40.0611686706543
894 68.4916763305664
895 63.32249069213867
896 61.168663024902344
897 66.33783721923828
898 129.2295684814453
899 51.691829681396484
900 37.4765739440918
901 113.29125213623047
902 69.78397369384766
903 65.9070816040039
904 112.42971801757813
905 114.58355712890625
906 33.16891860961914
907 50.83029556274414
908 78.39927673339844
909 3.8768868446350098
910 44.36881637573242
911 53.84565734863281
912 62.03019332885742
913 16.799842834472656
914 40.06116485595703
915 59.014835357666016
916 83.99921417236328
917 45.230350494384766
918 45.230350494384766
919 104.24517822265625
920 64.61477661132813
921 70.64550018310547
922 109.41436004638672
923 81.84539794921875
924 27.138206481933594
925 70.64549255371094
926 61.59943389892578
927 44.799583435058594
928 48.24570846557617
929 55.137943267822266
930 35.32274627685547
931 48.245704650878906
932 38.76887130737305
933 37.4765739440918
934 13.353721618652344
935 25.415145874023438
936 53.84564971923828
937 51.691829681396484
938 55.56871795654297
939 86.15303802490234
940 92.6145248413086
941 49.53799819946289
942 93.90682220458984
943 76.24544525146484
944 93.90682220458984
945 99.93753051757813
946 76.24544525146484
947 48.245704650878906
948 107.6913070678711
949 79.69156646728516
950 49.96876907348633
951 40.4919319152832
952 44.36882019042969
953 53.414894104003906
954 71.50702667236328
955 47.81494140625
956 82.70691680908203
957 46.09187698364258
958 34.46121597290039
959 42.645755767822266
960 27.999738693237305
961 43.938053131103516
962 46.52264404296875
963 31.445858001708984
964 46.091880798339844
965 96.0606460571289
966 59.44560241699219
967 56.86101150512695
968 52.9841194152832
969 73.66085052490234
970 23.692087173461914
971 30.584331512451172
972 77.5377426147461
973 50.399532318115234
974 46.953407287597656
975 18.522903442382813
976 34.89198303222656
977 60.73789596557617
978 26.707443237304688
979 69.35321044921875
980 43.938053131103516
981 52.12259292602539
982 68.06090545654297
983 43.507286071777344
984 82.70692443847656
985 52.98412322998047
986 18.95366859436035
987 41.353458404541016
988 31.876625061035156
989 66.33784484863281
990 71.07626342773438
991 20.24596405029297
992 21.969024658203125
993 64.61478424072266
994 60.307132720947266
995 55.568721771240234
996 74.09163665771484
997 60.73789978027344
998 47.81494140625
999 77.968505859375
1000 70.21473693847656
1001 31.445859909057617
1002 31.445859909057617
