# Selection 1:name C1A D2A C3A C4A C1B C2B C3B C4B Selection 2:name AUC AUSL AUL Cutoff:8 Start:0 End:-1
0 0
1 0
2 21
3 9
4 17
5 13
6 18
7 23
8 17
9 17
10 16
11 22
12 11
13 14
14 18
15 17
16 26
17 21
18 26
19 22
20 21
21 19
22 22
23 15
24 24
25 15
26 22
27 12
28 20
29 22
30 21
31 24
32 19
33 13
34 15
35 22
36 17
37 25
38 12
39 13
40 12
41 23
42 15
43 20
44 17
45 15
46 21
47 18
48 21
49 20
50 20
51 23
52 23
53 25
54 22
55 21
56 18
57 26
58 20
59 25
60 22
61 25
62 19
63 17
64 17
65 17
66 17
67 27
68 14
69 26
70 21
71 24
72 13
73 21
74 26
75 20
76 21
77 25
78 26
79 21
80 20
81 28
82 19
83 22
84 24
85 14
86 21
87 18
88 21
89 18
90 22
91 10
92 18
93 21
94 15
95 21
96 20
97 22
98 16
99 20
100 22
101 25
102 18
103 16
104 17
105 18
106 19
107 19
108 24
109 26
110 18
111 23
112 20
113 13
114 14
115 16
116 17
117 16
118 22
119 22
120 28
121 16
122 24
123 20
124 21
125 25
126 15
127 16
128 23
129 16
130 25
131 26
132 19
133 19
134 22
135 22
136 14
137 20
138 26
139 14
140 17
141 22
142 31
143 19
144 21
145 17
146 18
147 23
148 21
149 21
150 20
151 25
152 18
153 16
154 10
155 22
156 10
157 18
158 19
159 16
160 18
161 17
162 15
163 21
164 25
165 21
166 21
167 21
168 20
169 16
170 14
171 20
172 19
173 24
174 19
175 14
176 14
177 25
178 23
179 18
180 23
181 24
182 24
183 24
184 20
185 19
186 20
187 18
188 20
189 16
190 15
191 23
192 15
193 29
194 20
195 19
196 22
197 25
198 22
199 21
200 18
201 17
202 21
203 24
204 14
205 19
206 13
207 19
208 22
209 13
210 17
211 20
212 19
213 18
214 15
215 19
216 21
217 17
218 13
219 21
220 13
221 19
222 24
223 22
224 21
225 24
226 17
227 19
228 14
229 11
230 20
231 15
232 19
233 18
234 11
235 18
236 19
237 20
238 20
239 19
240 18
241 22
242 21
243 26
244 19
245 29
246 25
247 19
248 20
249 12
250 18
251 17
252 15
253 10
254 16
255 19
256 15
257 20
258 19
259 21
260 19
261 21
262 21
263 13
264 26
265 25
266 18
267 23
268 22
269 25
270 22
271 11
272 14
273 18
274 20
275 15
276 14
277 20
278 14
279 15
280 14
281 17
282 18
283 17
284 23
285 16
286 21
287 17
288 9
289 27
290 12
291 16
292 13
293 21
294 24
295 18
296 21
297 20
298 21
299 25
300 11
301 12
302 12
303 18
304 21
305 17
306 17
307 20
308 23
309 13
310 17
311 15
312 17
313 20
314 20
315 21
316 25
317 14
318 19
319 17
320 22
321 17
322 17
323 24
324 29
325 26
326 24
327 27
328 19
329 26
330 25
331 16
332 18
333 19
334 25
335 22
336 16
337 18
338 17
339 17
340 26
341 17
342 19
343 21
344 15
345 13
346 22
347 15
348 16
349 24
350 11
351 25
352 18
353 22
354 17
355 20
356 20
357 19
358 21
359 20
360 18
361 30
362 24
363 17
364 14
365 22
366 21
367 25
368 20
369 27
370 18
371 19
372 14
373 19
374 14
375 18
376 14
377 14
378 15
379 17
380 15
381 16
382 19
383 17
384 17
385 17
386 22
387 14
388 16
389 17
390 14
391 21
392 17
393 15
394 18
395 21
396 19
397 15
398 20
399 20
400 15
401 21
402 24
403 19
404 14
405 17
406 19
407 13
408 16
409 17
410 15
411 17
412 14
413 24
414 19
415 17
416 20
417 16
418 16
419 16
420 17
421 27
422 20
423 19
424 15
425 20
426 14
427 19
428 19
429 19
430 18
431 21
432 22
433 12
434 17
435 18
436 29
437 24
438 22
439 14
440 19
441 18
442 19
443 16
444 20
445 18
446 20
447 27
448 22
449 20
450 16
451 12
452 15
453 17
454 19
455 16
456 15
457 15
458 15
459 20
460 17
461 27
462 22
463 19
464 23
465 24
466 26
467 17
468 17
469 25
470 17
471 12
472 25
473 19
474 25
475 18
476 19
477 12
478 19
479 18
480 29
481 24
482 21
483 14
484 24
485 11
486 14
487 19
488 23
489 22
490 15
491 15
492 13
493 18
494 18
495 17
496 27
497 13
498 16
499 15
500 14
501 21
502 22
503 19
504 20
505 12
506 11
507 18
508 19
509 12
510 14
511 10
512 15
513 21
514 21
515 21
516 18
517 24
518 25
519 19
520 20
521 23
522 18
523 16
524 16
525 19
526 25
527 24
528 22
529 17
530 19
531 17
532 17
533 23
534 23
535 18
536 26
537 24
538 22
539 21
540 19
541 21
542 22
543 18
544 18
545 18
546 17
547 20
548 15
549 16
550 18
551 24
552 22
553 17
554 16
555 15
556 10
557 14
558 19
559 17
560 22
561 25
562 20
563 19
564 25
565 21
566 20
567 23
568 18
569 24
570 28
571 22
572 24
573 21
574 23
575 17
576 27
577 21
578 23
579 18
580 15
581 18
582 25
583 22
584 20
585 22
586 22
587 12
588 20
589 17
590 25
591 15
592 18
593 19
594 19
595 20
596 14
597 16
598 19
599 15
600 11
601 18
602 23
603 21
604 14
605 18
606 21
607 19
608 22
609 17
610 18
611 19
612 17
613 15
614 19
615 20
616 17
617 19
618 26
619 15
620 17
621 22
622 19
623 11
624 10
625 14
626 20
627 19
628 20
629 19
630 16
631 18
632 12
633 16
634 16
635 15
636 14
637 17
638 13
639 17
640 13
641 14
642 16
643 29
644 15
645 19
646 19
647 21
648 22
649 24
650 18
651 24
652 17
653 22
654 16
655 30
656 19
657 28
658 24
659 24
660 30
661 19
662 14
663 23
664 20
665 24
666 15
667 21
668 22
669 17
670 14
671 20
672 20
673 19
674 18
675 20
676 16
677 22
678 16
679 22
680 16
681 20
682 21
683 23
684 24
685 23
686 24
687 26
688 18
689 15
690 23
691 9
692 19
693 23
694 18
695 21
696 23
697 21
698 16
699 24
700 17
701 15
702 18
703 24
704 12
705 18
706 10
707 16
708 16
709 17
710 16
711 21
712 18
713 18
714 12
715 19
716 17
717 16
718 19
719 17
720 22
721 23
722 17
723 23
724 21
725 19
726 24
727 17
728 21
729 23
730 21
731 19
732 19
733 21
734 29
735 29
736 24
737 20
738 24
739 22
740 19
741 18
742 18
743 21
744 19
745 18
746 19
747 16
748 23
749 25
750 17
751 13
752 19
753 20
754 15
755 13
756 18
757 14
758 16
759 22
760 16
761 16
762 22
763 19
764 27
765 26
766 18
767 25
768 21
769 21
770 13
771 18
772 14
773 16
774 22
775 24
776 21
777 24
778 22
779 26
780 14
781 17
782 22
783 18
784 18
785 18
786 13
787 25
788 14
789 13
790 21
791 18
792 22
793 26
794 21
795 20
796 26
797 23
798 20
799 22
800 14
801 22
802 23
803 16
804 16
805 16
806 20
807 19
808 25
809 17
810 16
811 20
812 20
813 25
814 22
815 19
816 18
817 19
818 20
819 19
820 17
821 16
822 17
823 12
824 23
825 23
826 27
827 22
828 24
829 24
830 16
831 19
832 17
833 27
834 20
835 26
836 19
837 16
838 16
839 16
840 23
841 19
842 16
843 9
844 14
845 20
846 19
847 22
848 19
849 24
850 27
851 12
852 14
853 19
854 19
855 15
856 23
857 18
858 22
859 22
860 20
861 25
862 21
863 16
864 21
865 21
866 21
867 23
868 14
869 22
870 13
871 15
872 21
873 15
874 16
875 15
876 18
877 21
878 20
879 19
880 14
881 18
882 18
883 23
884 23
885 21
886 19
887 24
888 20
889 26
890 23
891 20
892 16
893 19
894 18
895 19
896 23
897 18
898 23
899 21
900 14
901 26
902 25
903 20
904 23
905 22
906 21
907 18
908 29
909 13
910 17
911 16
912 17
913 12
914 19
915 15
916 16
917 17
918 16
919 23
920 18
921 23
922 26
923 22
924 14
925 29
926 24
927 18
928 17
929 17
930 19
931 21
932 12
933 12
934 16
935 12
936 14
937 14
938 16
939 27
940 25
941 20
942 23
943 18
944 19
945 22
946 19
947 17
948 21
949 19
950 26
951 17
952 21
953 20
954 23
955 18
956 22
957 26
958 19
959 17
960 23
961 21
962 20
963 20
964 18
965 23
966 17
967 21
968 17
969 25
970 20
971 17
972 22
973 19
974 20
975 17
976 19
977 21
978 9
979 26
980 14
981 16
982 16
983 17
984 22
985 20
986 15
987 17
988 17
989 20
990 17
991 12
992 17
993 20
994 12
995 21
996 21
997 21
998 19
999 25
1000 19
1001 18
1002 18
