# Selection:resname AU POPC Restricted:name AUC AUL AUSL Radius:2.64 Start:0 End:-1
0 380.7965087890625
1 382.9502868652344
2 0.43076521158218384
3 0.0
4 0.0
5 0.8615304231643677
6 0.0
7 3.0153565406799316
8 0.0
9 1.7230608463287354
10 0.0
11 1.2922956943511963
12 0.8615304231643677
13 0.0
14 0.0
15 0.0
16 2.1538259983062744
17 0.0
18 0.0
19 0.0
20 0.0
21 0.8615304231643677
22 3.0153565406799316
23 14.215251922607422
24 0.0
25 0.43076521158218384
26 0.0
27 0.0
28 1.2922956943511963
29 0.0
30 0.0
31 0.0
32 0.0
33 0.0
34 0.0
35 0.0
36 0.0
37 0.0
38 1.2922956943511963
39 2.5845913887023926
40 0.0
41 4.307651996612549
42 0.0
43 0.0
44 2.1538259983062744
45 0.0
46 0.0
47 0.0
48 12.492191314697266
49 4.738417625427246
50 0.0
51 0.0
52 0.0
53 0.0
54 0.0
55 0.0
56 4.738417625427246
57 0.0
58 0.0
59 0.0
60 6.030713081359863
61 0.0
62 0.0
63 0.0
64 0.0
65 0.43076521158218384
66 0.8615304231643677
67 0.0
68 0.0
69 0.8615304231643677
70 0.0
71 0.8615304231643677
72 0.0
73 4.307651996612549
74 3.0153565406799316
75 0.0
76 1.2922956943511963
77 1.2922956943511963
78 0.0
79 0.0
80 0.0
81 0.0
82 0.0
83 3.0153565406799316
84 0.0
85 0.0
86 3.8768868446350098
87 0.0
88 0.43076521158218384
89 0.0
90 1.2922956943511963
91 0.0
92 1.2922956943511963
93 1.2922956943511963
94 6.030713081359863
95 2.1538259983062744
96 0.0
97 0.0
98 6.892243385314941
99 0.0
100 5.599947929382324
101 9.046069145202637
102 0.0
103 1.7230608463287354
104 0.43076521158218384
105 1.7230608463287354
106 0.0
107 1.2922956943511963
108 0.8615304231643677
109 0.0
110 2.1538262367248535
111 0.0
112 0.0
113 0.0
114 0.43076521158218384
115 1.7230608463287354
116 0.8615304231643677
117 0.0
118 0.0
119 0.0
120 0.0
121 1.2922956943511963
122 1.7230608463287354
123 0.0
124 1.2922956943511963
125 0.0
126 0.0
127 0.0
128 0.0
129 0.0
130 0.0
131 0.43076521158218384
132 0.0
133 3.4461216926574707
134 0.0
135 0.0
136 0.0
137 3.8768868446350098
138 0.43076521158218384
139 0.43076521158218384
140 0.0
141 0.43076521158218384
142 0.0
143 0.0
144 0.43076521158218384
145 5.169182777404785
146 0.43076521158218384
147 0.0
148 3.4461216926574707
149 0.0
150 0.43076521158218384
151 0.0
152 0.0
153 0.0
154 0.0
155 0.43076521158218384
156 0.0
157 0.0
158 1.7230608463287354
159 3.4461216926574707
160 0.0
161 1.2922956943511963
162 0.8615304231643677
163 0.0
164 0.0
165 1.2922956943511963
166 3.0153565406799316
167 0.0
168 0.43076521158218384
169 5.599947929382324
170 28.86126708984375
171 0.0
172 2.5845911502838135
173 0.0
174 3.4461216926574707
175 0.0
176 1.2922956943511963
177 0.0
178 1.2922956943511963
179 0.0
180 0.0
181 0.43076521158218384
182 1.2922956943511963
183 0.0
184 0.0
185 0.0
186 3.0153565406799316
187 0.8615304231643677
188 0.0
189 2.1538259983062744
190 0.0
191 0.0
192 11.630660057067871
193 0.43076521158218384
194 0.43076521158218384
195 5.599947929382324
196 0.0
197 0.0
198 1.2922956943511963
199 0.0
200 0.0
201 0.0
202 0.0
203 0.8615304231643677
204 0.0
205 2.5845913887023926
206 0.8615304231643677
207 0.43076521158218384
208 0.0
209 0.0
210 0.8615304231643677
211 0.0
212 0.0
213 2.5845911502838135
214 1.7230608463287354
215 0.0
216 0.0
217 0.43076521158218384
218 9.907600402832031
219 0.8615304231643677
220 0.0
221 0.43076521158218384
222 1.2922956943511963
223 3.876887083053589
224 12.061426162719727
225 6.892243385314941
226 6.461478233337402
227 1.7230608463287354
228 1.7230608463287354
229 0.0
230 0.0
231 0.43076521158218384
232 0.0
233 0.0
234 0.0
235 0.8615304231643677
236 0.0
237 0.43076521158218384
238 0.0
239 0.43076521158218384
240 0.8615304231643677
241 0.0
242 0.0
243 0.0
244 0.0
245 0.0
246 0.43076521158218384
247 0.0
248 0.0
249 0.0
250 0.0
251 0.43076521158218384
252 0.0
253 0.0
254 0.0
255 0.0
256 0.0
257 0.0
258 3.4461216926574707
259 1.7230608463287354
260 0.0
261 0.0
262 0.0
263 0.0
264 0.0
265 0.0
266 0.0
267 2.1538259983062744
268 5.169182777404785
269 0.0
270 0.43076521158218384
271 0.43076521158218384
272 2.1538262367248535
273 0.0
274 0.0
275 0.0
276 0.43076521158218384
277 0.0
278 0.0
279 0.0
280 3.4461216926574707
281 0.0
282 2.5845911502838135
283 0.0
284 0.8615304231643677
285 0.0
286 0.0
287 0.43076521158218384
288 6.892243385314941
289 0.8615304231643677
290 0.0
291 0.0
292 0.43076521158218384
293 0.43076521158218384
294 0.0
295 0.8615304231643677
296 0.0
297 0.0
298 0.0
299 1.2922956943511963
300 0.0
301 0.0
302 0.0
303 0.0
304 0.0
305 0.0
306 0.0
307 0.0
308 0.0
309 4.738417625427246
310 0.0
311 0.0
312 0.0
313 0.0
314 0.0
315 4.307651996612549
316 0.43076521158218384
317 0.0
318 0.43076521158218384
319 2.1538259983062744
320 0.0
321 0.43076521158218384
322 0.0
323 0.0
324 0.43076521158218384
325 0.0
326 0.0
327 0.43076521158218384
328 0.43076521158218384
329 0.0
330 0.0
331 1.2922956943511963
332 2.5845913887023926
333 0.43076521158218384
334 0.8615304231643677
335 0.0
336 4.307652473449707
337 0.0
338 0.0
339 0.8615304231643677
340 0.0
341 0.0
342 0.0
343 0.0
344 0.0
345 0.0
346 0.0
347 0.0
348 3.8768868446350098
349 0.0
350 0.0
351 0.0
352 0.0
353 1.7230608463287354
354 0.0
355 0.8615304231643677
356 0.0
357 0.0
358 0.43076521158218384
359 0.0
360 0.0
361 0.0
362 0.0
363 0.0
364 0.8615304231643677
365 2.1538259983062744
366 0.8615304231643677
367 0.8615304231643677
368 2.5845913887023926
369 0.0
370 4.738417148590088
371 0.0
372 0.0
373 3.4461216926574707
374 0.43076521158218384
375 3.4461216926574707
376 8.184539794921875
377 6.030713081359863
378 0.0
379 0.0
380 0.0
381 0.0
382 0.0
383 0.0
384 2.5845913887023926
385 0.8615304231643677
386 0.8615304231643677
387 0.0
388 0.0
389 1.2922956943511963
390 0.43076521158218384
391 1.7230608463287354
392 0.0
393 0.0
394 0.0
395 3.4461216926574707
396 1.2922956943511963
397 0.0
398 0.0
399 0.0
400 0.0
401 0.0
402 0.0
403 5.599947929382324
404 1.2922956943511963
405 0.8615304231643677
406 0.0
407 0.0
408 0.0
409 0.43076521158218384
410 2.5845913887023926
411 0.0
412 0.8615304231643677
413 0.0
414 0.0
415 0.0
416 0.0
417 0.0
418 0.0
419 0.8615304231643677
420 1.7230608463287354
421 0.0
422 0.0
423 0.43076521158218384
424 0.0
425 1.2922956943511963
426 0.0
427 0.0
428 0.0
429 3.8768868446350098
430 0.0
431 0.0
432 0.8615304231643677
433 1.2922956943511963
434 0.0
435 0.0
436 0.0
437 0.0
438 0.0
439 0.43076521158218384
440 0.0
441 0.0
442 1.7230608463287354
443 0.8615304231643677
444 0.0
445 0.0
446 0.0
447 0.0
448 0.43076521158218384
449 0.0
450 3.8768868446350098
451 2.5845913887023926
452 0.0
453 0.0
454 0.0
455 0.8615304231643677
456 0.0
457 0.8615304231643677
458 0.8615304231643677
459 0.8615304231643677
460 0.0
461 0.0
462 0.0
463 0.0
464 2.5845911502838135
465 0.0
466 0.0
467 0.0
468 0.0
469 0.0
470 0.0
471 0.43076521158218384
472 0.0
473 0.43076521158218384
474 0.0
475 0.0
476 4.307652473449707
477 0.0
478 0.43076521158218384
479 0.43076521158218384
480 0.0
481 0.0
482 0.43076521158218384
483 1.2922956943511963
484 1.2922956943511963
485 2.5845911502838135
486 0.8615304231643677
487 4.307652473449707
488 0.0
489 6.030713081359863
490 0.0
491 0.0
492 0.0
493 0.0
494 0.43076521158218384
495 0.0
496 0.0
497 0.8615304231643677
498 0.0
499 0.43076521158218384
500 0.0
501 1.7230608463287354
502 0.0
503 0.0
504 0.0
505 0.0
506 0.0
507 0.0
508 0.0
509 0.43076521158218384
510 0.8615304231643677
511 1.7230608463287354
512 1.7230608463287354
513 1.7230608463287354
514 7.7537736892700195
515 0.43076521158218384
516 0.0
517 0.0
518 1.2922956943511963
519 10.33836555480957
520 0.0
521 0.0
522 0.43076521158218384
523 0.0
524 0.0
525 3.4461216926574707
526 0.0
527 3.4461216926574707
528 0.0
529 0.0
530 0.0
531 3.4461216926574707
532 0.0
533 0.43076521158218384
534 0.0
535 8.184538841247559
536 0.0
537 0.43076521158218384
538 0.43076521158218384
539 0.8615304231643677
540 0.0
541 0.0
542 0.0
543 0.0
544 0.0
545 0.8615304231643677
546 1.2922956943511963
547 3.8768868446350098
548 0.0
549 0.0
550 3.0153565406799316
551 0.43076521158218384
552 0.0
553 0.0
554 11.199894905090332
555 0.0
556 0.0
557 0.43076521158218384
558 0.0
559 0.43076521158218384
560 1.2922956943511963
561 0.0
562 0.0
563 13.784486770629883
564 0.0
565 1.2922956943511963
566 0.8615304231643677
567 0.0
568 0.0
569 0.43076521158218384
570 0.0
571 0.0
572 0.0
573 0.43076521158218384
574 0.0
575 0.0
576 0.0
577 0.0
578 0.43076521158218384
579 12.922955513000488
580 0.0
581 0.0
582 0.0
583 0.0
584 0.0
585 0.0
586 0.0
587 0.0
588 0.0
589 0.8615304231643677
590 0.0
591 0.0
592 6.030712604522705
593 0.8615304231643677
594 0.43076521158218384
595 0.0
596 0.43076521158218384
597 0.0
598 0.43076521158218384
599 2.1538259983062744
600 0.8615304231643677
601 0.8615304231643677
602 3.8768868446350098
603 0.0
604 0.8615304231643677
605 0.0
606 0.0
607 0.0
608 0.0
609 0.0
610 0.0
611 0.0
612 0.43076521158218384
613 0.0
614 0.0
615 0.0
616 1.2922956943511963
617 0.0
618 1.2922956943511963
619 0.43076521158218384
620 0.43076521158218384
621 0.43076521158218384
622 0.0
623 3.0153565406799316
624 0.0
625 0.0
626 0.0
627 0.43076521158218384
628 0.0
629 0.0
630 0.0
631 0.43076521158218384
632 0.0
633 0.0
634 0.0
635 0.0
636 0.0
637 0.43076521158218384
638 0.0
639 9.046069145202637
640 4.307651996612549
641 0.0
642 0.0
643 0.0
644 0.0
645 0.0
646 0.43076521158218384
647 0.0
648 1.7230608463287354
649 0.8615304231643677
650 0.8615304231643677
651 0.8615304231643677
652 0.0
653 1.7230608463287354
654 7.3230085372924805
655 3.4461216926574707
656 11.199895858764648
657 0.43076521158218384
658 0.0
659 0.8615304231643677
660 0.8615304231643677
661 0.0
662 0.0
663 6.461478233337402
664 2.1538259983062744
665 0.0
666 0.0
667 0.0
668 0.43076521158218384
669 3.8768868446350098
670 3.0153565406799316
671 0.43076521158218384
672 0.0
673 0.0
674 0.0
675 0.8615304231643677
676 2.1538259983062744
677 0.0
678 0.0
679 0.0
680 0.43076521158218384
681 0.0
682 0.43076521158218384
683 0.8615304231643677
684 0.0
685 0.0
686 0.0
687 0.0
688 0.0
689 1.2922956943511963
690 0.0
691 0.43076521158218384
692 3.4461216926574707
693 3.876887083053589
694 3.8768868446350098
695 0.0
696 0.43076521158218384
697 0.0
698 0.0
699 0.0
700 0.0
701 0.43076521158218384
702 0.0
703 0.0
704 0.8615304231643677
705 0.43076521158218384
706 2.5845913887023926
707 0.43076521158218384
708 0.8615304231643677
709 0.0
710 0.0
711 1.7230608463287354
712 0.0
713 1.7230608463287354
714 0.0
715 0.0
716 0.0
717 1.2922956943511963
718 0.0
719 0.0
720 0.8615304231643677
721 0.0
722 0.0
723 0.0
724 3.4461216926574707
725 3.0153565406799316
726 0.0
727 0.0
728 0.43076521158218384
729 0.0
730 0.43076521158218384
731 0.43076521158218384
732 0.0
733 0.0
734 1.2922956943511963
735 0.0
736 2.1538259983062744
737 1.7230608463287354
738 0.0
739 0.0
740 0.0
741 0.8615304231643677
742 1.2922956943511963
743 0.0
744 3.0153565406799316
745 0.0
746 0.0
747 0.43076521158218384
748 0.43076521158218384
749 1.2922956943511963
750 0.0
751 0.0
752 1.2922956943511963
753 0.43076521158218384
754 0.0
755 0.0
756 0.0
757 1.2922956943511963
758 0.0
759 0.0
760 1.7230608463287354
761 0.0
762 0.0
763 0.0
764 0.0
765 0.0
766 0.0
767 0.0
768 0.8615304231643677
769 0.0
770 0.0
771 0.0
772 0.0
773 0.0
774 0.0
775 0.0
776 0.43076521158218384
777 0.0
778 0.0
779 0.0
780 0.0
781 2.5845911502838135
782 0.43076521158218384
783 0.0
784 0.8615304231643677
785 0.43076521158218384
786 0.0
787 0.0
788 0.0
789 0.43076521158218384
790 2.1538259983062744
791 0.43076521158218384
792 0.0
793 0.0
794 0.0
795 0.43076521158218384
796 0.0
797 2.1538262367248535
798 0.0
799 0.0
800 0.0
801 0.0
802 0.0
803 0.8615304231643677
804 0.0
805 0.0
806 0.0
807 0.43076521158218384
808 0.0
809 0.0
810 4.738417148590088
811 0.43076521158218384
812 2.5845913887023926
813 1.2922956943511963
814 0.0
815 0.0
816 0.8615304231643677
817 0.0
818 0.43076521158218384
819 0.0
820 0.0
821 2.1538262367248535
822 0.0
823 0.0
824 3.0153563022613525
825 0.0
826 1.7230608463287354
827 0.43076521158218384
828 0.0
829 0.0
830 0.0
831 3.4461216926574707
832 0.0
833 0.0
834 0.43076521158218384
835 0.0
836 0.0
837 0.8615304231643677
838 0.8615304231643677
839 0.0
840 0.0
841 0.8615304231643677
842 0.0
843 0.0
844 0.0
845 0.0
846 0.43076521158218384
847 2.5845913887023926
848 0.43076521158218384
849 0.43076521158218384
850 0.0
851 0.0
852 6.461478233337402
853 0.0
854 0.0
855 0.0
856 0.43076521158218384
857 0.0
858 0.8615304231643677
859 0.0
860 2.5845911502838135
861 0.0
862 0.0
863 0.0
864 0.0
865 0.0
866 0.0
867 0.0
868 1.2922956943511963
869 1.7230608463287354
870 0.0
871 0.0
872 1.7230608463287354
873 0.43076521158218384
874 2.5845911502838135
875 0.0
876 1.2922956943511963
877 0.0
878 0.0
879 0.8615304231643677
880 0.0
881 3.8768868446350098
882 0.0
883 0.0
884 3.0153565406799316
885 0.0
886 0.8615304231643677
887 0.0
888 0.0
889 0.0
890 0.0
891 0.0
892 0.43076521158218384
893 0.0
894 0.0
895 0.43076521158218384
896 0.43076521158218384
897 2.1538262367248535
898 1.7230608463287354
899 0.0
900 0.43076521158218384
901 0.0
902 0.0
903 0.0
904 0.0
905 0.8615304231643677
906 0.0
907 0.43076521158218384
908 0.0
909 0.0
910 0.0
911 1.7230608463287354
912 0.0
913 0.8615304231643677
914 0.0
915 1.7230608463287354
916 0.43076521158218384
917 0.0
918 7.3230085372924805
919 0.43076521158218384
920 3.4461216926574707
921 2.5845913887023926
922 0.0
923 1.2922956943511963
924 0.0
925 0.43076521158218384
926 0.43076521158218384
927 8.184539794921875
928 0.0
929 0.0
930 0.0
931 1.2922956943511963
932 0.8615304231643677
933 4.738417625427246
934 0.0
935 0.0
936 0.0
937 0.0
938 0.43076521158218384
939 0.0
940 0.0
941 0.0
942 0.0
943 0.0
944 0.0
945 0.0
946 0.0
947 0.0
948 0.0
949 2.1538259983062744
950 0.43076521158218384
951 0.0
952 0.43076521158218384
953 0.43076521158218384
954 0.0
955 0.0
956 0.43076521158218384
957 0.0
958 0.0
959 0.0
960 5.599947929382324
961 0.0
962 0.0
963 0.0
964 0.0
965 0.43076521158218384
966 0.0
967 0.0
968 0.0
969 0.43076521158218384
970 0.0
971 0.0
972 0.0
973 0.0
974 0.0
975 0.8615304231643677
976 0.0
977 0.43076521158218384
978 0.0
979 0.0
980 0.8615304231643677
981 0.0
982 0.0
983 5.599947929382324
984 3.4461216926574707
985 3.4461216926574707
986 0.0
987 0.0
988 0.0
989 0.0
990 0.0
991 0.43076521158218384
992 0.0
993 0.8615304231643677
994 0.43076521158218384
995 0.0
996 0.0
997 0.0
998 0.0
999 0.0
1000 0.0
1001 0.0
1002 0.0
