# Selection:resname AU W ION Restricted:name AUC AUL AUSL Radius:2.64 Start:0 End:-1
0 296.3664855957031
1 298.0895080566406
2 82.70692443847656
3 34.46121597290039
4 80.55310821533203
5 81.41463470458984
6 72.79932403564453
7 86.58380889892578
8 81.41462707519531
9 52.12259292602539
10 41.78422546386719
11 57.29177474975586
12 93.04528045654297
13 30.153564453125
14 88.73763275146484
15 16.799842834472656
16 136.12179565429688
17 100.36830139160156
18 62.46096420288086
19 99.93753051757813
20 41.78422927856445
21 67.19937896728516
22 40.49192810058594
23 46.953407287597656
24 52.984127044677734
25 104.24518585205078
26 125.3526840209961
27 100.79905700683594
28 103.38365936279297
29 169.72149658203125
30 114.15277862548828
31 118.02967071533203
32 125.35267639160156
33 169.7214813232422
34 156.36776733398438
35 77.53775024414063
36 184.7982940673828
37 93.4760513305664
38 152.0601348876953
39 172.73684692382813
40 175.32144165039063
41 154.6447296142578
42 179.19834899902344
43 164.98309326171875
44 95.62989044189453
45 146.46017456054688
46 172.30609130859375
47 188.24444580078125
48 119.75273132324219
49 174.89068603515625
50 120.61426544189453
51 164.5523223876953
52 152.4908905029297
53 164.12158203125
54 183.0751953125
55 194.27513122558594
56 161.9677276611328
57 206.33653259277344
58 81.84539031982422
59 186.52134704589844
60 133.5372314453125
61 133.10646057128906
62 112.42972564697266
63 163.260009765625
64 102.5221176147461
65 98.21446228027344
66 59.44560623168945
67 128.79881286621094
68 152.9216766357422
69 124.06039428710938
70 184.36752319335938
71 199.01351928710938
72 147.75245666503906
73 83.56845092773438
74 133.10646057128906
75 99.93753051757813
76 208.05960083007813
77 191.25975036621094
78 180.92138671875
79 156.36778259277344
80 139.9987030029297
81 162.39846801757813
82 138.70640563964844
83 144.73712158203125
84 158.52159118652344
85 76.67622375488281
86 114.15277862548828
87 98.21446228027344
88 78.3992691040039
89 54.27641677856445
90 131.38340759277344
91 142.58331298828125
92 134.3987579345703
93 111.99897766113281
94 150.7678680419922
95 88.3068618774414
96 135.69105529785156
97 71.50702667236328
98 79.69156646728516
99 92.61451721191406
100 73.66085052490234
101 46.95341110229492
102 132.67568969726563
103 62.03020095825195
104 157.66006469726563
105 112.42974090576172
106 105.10671997070313
107 77.53773498535156
108 80.98385620117188
109 99.93753051757813
110 108.98360443115234
111 134.3987579345703
112 95.62989044189453
113 173.16763305664063
114 131.8141632080078
115 86.58380889892578
116 126.2142105102539
117 124.49115753173828
118 140.42945861816406
119 101.66059112548828
120 79.26080322265625
121 36.18427658081055
122 107.69129943847656
123 62.030189514160156
124 112.42970275878906
125 86.15303802490234
126 81.41462707519531
127 39.19963455200195
128 77.968505859375
129 74.09162139892578
130 171.0137939453125
131 135.26026916503906
132 124.49114227294922
133 144.73712158203125
134 170.15225219726563
135 145.59864807128906
136 112.42971801757813
137 138.7064208984375
138 118.02967071533203
139 184.36753845214844
140 196.42893981933594
141 86.15304565429688
142 139.99868774414063
143 125.3526840209961
144 128.36802673339844
145 90.0299301147461
146 143.87559509277344
147 147.32174682617188
148 73.23008728027344
149 88.73764038085938
150 151.6293487548828
151 127.07573699951172
152 126.64497375488281
153 82.70692443847656
154 66.33785247802734
155 116.30661010742188
156 201.16734313964844
157 201.16738891601563
158 173.16761779785156
159 126.64498138427734
160 144.73709106445313
161 125.3526840209961
162 124.92191314697266
163 121.47579956054688
164 106.39901733398438
165 87.87610626220703
166 88.73763275146484
167 109.41436004638672
168 132.24493408203125
169 169.7215118408203
170 102.09135437011719
171 134.8295135498047
172 109.41435241699219
173 110.7066421508789
174 118.4604263305664
175 98.6452407836914
176 60.307132720947266
177 99.93753051757813
178 72.79931640625
179 114.58354187011719
180 127.93727111816406
181 133.10646057128906
182 144.73712158203125
183 101.66059112548828
184 141.72177124023438
185 136.5525665283203
186 139.13719177246094
187 192.12127685546875
188 188.6751708984375
189 152.92164611816406
190 156.36776733398438
191 142.1525115966797
192 178.33680725097656
193 156.3677520751953
194 196.42893981933594
195 148.1832275390625
196 201.59812927246094
197 233.4747314453125
198 163.26002502441406
199 153.35243225097656
200 177.47528076171875
201 109.41436767578125
202 40.06116485595703
203 136.55258178710938
204 119.75273132324219
205 181.7829132080078
206 158.95236206054688
207 139.1371612548828
208 130.52186584472656
209 171.444580078125
210 118.89119720458984
211 177.9060516357422
212 97.35295104980469
213 106.39900970458984
214 95.1991195678711
215 82.27616119384766
216 101.22982788085938
217 65.04554748535156
218 109.84513092041016
219 80.55309295654297
220 127.9372787475586
221 105.1067123413086
222 65.47631072998047
223 126.21421813964844
224 111.99895477294922
225 154.21395874023438
226 105.96824645996094
227 51.691829681396484
228 139.99868774414063
229 197.72122192382813
230 109.84513854980469
231 146.0294189453125
232 99.50675964355469
233 84.42998504638672
234 93.04529571533203
235 88.30686950683594
236 185.65980529785156
237 176.18296813964844
238 171.444580078125
239 205.47500610351563
240 195.5674285888672
241 103.38365936279297
242 89.16839599609375
243 100.79906463623047
244 73.66085815429688
245 176.6137237548828
246 239.5054473876953
247 156.36778259277344
248 154.64471435546875
249 143.87559509277344
250 116.30661010742188
251 150.767822265625
252 192.1212615966797
253 134.8295135498047
254 88.73763275146484
255 160.6754150390625
256 40.06116485595703
257 68.49166870117188
258 144.3063507080078
259 90.0299301147461
260 115.44508361816406
261 230.89015197753906
262 123.1988525390625
263 150.76783752441406
264 190.39825439453125
265 114.15279388427734
266 147.75247192382813
267 115.87583923339844
268 104.24518585205078
269 126.21421813964844
270 166.275390625
271 127.07574462890625
272 103.3836441040039
273 101.22982788085938
274 119.32197570800781
275 133.1064453125
276 87.01457214355469
277 57.72254180908203
278 106.82978057861328
279 75.81468200683594
280 66.33784484863281
281 44.799583435058594
282 124.06039428710938
283 84.86075592041016
284 60.73789978027344
285 69.78396606445313
286 164.5523223876953
287 136.5525665283203
288 77.5377426147461
289 67.19937133789063
290 71.93779754638672
291 76.24544525146484
292 79.26080322265625
293 117.16814422607422
294 142.1525115966797
295 106.3990249633789
296 157.66006469726563
297 181.35215759277344
298 130.0911102294922
299 86.1530532836914
300 53.41489028930664
301 53.41489028930664
302 117.16813659667969
303 163.69081115722656
304 130.95265197753906
305 219.6902618408203
306 125.78343963623047
307 158.5216064453125
308 146.0294189453125
309 188.6751708984375
310 182.6444549560547
311 218.82872009277344
312 62.030189514160156
313 151.62936401367188
314 124.06038665771484
315 110.7066650390625
316 190.39822387695313
317 203.75196838378906
318 166.27537536621094
319 70.21473693847656
320 150.33706665039063
321 146.46018981933594
322 156.79855346679688
323 99.07600402832031
324 151.62936401367188
325 65.90707397460938
326 155.93701171875
327 116.73736572265625
328 137.84486389160156
329 120.18348693847656
330 92.6145248413086
331 110.7066650390625
332 62.460960388183594
333 164.55230712890625
334 105.96824645996094
335 159.8138885498047
336 171.444580078125
337 136.12181091308594
338 71.50703430175781
339 87.87610626220703
340 143.01406860351563
341 149.04476928710938
342 68.49166870117188
343 121.47579193115234
344 146.46017456054688
345 103.81441497802734
346 156.7985382080078
347 96.49141693115234
348 145.1678924560547
349 159.38314819335938
350 139.9987030029297
351 87.44534301757813
352 187.81362915039063
353 107.26054382324219
354 176.18295288085938
355 102.95288848876953
356 146.89093017578125
357 276.55126953125
358 197.7212371826172
359 174.89068603515625
360 188.2444305419922
361 91.75299072265625
362 135.6910400390625
363 64.18402099609375
364 79.69156646728516
365 151.62936401367188
366 190.39822387695313
367 177.47528076171875
368 200.736572265625
369 199.44427490234375
370 216.67489624023438
371 155.93702697753906
372 141.72177124023438
373 149.90628051757813
374 189.9674530029297
375 166.275390625
376 118.02967071533203
377 139.1371612548828
378 155.93699645996094
379 46.52264404296875
380 121.0450210571289
381 77.53773498535156
382 89.59915924072266
383 72.79933166503906
384 113.29124450683594
385 80.98385620117188
386 91.75299072265625
387 118.89119720458984
388 121.47578430175781
389 136.12181091308594
390 89.59916687011719
391 75.81468200683594
392 79.26080322265625
393 164.98309326171875
394 154.6447296142578
395 145.59864807128906
396 117.16815185546875
397 92.6145248413086
398 131.81414794921875
399 84.42998504638672
400 141.29098510742188
401 145.59866333007813
402 156.798583984375
403 148.1832275390625
404 155.93701171875
405 140.4294891357422
406 126.2142105102539
407 108.55284118652344
408 68.06090545654297
409 99.50675964355469
410 104.24518585205078
411 118.02967834472656
412 77.10697937011719
413 29.722797393798828
414 161.106201171875
415 158.95236206054688
416 148.61399841308594
417 122.33732604980469
418 158.09083557128906
419 94.76835632324219
420 133.96798706054688
421 146.8909454345703
422 86.58381652832031
423 148.61399841308594
424 121.0450439453125
425 163.69078063964844
426 60.73789978027344
427 65.90708923339844
428 65.90708923339844
429 99.07600402832031
430 71.50702667236328
431 111.1374282836914
432 118.89120483398438
433 114.15278625488281
434 59.876365661621094
435 52.122596740722656
436 52.98412322998047
437 46.52265167236328
438 87.44534301757813
439 114.15277862548828
440 99.93753051757813
441 68.92244720458984
442 70.21473693847656
443 120.61427307128906
444 73.23008728027344
445 150.76783752441406
446 90.0299301147461
447 121.90655517578125
448 121.47579193115234
449 214.52108764648438
450 127.9372787475586
451 59.44560623168945
452 65.9070816040039
453 46.09187698364258
454 63.32249069213867
455 61.599430084228516
456 78.39926147460938
457 165.41387939453125
458 111.99897003173828
459 206.76730346679688
460 183.50601196289063
461 149.47555541992188
462 223.13641357421875
463 146.0294189453125
464 139.99871826171875
465 128.79881286621094
466 88.73763275146484
467 157.6600799560547
468 152.92166137695313
469 71.93779754638672
470 123.62960815429688
471 85.72228240966797
472 127.93727111816406
473 212.79803466796875
474 167.1369171142578
475 220.55177307128906
476 124.49115753173828
477 157.66006469726563
478 111.1374282836914
479 100.36829376220703
480 78.3992691040039
481 129.66033935546875
482 158.5216064453125
483 99.93753051757813
484 162.39849853515625
485 87.87610626220703
486 133.96798706054688
487 107.69131469726563
488 143.0140380859375
489 98.2144775390625
490 83.56844329833984
491 42.214996337890625
492 68.49166870117188
493 124.06037139892578
494 108.98360443115234
495 50.830299377441406
496 62.46095657348633
497 86.58380126953125
498 109.41436767578125
499 111.13743591308594
500 152.0601348876953
501 70.64550018310547
502 132.2449188232422
503 101.22982025146484
504 96.0606460571289
505 67.19937133789063
506 96.0606460571289
507 115.44507598876953
508 104.67594146728516
509 139.99868774414063
510 124.92190551757813
511 168.8599853515625
512 101.2298355102539
513 74.9531478881836
514 102.9529037475586
515 197.7212371826172
516 97.78370666503906
517 154.21397399902344
518 38.338104248046875
519 120.61425018310547
520 183.936767578125
521 80.1223373413086
522 166.27537536621094
523 107.26052856445313
524 80.12232971191406
525 83.99922180175781
526 99.07600402832031
527 85.29151916503906
528 95.62987518310547
529 36.61504364013672
530 124.92191314697266
531 59.87636184692383
532 133.10646057128906
533 96.0606460571289
534 99.50675964355469
535 133.1064453125
536 104.67594909667969
537 114.15277099609375
538 84.42998504638672
539 109.41436767578125
540 80.9838638305664
541 34.030452728271484
542 84.42999267578125
543 115.87583923339844
544 168.42918395996094
545 160.2446746826172
546 146.46017456054688
547 177.47525024414063
548 150.33705139160156
549 104.24518585205078
550 142.15252685546875
551 46.522647857666016
552 71.50703430175781
553 124.49115753173828
554 52.98412322998047
555 138.27565002441406
556 74.09162902832031
557 100.79907989501953
558 94.33758544921875
559 133.1064453125
560 118.02967071533203
561 188.2444305419922
562 118.8912124633789
563 122.3373031616211
564 133.96800231933594
565 229.59786987304688
566 137.84487915039063
567 143.44482421875
568 93.4760513305664
569 141.29098510742188
570 146.02943420410156
571 112.42971801757813
572 99.93753051757813
573 59.014835357666016
574 112.42971801757813
575 156.36776733398438
576 91.75299072265625
577 46.953407287597656
578 114.58357238769531
579 109.41436004638672
580 92.18376159667969
581 59.44561004638672
582 79.26081085205078
583 152.0601043701172
584 116.3066177368164
585 59.876365661621094
586 78.83004760742188
587 76.67620849609375
588 184.36753845214844
589 230.4593963623047
590 143.87559509277344
591 144.30633544921875
592 128.3680419921875
593 91.32221984863281
594 105.96824645996094
595 93.90680694580078
596 137.4141082763672
597 125.35266876220703
598 101.66059112548828
599 149.0447540283203
600 93.0452880859375
601 128.79879760742188
602 83.99922943115234
603 115.01432037353516
604 151.1986083984375
605 65.476318359375
606 102.52212524414063
607 93.90682983398438
608 55.999481201171875
609 186.95208740234375
610 123.62962341308594
611 90.02993774414063
612 103.81441497802734
613 141.29100036621094
614 64.18401336669922
615 155.5062255859375
616 158.95236206054688
617 208.49038696289063
618 174.89071655273438
619 209.35191345214844
620 183.07522583007813
621 161.106201171875
622 110.27589416503906
623 174.4599151611328
624 183.9367218017578
625 149.90631103515625
626 174.4599151611328
627 107.26054382324219
628 123.62960815429688
629 149.04476928710938
630 76.24544525146484
631 144.73712158203125
632 172.3060760498047
633 99.50677490234375
634 124.49113464355469
635 118.89118957519531
636 147.32171630859375
637 146.46017456054688
638 108.12208557128906
639 137.84487915039063
640 114.15277862548828
641 102.95288848876953
642 151.62936401367188
643 63.753257751464844
644 96.92218017578125
645 106.82978057861328
646 70.21472930908203
647 142.1525421142578
648 89.16840362548828
649 66.33784484863281
650 125.783447265625
651 130.52186584472656
652 126.2142105102539
653 133.5372314453125
654 105.5374755859375
655 104.67596435546875
656 86.58380889892578
657 132.67568969726563
658 61.599422454833984
659 59.876365661621094
660 87.4453353881836
661 46.091880798339844
662 114.58355712890625
663 91.32221984863281
664 94.76835632324219
665 115.01431274414063
666 80.5531005859375
667 75.81468200683594
668 79.26080322265625
669 142.1525115966797
670 102.52212524414063
671 112.42972564697266
672 87.44534301757813
673 129.2295684814453
674 82.70691680908203
675 92.6145248413086
676 97.35293579101563
677 49.96876525878906
678 107.26055908203125
679 149.9062957763672
680 92.18375396728516
681 66.76860809326172
682 121.0450210571289
683 108.55284118652344
684 201.59811401367188
685 127.9372787475586
686 81.41463470458984
687 109.84513092041016
688 77.5377426147461
689 91.32222747802734
690 145.16787719726563
691 156.3677520751953
692 163.69078063964844
693 116.73737335205078
694 121.47579956054688
695 105.5374755859375
696 153.78317260742188
697 35.322750091552734
698 75.38391876220703
699 82.27616882324219
700 42.64575958251953
701 117.16813659667969
702 111.99895477294922
703 100.36830139160156
704 96.92218017578125
705 84.86074829101563
706 104.67594146728516
707 117.16812896728516
708 66.76860046386719
709 124.06037902832031
710 279.1358337402344
711 143.44482421875
712 107.26053619384766
713 145.16786193847656
714 113.29125213623047
715 148.61399841308594
716 101.2298355102539
717 112.86048126220703
718 137.4141082763672
719 94.76834869384766
720 97.78369903564453
721 111.99896240234375
722 83.99922943115234
723 63.322486877441406
724 65.9070816040039
725 45.66111373901367
726 78.3992691040039
727 128.79879760742188
728 207.1980743408203
729 142.15252685546875
730 75.3839111328125
731 187.8136444091797
732 65.0455551147461
733 149.9062957763672
734 112.8604965209961
735 101.22982025146484
736 118.89119720458984
737 79.26079559326172
738 102.95289611816406
739 122.33732604980469
740 124.06038665771484
741 84.42999267578125
742 154.6447296142578
743 223.13636779785156
744 39.630401611328125
745 100.3683090209961
746 163.260009765625
747 146.02940368652344
748 139.13717651367188
749 169.72152709960938
750 141.29100036621094
751 59.44560241699219
752 90.02993774414063
753 92.6145248413086
754 84.86074829101563
755 99.93753051757813
756 138.27565002441406
757 134.82952880859375
758 148.61399841308594
759 122.33732604980469
760 180.05987548828125
761 129.22955322265625
762 153.783203125
763 115.8758544921875
764 164.12156677246094
765 109.41436767578125
766 113.291259765625
767 131.3833770751953
768 124.49114227294922
769 60.30713653564453
770 89.16841125488281
771 36.61504364013672
772 133.10646057128906
773 178.76756286621094
774 177.4752655029297
775 233.905517578125
776 59.44560623168945
777 80.98384857177734
778 56.43024826049805
779 55.13794708251953
780 57.291770935058594
781 133.53721618652344
782 83.13768768310547
783 86.58380126953125
784 161.9677276611328
785 71.0762710571289
786 82.27615356445313
787 135.69105529785156
788 124.49115753173828
789 74.9531478881836
790 213.22879028320313
791 167.13690185546875
792 227.87478637695313
793 239.50547790527344
794 66.33784484863281
795 119.75273895263672
796 127.50650024414063
797 183.50599670410156
798 154.21397399902344
799 140.86024475097656
800 99.07600402832031
801 147.32171630859375
802 118.02967071533203
803 116.73738098144531
804 123.1988525390625
805 94.33757781982422
806 147.7524871826172
807 76.24545288085938
808 103.81442260742188
809 113.29125213623047
810 136.98333740234375
811 123.6296157836914
812 188.6751708984375
813 122.7680892944336
814 69.35321044921875
815 124.49115753173828
816 72.79932403564453
817 115.4450912475586
818 152.0601348876953
819 150.767822265625
820 145.5986328125
821 210.2134246826172
822 172.73684692382813
823 155.93701171875
824 101.66059875488281
825 124.06037139892578
826 158.5216064453125
827 167.9984130859375
828 212.36724853515625
829 109.84513092041016
830 103.81442260742188
831 103.3836669921875
832 104.67594909667969
833 127.07574462890625
834 217.53643798828125
835 188.24441528320313
836 157.2293243408203
837 220.55178833007813
838 151.6293487548828
839 155.93701171875
840 219.2594757080078
841 220.98255920410156
842 153.78317260742188
843 115.01431274414063
844 68.49166870117188
845 142.5832977294922
846 60.73789978027344
847 156.7985382080078
848 149.47555541992188
849 164.5523223876953
850 124.92192077636719
851 154.6447296142578
852 185.65980529785156
853 101.66059875488281
854 139.56793212890625
855 104.24518585205078
856 122.76809692382813
857 94.33757781982422
858 132.2449188232422
859 146.89093017578125
860 127.93727111816406
861 33.168922424316406
862 94.76834869384766
863 104.24517822265625
864 147.75247192382813
865 175.75221252441406
866 141.72177124023438
867 189.10594177246094
868 179.62911987304688
869 170.1522674560547
870 179.6290740966797
871 89.59917449951172
872 111.56819152832031
873 149.04476928710938
874 61.168663024902344
875 100.36829376220703
876 99.50677490234375
877 115.01432037353516
878 74.52238464355469
879 130.09109497070313
880 154.21395874023438
881 136.55258178710938
882 166.7061309814453
883 99.93754577636719
884 107.6913070678711
885 196.428955078125
886 130.95262145996094
887 200.3058319091797
888 143.01406860351563
889 194.70590209960938
890 154.6447296142578
891 91.32222747802734
892 65.476318359375
893 162.82928466796875
894 33.59968948364258
895 135.6910400390625
896 157.6600799560547
897 50.830299377441406
898 190.39820861816406
899 78.83003234863281
900 135.6910400390625
901 110.70665740966797
902 52.5533561706543
903 143.87559509277344
904 126.21419525146484
905 109.84512329101563
906 162.3985137939453
907 250.7053680419922
908 148.614013671875
909 143.44480895996094
910 65.9070816040039
911 249.41307067871094
912 124.9218978881836
913 190.82899475097656
914 123.1988525390625
915 182.6444549560547
916 103.38365173339844
917 126.64498138427734
918 77.5377426147461
919 117.5988998413086
920 63.75325012207031
921 59.01483917236328
922 99.07598876953125
923 111.13744354248047
924 102.9529037475586
925 122.33732604980469
926 165.84461975097656
927 116.73738098144531
928 189.96749877929688
929 200.3058319091797
930 206.3365478515625
931 162.82923889160156
932 176.18296813964844
933 72.79931640625
934 204.1826934814453
935 108.55282592773438
936 84.42998504638672
937 114.58355712890625
938 91.32223510742188
939 110.2759017944336
940 66.33785247802734
941 140.86021423339844
942 171.0137939453125
943 223.13638305664063
944 205.90576171875
945 167.13690185546875
946 102.52213287353516
947 83.5684585571289
948 192.12130737304688
949 69.35320281982422
950 118.02967071533203
951 106.82977294921875
952 136.98333740234375
953 143.87557983398438
954 105.5374984741211
955 111.56818389892578
956 149.04476928710938
957 183.07522583007813
958 90.02992248535156
959 59.44560241699219
960 183.0752410888672
961 167.5676727294922
962 133.5372314453125
963 42.21499252319336
964 89.59915161132813
965 179.19834899902344
966 164.9830780029297
967 132.67568969726563
968 99.07600402832031
969 114.58354949951172
970 101.22982788085938
971 81.84539031982422
972 122.7680892944336
973 160.24465942382813
974 107.6913070678711
975 152.0601043701172
976 112.42973327636719
977 242.95156860351563
978 119.32197570800781
979 130.0911102294922
980 246.397705078125
981 239.93618774414063
982 136.12179565429688
983 87.01457977294922
984 193.8443603515625
985 114.58355712890625
986 62.891727447509766
987 79.69157409667969
988 102.52213287353516
989 108.5528335571289
990 69.35320281982422
991 118.46043395996094
992 125.78345489501953
993 124.49114990234375
994 139.5679168701172
995 93.47604370117188
996 40.4919319152832
997 191.25975036621094
998 106.82978057861328
999 115.01431274414063
1000 107.69131469726563
1001 97.35294342041016
1002 97.35294342041016
