# Selection:resname AU W ION Restricted:name AUC AUL AUSL Radius:2.64 Start:0 End:-1
0 442.3958740234375
1 445.4111633300781
2 109.84513092041016
3 56.43024444580078
4 33.59968566894531
5 99.50677490234375
6 75.3839111328125
7 30.153564453125
8 34.8919792175293
9 59.876373291015625
10 121.04502868652344
11 30.153562545776367
12 21.969024658203125
13 15.507547378540039
14 75.81468200683594
15 75.3839111328125
16 56.43025207519531
17 19.81519889831543
18 54.707183837890625
19 53.41488265991211
20 22.399791717529297
21 82.27616119384766
22 72.3685531616211
23 37.045806884765625
24 113.291259765625
25 128.36802673339844
26 40.4919319152832
27 34.030452728271484
28 26.27667808532715
29 53.84565734863281
30 32.30738830566406
31 24.55361557006836
32 33.168922424316406
33 80.55309295654297
34 33.59968566894531
35 90.0299301147461
36 69.78397369384766
37 111.13742065429688
38 82.70692443847656
39 67.63013458251953
40 106.82978057861328
41 61.599430084228516
42 59.44559860229492
43 83.99921417236328
44 43.50728988647461
45 59.01483917236328
46 42.214988708496094
47 59.014835357666016
48 21.969026565551758
49 31.876623153686523
50 42.214996337890625
51 62.891719818115234
52 76.24543762207031
53 79.26079559326172
54 49.96876907348633
55 37.045806884765625
56 61.59942626953125
57 18.95366859436035
58 35.75351333618164
59 77.96849822998047
60 83.1376953125
61 51.69182586669922
62 55.99947738647461
63 28.430503845214844
64 12.492191314697266
65 37.045806884765625
66 62.46095657348633
67 103.81442260742188
68 89.59916687011719
69 93.47605895996094
70 33.59968566894531
71 29.292034149169922
72 45.661109924316406
73 34.461219787597656
74 34.89198303222656
75 28.430503845214844
76 72.79931640625
77 26.27667808532715
78 48.245704650878906
79 59.87636947631836
80 101.66059875488281
81 118.46044158935547
82 51.26105880737305
83 23.261320114135742
84 94.33758544921875
85 64.61478424072266
86 82.70691680908203
87 77.96849822998047
88 71.93778991699219
89 15.938312530517578
90 47.38417434692383
91 16.369077682495117
92 66.76860809326172
93 131.8141632080078
94 57.7225456237793
95 29.72279930114746
96 26.707443237304688
97 43.93804931640625
98 84.86074829101563
99 21.969024658203125
100 48.24570083618164
101 97.3529281616211
102 93.0452880859375
103 156.36778259277344
104 96.49140930175781
105 34.46121597290039
106 113.29125213623047
107 55.137943267822266
108 71.93778991699219
109 68.49166107177734
110 97.78370666503906
111 96.49140930175781
112 68.92243194580078
113 127.07574462890625
114 66.33784484863281
115 55.56871032714844
116 76.24544525146484
117 43.93804931640625
118 51.69182586669922
119 37.90734100341797
120 24.12285041809082
121 38.76886749267578
122 17.230607986450195
123 46.52264404296875
124 20.676729202270508
125 24.122852325439453
126 16.369077682495117
127 29.722801208496094
128 30.153562545776367
129 33.168922424316406
130 23.261322021484375
131 51.69183349609375
132 83.99921417236328
133 76.67620849609375
134 17.661373138427734
135 17.230607986450195
136 64.18402099609375
137 67.19937896728516
138 19.815200805664063
139 17.230607986450195
140 86.15304565429688
141 73.23008728027344
142 37.9073371887207
143 31.87662696838379
144 41.353458404541016
145 36.18428039550781
146 57.72254180908203
147 12.922956466674805
148 96.92217254638672
149 84.8607406616211
150 68.0609130859375
151 64.18402862548828
152 59.876365661621094
153 61.59942626953125
154 66.76861572265625
155 12.061426162719727
156 58.584068298339844
157 81.84539794921875
158 59.014835357666016
159 56.86100769042969
160 81.41462707519531
161 24.553617477416992
162 28.43050193786621
163 35.753517150878906
164 32.738155364990234
165 59.01483154296875
166 42.21499252319336
167 33.16891860961914
168 70.21472930908203
169 53.84565353393555
170 103.38365936279297
171 111.56819152832031
172 46.091880798339844
173 10.76913070678711
174 15.938312530517578
175 54.70718765258789
176 39.19963455200195
177 66.76860809326172
178 33.168922424316406
179 69.35320281982422
180 92.61453247070313
181 54.27641677856445
182 63.32248306274414
183 61.59942626953125
184 89.59915924072266
185 53.84565353393555
186 65.47631072998047
187 58.15330505371094
188 46.95341110229492
189 18.092138290405273
190 25.845911026000977
191 39.63039779663086
192 9.046070098876953
193 93.4760513305664
194 55.999473571777344
195 82.27615356445313
196 72.79931640625
197 71.50702667236328
198 81.41462707519531
199 39.63039779663086
200 82.27615356445313
201 75.8146743774414
202 67.63014221191406
203 45.661109924316406
204 79.69156646728516
205 40.49192810058594
206 33.59968566894531
207 74.95315551757813
208 38.76886749267578
209 46.953407287597656
210 61.168663024902344
211 34.030452728271484
212 76.24544525146484
213 54.70718002319336
214 24.55361557006836
215 158.52159118652344
216 107.69131469726563
217 41.78422927856445
218 66.33784484863281
219 39.19963455200195
220 35.32274627685547
221 126.64496612548828
222 66.76860809326172
223 84.86075592041016
224 67.19937133789063
225 148.18324279785156
226 55.99947738647461
227 48.245704650878906
228 46.95341110229492
229 45.66111373901367
230 58.15331268310547
231 35.322750091552734
232 65.04554748535156
233 98.64523315429688
234 57.291770935058594
235 73.23008728027344
236 51.26105880737305
237 96.0606460571289
238 35.322750091552734
239 77.10697174072266
240 24.98438262939453
241 90.02993774414063
242 40.49193572998047
243 57.722537994384766
244 100.79905700683594
245 53.41489791870117
246 63.75325012207031
247 60.30712890625
248 58.15330505371094
249 84.86075592041016
250 132.6757049560547
251 75.8146743774414
252 65.04554748535156
253 78.39927673339844
254 37.04581069946289
255 111.56820678710938
256 65.476318359375
257 61.168663024902344
258 54.70718002319336
259 67.19937133789063
260 39.19963836669922
261 48.67646789550781
262 87.01457977294922
263 38.338104248046875
264 65.476318359375
265 157.6600799560547
266 137.84486389160156
267 70.21473693847656
268 39.19963455200195
269 83.5684585571289
270 48.67647171020508
271 33.59968566894531
272 63.75325393676758
273 85.72228240966797
274 105.10671997070313
275 64.18401336669922
276 16.369077682495117
277 71.50701904296875
278 64.18402099609375
279 14.215251922607422
280 39.63039779663086
281 28.861268997192383
282 43.07652282714844
283 114.15277862548828
284 57.72254180908203
285 52.5533561706543
286 92.18374633789063
287 7.3230085372924805
288 62.89171600341797
289 26.707443237304688
290 67.63014221191406
291 40.06116485595703
292 70.64550018310547
293 43.0765266418457
294 65.04554748535156
295 43.50728988647461
296 92.18376159667969
297 29.722797393798828
298 59.014835357666016
299 55.99947738647461
300 48.245704650878906
301 77.10697937011719
302 63.75325012207031
303 105.10671997070313
304 26.707441329956055
305 16.799842834472656
306 19.81519889831543
307 16.799842834472656
308 136.55258178710938
309 18.95366859436035
310 65.9070816040039
311 30.58432960510254
312 75.3839111328125
313 40.49192810058594
314 59.01483917236328
315 42.64575958251953
316 12.06142520904541
317 49.96876907348633
318 59.44559860229492
319 59.014835357666016
320 37.045806884765625
321 33.16891860961914
322 81.84539031982422
323 35.32274627685547
324 48.67647171020508
325 35.753509521484375
326 39.19963455200195
327 30.584327697753906
328 50.3995246887207
329 24.55361557006836
330 62.89173126220703
331 54.707183837890625
332 75.3839111328125
333 34.8919792175293
334 86.58380889892578
335 84.8607406616211
336 143.01405334472656
337 70.21473693847656
338 60.30713653564453
339 55.1379508972168
340 55.99947738647461
341 113.29125213623047
342 69.78397369384766
343 41.78422927856445
344 20.67673110961914
345 21.969026565551758
346 68.92243957519531
347 52.12259292602539
348 95.6298828125
349 97.78370666503906
350 70.21473693847656
351 90.460693359375
352 69.7839584350586
353 43.93804931640625
354 49.538002014160156
355 36.18428039550781
356 66.76860809326172
357 50.83029556274414
358 85.29151916503906
359 43.507286071777344
360 75.8146743774414
361 71.50702667236328
362 129.6603240966797
363 93.90681457519531
364 66.33784484863281
365 66.33784484863281
366 65.04554748535156
367 76.67621612548828
368 117.59890747070313
369 65.0455551147461
370 99.50677490234375
371 71.93778991699219
372 83.13768768310547
373 42.6457633972168
374 9.907599449157715
375 14.215251922607422
376 84.42998504638672
377 61.16865921020508
378 54.27641296386719
379 73.66085815429688
380 39.630401611328125
381 43.938053131103516
382 46.52264404296875
383 55.999481201171875
384 41.78422927856445
385 83.5684585571289
386 51.26105880737305
387 28.861268997192383
388 34.46121597290039
389 40.92270278930664
390 28.86126708984375
391 15.507547378540039
392 19.81519889831543
393 20.2459659576416
394 45.230350494384766
395 38.76887130737305
396 24.98438262939453
397 25.84591293334961
398 41.35346221923828
399 32.738155364990234
400 42.214988708496094
401 65.04554748535156
402 81.84539031982422
403 67.63013458251953
404 62.8917236328125
405 61.599430084228516
406 82.70692443847656
407 43.507286071777344
408 78.83003234863281
409 95.19911193847656
410 25.84591293334961
411 35.753517150878906
412 62.89173126220703
413 25.415145874023438
414 55.99947738647461
415 49.107234954833984
416 105.96824645996094
417 108.9836196899414
418 43.07651901245117
419 54.707183837890625
420 106.82977294921875
421 9.476834297180176
422 21.107494354248047
423 19.81519889831543
424 35.32274627685547
425 33.16891860961914
426 26.707443237304688
427 65.90707397460938
428 27.138208389282227
429 60.307132720947266
430 32.738155364990234
431 80.12232971191406
432 52.122596740722656
433 80.12232971191406
434 35.32274627685547
435 41.78422927856445
436 38.76887130737305
437 51.26105880737305
438 115.87584686279297
439 49.96876525878906
440 31.876625061035156
441 24.122852325439453
442 47.81494140625
443 49.107234954833984
444 62.46095657348633
445 56.430240631103516
446 49.96876525878906
447 37.9073371887207
448 14.646017074584961
449 43.07652282714844
450 24.9843807220459
451 45.23035430908203
452 43.938053131103516
453 33.59968948364258
454 37.04581069946289
455 51.26106262207031
456 49.107234954833984
457 66.33785247802734
458 27.138206481933594
459 91.75299072265625
460 70.21473693847656
461 86.58380889892578
462 99.07600402832031
463 29.292034149169922
464 42.645755767822266
465 27.999736785888672
466 29.292034149169922
467 41.78422927856445
468 59.44559860229492
469 68.06090545654297
470 27.138206481933594
471 37.4765739440918
472 51.26105880737305
473 23.69208526611328
474 75.81468200683594
475 71.93778991699219
476 83.56845092773438
477 51.69182586669922
478 105.10671997070313
479 96.06063842773438
480 73.23008728027344
481 65.9070816040039
482 68.92243194580078
483 52.98412322998047
484 68.4916763305664
485 40.92269515991211
486 70.6455078125
487 43.07652282714844
488 9.046069145202637
489 28.430503845214844
490 34.030452728271484
491 40.0611686706543
492 15.507547378540039
493 22.830556869506836
494 9.907599449157715
495 16.799842834472656
496 54.27641677856445
497 44.79957962036133
498 74.52237701416016
499 40.49192810058594
500 55.13794708251953
501 101.2298355102539
502 65.9070816040039
503 39.63039779663086
504 16.369077682495117
505 34.46121597290039
506 41.78422927856445
507 45.661109924316406
508 65.47631072998047
509 33.59968566894531
510 48.67647933959961
511 52.55335998535156
512 86.58380889892578
513 49.96876525878906
514 65.47631072998047
515 64.61478424072266
516 36.61504364013672
517 60.73789978027344
518 95.6298828125
519 127.93727111816406
520 98.21446990966797
521 86.15303802490234
522 50.3995361328125
523 20.676729202270508
524 32.7381591796875
525 30.153564453125
526 30.153564453125
527 39.630401611328125
528 52.5533561706543
529 64.61478424072266
530 69.35319519042969
531 115.01431274414063
532 79.26081085205078
533 68.92243194580078
534 157.22930908203125
535 64.61478424072266
536 49.96876907348633
537 106.39901733398438
538 85.72227478027344
539 47.81494140625
540 15.507547378540039
541 12.061426162719727
542 101.66059112548828
543 120.1834945678711
544 54.27641677856445
545 30.153562545776367
546 30.584327697753906
547 64.61478424072266
548 107.69129943847656
549 36.18427658081055
550 61.59942626953125
551 84.86074829101563
552 51.26106262207031
553 78.3992691040039
554 66.33784484863281
555 65.04554748535156
556 94.76834869384766
557 76.67620849609375
558 34.89198303222656
559 36.18427658081055
560 23.69208526611328
561 105.5374755859375
562 111.56819152832031
563 19.38443374633789
564 35.322750091552734
565 154.21397399902344
566 80.1223373413086
567 45.2303466796875
568 72.3685531616211
569 54.27641677856445
570 62.03019332885742
571 36.61504364013672
572 96.49141693115234
573 98.21446990966797
574 69.35320281982422
575 104.24518585205078
576 76.24544525146484
577 114.15277862548828
578 153.78318786621094
579 77.10698699951172
580 29.29203224182129
581 5.169182777404785
582 77.53775024414063
583 61.59942626953125
584 69.78397369384766
585 76.24543762207031
586 68.49166107177734
587 60.3071403503418
588 26.27667808532715
589 27.568971633911133
590 30.153564453125
591 17.230607986450195
592 17.661373138427734
593 34.89198303222656
594 65.0455551147461
595 87.44534301757813
596 80.5531005859375
597 56.86101531982422
598 40.49192810058594
599 37.045806884765625
600 52.55335998535156
601 40.922698974609375
602 59.44560241699219
603 23.69208526611328
604 39.199642181396484
605 114.15278625488281
606 137.84486389160156
607 30.58432960510254
608 66.33784484863281
609 86.58380126953125
610 41.353458404541016
611 31.445859909057617
612 21.969026565551758
613 59.014835357666016
614 47.814937591552734
615 18.95366859436035
616 7.3230085372924805
617 33.168922424316406
618 51.691829681396484
619 55.56871795654297
620 37.4765739440918
621 89.59916687011719
622 2.5845913887023926
623 24.553617477416992
624 47.814945220947266
625 40.49192810058594
626 69.78396606445313
627 40.922698974609375
628 67.63014221191406
629 57.72254180908203
630 13.353721618652344
631 26.276676177978516
632 80.55309295654297
633 87.01457214355469
634 61.599430084228516
635 82.27615356445313
636 63.32249069213867
637 83.56846618652344
638 36.61503982543945
639 43.507286071777344
640 17.230607986450195
641 89.59917449951172
642 36.18427658081055
643 87.01456451416016
644 31.445858001708984
645 18.95366859436035
646 59.01483917236328
647 40.06116485595703
648 56.86100769042969
649 71.93778228759766
650 72.79933166503906
651 113.29125213623047
652 114.58354949951172
653 29.29203224182129
654 187.38287353515625
655 48.67646789550781
656 83.99923706054688
657 106.39900970458984
658 74.52238464355469
659 34.89198303222656
660 70.21472930908203
661 64.61478424072266
662 76.67620849609375
663 106.39901733398438
664 113.29125213623047
665 24.12285041809082
666 54.27642059326172
667 18.522903442382813
668 51.69182586669922
669 24.122852325439453
670 70.64549255371094
671 60.7379035949707
672 131.3833770751953
673 102.09135437011719
674 24.55361557006836
675 74.9531478881836
676 55.56871032714844
677 76.24544525146484
678 49.53799819946289
679 40.0611686706543
680 44.799583435058594
681 27.568973541259766
682 20.24596405029297
683 92.6145248413086
684 81.84539794921875
685 41.78422546386719
686 47.38417053222656
687 74.09162139892578
688 71.93779754638672
689 72.3685531616211
690 70.21472930908203
691 144.3063507080078
692 82.70691680908203
693 85.72227478027344
694 34.461219787597656
695 99.9375228881836
696 74.52237701416016
697 56.86101150512695
698 15.0767822265625
699 49.107234954833984
700 32.30739212036133
701 58.15330505371094
702 55.13794708251953
703 63.32249450683594
704 126.64498138427734
705 43.07651901245117
706 45.230350494384766
707 58.584068298339844
708 50.399532318115234
709 73.66085815429688
710 46.09187698364258
711 39.630401611328125
712 72.79931640625
713 41.78422927856445
714 45.66111373901367
715 110.70667266845703
716 37.47657775878906
717 63.32249069213867
718 66.76861572265625
719 93.90682220458984
720 35.322750091552734
721 40.49192810058594
722 52.55335998535156
723 17.230607986450195
724 65.90707397460938
725 37.9073371887207
726 52.5533561706543
727 39.630401611328125
728 46.09187698364258
729 75.81468200683594
730 24.122852325439453
731 54.70718002319336
732 30.584327697753906
733 26.707443237304688
734 34.030452728271484
735 15.0767822265625
736 41.35346221923828
737 71.93778991699219
738 49.10723876953125
739 106.39901733398438
740 85.29151153564453
741 82.70692443847656
742 61.59943389892578
743 41.78422927856445
744 53.41489028930664
745 64.61478424072266
746 37.4765739440918
747 21.53826141357422
748 24.55361557006836
749 14.215251922607422
750 28.430505752563477
751 14.646017074584961
752 27.568971633911133
753 43.07651901245117
754 38.76886749267578
755 6.461478233337402
756 15.507547378540039
757 15.938312530517578
758 26.707443237304688
759 14.215251922607422
760 45.230350494384766
761 46.522647857666016
762 36.18428039550781
763 13.353721618652344
764 45.66111373901367
765 25.415145874023438
766 28.86126708984375
767 33.168922424316406
768 55.13794708251953
769 48.245704650878906
770 23.261322021484375
771 40.06116485595703
772 29.292034149169922
773 103.38365173339844
774 26.276676177978516
775 29.722797393798828
776 114.58355712890625
777 93.4760513305664
778 25.845911026000977
779 38.76886749267578
780 21.969024658203125
781 38.338104248046875
782 24.55361557006836
783 11.630661010742188
784 24.55361557006836
785 61.599430084228516
786 68.49166107177734
787 135.6910400390625
788 146.4601593017578
789 43.93804931640625
790 49.538002014160156
791 78.83003234863281
792 94.33757781982422
793 79.69155883789063
794 83.56845092773438
795 58.15330123901367
796 9.046069145202637
797 54.27641677856445
798 64.61478424072266
799 42.64575958251953
800 57.291778564453125
801 96.0606460571289
802 32.738155364990234
803 91.32222747802734
804 30.584331512451172
805 83.5684585571289
806 91.32223510742188
807 83.99922180175781
808 58.15330505371094
809 114.15277862548828
810 84.86074829101563
811 91.75299072265625
812 21.969024658203125
813 82.70691680908203
814 42.21499252319336
815 93.0452880859375
816 55.999473571777344
817 14.215251922607422
818 134.82952880859375
819 89.16840362548828
820 76.67620849609375
821 81.41462707519531
822 167.13690185546875
823 127.9372787475586
824 112.86048126220703
825 31.015092849731445
826 115.44508361816406
827 90.02992248535156
828 104.67594909667969
829 84.42997741699219
830 64.18401336669922
831 57.29177474975586
832 118.8912124633789
833 94.76835632324219
834 49.538002014160156
835 99.50677490234375
836 125.35267639160156
837 97.78369903564453
838 76.67620086669922
839 120.6142578125
840 124.92190551757813
841 52.55336380004883
842 84.86075592041016
843 121.47578430175781
844 63.75325393676758
845 40.06116485595703
846 84.86074829101563
847 40.0611686706543
848 46.522647857666016
849 62.46096420288086
850 26.707441329956055
851 91.32222747802734
852 57.72254180908203
853 78.3992691040039
854 114.58354949951172
855 33.168922424316406
856 69.78397369384766
857 33.59968566894531
858 34.461219787597656
859 32.30739212036133
860 71.93779754638672
861 82.70692443847656
862 50.399532318115234
863 43.07651901245117
864 54.707183837890625
865 50.399532318115234
866 55.99947738647461
867 26.707443237304688
868 63.75325012207031
869 49.96876525878906
870 73.23008728027344
871 71.50701904296875
872 27.138206481933594
873 57.72254180908203
874 62.03018569946289
875 50.39952850341797
876 13.353721618652344
877 24.9843807220459
878 61.168663024902344
879 52.98412322998047
880 26.707443237304688
881 50.83029556274414
882 71.50702667236328
883 37.47657012939453
884 29.292034149169922
885 18.522903442382813
886 49.96876525878906
887 84.86074829101563
888 80.98387145996094
889 29.722797393798828
890 52.98412322998047
891 115.01431274414063
892 33.168922424316406
893 39.19963455200195
894 14.215250968933105
895 22.830554962158203
896 40.92269515991211
897 52.12259292602539
898 36.18427658081055
899 22.830554962158203
900 50.399532318115234
901 48.67647171020508
902 65.47631072998047
903 67.63014221191406
904 94.33758544921875
905 67.63013458251953
906 61.59942626953125
907 66.33784484863281
908 59.44560241699219
909 37.045806884765625
910 52.122596740722656
911 72.36856842041016
912 31.445858001708984
913 50.830299377441406
914 44.368812561035156
915 20.676729202270508
916 76.24544525146484
917 49.538002014160156
918 40.92269515991211
919 98.2144775390625
920 73.66085052490234
921 6.461478233337402
922 41.353458404541016
923 37.045806884765625
924 71.07626342773438
925 75.3839111328125
926 24.9843807220459
927 54.70718002319336
928 82.70691680908203
929 37.4765739440918
930 62.891719818115234
931 54.70718002319336
932 27.568971633911133
933 78.83003234863281
934 27.138206481933594
935 75.3839111328125
936 99.07599639892578
937 105.96824645996094
938 37.4765739440918
939 50.830299377441406
940 62.460960388183594
941 37.9073371887207
942 105.53749084472656
943 34.03044891357422
944 37.47657775878906
945 30.153564453125
946 89.16839599609375
947 69.35321044921875
948 88.30686950683594
949 64.18402099609375
950 27.999736785888672
951 8.184538841247559
952 48.676475524902344
953 53.41488265991211
954 159.81390380859375
955 76.24543762207031
956 62.03019332885742
957 21.538259506225586
958 19.384435653686523
959 91.32222747802734
960 68.06089782714844
961 44.799583435058594
962 129.2295684814453
963 32.30738830566406
964 74.52238464355469
965 80.98385620117188
966 146.0294189453125
967 58.58407211303711
968 139.9987030029297
969 53.84565353393555
970 58.58407211303711
971 40.49193572998047
972 9.046070098876953
973 69.78397369384766
974 74.52238464355469
975 32.7381591796875
976 43.507286071777344
977 65.9070816040039
978 66.33784484863281
979 53.414894104003906
980 74.95314025878906
981 59.44560241699219
982 13.353720664978027
983 65.04554748535156
984 67.63013458251953
985 38.76887130737305
986 62.8917236328125
987 57.722537994384766
988 54.27641296386719
989 37.90734100341797
990 21.969024658203125
991 57.722537994384766
992 42.21499252319336
993 41.35346221923828
994 45.66111373901367
995 64.18402099609375
996 45.66111755371094
997 96.92218017578125
998 96.49140167236328
999 105.1067123413086
1000 24.98438262939453
1001 24.98438262939453
1002 24.98438262939453
