# Selection 1:name C1A D2A C3A C4A C1B C2B C3B C4B Selection 2:name AUC AUSL AUL Cutoff:8 Start:0 End:-1
0 0
1 0
2 18
3 25
4 17
5 22
6 20
7 19
8 15
9 20
10 21
11 17
12 17
13 15
14 25
15 21
16 19
17 14
18 19
19 13
20 15
21 20
22 17
23 16
24 28
25 23
26 20
27 18
28 20
29 20
30 19
31 12
32 16
33 20
34 15
35 21
36 17
37 20
38 20
39 19
40 22
41 22
42 20
43 18
44 17
45 20
46 16
47 16
48 20
49 17
50 12
51 21
52 19
53 23
54 16
55 19
56 19
57 16
58 14
59 25
60 24
61 17
62 21
63 12
64 14
65 19
66 22
67 23
68 28
69 17
70 14
71 21
72 21
73 17
74 18
75 21
76 23
77 9
78 12
79 22
80 20
81 24
82 23
83 12
84 21
85 16
86 16
87 17
88 19
89 17
90 20
91 16
92 20
93 24
94 18
95 17
96 13
97 17
98 23
99 19
100 24
101 21
102 22
103 27
104 23
105 17
106 25
107 13
108 15
109 23
110 20
111 24
112 19
113 22
114 14
115 17
116 17
117 12
118 19
119 19
120 10
121 15
122 19
123 13
124 16
125 18
126 19
127 15
128 16
129 14
130 13
131 18
132 21
133 23
134 13
135 12
136 24
137 23
138 12
139 16
140 24
141 16
142 17
143 13
144 17
145 20
146 18
147 10
148 21
149 17
150 19
151 17
152 17
153 18
154 22
155 16
156 17
157 25
158 19
159 21
160 17
161 12
162 17
163 13
164 18
165 20
166 14
167 15
168 23
169 14
170 22
171 21
172 15
173 12
174 11
175 17
176 17
177 17
178 17
179 25
180 21
181 19
182 19
183 22
184 18
185 22
186 20
187 14
188 13
189 11
190 19
191 15
192 9
193 14
194 16
195 21
196 21
197 19
198 25
199 16
200 23
201 21
202 22
203 20
204 20
205 18
206 14
207 19
208 19
209 14
210 13
211 17
212 22
213 24
214 16
215 25
216 27
217 18
218 16
219 18
220 12
221 28
222 22
223 22
224 25
225 28
226 22
227 13
228 19
229 19
230 23
231 17
232 22
233 26
234 22
235 20
236 22
237 18
238 17
239 19
240 19
241 21
242 15
243 24
244 20
245 22
246 16
247 20
248 23
249 18
250 29
251 25
252 21
253 22
254 13
255 26
256 21
257 27
258 17
259 20
260 16
261 18
262 19
263 21
264 22
265 27
266 19
267 24
268 16
269 28
270 18
271 19
272 20
273 26
274 23
275 23
276 15
277 20
278 21
279 13
280 18
281 15
282 14
283 27
284 19
285 14
286 22
287 15
288 20
289 16
290 21
291 17
292 20
293 19
294 20
295 17
296 18
297 17
298 20
299 16
300 16
301 21
302 26
303 28
304 14
305 16
306 16
307 13
308 26
309 15
310 18
311 18
312 23
313 19
314 22
315 19
316 15
317 19
318 15
319 21
320 16
321 14
322 20
323 16
324 19
325 11
326 14
327 13
328 19
329 15
330 25
331 17
332 22
333 21
334 24
335 21
336 23
337 22
338 21
339 18
340 16
341 16
342 18
343 15
344 14
345 11
346 18
347 22
348 19
349 22
350 18
351 27
352 25
353 13
354 22
355 12
356 19
357 18
358 19
359 18
360 18
361 17
362 25
363 19
364 21
365 20
366 19
367 28
368 25
369 21
370 21
371 21
372 20
373 22
374 8
375 16
376 24
377 20
378 17
379 19
380 14
381 19
382 19
383 19
384 20
385 21
386 21
387 19
388 22
389 18
390 20
391 10
392 17
393 15
394 8
395 13
396 16
397 15
398 19
399 14
400 18
401 17
402 15
403 15
404 20
405 16
406 19
407 23
408 25
409 26
410 10
411 19
412 18
413 16
414 20
415 16
416 22
417 15
418 14
419 19
420 21
421 12
422 14
423 16
424 16
425 15
426 16
427 23
428 15
429 22
430 22
431 17
432 21
433 21
434 15
435 18
436 19
437 19
438 23
439 18
440 22
441 13
442 19
443 22
444 18
445 21
446 20
447 16
448 10
449 16
450 16
451 20
452 24
453 16
454 19
455 15
456 13
457 25
458 13
459 18
460 17
461 22
462 22
463 12
464 17
465 19
466 16
467 12
468 16
469 18
470 14
471 13
472 10
473 14
474 20
475 25
476 24
477 17
478 22
479 22
480 16
481 19
482 20
483 15
484 17
485 22
486 23
487 16
488 11
489 13
490 18
491 18
492 17
493 16
494 10
495 16
496 22
497 17
498 20
499 16
500 20
501 20
502 23
503 19
504 14
505 19
506 15
507 24
508 20
509 21
510 24
511 24
512 22
513 14
514 24
515 17
516 13
517 17
518 24
519 24
520 23
521 23
522 18
523 17
524 13
525 11
526 15
527 19
528 13
529 18
530 16
531 23
532 19
533 16
534 28
535 19
536 18
537 19
538 21
539 21
540 12
541 11
542 20
543 27
544 19
545 19
546 21
547 16
548 23
549 18
550 22
551 21
552 16
553 19
554 14
555 18
556 14
557 20
558 13
559 11
560 17
561 25
562 24
563 13
564 16
565 30
566 21
567 20
568 13
569 18
570 18
571 14
572 23
573 25
574 15
575 21
576 25
577 19
578 24
579 20
580 18
581 10
582 20
583 19
584 17
585 24
586 22
587 19
588 14
589 19
590 19
591 17
592 18
593 19
594 15
595 24
596 23
597 20
598 18
599 14
600 20
601 18
602 17
603 19
604 18
605 25
606 22
607 16
608 23
609 16
610 13
611 12
612 17
613 16
614 24
615 14
616 15
617 15
618 16
619 18
620 16
621 23
622 10
623 14
624 17
625 15
626 17
627 15
628 15
629 19
630 15
631 15
632 22
633 19
634 20
635 21
636 18
637 19
638 15
639 16
640 16
641 22
642 15
643 18
644 17
645 20
646 18
647 23
648 20
649 19
650 21
651 21
652 23
653 16
654 25
655 21
656 25
657 22
658 17
659 16
660 21
661 20
662 19
663 20
664 26
665 15
666 27
667 11
668 19
669 19
670 22
671 20
672 27
673 25
674 16
675 15
676 16
677 18
678 16
679 16
680 13
681 12
682 15
683 21
684 22
685 21
686 16
687 24
688 23
689 19
690 23
691 28
692 24
693 23
694 15
695 23
696 25
697 20
698 15
699 16
700 9
701 21
702 16
703 20
704 28
705 18
706 22
707 19
708 20
709 20
710 14
711 11
712 16
713 15
714 17
715 20
716 12
717 16
718 19
719 24
720 15
721 19
722 17
723 13
724 20
725 17
726 16
727 15
728 20
729 19
730 12
731 16
732 14
733 13
734 11
735 18
736 17
737 19
738 15
739 20
740 27
741 14
742 19
743 17
744 21
745 21
746 20
747 13
748 13
749 14
750 16
751 18
752 15
753 15
754 16
755 12
756 16
757 15
758 10
759 17
760 13
761 25
762 17
763 11
764 19
765 12
766 15
767 13
768 20
769 19
770 14
771 17
772 13
773 24
774 14
775 16
776 21
777 23
778 19
779 15
780 13
781 16
782 12
783 12
784 12
785 17
786 15
787 30
788 29
789 15
790 17
791 20
792 22
793 21
794 20
795 18
796 13
797 16
798 20
799 18
800 19
801 20
802 17
803 19
804 18
805 26
806 21
807 19
808 22
809 23
810 25
811 19
812 15
813 23
814 10
815 17
816 23
817 15
818 29
819 24
820 19
821 18
822 25
823 18
824 17
825 14
826 22
827 16
828 19
829 20
830 23
831 19
832 25
833 17
834 14
835 20
836 22
837 23
838 20
839 23
840 24
841 19
842 22
843 20
844 17
845 16
846 23
847 16
848 20
849 15
850 18
851 27
852 19
853 22
854 22
855 16
856 27
857 25
858 20
859 19
860 21
861 20
862 19
863 18
864 20
865 23
866 17
867 15
868 17
869 26
870 20
871 20
872 17
873 19
874 22
875 18
876 15
877 18
878 21
879 17
880 15
881 18
882 20
883 21
884 14
885 14
886 19
887 25
888 16
889 15
890 17
891 25
892 18
893 14
894 16
895 17
896 19
897 18
898 12
899 16
900 20
901 20
902 16
903 24
904 23
905 21
906 16
907 19
908 18
909 18
910 15
911 22
912 19
913 23
914 17
915 16
916 26
917 17
918 20
919 19
920 17
921 10
922 15
923 12
924 26
925 19
926 20
927 15
928 25
929 21
930 19
931 21
932 14
933 18
934 15
935 17
936 17
937 18
938 19
939 19
940 14
941 17
942 23
943 14
944 13
945 17
946 16
947 19
948 21
949 19
950 14
951 12
952 18
953 27
954 23
955 24
956 22
957 15
958 13
959 25
960 20
961 18
962 25
963 14
964 20
965 22
966 23
967 19
968 28
969 18
970 19
971 13
972 11
973 21
974 22
975 15
976 12
977 22
978 21
979 20
980 18
981 20
982 14
983 22
984 16
985 20
986 22
987 23
988 20
989 14
990 18
991 18
992 14
993 18
994 24
995 24
996 19
997 24
998 20
999 22
1000 16
1001 14
1002 14
