# Selection 1:name C1A D2A C3A C4A C1B C2B C3B C4B Selection 2:name AUC AUSL AUL Cutoff:8 Start:0 End:-1
0 0
1 0
2 12
3 10
4 8
5 10
6 11
7 11
8 8
9 8
10 8
11 7
12 3
13 8
14 10
15 5
16 9
17 3
18 6
19 8
20 7
21 9
22 10
23 9
24 12
25 5
26 6
27 10
28 6
29 11
30 4
31 5
32 7
33 5
34 5
35 7
36 9
37 9
38 10
39 10
40 7
41 14
42 5
43 7
44 9
45 13
46 5
47 9
48 6
49 9
50 5
51 4
52 4
53 6
54 8
55 4
56 12
57 6
58 9
59 10
60 8
61 5
62 7
63 7
64 6
65 8
66 7
67 7
68 6
69 4
70 7
71 4
72 6
73 5
74 7
75 7
76 12
77 11
78 9
79 5
80 6
81 12
82 7
83 10
84 6
85 8
86 8
87 6
88 8
89 8
90 4
91 7
92 10
93 7
94 8
95 6
96 6
97 6
98 11
99 8
100 8
101 13
102 10
103 9
104 9
105 7
106 7
107 11
108 11
109 6
110 6
111 4
112 5
113 8
114 7
115 11
116 10
117 11
118 7
119 10
120 4
121 8
122 9
123 11
124 7
125 8
126 6
127 8
128 9
129 8
130 12
131 10
132 4
133 6
134 8
135 6
136 10
137 5
138 5
139 11
140 8
141 7
142 4
143 6
144 6
145 5
146 6
147 8
148 7
149 7
150 9
151 9
152 6
153 10
154 4
155 12
156 6
157 7
158 7
159 7
160 6
161 7
162 6
163 5
164 7
165 8
166 6
167 7
168 9
169 8
170 9
171 7
172 6
173 11
174 7
175 9
176 9
177 5
178 12
179 5
180 5
181 10
182 8
183 8
184 3
185 7
186 8
187 10
188 11
189 7
190 5
191 10
192 4
193 7
194 4
195 7
196 4
197 9
198 9
199 7
200 7
201 7
202 4
203 5
204 7
205 10
206 7
207 8
208 4
209 10
210 10
211 6
212 6
213 8
214 8
215 3
216 15
217 3
218 8
219 8
220 10
221 7
222 11
223 10
224 7
225 3
226 5
227 7
228 5
229 7
230 4
231 8
232 6
233 8
234 10
235 6
236 8
237 4
238 8
239 10
240 10
241 9
242 8
243 7
244 10
245 8
246 7
247 7
248 9
249 6
250 6
251 7
252 8
253 6
254 5
255 9
256 9
257 2
258 8
259 6
260 12
261 8
262 8
263 7
264 6
265 5
266 7
267 8
268 5
269 8
270 7
271 10
272 3
273 10
274 7
275 10
276 9
277 6
278 8
279 5
280 6
281 8
282 7
283 9
284 7
285 4
286 5
287 11
288 7
289 8
290 7
291 3
292 6
293 8
294 7
295 6
296 10
297 9
298 9
299 7
300 11
301 9
302 9
303 8
304 6
305 6
306 9
307 8
308 8
309 9
310 10
311 6
312 5
313 8
314 8
315 5
316 8
317 9
318 6
319 10
320 5
321 8
322 8
323 11
324 6
325 7
326 4
327 6
328 7
329 8
330 5
331 4
332 11
333 10
334 9
335 6
336 6
337 6
338 9
339 7
340 13
341 7
342 7
343 8
344 5
345 7
346 12
347 7
348 6
349 5
350 5
351 8
352 9
353 10
354 6
355 3
356 8
357 7
358 9
359 13
360 11
361 7
362 5
363 9
364 7
365 9
366 5
367 7
368 3
369 4
370 8
371 9
372 9
373 10
374 7
375 8
376 8
377 3
378 10
379 8
380 9
381 10
382 10
383 7
384 8
385 8
386 5
387 4
388 4
389 6
390 11
391 6
392 10
393 6
394 9
395 11
396 6
397 9
398 9
399 7
400 11
401 8
402 7
403 11
404 8
405 7
406 5
407 9
408 9
409 8
410 9
411 5
412 5
413 10
414 7
415 9
416 7
417 9
418 7
419 7
420 9
421 5
422 9
423 12
424 10
425 10
426 7
427 6
428 8
429 6
430 4
431 4
432 10
433 10
434 13
435 9
436 5
437 4
438 7
439 9
440 6
441 5
442 4
443 11
444 5
445 6
446 7
447 11
448 12
449 5
450 9
451 5
452 8
453 7
454 9
455 13
456 10
457 11
458 7
459 4
460 7
461 6
462 6
463 11
464 6
465 8
466 11
467 7
468 8
469 8
470 6
471 9
472 4
473 9
474 9
475 8
476 6
477 5
478 6
479 11
480 10
481 9
482 6
483 5
484 4
485 6
486 10
487 13
488 7
489 10
490 9
491 7
492 4
493 8
494 3
495 9
496 9
497 13
498 4
499 3
500 8
501 9
502 6
503 6
504 7
505 9
506 6
507 7
508 7
509 2
510 10
511 6
512 6
513 11
514 8
515 7
516 10
517 7
518 12
519 9
520 4
521 9
522 9
523 3
524 3
525 11
526 6
527 10
528 8
529 5
530 10
531 12
532 4
533 6
534 7
535 9
536 13
537 8
538 10
539 11
540 7
541 8
542 10
543 9
544 9
545 7
546 8
547 7
548 10
549 6
550 10
551 5
552 7
553 9
554 11
555 7
556 5
557 9
558 8
559 7
560 7
561 12
562 10
563 6
564 7
565 8
566 10
567 12
568 7
569 12
570 4
571 4
572 7
573 6
574 10
575 9
576 7
577 4
578 12
579 4
580 9
581 5
582 5
583 4
584 5
585 9
586 8
587 12
588 5
589 10
590 8
591 8
592 10
593 7
594 7
595 13
596 6
597 5
598 8
599 3
600 8
601 6
602 5
603 9
604 7
605 8
606 7
607 6
608 7
609 6
610 8
611 8
612 8
613 7
614 5
615 8
616 8
617 7
618 7
619 6
620 10
621 12
622 10
623 7
624 6
625 9
626 9
627 7
628 12
629 5
630 4
631 7
632 9
633 5
634 5
635 8
636 7
637 4
638 10
639 8
640 7
641 8
642 5
643 12
644 7
645 7
646 7
647 10
648 9
649 5
650 8
651 5
652 8
653 6
654 8
655 5
656 8
657 8
658 8
659 7
660 10
661 7
662 9
663 8
664 6
665 10
666 11
667 6
668 9
669 10
670 12
671 9
672 4
673 7
674 5
675 4
676 9
677 12
678 7
679 6
680 9
681 8
682 8
683 8
684 10
685 11
686 10
687 9
688 7
689 6
690 9
691 8
692 13
693 8
694 7
695 11
696 6
697 8
698 8
699 9
700 10
701 9
702 6
703 11
704 6
705 4
706 7
707 8
708 6
709 8
710 8
711 11
712 7
713 6
714 13
715 9
716 7
717 6
718 14
719 10
720 8
721 7
722 5
723 9
724 10
725 10
726 7
727 5
728 6
729 7
730 8
731 4
732 9
733 9
734 7
735 10
736 7
737 8
738 6
739 9
740 5
741 9
742 7
743 8
744 8
745 6
746 4
747 6
748 6
749 5
750 7
751 8
752 6
753 6
754 5
755 9
756 5
757 8
758 5
759 5
760 13
761 5
762 6
763 6
764 7
765 6
766 9
767 5
768 6
769 9
770 5
771 9
772 6
773 10
774 6
775 11
776 4
777 9
778 11
779 4
780 10
781 12
782 10
783 5
784 4
785 5
786 10
787 5
788 7
789 5
790 5
791 6
792 11
793 11
794 10
795 8
796 10
797 7
798 7
799 6
800 5
801 3
802 5
803 8
804 7
805 8
806 5
807 8
808 10
809 8
810 8
811 5
812 6
813 2
814 8
815 6
816 8
817 15
818 10
819 4
820 11
821 9
822 7
823 11
824 9
825 6
826 8
827 12
828 7
829 7
830 10
831 8
832 9
833 8
834 4
835 6
836 8
837 6
838 8
839 9
840 8
841 7
842 6
843 9
844 6
845 7
846 6
847 10
848 6
849 10
850 8
851 8
852 9
853 8
854 8
855 6
856 8
857 7
858 7
859 9
860 3
861 5
862 11
863 11
864 8
865 5
866 5
867 11
868 9
869 4
870 3
871 10
872 4
873 10
874 9
875 12
876 9
877 7
878 6
879 5
880 9
881 7
882 7
883 7
884 8
885 5
886 8
887 13
888 9
889 10
890 8
891 9
892 7
893 7
894 10
895 10
896 8
897 5
898 7
899 6
900 8
901 13
902 6
903 4
904 6
905 5
906 8
907 9
908 6
909 7
910 7
911 6
912 7
913 8
914 7
915 7
916 6
917 10
918 4
919 12
920 9
921 6
922 7
923 9
924 6
925 6
926 9
927 7
928 9
929 9
930 9
931 12
932 6
933 4
934 8
935 4
936 5
937 5
938 7
939 5
940 8
941 14
942 7
943 11
944 5
945 8
946 7
947 7
948 12
949 6
950 8
951 11
952 11
953 6
954 8
955 8
956 7
957 6
958 9
959 6
960 7
961 6
962 9
963 10
964 8
965 9
966 9
967 11
968 7
969 4
970 4
971 7
972 8
973 4
974 9
975 3
976 8
977 6
978 7
979 8
980 9
981 11
982 9
983 6
984 8
985 7
986 8
987 7
988 10
989 6
990 5
991 6
992 8
993 11
994 5
995 6
996 9
997 9
998 9
999 8
1000 6
1001 12
1002 12
