# Selection:resname AU POPC Restricted:name AUC AUL AUSL Radius:2.64 Start:0 End:-1
0 83.5684585571289
1 80.9838638305664
2 3.0153565406799316
3 4.307652473449707
4 21.969024658203125
5 22.399789810180664
6 4.307651996612549
7 7.7537736892700195
8 13.784486770629883
9 14.646017074584961
10 5.599947929382324
11 23.692087173461914
12 8.615304946899414
13 18.092140197753906
14 25.845911026000977
15 16.799842834472656
16 39.630401611328125
17 16.369077682495117
18 7.3230085372924805
19 13.353721618652344
20 9.907599449157715
21 14.215251922607422
22 17.661375045776367
23 11.630660057067871
24 17.661373138427734
25 7.3230085372924805
26 12.061426162719727
27 3.4461216926574707
28 14.215251922607422
29 40.4919319152832
30 5.599947452545166
31 18.522903442382813
32 34.46121597290039
33 32.738155364990234
34 25.41514778137207
35 15.938312530517578
36 17.230607986450195
37 7.7537736892700195
38 21.107494354248047
39 13.784486770629883
40 4.307651996612549
41 19.38443374633789
42 12.061426162719727
43 11.199895858764648
44 1.2922956943511963
45 7.7537736892700195
46 0.8615304231643677
47 18.092138290405273
48 8.615304946899414
49 17.661373138427734
50 8.615303993225098
51 32.30739212036133
52 11.630661010742188
53 13.353721618652344
54 8.184539794921875
55 18.092138290405273
56 18.522903442382813
57 2.5845913887023926
58 2.1538259983062744
59 20.67673110961914
60 14.646017074584961
61 3.8768868446350098
62 21.969024658203125
63 19.81519889831543
64 3.8768868446350098
65 12.922956466674805
66 12.922956466674805
67 26.27667808532715
68 8.184539794921875
69 27.138206481933594
70 4.738417625427246
71 20.676729202270508
72 11.630661010742188
73 18.092138290405273
74 6.892243385314941
75 6.461478233337402
76 11.199895858764648
77 0.8615304231643677
78 26.707443237304688
79 3.44612193107605
80 9.476834297180176
81 0.8615304231643677
82 2.5845911502838135
83 9.476835250854492
84 7.7537736892700195
85 12.061426162719727
86 22.399791717529297
87 9.907600402832031
88 15.507547378540039
89 8.615303993225098
90 11.199894905090332
91 19.38443374633789
92 6.892243385314941
93 12.922956466674805
94 19.38443374633789
95 9.907600402832031
96 6.030713081359863
97 3.44612193107605
98 21.53826141357422
99 4.738417625427246
100 8.615303993225098
101 14.646017074584961
102 14.646017074584961
103 8.615303993225098
104 13.353721618652344
105 14.215251922607422
106 34.030452728271484
107 12.061426162719727
108 7.3230085372924805
109 21.538259506225586
110 6.892243385314941
111 29.72279930114746
112 0.43076521158218384
113 31.445859909057617
114 8.615303993225098
115 12.922956466674805
116 6.892243385314941
117 8.615304946899414
118 5.169182777404785
119 7.7537736892700195
120 8.615303993225098
121 14.646017074584961
122 7.7537736892700195
123 4.738417148590088
124 9.907600402832031
125 9.046069145202637
126 31.015092849731445
127 13.7844877243042
128 6.030713081359863
129 8.184539794921875
130 7.7537736892700195
131 7.3230085372924805
132 12.922956466674805
133 2.5845913887023926
134 15.076783180236816
135 21.10749626159668
136 15.938312530517578
137 7.3230085372924805
138 25.845911026000977
139 28.861268997192383
140 18.522903442382813
141 9.907600402832031
142 15.0767822265625
143 5.599947929382324
144 23.69208526611328
145 23.261320114135742
146 15.938312530517578
147 19.81519889831543
148 23.261322021484375
149 14.215251922607422
150 25.415145874023438
151 0.43076521158218384
152 9.046070098876953
153 3.0153565406799316
154 10.33836555480957
155 10.33836555480957
156 1.2922956943511963
157 20.67673110961914
158 34.03044891357422
159 43.938053131103516
160 8.615303993225098
161 28.861268997192383
162 4.738417625427246
163 21.107494354248047
164 8.615303993225098
165 4.307651996612549
166 21.969024658203125
167 12.49219036102295
168 13.784486770629883
169 6.030712604522705
170 27.568973541259766
171 12.922956466674805
172 23.692087173461914
173 8.615303993225098
174 18.953670501708984
175 12.492191314697266
176 6.461478233337402
177 3.4461216926574707
178 6.8922438621521
179 9.907600402832031
180 19.81519889831543
181 7.3230085372924805
182 10.33836555480957
183 16.799842834472656
184 52.122589111328125
185 21.969024658203125
186 12.922956466674805
187 15.507547378540039
188 18.092138290405273
189 12.922956466674805
190 9.046070098876953
191 7.3230085372924805
192 29.29203224182129
193 6.030713081359863
194 22.399791717529297
195 27.138206481933594
196 22.830554962158203
197 15.938312530517578
198 0.8615304231643677
199 12.922956466674805
200 9.907599449157715
201 7.3230085372924805
202 11.199895858764648
203 14.215250968933105
204 7.3230085372924805
205 8.615303993225098
206 15.938312530517578
207 22.399789810180664
208 33.168922424316406
209 18.522903442382813
210 16.369077682495117
211 12.922956466674805
212 6.030713081359863
213 24.98438262939453
214 25.84591293334961
215 12.061426162719727
216 4.307651996612549
217 7.3230085372924805
218 3.0153565406799316
219 31.87662696838379
220 24.12285041809082
221 18.092138290405273
222 20.676729202270508
223 15.507547378540039
224 12.922956466674805
225 10.33836555480957
226 4.307651996612549
227 31.445858001708984
228 31.876625061035156
229 31.015094757080078
230 27.999738693237305
231 31.445859909057617
232 9.476834297180176
233 34.461219787597656
234 4.738417148590088
235 21.969024658203125
236 22.399791717529297
237 9.046070098876953
238 15.938312530517578
239 20.676729202270508
240 15.0767822265625
241 16.799842834472656
242 27.138206481933594
243 8.184539794921875
244 3.876887083053589
245 9.046070098876953
246 21.10749626159668
247 27.999738693237305
248 8.184538841247559
249 17.661373138427734
250 21.538259506225586
251 18.522903442382813
252 21.538259506225586
253 10.33836555480957
254 2.5845913887023926
255 6.892243385314941
256 37.4765739440918
257 24.122852325439453
258 14.646017074584961
259 4.307651996612549
260 17.661373138427734
261 14.646017074584961
262 10.33836555480957
263 44.799583435058594
264 8.615303993225098
265 7.3230085372924805
266 2.5845913887023926
267 3.8768868446350098
268 24.98438262939453
269 8.184539794921875
270 13.784486770629883
271 18.092138290405273
272 25.84591293334961
273 4.738417625427246
274 10.769129753112793
275 9.046069145202637
276 9.476834297180176
277 21.969024658203125
278 6.030713081359863
279 8.184538841247559
280 10.769129753112793
281 33.168922424316406
282 8.184538841247559
283 5.599947929382324
284 10.769129753112793
285 10.76913070678711
286 0.8615304231643677
287 12.492191314697266
288 15.938311576843262
289 8.615303993225098
290 18.522903442382813
291 18.522903442382813
292 14.215251922607422
293 11.199895858764648
294 22.399791717529297
295 29.72279930114746
296 7.3230085372924805
297 7.3230085372924805
298 21.538259506225586
299 0.8615304231643677
300 13.353721618652344
301 9.907599449157715
302 5.169182777404785
303 20.24596405029297
304 20.24596405029297
305 30.584327697753906
306 6.892243385314941
307 18.95366859436035
308 5.599947929382324
309 14.215251922607422
310 11.199895858764648
311 12.922956466674805
312 5.169182777404785
313 2.5845913887023926
314 26.27667808532715
315 16.799842834472656
316 18.95366859436035
317 14.646017074584961
318 15.0767822265625
319 19.384435653686523
320 4.307651996612549
321 39.630401611328125
322 4.738417625427246
323 8.184539794921875
324 15.938312530517578
325 24.553617477416992
326 12.061426162719727
327 7.3230085372924805
328 5.169182777404785
329 12.49219036102295
330 7.3230085372924805
331 2.1538259983062744
332 26.707441329956055
333 14.215251922607422
334 9.907599449157715
335 3.8768868446350098
336 14.646017074584961
337 10.338364601135254
338 12.492191314697266
339 2.1538259983062744
340 6.892243385314941
341 6.461478233337402
342 5.599947929382324
343 13.353721618652344
344 14.646017074584961
345 6.892243385314941
346 8.184538841247559
347 26.707441329956055
348 12.061426162719727
349 9.476834297180176
350 15.0767822265625
351 16.799842834472656
352 21.107494354248047
353 10.33836555480957
354 1.7230608463287354
355 16.36907958984375
356 20.676729202270508
357 2.5845911502838135
358 11.199894905090332
359 7.7537736892700195
360 15.0767822265625
361 3.0153565406799316
362 0.8615304231643677
363 24.12285041809082
364 14.215251922607422
365 23.69208526611328
366 6.030713081359863
367 20.676729202270508
368 4.307652473449707
369 6.030713081359863
370 14.646017074584961
371 18.95366859436035
372 15.507547378540039
373 12.49219036102295
374 21.969024658203125
375 9.046069145202637
376 27.13821029663086
377 23.69208526611328
378 21.969024658203125
379 6.461478233337402
380 7.7537736892700195
381 10.338364601135254
382 12.061426162719727
383 5.169182777404785
384 6.030713081359863
385 30.58432960510254
386 15.0767822265625
387 24.55361557006836
388 22.399789810180664
389 9.907599449157715
390 6.461478233337402
391 20.24596405029297
392 10.76913070678711
393 12.061426162719727
394 8.615303993225098
395 5.599947929382324
396 0.43076521158218384
397 9.476835250854492
398 12.49219036102295
399 4.738417148590088
400 14.215251922607422
401 5.599947929382324
402 11.630661010742188
403 1.7230608463287354
404 12.922956466674805
405 14.215251922607422
406 12.492191314697266
407 4.307651996612549
408 32.30739212036133
409 13.353720664978027
410 8.184539794921875
411 27.568973541259766
412 20.24596405029297
413 8.615304946899414
414 7.753774166107178
415 7.323009014129639
416 15.0767822265625
417 23.69208526611328
418 24.98438262939453
419 21.107494354248047
420 31.015094757080078
421 15.938312530517578
422 2.1538259983062744
423 6.892243385314941
424 17.230609893798828
425 13.784486770629883
426 23.261320114135742
427 16.799842834472656
428 19.81519889831543
429 13.784486770629883
430 9.907600402832031
431 5.169182300567627
432 2.5845911502838135
433 9.907599449157715
434 1.7230608463287354
435 2.5845913887023926
436 28.430503845214844
437 8.615303993225098
438 9.046069145202637
439 20.676729202270508
440 8.184538841247559
441 6.461478233337402
442 10.33836555480957
443 2.5845913887023926
444 15.076783180236816
445 15.507548332214355
446 11.199894905090332
447 4.738417625427246
448 13.353721618652344
449 29.292034149169922
450 20.24596405029297
451 8.184538841247559
452 0.8615304231643677
453 14.646017074584961
454 7.3230085372924805
455 6.461478233337402
456 6.892243385314941
457 18.092138290405273
458 5.599947929382324
459 11.630661010742188
460 12.492191314697266
461 16.799842834472656
462 31.015094757080078
463 11.630661010742188
464 6.030713081359863
465 14.646017074584961
466 39.19963455200195
467 24.98438262939453
468 0.43076521158218384
469 10.338364601135254
470 4.738417148590088
471 0.43076521158218384
472 9.046069145202637
473 15.507547378540039
474 18.95366859436035
475 2.1538259983062744
476 22.830554962158203
477 5.599947452545166
478 9.476834297180176
479 12.492191314697266
480 14.215251922607422
481 9.907600402832031
482 15.507547378540039
483 12.49219036102295
484 30.584327697753906
485 2.1538262367248535
486 12.492191314697266
487 23.692087173461914
488 20.24596405029297
489 6.461478233337402
490 19.38443374633789
491 38.338104248046875
492 3.0153565406799316
493 11.630661010742188
494 17.661373138427734
495 12.06142520904541
496 1.7230608463287354
497 7.3230085372924805
498 31.876623153686523
499 12.922956466674805
500 16.79984474182129
501 2.5845911502838135
502 24.9843807220459
503 10.76913070678711
504 1.2922956943511963
505 13.353721618652344
506 24.9843807220459
507 13.784486770629883
508 6.030713081359863
509 3.0153565406799316
510 7.3230085372924805
511 27.999740600585938
512 13.784486770629883
513 10.33836555480957
514 20.24596405029297
515 18.092138290405273
516 15.507547378540039
517 40.4919319152832
518 3.8768868446350098
519 5.169182777404785
520 9.907600402832031
521 31.876625061035156
522 0.0
523 14.215251922607422
524 26.276676177978516
525 21.538259506225586
526 22.830554962158203
527 3.4461216926574707
528 12.922956466674805
529 15.938312530517578
530 13.353721618652344
531 3.8768868446350098
532 19.38443374633789
533 16.799842834472656
534 12.061426162719727
535 3.0153565406799316
536 3.0153565406799316
537 9.907600402832031
538 9.907600402832031
539 18.092140197753906
540 6.461478233337402
541 8.184538841247559
542 3.0153565406799316
543 16.369077682495117
544 12.061426162719727
545 29.722797393798828
546 8.615303993225098
547 21.538259506225586
548 1.7230608463287354
549 6.892243385314941
550 14.646017074584961
551 0.0
552 14.646017074584961
553 25.415145874023438
554 9.907600402832031
555 15.938312530517578
556 12.061426162719727
557 2.1538259983062744
558 11.630661010742188
559 15.507547378540039
560 14.215251922607422
561 13.784485816955566
562 11.199895858764648
563 19.38443374633789
564 9.907600402832031
565 8.615303993225098
566 10.338364601135254
567 0.43076521158218384
568 5.169182777404785
569 12.922956466674805
570 20.24596405029297
571 5.169182777404785
572 2.5845913887023926
573 18.953670501708984
574 15.938312530517578
575 24.122852325439453
576 21.107494354248047
577 26.276676177978516
578 20.2459659576416
579 16.369077682495117
580 9.907599449157715
581 19.38443374633789
582 12.061426162719727
583 12.922956466674805
584 30.58432960510254
585 12.922956466674805
586 25.84591293334961
587 24.9843807220459
588 12.061426162719727
589 12.922955513000488
590 12.492191314697266
591 16.369077682495117
592 13.784486770629883
593 12.492191314697266
594 21.107494354248047
595 13.784486770629883
596 15.507547378540039
597 9.046069145202637
598 4.307651996612549
599 27.138208389282227
600 9.046069145202637
601 13.353721618652344
602 18.092138290405273
603 15.0767822265625
604 11.199895858764648
605 9.046069145202637
606 34.030452728271484
607 24.122852325439453
608 21.969024658203125
609 5.169182777404785
610 24.55361557006836
611 26.27667808532715
612 27.138208389282227
613 5.169182300567627
614 4.307651996612549
615 20.24596405029297
616 26.276676177978516
617 6.030713081359863
618 6.461478233337402
619 6.030713081359863
620 4.738417625427246
621 6.030713081359863
622 14.646017074584961
623 8.184538841247559
624 12.061426162719727
625 4.738417625427246
626 18.522903442382813
627 7.7537736892700195
628 2.1538259983062744
629 13.353721618652344
630 27.999738693237305
631 22.399791717529297
632 3.0153565406799316
633 14.215251922607422
634 14.646017074584961
635 12.922956466674805
636 16.36907958984375
637 6.892243385314941
638 1.2922956943511963
639 8.615303993225098
640 8.184538841247559
641 27.568973541259766
642 31.44586181640625
643 11.199895858764648
644 3.876887083053589
645 15.938312530517578
646 0.43076521158218384
647 28.861270904541016
648 25.41514778137207
649 16.799842834472656
650 8.184538841247559
651 19.38443374633789
652 47.38417053222656
653 20.24596405029297
654 2.1538259983062744
655 11.199894905090332
656 8.184538841247559
657 4.307652473449707
658 3.0153565406799316
659 10.76913070678711
660 25.84591293334961
661 14.215250968933105
662 3.4461216926574707
663 31.87662696838379
664 14.215250968933105
665 9.476835250854492
666 13.353720664978027
667 17.230607986450195
668 20.676729202270508
669 21.107494354248047
670 5.599947929382324
671 3.8768868446350098
672 28.861268997192383
673 18.092138290405273
674 4.738417625427246
675 6.030713081359863
676 3.8768868446350098
677 4.738417148590088
678 12.922956466674805
679 4.307652473449707
680 31.015092849731445
681 6.892243385314941
682 23.69208526611328
683 19.81519889831543
684 8.184538841247559
685 11.630661010742188
686 13.784486770629883
687 22.830556869506836
688 11.199895858764648
689 12.061426162719727
690 17.230607986450195
691 18.522903442382813
692 21.107494354248047
693 9.907600402832031
694 14.646017074584961
695 17.230609893798828
696 16.799842834472656
697 19.38443374633789
698 32.738155364990234
699 15.507547378540039
700 17.230609893798828
701 4.738417148590088
702 31.445858001708984
703 6.461478233337402
704 12.061426162719727
705 11.630660057067871
706 15.0767822265625
707 9.907599449157715
708 31.44586181640625
709 7.753774166107178
710 12.492191314697266
711 9.046070098876953
712 8.184538841247559
713 9.476835250854492
714 7.7537736892700195
715 12.061426162719727
716 6.892243385314941
717 19.81519889831543
718 4.738417625427246
719 9.046069145202637
720 10.338364601135254
721 4.738417148590088
722 10.769129753112793
723 1.2922956943511963
724 10.338364601135254
725 21.969024658203125
726 23.69208526611328
727 27.138206481933594
728 30.153564453125
729 5.599947452545166
730 10.338364601135254
731 21.107494354248047
732 13.784486770629883
733 4.307651996612549
734 0.43076521158218384
735 8.615304946899414
736 21.969024658203125
737 24.98438262939453
738 42.21499252319336
739 15.938312530517578
740 5.169182777404785
741 20.24596405029297
742 16.369077682495117
743 9.476835250854492
744 5.169182777404785
745 18.95366859436035
746 36.615047454833984
747 20.24596405029297
748 0.0
749 5.599947929382324
750 17.661375045776367
751 16.369077682495117
752 5.599947929382324
753 8.184538841247559
754 23.692087173461914
755 24.55361557006836
756 15.0767822265625
757 31.876625061035156
758 36.61504364013672
759 29.722797393798828
760 1.2922956943511963
761 39.19963455200195
762 18.522903442382813
763 5.169182777404785
764 24.553617477416992
765 9.046070098876953
766 16.799842834472656
767 14.646018028259277
768 37.4765739440918
769 7.3230085372924805
770 15.507547378540039
771 7.3230085372924805
772 25.41514778137207
773 2.1538262367248535
774 9.907599449157715
775 2.1538259983062744
776 24.9843807220459
777 11.199894905090332
778 6.030713081359863
779 6.461478233337402
780 8.615303993225098
781 10.338364601135254
782 5.599947929382324
783 11.199895858764648
784 17.661373138427734
785 12.49219036102295
786 4.738417148590088
787 13.784486770629883
788 25.845911026000977
789 6.030713081359863
790 21.53826141357422
791 30.153564453125
792 24.12285041809082
793 10.338364601135254
794 11.199895858764648
795 3.0153565406799316
796 37.9073371887207
797 15.507547378540039
798 10.76913070678711
799 10.33836555480957
800 13.784485816955566
801 7.3230085372924805
802 2.5845913887023926
803 7.3230085372924805
804 15.938312530517578
805 16.369077682495117
806 27.999736785888672
807 6.030713081359863
808 18.953670501708984
809 5.169182300567627
810 16.79984474182129
811 6.030713081359863
812 11.199895858764648
813 16.799842834472656
814 30.153562545776367
815 23.692087173461914
816 10.338364601135254
817 8.615303993225098
818 7.7537736892700195
819 24.122852325439453
820 9.907600402832031
821 9.476834297180176
822 17.230607986450195
823 19.815200805664063
824 18.522903442382813
825 7.7537736892700195
826 11.630661010742188
827 8.184539794921875
828 10.769129753112793
829 5.169182300567627
830 11.630661010742188
831 18.95366859436035
832 55.1379508972168
833 29.29203224182129
834 25.845911026000977
835 4.738417148590088
836 6.461478233337402
837 15.507547378540039
838 13.784486770629883
839 10.338364601135254
840 6.461478233337402
841 18.95366859436035
842 18.522905349731445
843 11.630661010742188
844 20.24596405029297
845 10.769129753112793
846 9.907599449157715
847 21.969024658203125
848 3.4461216926574707
849 5.599947929382324
850 7.7537736892700195
851 24.98438262939453
852 20.24596405029297
853 15.507547378540039
854 7.3230085372924805
855 16.799842834472656
856 11.630661010742188
857 10.76913070678711
858 21.10749626159668
859 2.1538259983062744
860 5.599947929382324
861 7.3230085372924805
862 16.799842834472656
863 6.892243385314941
864 4.738417148590088
865 19.81519889831543
866 3.4461216926574707
867 9.907600402832031
868 9.907599449157715
869 27.999736785888672
870 29.29203224182129
871 0.43076521158218384
872 8.184539794921875
873 6.030713081359863
874 13.784486770629883
875 8.184539794921875
876 17.661373138427734
877 9.046070098876953
878 19.81519889831543
879 18.95366859436035
880 15.0767822265625
881 20.2459659576416
882 9.476835250854492
883 6.030713081359863
884 34.46121597290039
885 7.3230085372924805
886 8.615303993225098
887 2.1538259983062744
888 3.4461216926574707
889 30.153562545776367
890 9.046069145202637
891 5.599947929382324
892 26.27667808532715
893 6.461478233337402
894 12.061426162719727
895 6.461478233337402
896 3.4461216926574707
897 10.33836555480957
898 16.369077682495117
899 13.7844877243042
900 15.507547378540039
901 9.907599449157715
902 6.461478233337402
903 7.7537736892700195
904 18.092138290405273
905 14.646017074584961
906 6.030713081359863
907 0.8615304231643677
908 21.538259506225586
909 8.615303993225098
910 5.599947452545166
911 18.95366859436035
912 32.30738830566406
913 18.95366859436035
914 28.430503845214844
915 7.3230085372924805
916 2.1538262367248535
917 11.199894905090332
918 17.661373138427734
919 10.76913070678711
920 8.615303993225098
921 16.369077682495117
922 24.98438262939453
923 3.4461216926574707
924 5.599947929382324
925 20.24596405029297
926 22.399789810180664
927 21.969024658203125
928 8.615304946899414
929 5.169182777404785
930 13.353721618652344
931 23.69208526611328
932 15.507547378540039
933 6.461478233337402
934 10.76913070678711
935 44.36881637573242
936 0.43076521158218384
937 7.7537736892700195
938 0.43076521158218384
939 16.369077682495117
940 26.276676177978516
941 6.030713081359863
942 13.353721618652344
943 4.307651996612549
944 5.599947929382324
945 8.184538841247559
946 17.230607986450195
947 22.830554962158203
948 6.461478233337402
949 7.3230085372924805
950 25.41514778137207
951 15.0767822265625
952 6.461478233337402
953 11.199895858764648
954 5.599947929382324
955 19.81519889831543
956 5.169182777404785
957 28.861268997192383
958 6.892243385314941
959 17.661373138427734
960 14.646017074584961
961 3.0153565406799316
962 1.7230608463287354
963 24.122852325439453
964 1.7230608463287354
965 21.107494354248047
966 10.338364601135254
967 6.892243385314941
968 16.799842834472656
969 11.199895858764648
970 18.092138290405273
971 28.861268997192383
972 8.615304946899414
973 7.3230085372924805
974 12.061426162719727
975 12.061426162719727
976 8.615304946899414
977 1.7230608463287354
978 0.43076521158218384
979 39.63040542602539
980 14.215251922607422
981 5.599947929382324
982 6.461478233337402
983 3.4461216926574707
984 5.169182300567627
985 14.215251922607422
986 2.1538259983062744
987 37.47657012939453
988 9.907599449157715
989 20.67673110961914
990 9.907599449157715
991 9.476835250854492
992 16.36907958984375
993 17.230607986450195
994 39.19963836669922
995 15.0767822265625
996 8.184538841247559
997 25.415145874023438
998 23.261322021484375
999 12.061426162719727
1000 9.907599449157715
1001 6.461478233337402
1002 6.461478233337402
