# Selection:resname AU W ION Restricted:name AUC AUL AUSL Radius:2.64 Start:0 End:-1
0 386.3963623046875
1 391.56561279296875
2 118.46044921875
3 73.66085052490234
4 86.58381652832031
5 48.245704650878906
6 67.19937133789063
7 59.01483917236328
8 30.584327697753906
9 62.03019332885742
10 45.2303466796875
11 28.430503845214844
12 29.72279930114746
13 40.922698974609375
14 58.15331268310547
15 59.44560623168945
16 31.015094757080078
17 46.522647857666016
18 58.584068298339844
19 47.81494140625
20 34.46121597290039
21 59.01483154296875
22 91.75300598144531
23 79.26081085205078
24 71.93778991699219
25 99.93753814697266
26 59.01483917236328
27 50.39952850341797
28 27.568971633911133
29 56.43024826049805
30 40.4919319152832
31 43.50728988647461
32 59.876373291015625
33 38.33810806274414
34 77.10697937011719
35 60.73789596557617
36 45.66111755371094
37 62.8917236328125
38 71.50703430175781
39 77.10697937011719
40 85.29151916503906
41 43.50728988647461
42 37.045806884765625
43 39.19963836669922
44 33.168922424316406
45 80.9838638305664
46 43.07652282714844
47 70.64550018310547
48 49.107234954833984
49 46.522647857666016
50 71.93779754638672
51 25.845911026000977
52 23.69208526611328
53 87.01457214355469
54 83.56845092773438
55 49.10723876953125
56 79.26079559326172
57 46.52264404296875
58 110.70667266845703
59 75.8146743774414
60 49.538002014160156
61 32.738155364990234
62 13.353720664978027
63 43.507286071777344
64 45.66111755371094
65 67.63014221191406
66 105.10671997070313
67 80.1223373413086
68 48.24570083618164
69 49.107234954833984
70 83.5684585571289
71 82.2761459350586
72 68.06090545654297
73 32.7381591796875
74 31.015092849731445
75 47.81494140625
76 34.46121597290039
77 51.26106643676758
78 22.399789810180664
79 7.753774166107178
80 73.66085052490234
81 27.13821029663086
82 19.38443374633789
83 111.99896240234375
84 61.599430084228516
85 80.1223373413086
86 39.63039779663086
87 64.61478424072266
88 74.09162139892578
89 40.92269515991211
90 71.07626342773438
91 28.861268997192383
92 24.98438262939453
93 18.092140197753906
94 18.522903442382813
95 27.999738693237305
96 25.84591293334961
97 30.58432960510254
98 57.29177474975586
99 54.27642059326172
100 52.984130859375
101 68.49166870117188
102 62.8917236328125
103 68.92243957519531
104 63.75325012207031
105 42.645755767822266
106 105.1067123413086
107 95.1991195678711
108 102.95289611816406
109 53.84566116333008
110 84.86075592041016
111 117.59890747070313
112 58.584075927734375
113 112.86048889160156
114 167.5676727294922
115 84.86074829101563
116 22.830554962158203
117 11.630661010742188
118 30.153564453125
119 49.53799819946289
120 89.59918212890625
121 16.369077682495117
122 62.46095657348633
123 41.35346603393555
124 15.507547378540039
125 37.045806884765625
126 74.52237701416016
127 50.83029556274414
128 21.538259506225586
129 44.799583435058594
130 64.61478424072266
131 85.72228240966797
132 101.66059112548828
133 38.76886749267578
134 63.32249069213867
135 85.29151153564453
136 60.30713653564453
137 115.87584686279297
138 52.984134674072266
139 83.56846618652344
140 96.92218780517578
141 37.4765739440918
142 59.87636184692383
143 48.67647171020508
144 61.168663024902344
145 37.47657775878906
146 28.86126708984375
147 42.214988708496094
148 36.61504364013672
149 13.353721618652344
150 43.0765266418457
151 41.35346221923828
152 24.9843807220459
153 53.414886474609375
154 12.061426162719727
155 47.38417434692383
156 7.323009014129639
157 17.661373138427734
158 26.707443237304688
159 8.615303993225098
160 49.96876525878906
161 43.507286071777344
162 11.630660057067871
163 37.045806884765625
164 46.091880798339844
165 27.568973541259766
166 37.4765739440918
167 62.46095275878906
168 83.1376953125
169 40.49192810058594
170 62.8917236328125
171 34.03044891357422
172 25.415145874023438
173 57.291770935058594
174 77.968505859375
175 49.968772888183594
176 66.33784484863281
177 58.1533088684082
178 39.63039779663086
179 42.21499252319336
180 7.7537736892700195
181 45.66111373901367
182 51.69183349609375
183 46.09187698364258
184 46.09187698364258
185 59.876365661621094
186 49.107234954833984
187 80.1223373413086
188 79.69156646728516
189 62.8917236328125
190 54.707183837890625
191 51.69182586669922
192 51.26106262207031
193 86.15304565429688
194 52.55335998535156
195 17.661375045776367
196 65.90707397460938
197 37.4765739440918
198 26.276676177978516
199 13.784486770629883
200 59.44560623168945
201 68.92243957519531
202 25.41514778137207
203 34.46121597290039
204 35.753509521484375
205 33.59968566894531
206 67.19937896728516
207 64.18402862548828
208 40.922698974609375
209 67.63013458251953
210 27.138206481933594
211 70.21473693847656
212 58.584075927734375
213 61.168663024902344
214 60.30713653564453
215 78.83003234863281
216 68.4916763305664
217 98.21446228027344
218 62.03019332885742
219 60.30713653564453
220 61.599430084228516
221 63.322486877441406
222 22.399789810180664
223 27.138206481933594
224 54.27641296386719
225 30.584327697753906
226 37.47657775878906
227 15.507547378540039
228 55.99947738647461
229 80.5531005859375
230 36.61504364013672
231 76.67621612548828
232 70.64550018310547
233 70.64549255371094
234 134.3987579345703
235 68.49166870117188
236 63.75325393676758
237 102.95288848876953
238 52.5533561706543
239 52.122596740722656
240 29.292036056518555
241 52.55335998535156
242 27.138206481933594
243 52.5533561706543
244 53.84565353393555
245 38.76887130737305
246 70.21473693847656
247 40.92269515991211
248 42.214988708496094
249 49.53799819946289
250 32.30738830566406
251 40.0611686706543
252 48.245704650878906
253 83.56845092773438
254 21.107494354248047
255 29.72279930114746
256 9.907599449157715
257 64.18401336669922
258 47.81494140625
259 33.168922424316406
260 43.938053131103516
261 82.70692443847656
262 65.9070816040039
263 76.24544525146484
264 56.43024826049805
265 18.95366859436035
266 32.30738830566406
267 29.72279930114746
268 68.06090545654297
269 47.38417053222656
270 92.18376159667969
271 91.32223510742188
272 83.56845092773438
273 104.67594146728516
274 60.73789596557617
275 27.999738693237305
276 38.33810043334961
277 80.98387908935547
278 63.32249069213867
279 38.338104248046875
280 53.41489028930664
281 68.49166870117188
282 55.56871795654297
283 39.63039779663086
284 45.66111755371094
285 70.21473693847656
286 71.07625579833984
287 57.29177474975586
288 42.21499252319336
289 99.07598876953125
290 46.52264404296875
291 71.07626342773438
292 47.81494140625
293 42.645755767822266
294 39.630401611328125
295 79.69156646728516
296 61.599430084228516
297 43.07652282714844
298 69.35320281982422
299 41.78422546386719
300 23.261322021484375
301 61.16865921020508
302 14.646017074584961
303 39.19963455200195
304 60.73789596557617
305 40.92269515991211
306 22.830554962158203
307 79.69156646728516
308 40.4919319152832
309 58.153316497802734
310 63.322486877441406
311 58.584075927734375
312 56.86100769042969
313 73.66085052490234
314 83.99921417236328
315 130.52186584472656
316 96.92217254638672
317 11.199894905090332
318 64.61478424072266
319 65.04554748535156
320 34.03044891357422
321 113.72203063964844
322 97.35294342041016
323 12.922956466674805
324 5.599947929382324
325 22.399791717529297
326 21.53826141357422
327 80.98385620117188
328 80.98385620117188
329 47.384178161621094
330 72.3685531616211
331 40.922698974609375
332 72.3685531616211
333 69.78397369384766
334 14.646018028259277
335 88.30686950683594
336 74.09162139892578
337 98.21446228027344
338 72.79931640625
339 47.384178161621094
340 59.01483154296875
341 44.799583435058594
342 24.553617477416992
343 34.461219787597656
344 45.66111755371094
345 61.599430084228516
346 40.06116485595703
347 46.52264404296875
348 45.230350494384766
349 44.799583435058594
350 71.50702667236328
351 75.8146743774414
352 74.9531478881836
353 36.18427658081055
354 18.522903442382813
355 79.69156646728516
356 62.46096420288086
357 93.0452880859375
358 91.32221984863281
359 104.24518585205078
360 111.13742065429688
361 61.16866683959961
362 37.4765739440918
363 39.19963455200195
364 80.55309295654297
365 13.784486770629883
366 32.30739212036133
367 115.44507598876953
368 50.39952850341797
369 30.153564453125
370 77.968505859375
371 57.29177474975586
372 37.4765739440918
373 47.814937591552734
374 63.75325393676758
375 46.522640228271484
376 44.799583435058594
377 26.276676177978516
378 91.75299072265625
379 23.261322021484375
380 59.87636947631836
381 70.21472930908203
382 56.86101150512695
383 49.96876525878906
384 47.38417434692383
385 33.168922424316406
386 100.36830139160156
387 36.18427658081055
388 28.430503845214844
389 54.707183837890625
390 130.52186584472656
391 78.83003997802734
392 53.84565734863281
393 80.98385620117188
394 57.29177474975586
395 75.81468963623047
396 90.89146423339844
397 82.27616882324219
398 43.93806457519531
399 98.6452407836914
400 43.93805694580078
401 52.12259292602539
402 62.460960388183594
403 83.5684585571289
404 65.04554748535156
405 60.3071403503418
406 88.30686950683594
407 66.33783721923828
408 56.86101150512695
409 59.87636947631836
410 116.30658721923828
411 87.01457214355469
412 95.19911193847656
413 82.27615356445313
414 58.15330505371094
415 74.9531478881836
416 33.59968566894531
417 78.39927673339844
418 53.41489028930664
419 25.845911026000977
420 51.691829681396484
421 104.24517822265625
422 52.984130859375
423 90.89146423339844
424 66.76860809326172
425 50.399532318115234
426 46.953407287597656
427 51.26106262207031
428 50.830299377441406
429 41.35346221923828
430 27.999738693237305
431 9.476834297180176
432 29.29203224182129
433 49.107234954833984
434 27.13821029663086
435 26.707441329956055
436 62.8917236328125
437 83.13768768310547
438 65.90707397460938
439 33.168922424316406
440 92.18376922607422
441 180.0598602294922
442 30.153562545776367
443 59.876365661621094
444 53.84565353393555
445 59.876373291015625
446 40.4919319152832
447 49.10723876953125
448 77.10697174072266
449 133.5372314453125
450 45.23035430908203
451 76.67621612548828
452 54.27642059326172
453 42.21499252319336
454 122.7680892944336
455 66.76860809326172
456 96.0606460571289
457 40.4919319152832
458 47.81494140625
459 72.3685531616211
460 41.78422546386719
461 46.522647857666016
462 24.9843807220459
463 42.214988708496094
464 9.476835250854492
465 21.969024658203125
466 52.9841194152832
467 21.969026565551758
468 18.092138290405273
469 17.230609893798828
470 42.645755767822266
471 37.90734100341797
472 28.430503845214844
473 48.67647171020508
474 39.630401611328125
475 24.55361557006836
476 58.15330505371094
477 33.59968948364258
478 23.261322021484375
479 53.84565353393555
480 27.999736785888672
481 28.861268997192383
482 37.04581069946289
483 109.41436767578125
484 18.092138290405273
485 62.8917236328125
486 86.58381652832031
487 73.23008728027344
488 42.64575958251953
489 21.53826141357422
490 30.58432960510254
491 92.18375396728516
492 28.86126708984375
493 77.5377426147461
494 35.32274627685547
495 74.09162139892578
496 48.24570846557617
497 51.691829681396484
498 71.93779754638672
499 38.76886749267578
500 42.21499252319336
501 46.522647857666016
502 66.33784484863281
503 52.984127044677734
504 53.414894104003906
505 91.75299835205078
506 59.44560241699219
507 88.3068618774414
508 67.63014221191406
509 100.36830139160156
510 102.09136199951172
511 66.76861572265625
512 112.8604965209961
513 42.21499252319336
514 71.50703430175781
515 21.969024658203125
516 52.55335998535156
517 81.41462707519531
518 43.50728988647461
519 62.460960388183594
520 42.6457633972168
521 27.568971633911133
522 42.64575958251953
523 2.1538259983062744
524 11.630661010742188
525 11.199895858764648
526 35.322750091552734
527 51.691829681396484
528 123.1988525390625
529 63.32249069213867
530 131.38339233398438
531 46.95341110229492
532 41.78422546386719
533 66.33785247802734
534 56.43025207519531
535 40.0611686706543
536 129.66033935546875
537 95.6298828125
538 58.58407211303711
539 66.76860809326172
540 90.89146423339844
541 130.09109497070313
542 89.16839599609375
543 43.938053131103516
544 45.661109924316406
545 64.18402862548828
546 79.26080322265625
547 37.47657775878906
548 67.63014221191406
549 44.799583435058594
550 73.23009490966797
551 74.9531478881836
552 87.87610626220703
553 69.35320281982422
554 24.12285041809082
555 93.0452880859375
556 36.18428039550781
557 34.030452728271484
558 45.23035430908203
559 38.338104248046875
560 34.030452728271484
561 67.19937133789063
562 71.50702667236328
563 70.64550018310547
564 30.58432960510254
565 33.168922424316406
566 19.38443374633789
567 23.261320114135742
568 60.73789978027344
569 27.568973541259766
570 80.12232971191406
571 13.353721618652344
572 77.10697937011719
573 38.338104248046875
574 76.67622375488281
575 28.86126708984375
576 35.75351333618164
577 37.04581069946289
578 41.353458404541016
579 51.691829681396484
580 81.41462707519531
581 21.107494354248047
582 39.63039779663086
583 55.13795471191406
584 27.568971633911133
585 54.27642059326172
586 64.18402099609375
587 46.52265167236328
588 66.76860809326172
589 72.79931640625
590 15.507547378540039
591 61.168663024902344
592 52.122596740722656
593 77.5377426147461
594 42.214996337890625
595 15.507547378540039
596 28.86126708984375
597 33.16891860961914
598 24.12285041809082
599 75.38390350341797
600 39.19963836669922
601 9.046070098876953
602 4.738417148590088
603 67.19937896728516
604 34.03044891357422
605 25.41514778137207
606 46.953407287597656
607 52.984127044677734
608 31.445859909057617
609 55.56871032714844
610 20.676729202270508
611 46.09188461303711
612 66.76860809326172
613 15.938312530517578
614 73.66085052490234
615 44.79957962036133
616 74.95315551757813
617 49.107242584228516
618 80.55309295654297
619 55.1379508972168
620 79.69156646728516
621 51.691829681396484
622 68.06090545654297
623 56.86101531982422
624 63.32249069213867
625 27.568973541259766
626 91.32222747802734
627 62.46095657348633
628 40.06116485595703
629 49.53799819946289
630 73.23008728027344
631 18.522903442382813
632 48.24570083618164
633 44.36882019042969
634 24.122852325439453
635 79.26081085205078
636 71.0762710571289
637 70.2147216796875
638 54.70718002319336
639 88.30685424804688
640 77.10697174072266
641 85.7222671508789
642 123.6296157836914
643 99.93753814697266
644 77.5377426147461
645 42.64575958251953
646 115.01431274414063
647 93.47604370117188
648 54.27641677856445
649 80.55309295654297
650 70.21472930908203
651 31.445859909057617
652 32.738155364990234
653 36.61504364013672
654 68.92243194580078
655 77.53775024414063
656 97.78369903564453
657 92.61451721191406
658 63.75325393676758
659 63.75325012207031
660 45.66111755371094
661 80.55309295654297
662 70.21473693847656
663 90.89147186279297
664 67.19937896728516
665 16.799842834472656
666 36.61504364013672
667 75.3839111328125
668 42.645755767822266
669 41.78422164916992
670 35.32274627685547
671 71.50702667236328
672 55.1379508972168
673 46.52264404296875
674 48.67647171020508
675 33.168922424316406
676 16.369077682495117
677 14.215251922607422
678 53.414886474609375
679 74.9531478881836
680 44.79958724975586
681 72.79933166503906
682 92.61451721191406
683 45.2303466796875
684 52.55335998535156
685 56.43025588989258
686 103.81442260742188
687 68.4916763305664
688 83.5684585571289
689 74.95314025878906
690 32.30738830566406
691 70.21473693847656
692 34.030452728271484
693 139.1371612548828
694 41.353458404541016
695 89.59916687011719
696 17.230607986450195
697 73.23008728027344
698 46.091880798339844
699 57.29177474975586
700 34.03044891357422
701 43.07651901245117
702 42.214988708496094
703 63.32249069213867
704 81.41462707519531
705 49.538002014160156
706 16.799842834472656
707 99.07600402832031
708 13.784486770629883
709 49.96876907348633
710 29.722797393798828
711 57.72254180908203
712 51.26106262207031
713 54.707183837890625
714 83.5684585571289
715 51.69182586669922
716 91.75299072265625
717 49.53799819946289
718 45.66111755371094
719 39.19963836669922
720 98.6452407836914
721 90.02994537353516
722 68.92243957519531
723 61.599430084228516
724 71.93778991699219
725 46.52264404296875
726 59.876373291015625
727 44.36882019042969
728 27.568973541259766
729 48.67646789550781
730 27.138206481933594
731 93.47605895996094
732 109.41436767578125
733 101.22981262207031
734 80.12232971191406
735 31.876623153686523
736 53.414886474609375
737 34.89198303222656
738 49.53799819946289
739 21.969024658203125
740 40.922698974609375
741 55.999481201171875
742 23.261320114135742
743 55.99947738647461
744 20.676729202270508
745 66.33784484863281
746 105.96825408935547
747 17.661373138427734
748 112.8604965209961
749 70.21472930908203
750 60.30714416503906
751 39.63039779663086
752 30.584327697753906
753 79.26081085205078
754 82.70692443847656
755 75.38392639160156
756 102.52212524414063
757 19.38443374633789
758 83.13768768310547
759 70.64549255371094
760 66.76860809326172
761 91.75299072265625
762 89.59915924072266
763 120.18350219726563
764 40.061161041259766
765 46.091880798339844
766 66.33783721923828
767 22.830554962158203
768 93.04529571533203
769 74.09161376953125
770 89.16840362548828
771 28.43050193786621
772 115.8758544921875
773 84.42998504638672
774 83.99922180175781
775 69.7839584350586
776 48.245704650878906
777 42.21499252319336
778 51.69183349609375
779 64.61478424072266
780 69.35321044921875
781 83.13768768310547
782 73.66085052490234
783 102.09135437011719
784 94.33758544921875
785 48.24570846557617
786 68.92243957519531
787 45.230350494384766
788 40.06116485595703
789 20.2459659576416
790 55.13794708251953
791 99.93753814697266
792 84.42998504638672
793 7.3230085372924805
794 31.015094757080078
795 52.12259292602539
796 98.64523315429688
797 93.0452880859375
798 72.36856079101563
799 38.338104248046875
800 58.584068298339844
801 41.35346603393555
802 48.245704650878906
803 67.19937133789063
804 59.44560623168945
805 47.814945220947266
806 70.64550018310547
807 59.44560241699219
808 56.86100769042969
809 43.07652282714844
810 117.16814422607422
811 57.291778564453125
812 37.9073371887207
813 32.738155364990234
814 62.030189514160156
815 43.938053131103516
816 50.83029556274414
817 39.19963455200195
818 53.414886474609375
819 49.96876525878906
820 105.10671997070313
821 40.92269515991211
822 36.18427658081055
823 61.59942626953125
824 46.52264404296875
825 41.78422927856445
826 91.75298309326172
827 26.707443237304688
828 58.1533088684082
829 26.27667808532715
830 65.04554748535156
831 43.507286071777344
832 31.445858001708984
833 73.66085815429688
834 67.63013458251953
835 20.2459659576416
836 9.907600402832031
837 22.830554962158203
838 59.44560241699219
839 46.522647857666016
840 50.399532318115234
841 14.646017074584961
842 49.9687614440918
843 34.461219787597656
844 37.045806884765625
845 99.93753051757813
846 58.58406448364258
847 124.49114990234375
848 65.47632598876953
849 27.138206481933594
850 38.76887130737305
851 44.36882019042969
852 51.26105880737305
853 25.845911026000977
854 30.584327697753906
855 75.3839111328125
856 43.50728988647461
857 60.30712890625
858 10.33836555480957
859 13.353721618652344
860 20.24596405029297
861 71.0762710571289
862 18.522903442382813
863 55.99948501586914
864 18.522903442382813
865 60.30712890625
866 22.399789810180664
867 53.84565734863281
868 127.93727111816406
869 50.39952850341797
870 50.399539947509766
871 63.322486877441406
872 71.93779754638672
873 72.3685531616211
874 21.53826141357422
875 27.138208389282227
876 19.815200805664063
877 37.9073371887207
878 12.922956466674805
879 32.30738830566406
880 45.66111373901367
881 19.81519889831543
882 22.399791717529297
883 52.98412322998047
884 16.799842834472656
885 23.261320114135742
886 15.507547378540039
887 9.907600402832031
888 99.50677490234375
889 12.061426162719727
890 33.168922424316406
891 72.3685531616211
892 111.56819152832031
893 43.938053131103516
894 90.46068572998047
895 43.07652282714844
896 36.18427658081055
897 21.969024658203125
898 66.33785247802734
899 48.67647171020508
900 44.799583435058594
901 43.07651901245117
902 62.03019332885742
903 143.44483947753906
904 54.707183837890625
905 23.69208526611328
906 75.38391876220703
907 28.86126708984375
908 15.0767822265625
909 67.19937133789063
910 9.907599449157715
911 56.430240631103516
912 62.03019332885742
913 52.98411560058594
914 64.61478424072266
915 78.39926147460938
916 57.7225456237793
917 70.64549255371094
918 43.07652282714844
919 28.430505752563477
920 46.953407287597656
921 103.81441497802734
922 109.84513092041016
923 98.64523315429688
924 96.92218017578125
925 68.49166870117188
926 43.93805694580078
927 18.95366859436035
928 37.045806884765625
929 55.137943267822266
930 21.107494354248047
931 54.707183837890625
932 17.661373138427734
933 32.30738830566406
934 21.969024658203125
935 22.830554962158203
936 46.953407287597656
937 65.9070816040039
938 27.999736785888672
939 48.67647171020508
940 41.78422927856445
941 87.8760986328125
942 41.78422546386719
943 37.045806884765625
944 21.969024658203125
945 40.06116485595703
946 75.81466674804688
947 71.50701904296875
948 72.79932403564453
949 52.122589111328125
950 51.691829681396484
951 22.399789810180664
952 39.19963455200195
953 36.61504364013672
954 105.96826171875
955 54.27642059326172
956 47.384178161621094
957 69.78397369384766
958 52.5533561706543
959 96.92216491699219
960 37.4765739440918
961 51.69182205200195
962 44.799583435058594
963 39.630401611328125
964 51.69182586669922
965 66.33784484863281
966 71.93778991699219
967 48.67647933959961
968 89.59916687011719
969 58.58407211303711
970 55.5687141418457
971 27.138208389282227
972 43.507293701171875
973 31.445859909057617
974 45.66111755371094
975 50.83030319213867
976 98.64523315429688
977 93.47604370117188
978 92.18376159667969
979 67.63014221191406
980 102.95287322998047
981 74.09161376953125
982 92.6145248413086
983 65.476318359375
984 142.1525115966797
985 119.75273132324219
986 74.52239227294922
987 65.47631072998047
988 84.42999267578125
989 84.42996978759766
990 37.47657775878906
991 59.44559860229492
992 40.922698974609375
993 79.26079559326172
994 52.122589111328125
995 18.522903442382813
996 44.36882019042969
997 46.09187698364258
998 80.55309295654297
999 43.07651901245117
1000 43.50728988647461
1001 56.43024444580078
1002 56.43024444580078
