# Selection:resname AU W ION Restricted:name AUC AUL AUSL Radius:2.64 Start:0 End:-1
0 278.2742919921875
1 283.4435119628906
2 60.7379035949707
3 127.9372787475586
4 122.7680892944336
5 152.06011962890625
6 111.56819152832031
7 57.7225456237793
8 161.53695678710938
9 156.7985382080078
10 232.6132049560547
11 99.50676727294922
12 111.56819152832031
13 127.50650024414063
14 112.42972564697266
15 170.58306884765625
16 80.1223373413086
17 146.0294189453125
18 114.58354187011719
19 114.15277862548828
20 166.27536010742188
21 77.53773498535156
22 112.86048889160156
23 132.24493408203125
24 108.98360443115234
25 113.72201538085938
26 100.79905700683594
27 91.75298309326172
28 135.6910400390625
29 204.61349487304688
30 148.18324279785156
31 106.82976531982422
32 146.8909454345703
33 111.5682144165039
34 131.3833770751953
35 62.8917236328125
36 43.938053131103516
37 130.95263671875
38 167.99844360351563
39 162.39849853515625
40 143.87557983398438
41 120.18350219726563
42 139.1371612548828
43 130.95263671875
44 177.47528076171875
45 113.72200775146484
46 74.52237701416016
47 119.32196807861328
48 166.7061309814453
49 141.291015625
50 146.0294189453125
51 111.5682144165039
52 187.8135986328125
53 120.61426544189453
54 142.58326721191406
55 163.6907958984375
56 195.99818420410156
57 139.13714599609375
58 124.92190551757813
59 144.3063507080078
60 157.2293243408203
61 130.95263671875
62 223.567138671875
63 182.2136993408203
64 142.15252685546875
65 98.21446990966797
66 172.30609130859375
67 136.12184143066406
68 70.21472930908203
69 148.61399841308594
70 111.56817626953125
71 97.35293579101563
72 152.06015014648438
73 121.47578430175781
74 139.99868774414063
75 77.10697174072266
76 157.66006469726563
77 189.53671264648438
78 190.82901000976563
79 165.8446044921875
80 214.95181274414063
81 105.53748321533203
82 95.6298828125
83 143.44482421875
84 66.76861572265625
85 213.6595458984375
86 170.15223693847656
87 113.29125213623047
88 185.22903442382813
89 140.86024475097656
90 158.09083557128906
91 88.30686950683594
92 124.49114227294922
93 169.29074096679688
94 137.41409301757813
95 66.76861572265625
96 175.3214569091797
97 82.70692443847656
98 72.79932403564453
99 136.12181091308594
100 84.42998504638672
101 197.7212371826172
102 117.16814422607422
103 138.27565002441406
104 125.78345489501953
105 97.78372192382813
106 109.41437530517578
107 115.01432037353516
108 184.36749267578125
109 188.6751708984375
110 133.96798706054688
111 142.5832977294922
112 102.09136962890625
113 94.33758544921875
114 118.02967071533203
115 55.99947738647461
116 83.13768768310547
117 174.4599151611328
118 241.22853088378906
119 87.01458740234375
120 91.32222747802734
121 90.46068572998047
122 102.95289611816406
123 97.35293579101563
124 158.09085083007813
125 118.02967834472656
126 155.07550048828125
127 98.6452407836914
128 175.32144165039063
129 87.01457977294922
130 152.0601348876953
131 138.70640563964844
132 95.62987518310547
133 198.15200805664063
134 118.0296630859375
135 153.78317260742188
136 129.22955322265625
137 183.07521057128906
138 131.81417846679688
139 167.5676727294922
140 105.10671997070313
141 114.58354187011719
142 155.50624084472656
143 131.38339233398438
144 233.90550231933594
145 75.81468200683594
146 191.69052124023438
147 129.22955322265625
148 142.15252685546875
149 62.46095657348633
150 161.53697204589844
151 151.6293487548828
152 105.10670471191406
153 161.96771240234375
154 93.47605895996094
155 132.2449188232422
156 121.4758071899414
157 139.1371612548828
158 158.09083557128906
159 68.92243957519531
160 236.92086791992188
161 129.66033935546875
162 180.49063110351563
163 87.4453353881836
164 78.83003997802734
165 103.38365936279297
166 143.87557983398438
167 110.2759017944336
168 68.4916763305664
169 99.07601165771484
170 180.92137145996094
171 115.0143051147461
172 136.12179565429688
173 127.07573699951172
174 145.59864807128906
175 78.83003234863281
176 161.106201171875
177 153.3524169921875
178 205.90577697753906
179 121.47579956054688
180 142.15252685546875
181 99.07600402832031
182 139.1371612548828
183 152.49087524414063
184 154.2139434814453
185 117.16814422607422
186 118.0296630859375
187 111.56818389892578
188 75.81468200683594
189 108.5528335571289
190 238.21316528320313
191 187.38287353515625
192 80.9838638305664
193 209.35189819335938
194 52.9841194152832
195 132.2449188232422
196 142.5832977294922
197 110.27589416503906
198 213.22877502441406
199 82.70692443847656
200 114.15278625488281
201 196.428955078125
202 164.55230712890625
203 270.9513244628906
204 115.0143051147461
205 174.02915954589844
206 42.21499252319336
207 85.29151916503906
208 36.18428039550781
209 134.8295135498047
210 114.15277099609375
211 138.70640563964844
212 59.44559860229492
213 111.1374282836914
214 177.9060516357422
215 158.09083557128906
216 112.42972564697266
217 71.50702667236328
218 124.49114227294922
219 83.99922180175781
220 104.67595672607422
221 108.12207794189453
222 92.18375396728516
223 45.66111755371094
224 167.99842834472656
225 200.30580139160156
226 111.56819152832031
227 110.27589416503906
228 170.1522674560547
229 111.56819152832031
230 172.3060760498047
231 139.1371612548828
232 166.27537536621094
233 48.24570846557617
234 117.16813659667969
235 158.95237731933594
236 111.99895477294922
237 171.44454956054688
238 161.106201171875
239 90.46070098876953
240 131.8141632080078
241 124.49115753173828
242 60.3071403503418
243 131.81414794921875
244 158.0908203125
245 133.96798706054688
246 186.52134704589844
247 197.29046630859375
248 135.69105529785156
249 90.46070098876953
250 158.5216064453125
251 143.44483947753906
252 146.89093017578125
253 138.70639038085938
254 69.35320281982422
255 183.0752410888672
256 156.7985382080078
257 117.59891510009766
258 101.66058349609375
259 130.09109497070313
260 121.90656280517578
261 199.4442901611328
262 142.58328247070313
263 90.02993774414063
264 81.41463470458984
265 78.39927673339844
266 98.21448516845703
267 138.70639038085938
268 94.33758544921875
269 124.06037902832031
270 124.92192840576172
271 93.04529571533203
272 82.27616119384766
273 100.3683090209961
274 74.09162139892578
275 107.69129943847656
276 191.6905517578125
277 233.04397583007813
278 195.5674285888672
279 178.76759338378906
280 185.65980529785156
281 174.4599151611328
282 166.2753448486328
283 299.8125915527344
284 127.50650787353516
285 64.18402099609375
286 138.27565002441406
287 155.50624084472656
288 231.32093811035156
289 248.551513671875
290 99.07601928710938
291 192.9828338623047
292 164.12152099609375
293 139.5679473876953
294 149.9063262939453
295 149.90631103515625
296 152.9216766357422
297 136.55258178710938
298 192.55206298828125
299 126.64498138427734
300 139.1371612548828
301 150.76785278320313
302 130.95263671875
303 121.04503631591797
304 148.614013671875
305 149.04478454589844
306 48.67646789550781
307 88.73764038085938
308 163.6907958984375
309 130.95262145996094
310 166.27536010742188
311 70.21473693847656
312 52.9841194152832
313 96.49141693115234
314 153.35243225097656
315 98.21446990966797
316 176.1829833984375
317 134.39874267578125
318 149.90631103515625
319 143.8756103515625
320 70.21473693847656
321 171.44454956054688
322 63.75325393676758
323 108.98360443115234
324 136.98333740234375
325 63.75325393676758
326 35.75351333618164
327 48.245704650878906
328 53.84564971923828
329 97.35294342041016
330 52.55335998535156
331 111.56819152832031
332 146.46018981933594
333 174.02915954589844
334 178.33677673339844
335 66.76861572265625
336 63.75325012207031
337 127.50650024414063
338 140.429443359375
339 76.24543762207031
340 86.58381652832031
341 102.09135437011719
342 83.56845092773438
343 82.70692443847656
344 204.18270874023438
345 96.92218017578125
346 86.1530532836914
347 121.90655517578125
348 77.10697937011719
349 45.2303466796875
350 100.36829376220703
351 171.44454956054688
352 230.8902130126953
353 50.399532318115234
354 180.49063110351563
355 253.28997802734375
356 122.33733367919922
357 97.78370666503906
358 142.58331298828125
359 103.38365173339844
360 204.6134796142578
361 125.3526840209961
362 130.52186584472656
363 168.42921447753906
364 102.95288848876953
365 131.8141632080078
366 97.35294342041016
367 168.42922973632813
368 173.16758728027344
369 132.67567443847656
370 125.35269165039063
371 137.84486389160156
372 58.15330505371094
373 162.82923889160156
374 90.46070098876953
375 95.62987518310547
376 59.87636184692383
377 116.73738861083984
378 55.999481201171875
379 115.44508361816406
380 105.96824645996094
381 121.90655517578125
382 191.69053649902344
383 85.72228240966797
384 171.01380920410156
385 161.10618591308594
386 206.3365478515625
387 106.82977294921875
388 74.95314025878906
389 112.86048889160156
390 200.73660278320313
391 93.04528045654297
392 177.47528076171875
393 125.35267639160156
394 170.5830078125
395 90.460693359375
396 133.10646057128906
397 161.10621643066406
398 167.99844360351563
399 115.87584686279297
400 157.66006469726563
401 149.4755401611328
402 57.722537994384766
403 93.04529571533203
404 128.3680419921875
405 65.04554748535156
406 115.44507598876953
407 96.92218017578125
408 177.90602111816406
409 129.66033935546875
410 84.86074829101563
411 96.06063842773438
412 164.98309326171875
413 158.0908660888672
414 157.66006469726563
415 134.82949829101563
416 138.70639038085938
417 140.42947387695313
418 147.3217010498047
419 115.8758316040039
420 106.39901733398438
421 134.3987579345703
422 187.38287353515625
423 154.6447296142578
424 135.26028442382813
425 95.6298828125
426 68.49166870117188
427 149.4755401611328
428 76.24544525146484
429 46.091888427734375
430 75.38392639160156
431 77.5377426147461
432 43.07652282714844
433 56.43024444580078
434 176.18296813964844
435 199.8750457763672
436 92.18376159667969
437 202.4596405029297
438 111.56819152832031
439 189.10594177246094
440 239.5054931640625
441 161.53697204589844
442 150.33706665039063
443 191.6905517578125
444 155.07546997070313
445 107.26054382324219
446 147.32171630859375
447 123.1988525390625
448 155.93704223632813
449 113.29126739501953
450 111.56818389892578
451 180.49063110351563
452 155.07550048828125
453 124.49114990234375
454 176.18295288085938
455 88.7376480102539
456 192.12127685546875
457 136.12181091308594
458 90.46070098876953
459 143.01405334472656
460 83.56845092773438
461 90.89147186279297
462 93.47605895996094
463 161.9677276611328
464 126.64497375488281
465 80.55309295654297
466 104.24517822265625
467 75.38391876220703
468 70.64550018310547
469 86.1530532836914
470 168.85995483398438
471 85.72228240966797
472 70.64549255371094
473 174.45993041992188
474 114.15277862548828
475 158.09083557128906
476 108.98358917236328
477 98.2144775390625
478 79.26079559326172
479 102.09134674072266
480 62.891727447509766
481 113.29124450683594
482 138.27566528320313
483 149.4755401611328
484 160.2446746826172
485 139.9987030029297
486 75.3839111328125
487 125.35269165039063
488 40.06116485595703
489 127.07573699951172
490 149.47552490234375
491 114.58354949951172
492 174.0291748046875
493 97.7837142944336
494 142.15252685546875
495 68.49166870117188
496 75.81466674804688
497 223.13641357421875
498 180.49061584472656
499 195.9981689453125
500 105.96824645996094
501 106.82977294921875
502 143.01406860351563
503 140.42945861816406
504 59.01483917236328
505 46.091880798339844
506 112.42973327636719
507 133.96798706054688
508 100.799072265625
509 123.62962341308594
510 71.93778228759766
511 138.275634765625
512 114.58354949951172
513 180.49061584472656
514 157.6600799560547
515 150.767822265625
516 112.8604965209961
517 142.5832977294922
518 150.76783752441406
519 97.78369140625
520 141.29098510742188
521 192.55203247070313
522 180.49061584472656
523 83.5684585571289
524 111.1374282836914
525 166.27537536621094
526 158.95237731933594
527 99.50676727294922
528 113.29124450683594
529 115.44507598876953
530 89.16840362548828
531 152.06011962890625
532 84.8607406616211
533 111.56819152832031
534 184.7982635498047
535 124.49115753173828
536 98.64523315429688
537 266.6436767578125
538 141.7217559814453
539 195.56741333007813
540 128.79879760742188
541 172.7368621826172
542 171.87535095214844
543 158.95237731933594
544 180.92141723632813
545 149.0447540283203
546 148.61399841308594
547 115.01432037353516
548 140.86021423339844
549 88.3068618774414
550 170.15225219726563
551 144.3063201904297
552 199.8750762939453
553 123.6296157836914
554 41.78422927856445
555 132.67568969726563
556 159.38311767578125
557 171.01377868652344
558 119.75272369384766
559 46.95341110229492
560 77.5377426147461
561 115.87584686279297
562 174.8907012939453
563 125.35267639160156
564 90.89146423339844
565 52.55335998535156
566 126.21421813964844
567 94.76834869384766
568 141.29100036621094
569 88.73764038085938
570 40.92269515991211
571 147.32171630859375
572 189.10592651367188
573 140.8602294921875
574 110.70667266845703
575 145.1678924560547
576 68.92244720458984
577 88.30686950683594
578 124.49114990234375
579 129.2295684814453
580 114.58354949951172
581 69.35320281982422
582 80.1223373413086
583 207.1980743408203
584 164.1215362548828
585 254.58224487304688
586 178.3367919921875
587 106.39900970458984
588 94.76834106445313
589 108.12206268310547
590 120.18350219726563
591 111.56819152832031
592 144.7371368408203
593 115.87583923339844
594 147.75247192382813
595 146.46018981933594
596 226.1517791748047
597 120.6142578125
598 93.04528045654297
599 80.98385620117188
600 117.5988998413086
601 147.75250244140625
602 65.0455551147461
603 87.01458740234375
604 102.09136962890625
605 229.16712951660156
606 145.16787719726563
607 130.52186584472656
608 69.78396606445313
609 150.33706665039063
610 160.24464416503906
611 130.5218505859375
612 204.18272399902344
613 62.460960388183594
614 136.55258178710938
615 134.39877319335938
616 121.47578430175781
617 98.6452407836914
618 176.61375427246094
619 169.2907257080078
620 74.9531478881836
621 93.04530334472656
622 185.22903442382813
623 103.81442260742188
624 154.2139434814453
625 89.59916687011719
626 87.44534301757813
627 32.738155364990234
628 72.79931640625
629 170.58303833007813
630 161.96771240234375
631 146.4601593017578
632 154.64471435546875
633 126.64496612548828
634 78.3992691040039
635 96.0606460571289
636 131.38339233398438
637 130.09109497070313
638 165.413818359375
639 132.67568969726563
640 128.79879760742188
641 74.09162902832031
642 216.244140625
643 96.49140930175781
644 133.96798706054688
645 113.29125213623047
646 91.32223510742188
647 152.49090576171875
648 186.52134704589844
649 161.9677276611328
650 128.3680419921875
651 126.64497375488281
652 126.64498901367188
653 147.75247192382813
654 112.42973327636719
655 86.15304565429688
656 100.7990493774414
657 232.18246459960938
658 231.75167846679688
659 157.2292938232422
660 147.75245666503906
661 114.15279388427734
662 128.79879760742188
663 147.3217315673828
664 139.1371612548828
665 59.44560241699219
666 109.84513092041016
667 119.75273132324219
668 154.6447296142578
669 49.538002014160156
670 81.41463470458984
671 89.59917449951172
672 102.09136962890625
673 61.168663024902344
674 239.07469177246094
675 136.5525665283203
676 92.18375396728516
677 99.07601165771484
678 147.32171630859375
679 216.24417114257813
680 117.59890747070313
681 177.9060516357422
682 81.41463470458984
683 108.5528335571289
684 84.86074829101563
685 89.59918212890625
686 50.830299377441406
687 130.95265197753906
688 111.1374282836914
689 139.5679473876953
690 81.41462707519531
691 78.83003997802734
692 171.0137939453125
693 118.0296630859375
694 229.16709899902344
695 144.7371063232422
696 56.43024444580078
697 110.70664978027344
698 82.70691680908203
699 118.89119720458984
700 69.35319519042969
701 147.7524871826172
702 99.93753051757813
703 154.6446990966797
704 115.445068359375
705 89.16841125488281
706 155.0754852294922
707 159.3831329345703
708 76.24544525146484
709 158.95237731933594
710 141.7217559814453
711 129.2295684814453
712 105.9682388305664
713 184.36753845214844
714 106.39901733398438
715 111.1374282836914
716 80.12232971191406
717 103.3836441040039
718 82.70692443847656
719 88.30686950683594
720 83.56845092773438
721 110.70667266845703
722 139.56793212890625
723 84.86076354980469
724 103.8144302368164
725 145.1678924560547
726 164.98306274414063
727 102.52212524414063
728 134.8295135498047
729 153.78318786621094
730 99.50675964355469
731 133.10646057128906
732 156.3677978515625
733 173.1676025390625
734 72.79931640625
735 66.76860809326172
736 119.75271606445313
737 71.50701904296875
738 127.07573699951172
739 166.27537536621094
740 96.49142456054688
741 65.04554748535156
742 115.01431274414063
743 173.59837341308594
744 182.6444549560547
745 125.35267639160156
746 120.1834945678711
747 153.3524169921875
748 140.429443359375
749 122.76809692382813
750 60.73789978027344
751 68.92243194580078
752 61.599430084228516
753 108.12206268310547
754 261.0437316894531
755 177.9060516357422
756 207.6288604736328
757 163.26002502441406
758 202.89044189453125
759 170.58303833007813
760 152.0601348876953
761 62.03019332885742
762 212.36724853515625
763 127.07575225830078
764 109.84513854980469
765 154.64471435546875
766 150.767822265625
767 145.5986328125
768 115.01431274414063
769 215.81336975097656
770 99.07601165771484
771 96.06066131591797
772 126.64498138427734
773 122.76808166503906
774 255.87452697753906
775 152.0601348876953
776 92.18375396728516
777 98.21446990966797
778 126.2142105102539
779 79.69155883789063
780 133.1064453125
781 190.82901000976563
782 209.35189819335938
783 117.59891510009766
784 55.5687141418457
785 86.58381652832031
786 130.09109497070313
787 136.12181091308594
788 177.4752655029297
789 220.55177307128906
790 104.24519348144531
791 40.922698974609375
792 113.29127502441406
793 143.87557983398438
794 136.55258178710938
795 138.275634765625
796 94.76835632324219
797 108.5528335571289
798 102.09136962890625
799 155.50624084472656
800 116.30662536621094
801 120.6142578125
802 125.35266876220703
803 67.19937133789063
804 52.984127044677734
805 115.87583923339844
806 130.95263671875
807 122.33732604980469
808 104.67595672607422
809 74.09161376953125
810 79.69157409667969
811 120.6142578125
812 87.01457977294922
813 97.35293579101563
814 99.93753051757813
815 103.81442260742188
816 104.67594909667969
817 167.99842834472656
818 165.41384887695313
819 170.58303833007813
820 112.86048889160156
821 78.83003234863281
822 149.04476928710938
823 189.96746826171875
824 132.67568969726563
825 78.83003234863281
826 96.49140930175781
827 45.230350494384766
828 183.936767578125
829 193.84437561035156
830 102.5221176147461
831 161.5369873046875
832 155.5062255859375
833 146.89093017578125
834 247.2592315673828
835 184.36752319335938
836 44.799583435058594
837 108.55284118652344
838 137.4141082763672
839 101.22982788085938
840 146.0294189453125
841 111.56819152832031
842 142.15252685546875
843 86.58381652832031
844 81.41463470458984
845 146.46018981933594
846 121.0450210571289
847 162.82925415039063
848 95.1991195678711
849 116.30660247802734
850 154.2139434814453
851 127.07574462890625
852 113.29125213623047
853 147.75247192382813
854 126.2142105102539
855 236.49009704589844
856 124.92190551757813
857 97.78370666503906
858 149.4755401611328
859 77.10697937011719
860 127.50650024414063
861 128.3680419921875
862 210.21340942382813
863 53.84564971923828
864 27.568971633911133
865 143.44482421875
866 81.41462707519531
867 37.9073371887207
868 62.03019332885742
869 106.39899444580078
870 185.65980529785156
871 91.32222747802734
872 124.92192077636719
873 102.52213287353516
874 122.33731842041016
875 104.24520111083984
876 142.1525115966797
877 160.67544555664063
878 145.16786193847656
879 139.99868774414063
880 152.92164611816406
881 97.35294342041016
882 121.90655517578125
883 173.16761779785156
884 158.09083557128906
885 118.46043395996094
886 100.79906463623047
887 118.02967834472656
888 162.39849853515625
889 122.76808166503906
890 69.78396606445313
891 108.98359680175781
892 126.64498138427734
893 86.15306091308594
894 72.79931640625
895 154.2139434814453
896 137.84486389160156
897 67.63014221191406
898 98.6452407836914
899 76.24544525146484
900 59.01484298706055
901 90.0299301147461
902 83.56846618652344
903 126.21420288085938
904 186.9521026611328
905 149.90631103515625
906 126.2142105102539
907 80.55309295654297
908 146.46017456054688
909 168.8599853515625
910 83.99921417236328
911 96.49140930175781
912 109.84513092041016
913 178.33680725097656
914 135.6910400390625
915 52.12260055541992
916 121.04503631591797
917 79.26080322265625
918 136.55258178710938
919 141.29100036621094
920 174.4599151611328
921 142.58328247070313
922 155.93699645996094
923 128.36802673339844
924 155.0754852294922
925 134.39874267578125
926 105.10670471191406
927 144.3063507080078
928 187.3828582763672
929 129.6603240966797
930 126.64497375488281
931 75.38391876220703
932 102.952880859375
933 86.15304565429688
934 216.24411010742188
935 158.0908203125
936 153.35243225097656
937 143.87559509277344
938 167.1369171142578
939 146.46018981933594
940 79.69157409667969
941 142.5832977294922
942 149.04476928710938
943 254.15147399902344
944 82.70691680908203
945 157.2293243408203
946 124.92192840576172
947 144.73712158203125
948 112.86048126220703
949 139.56793212890625
950 122.33733367919922
951 83.56845092773438
952 98.6452407836914
953 108.55284118652344
954 78.83003234863281
955 136.55259704589844
956 199.01353454589844
957 92.18376159667969
958 142.15252685546875
959 161.96774291992188
960 128.79881286621094
961 94.76835632324219
962 179.6291046142578
963 69.35319519042969
964 124.92192077636719
965 174.45993041992188
966 170.58302307128906
967 197.29046630859375
968 60.30713653564453
969 78.83003234863281
970 71.07626342773438
971 74.52237701416016
972 114.58355712890625
973 124.06037139892578
974 264.9206237792969
975 148.61399841308594
976 57.722537994384766
977 130.09109497070313
978 40.4919319152832
979 108.1220703125
980 42.214996337890625
981 115.0143051147461
982 159.3831024169922
983 185.2290496826172
984 166.70616149902344
985 168.85995483398438
986 104.67594146728516
987 127.93727111816406
988 129.6603240966797
989 168.42919921875
990 187.81362915039063
991 121.04503631591797
992 158.95236206054688
993 153.3524169921875
994 56.86100769042969
995 118.02965545654297
996 135.26028442382813
997 93.47604370117188
998 122.33731079101563
999 118.4604263305664
1000 77.10697174072266
1001 132.67568969726563
1002 132.67568969726563
