# Selection 1:name C1A D2A C3A C4A C1B C2B C3B C4B Selection 2:name AUC AUSL AUL Cutoff:8 Start:0 End:-1
0 0
1 0
2 30
3 34
4 31
5 34
6 25
7 33
8 38
9 37
10 40
11 30
12 29
13 29
14 28
15 39
16 36
17 33
18 32
19 34
20 31
21 28
22 34
23 32
24 30
25 31
26 33
27 33
28 25
29 39
30 34
31 25
32 32
33 34
34 42
35 28
36 27
37 28
38 34
39 31
40 33
41 37
42 38
43 32
44 36
45 26
46 25
47 24
48 36
49 31
50 32
51 33
52 42
53 36
54 27
55 38
56 37
57 34
58 24
59 35
60 39
61 35
62 34
63 35
64 35
65 35
66 33
67 35
68 26
69 38
70 36
71 30
72 39
73 29
74 37
75 25
76 30
77 33
78 37
79 29
80 39
81 31
82 29
83 36
84 30
85 39
86 31
87 33
88 32
89 37
90 34
91 28
92 31
93 31
94 33
95 35
96 35
97 30
98 28
99 38
100 29
101 41
102 28
103 34
104 33
105 38
106 23
107 27
108 35
109 41
110 23
111 36
112 30
113 30
114 29
115 27
116 28
117 40
118 31
119 28
120 31
121 34
122 37
123 37
124 37
125 35
126 33
127 34
128 41
129 33
130 32
131 34
132 36
133 34
134 33
135 42
136 32
137 38
138 35
139 34
140 27
141 30
142 35
143 33
144 43
145 36
146 35
147 34
148 30
149 21
150 36
151 38
152 27
153 36
154 32
155 30
156 23
157 35
158 34
159 25
160 35
161 26
162 30
163 29
164 27
165 29
166 28
167 25
168 24
169 35
170 37
171 30
172 43
173 32
174 35
175 28
176 33
177 38
178 39
179 31
180 39
181 28
182 38
183 33
184 32
185 35
186 31
187 33
188 27
189 34
190 44
191 36
192 29
193 45
194 19
195 36
196 33
197 33
198 38
199 29
200 30
201 31
202 32
203 40
204 39
205 33
206 23
207 35
208 29
209 38
210 34
211 33
212 32
213 37
214 37
215 34
216 31
217 26
218 37
219 30
220 29
221 36
222 28
223 21
224 34
225 46
226 38
227 29
228 34
229 26
230 29
231 33
232 40
233 31
234 32
235 36
236 34
237 30
238 32
239 28
240 23
241 28
242 24
243 31
244 35
245 29
246 26
247 37
248 27
249 27
250 31
251 36
252 39
253 37
254 33
255 40
256 37
257 34
258 31
259 31
260 39
261 38
262 33
263 27
264 28
265 33
266 33
267 31
268 36
269 32
270 30
271 33
272 32
273 33
274 29
275 39
276 35
277 33
278 38
279 34
280 33
281 37
282 36
283 42
284 28
285 31
286 23
287 37
288 44
289 38
290 33
291 32
292 32
293 25
294 39
295 39
296 35
297 37
298 34
299 33
300 37
301 34
302 30
303 32
304 36
305 30
306 21
307 25
308 39
309 37
310 43
311 28
312 29
313 32
314 40
315 33
316 40
317 33
318 34
319 34
320 27
321 33
322 30
323 39
324 31
325 27
326 18
327 29
328 29
329 32
330 26
331 28
332 37
333 28
334 41
335 30
336 22
337 31
338 41
339 27
340 27
341 34
342 35
343 38
344 36
345 38
346 24
347 29
348 35
349 16
350 38
351 36
352 43
353 25
354 40
355 40
356 28
357 32
358 38
359 27
360 35
361 33
362 29
363 36
364 34
365 36
366 33
367 45
368 38
369 36
370 37
371 31
372 29
373 34
374 28
375 39
376 28
377 32
378 27
379 32
380 31
381 33
382 42
383 29
384 39
385 37
386 31
387 35
388 23
389 35
390 35
391 29
392 39
393 34
394 44
395 27
396 31
397 41
398 35
399 35
400 35
401 31
402 25
403 32
404 30
405 31
406 29
407 32
408 37
409 33
410 22
411 32
412 34
413 29
414 39
415 37
416 35
417 41
418 34
419 27
420 33
421 42
422 35
423 39
424 33
425 37
426 24
427 39
428 34
429 27
430 35
431 36
432 30
433 28
434 39
435 33
436 34
437 29
438 36
439 32
440 35
441 37
442 33
443 37
444 32
445 37
446 36
447 36
448 30
449 29
450 32
451 33
452 30
453 29
454 30
455 39
456 38
457 30
458 28
459 38
460 26
461 25
462 27
463 36
464 31
465 18
466 30
467 32
468 26
469 27
470 38
471 37
472 23
473 42
474 22
475 31
476 29
477 29
478 34
479 33
480 28
481 31
482 25
483 37
484 37
485 29
486 26
487 31
488 22
489 33
490 30
491 27
492 37
493 41
494 34
495 28
496 31
497 42
498 31
499 39
500 35
501 30
502 37
503 34
504 24
505 27
506 35
507 35
508 37
509 34
510 27
511 35
512 30
513 37
514 35
515 39
516 29
517 30
518 31
519 30
520 32
521 40
522 38
523 25
524 30
525 33
526 38
527 32
528 33
529 33
530 28
531 37
532 31
533 31
534 38
535 32
536 30
537 41
538 34
539 40
540 32
541 40
542 38
543 32
544 35
545 34
546 30
547 30
548 38
549 25
550 32
551 31
552 38
553 33
554 21
555 39
556 36
557 31
558 31
559 29
560 33
561 31
562 41
563 33
564 42
565 27
566 36
567 28
568 42
569 29
570 19
571 31
572 39
573 36
574 32
575 40
576 29
577 29
578 33
579 37
580 33
581 25
582 28
583 40
584 31
585 43
586 40
587 30
588 25
589 26
590 38
591 32
592 39
593 28
594 39
595 30
596 31
597 39
598 31
599 28
600 39
601 32
602 26
603 32
604 45
605 43
606 38
607 34
608 23
609 31
610 32
611 37
612 35
613 28
614 33
615 40
616 36
617 39
618 37
619 34
620 29
621 27
622 36
623 32
624 33
625 38
626 25
627 21
628 31
629 34
630 34
631 35
632 34
633 37
634 28
635 29
636 33
637 34
638 35
639 31
640 33
641 30
642 34
643 35
644 34
645 32
646 36
647 35
648 38
649 29
650 35
651 34
652 28
653 27
654 32
655 26
656 30
657 44
658 41
659 34
660 36
661 33
662 32
663 36
664 32
665 22
666 33
667 40
668 32
669 27
670 35
671 29
672 31
673 29
674 39
675 33
676 26
677 35
678 34
679 32
680 30
681 39
682 35
683 29
684 30
685 37
686 27
687 34
688 38
689 34
690 29
691 23
692 34
693 28
694 36
695 38
696 25
697 32
698 33
699 36
700 27
701 28
702 31
703 28
704 30
705 25
706 38
707 27
708 28
709 36
710 34
711 23
712 31
713 30
714 36
715 36
716 30
717 31
718 33
719 31
720 37
721 30
722 36
723 30
724 26
725 31
726 36
727 28
728 37
729 42
730 30
731 32
732 37
733 39
734 29
735 32
736 34
737 25
738 23
739 39
740 28
741 28
742 35
743 40
744 39
745 31
746 29
747 32
748 31
749 32
750 24
751 25
752 30
753 26
754 40
755 41
756 39
757 37
758 32
759 39
760 41
761 29
762 44
763 31
764 29
765 33
766 36
767 30
768 27
769 41
770 28
771 31
772 32
773 30
774 44
775 33
776 34
777 30
778 32
779 36
780 35
781 38
782 35
783 32
784 29
785 34
786 35
787 32
788 36
789 31
790 31
791 28
792 31
793 34
794 36
795 40
796 28
797 30
798 37
799 38
800 33
801 29
802 35
803 25
804 25
805 36
806 36
807 30
808 34
809 30
810 29
811 34
812 31
813 32
814 32
815 33
816 34
817 38
818 33
819 40
820 33
821 25
822 34
823 39
824 33
825 35
826 27
827 28
828 34
829 37
830 24
831 37
832 44
833 35
834 38
835 37
836 19
837 29
838 31
839 34
840 40
841 30
842 37
843 32
844 32
845 33
846 35
847 41
848 31
849 36
850 39
851 35
852 28
853 37
854 29
855 47
856 39
857 22
858 39
859 24
860 34
861 33
862 33
863 25
864 22
865 36
866 28
867 27
868 25
869 32
870 33
871 26
872 38
873 29
874 34
875 42
876 39
877 34
878 31
879 36
880 36
881 26
882 33
883 30
884 32
885 30
886 27
887 37
888 35
889 35
890 30
891 32
892 26
893 28
894 30
895 30
896 31
897 28
898 27
899 27
900 29
901 28
902 32
903 30
904 33
905 24
906 32
907 25
908 35
909 34
910 30
911 35
912 31
913 35
914 34
915 23
916 30
917 31
918 23
919 27
920 37
921 29
922 34
923 35
924 36
925 28
926 31
927 44
928 41
929 33
930 37
931 32
932 31
933 31
934 43
935 39
936 37
937 36
938 34
939 41
940 28
941 35
942 26
943 41
944 30
945 35
946 29
947 37
948 26
949 36
950 33
951 28
952 33
953 28
954 33
955 39
956 46
957 31
958 31
959 34
960 34
961 29
962 34
963 27
964 36
965 29
966 33
967 33
968 23
969 28
970 31
971 19
972 24
973 38
974 47
975 31
976 29
977 38
978 24
979 33
980 18
981 33
982 36
983 32
984 33
985 38
986 24
987 35
988 29
989 35
990 33
991 33
992 34
993 34
994 28
995 35
996 31
997 30
998 31
999 36
1000 31
1001 34
1002 34
