# Selection:resname AU POPC Restricted:name AUC AUL AUSL Radius:2.64 Start:0 End:-1
0 278.2742919921875
1 283.4435119628906
2 0.0
3 0.0
4 0.0
5 1.2922956943511963
6 0.8615304231643677
7 0.0
8 0.0
9 0.0
10 0.0
11 0.0
12 0.0
13 0.0
14 4.738417148590088
15 0.0
16 0.0
17 0.0
18 5.169182777404785
19 0.43076521158218384
20 0.0
21 0.43076521158218384
22 0.0
23 0.0
24 0.0
25 0.43076521158218384
26 0.43076521158218384
27 0.0
28 0.0
29 0.43076521158218384
30 4.307652473449707
31 0.0
32 0.0
33 0.0
34 0.0
35 0.0
36 0.0
37 0.0
38 0.0
39 0.0
40 0.0
41 0.0
42 0.0
43 1.7230608463287354
44 0.0
45 0.0
46 0.0
47 0.0
48 0.0
49 0.43076521158218384
50 0.0
51 0.8615304231643677
52 0.0
53 0.0
54 0.0
55 0.0
56 0.43076521158218384
57 0.0
58 0.0
59 0.0
60 0.0
61 0.0
62 0.0
63 0.0
64 3.4461216926574707
65 0.0
66 0.0
67 0.0
68 0.0
69 0.43076521158218384
70 0.8615304231643677
71 0.0
72 0.0
73 0.0
74 0.43076521158218384
75 1.2922956943511963
76 0.0
77 0.43076521158218384
78 2.1538262367248535
79 0.8615304231643677
80 0.0
81 0.0
82 3.0153565406799316
83 0.0
84 0.0
85 0.0
86 1.7230608463287354
87 0.0
88 0.0
89 1.7230608463287354
90 0.0
91 0.0
92 4.738417148590088
93 2.1538262367248535
94 0.0
95 0.0
96 0.0
97 0.0
98 0.0
99 0.0
100 0.0
101 0.0
102 2.1538259983062744
103 0.43076521158218384
104 0.0
105 0.0
106 0.0
107 0.0
108 0.0
109 0.0
110 0.8615304231643677
111 0.0
112 0.0
113 0.0
114 0.43076521158218384
115 3.0153565406799316
116 0.8615304231643677
117 0.0
118 0.8615304231643677
119 0.0
120 1.2922956943511963
121 0.0
122 0.0
123 0.0
124 0.0
125 1.7230608463287354
126 0.0
127 0.8615304231643677
128 0.0
129 0.0
130 0.0
131 0.0
132 0.0
133 0.0
134 0.0
135 0.0
136 0.0
137 0.0
138 0.0
139 0.0
140 0.0
141 0.0
142 0.0
143 1.2922956943511963
144 0.0
145 0.0
146 0.0
147 0.0
148 2.1538259983062744
149 0.0
150 0.0
151 0.0
152 2.1538262367248535
153 0.0
154 1.7230608463287354
155 0.0
156 0.0
157 0.0
158 0.0
159 1.7230608463287354
160 0.43076521158218384
161 0.43076521158218384
162 0.43076521158218384
163 0.0
164 1.2922956943511963
165 0.0
166 0.43076521158218384
167 0.0
168 0.0
169 0.8615304231643677
170 0.0
171 0.8615304231643677
172 2.1538259983062744
173 0.0
174 1.7230608463287354
175 0.8615304231643677
176 0.0
177 0.0
178 0.43076521158218384
179 1.2922956943511963
180 2.5845911502838135
181 0.43076521158218384
182 0.0
183 0.0
184 0.0
185 0.0
186 0.8615304231643677
187 0.0
188 0.0
189 0.0
190 0.0
191 1.2922956943511963
192 0.0
193 0.0
194 0.0
195 1.7230608463287354
196 0.0
197 0.0
198 1.2922956943511963
199 0.0
200 0.0
201 0.0
202 0.0
203 0.0
204 0.0
205 0.43076521158218384
206 0.0
207 0.0
208 0.0
209 0.0
210 3.8768868446350098
211 0.0
212 0.0
213 0.0
214 0.0
215 0.8615304231643677
216 0.0
217 0.8615304231643677
218 0.0
219 0.0
220 0.0
221 0.0
222 0.0
223 0.0
224 0.8615304231643677
225 0.0
226 5.599947929382324
227 0.0
228 0.0
229 0.0
230 2.1538259983062744
231 0.43076521158218384
232 0.8615304231643677
233 0.0
234 0.0
235 0.0
236 0.0
237 3.876887083053589
238 0.0
239 0.0
240 0.0
241 0.0
242 0.43076521158218384
243 0.0
244 3.4461216926574707
245 0.0
246 0.0
247 0.8615304231643677
248 0.0
249 1.7230608463287354
250 0.43076521158218384
251 0.0
252 0.0
253 0.0
254 0.0
255 0.0
256 0.0
257 0.0
258 0.0
259 0.0
260 0.0
261 0.0
262 0.0
263 0.0
264 1.7230608463287354
265 0.0
266 0.43076521158218384
267 0.0
268 0.0
269 0.0
270 7.7537736892700195
271 0.43076521158218384
272 0.0
273 0.0
274 0.8615304231643677
275 0.0
276 0.0
277 0.0
278 0.0
279 0.0
280 0.0
281 0.0
282 0.0
283 0.43076521158218384
284 0.43076521158218384
285 0.0
286 0.0
287 0.0
288 0.0
289 0.0
290 0.0
291 0.0
292 0.43076521158218384
293 2.5845913887023926
294 0.43076521158218384
295 0.43076521158218384
296 0.0
297 1.7230608463287354
298 2.1538259983062744
299 0.0
300 0.43076521158218384
301 0.43076521158218384
302 0.0
303 0.8615304231643677
304 0.0
305 0.0
306 0.0
307 0.0
308 0.43076521158218384
309 0.0
310 0.0
311 0.0
312 0.0
313 0.0
314 0.0
315 0.0
316 0.0
317 0.0
318 0.0
319 0.0
320 7.3230085372924805
321 1.2922956943511963
322 0.0
323 0.8615304231643677
324 0.0
325 0.8615304231643677
326 0.0
327 0.0
328 0.0
329 3.8768868446350098
330 0.0
331 0.43076521158218384
332 0.0
333 0.0
334 0.0
335 0.0
336 1.2922956943511963
337 4.307652473449707
338 0.0
339 2.1538259983062744
340 0.43076521158218384
341 0.0
342 0.0
343 0.0
344 0.0
345 0.0
346 0.0
347 0.43076521158218384
348 6.461477756500244
349 0.0
350 0.0
351 0.0
352 5.169182777404785
353 0.0
354 0.0
355 2.1538259983062744
356 0.43076521158218384
357 0.8615304231643677
358 0.0
359 0.0
360 0.0
361 0.0
362 7.3230085372924805
363 0.0
364 0.0
365 4.738417148590088
366 0.0
367 0.0
368 1.2922956943511963
369 0.0
370 0.43076521158218384
371 1.2922956943511963
372 0.0
373 0.0
374 2.5845911502838135
375 0.0
376 0.0
377 0.0
378 0.0
379 8.184538841247559
380 3.4461216926574707
381 0.0
382 0.43076521158218384
383 0.43076521158218384
384 0.43076521158218384
385 0.0
386 0.0
387 0.0
388 0.0
389 1.2922956943511963
390 0.0
391 0.0
392 0.0
393 0.0
394 0.0
395 0.0
396 0.0
397 0.0
398 3.0153565406799316
399 0.0
400 0.0
401 1.7230608463287354
402 0.8615304231643677
403 0.0
404 0.0
405 0.43076521158218384
406 0.43076521158218384
407 0.0
408 0.43076521158218384
409 3.0153565406799316
410 0.8615304231643677
411 0.43076521158218384
412 0.43076521158218384
413 0.0
414 0.0
415 0.0
416 0.0
417 0.8615304231643677
418 0.0
419 0.0
420 0.0
421 0.0
422 6.461478233337402
423 0.43076521158218384
424 0.0
425 0.0
426 0.43076521158218384
427 0.0
428 0.8615304231643677
429 0.0
430 0.0
431 0.0
432 0.0
433 0.0
434 0.43076521158218384
435 0.0
436 1.2922956943511963
437 0.0
438 0.0
439 0.43076521158218384
440 0.0
441 1.7230608463287354
442 0.43076521158218384
443 0.0
444 0.0
445 0.8615304231643677
446 0.0
447 1.7230608463287354
448 0.0
449 0.0
450 0.0
451 0.43076521158218384
452 0.8615304231643677
453 1.7230608463287354
454 0.0
455 0.0
456 0.0
457 0.0
458 1.2922956943511963
459 0.43076521158218384
460 0.0
461 0.0
462 0.0
463 0.43076521158218384
464 1.7230608463287354
465 0.0
466 1.2922956943511963
467 0.0
468 0.0
469 0.0
470 0.0
471 2.5845913887023926
472 0.43076521158218384
473 0.0
474 2.1538259983062744
475 0.8615304231643677
476 0.0
477 1.2922956943511963
478 1.7230608463287354
479 0.0
480 0.43076521158218384
481 0.0
482 0.0
483 0.0
484 0.0
485 1.7230608463287354
486 0.0
487 3.8768868446350098
488 0.43076521158218384
489 0.0
490 0.0
491 0.0
492 0.0
493 0.0
494 0.0
495 0.0
496 0.0
497 2.5845911502838135
498 0.0
499 0.0
500 0.8615304231643677
501 0.0
502 0.0
503 0.0
504 0.8615304231643677
505 0.0
506 0.0
507 0.0
508 0.0
509 0.0
510 0.0
511 0.0
512 0.0
513 0.0
514 1.7230608463287354
515 0.0
516 0.43076521158218384
517 0.0
518 1.2922956943511963
519 0.43076521158218384
520 0.0
521 0.0
522 0.0
523 0.0
524 0.0
525 0.43076521158218384
526 0.0
527 0.0
528 0.0
529 0.43076521158218384
530 0.0
531 0.0
532 0.0
533 0.0
534 0.0
535 1.7230608463287354
536 0.0
537 0.0
538 1.7230608463287354
539 0.8615304231643677
540 0.0
541 0.0
542 0.0
543 0.0
544 0.0
545 0.8615304231643677
546 0.0
547 0.0
548 0.0
549 0.0
550 0.0
551 0.0
552 0.0
553 0.0
554 0.0
555 0.0
556 0.0
557 0.0
558 0.0
559 0.0
560 0.43076521158218384
561 0.43076521158218384
562 0.0
563 0.0
564 0.0
565 0.0
566 0.0
567 0.8615304231643677
568 0.0
569 0.8615304231643677
570 2.1538262367248535
571 0.0
572 0.0
573 0.8615304231643677
574 0.0
575 0.8615304231643677
576 3.4461216926574707
577 0.0
578 0.0
579 0.0
580 0.0
581 0.43076521158218384
582 0.0
583 0.0
584 0.0
585 0.0
586 0.0
587 1.2922956943511963
588 0.0
589 0.0
590 0.0
591 0.0
592 0.0
593 0.8615304231643677
594 0.0
595 0.0
596 0.0
597 0.0
598 0.0
599 0.0
600 0.0
601 0.0
602 0.0
603 0.0
604 0.0
605 1.2922956943511963
606 0.0
607 0.0
608 0.43076521158218384
609 0.43076521158218384
610 0.0
611 0.0
612 8.615303993225098
613 0.43076521158218384
614 0.0
615 0.8615304231643677
616 1.2922956943511963
617 0.0
618 0.43076521158218384
619 1.7230608463287354
620 1.7230608463287354
621 1.2922956943511963
622 0.0
623 0.0
624 0.0
625 0.8615304231643677
626 0.0
627 1.2922956943511963
628 0.0
629 0.0
630 0.0
631 0.8615304231643677
632 0.0
633 0.0
634 1.2922956943511963
635 0.0
636 1.2922956943511963
637 0.43076521158218384
638 1.2922956943511963
639 0.0
640 0.0
641 0.0
642 3.4461216926574707
643 0.0
644 0.43076521158218384
645 0.43076521158218384
646 0.0
647 0.0
648 0.8615304231643677
649 0.0
650 0.43076521158218384
651 0.0
652 0.0
653 0.0
654 0.43076521158218384
655 0.43076521158218384
656 2.1538259983062744
657 0.0
658 0.43076521158218384
659 0.0
660 0.43076521158218384
661 0.0
662 0.43076521158218384
663 0.0
664 0.0
665 0.0
666 0.8615304231643677
667 2.5845913887023926
668 0.0
669 0.43076521158218384
670 0.0
671 0.0
672 0.0
673 0.0
674 0.0
675 2.5845911502838135
676 0.0
677 0.0
678 1.2922956943511963
679 5.169182300567627
680 0.0
681 1.2922956943511963
682 0.0
683 0.0
684 0.0
685 0.0
686 0.0
687 0.43076521158218384
688 0.0
689 0.0
690 0.0
691 2.5845913887023926
692 0.0
693 2.1538262367248535
694 0.43076521158218384
695 0.8615304231643677
696 0.0
697 0.0
698 1.2922956943511963
699 0.0
700 0.0
701 0.0
702 0.0
703 0.0
704 0.8615304231643677
705 2.1538262367248535
706 0.0
707 0.0
708 1.7230608463287354
709 0.0
710 0.0
711 1.7230608463287354
712 2.1538259983062744
713 2.1538259983062744
714 0.0
715 0.0
716 0.43076521158218384
717 0.0
718 0.0
719 0.0
720 0.0
721 0.0
722 0.8615304231643677
723 0.0
724 0.0
725 0.0
726 3.8768868446350098
727 0.0
728 2.1538259983062744
729 0.0
730 0.0
731 0.8615304231643677
732 0.0
733 0.0
734 2.1538259983062744
735 0.0
736 0.0
737 0.43076521158218384
738 2.1538262367248535
739 0.8615304231643677
740 0.8615304231643677
741 0.0
742 0.0
743 0.0
744 0.43076521158218384
745 0.0
746 0.0
747 0.43076521158218384
748 0.0
749 0.43076521158218384
750 0.43076521158218384
751 0.0
752 0.0
753 0.0
754 0.0
755 0.0
756 0.0
757 0.0
758 0.0
759 0.43076521158218384
760 0.0
761 0.0
762 0.0
763 3.4461216926574707
764 0.0
765 0.0
766 0.0
767 0.0
768 0.0
769 2.5845913887023926
770 0.0
771 0.0
772 0.43076521158218384
773 0.0
774 0.0
775 0.43076521158218384
776 0.0
777 1.2922956943511963
778 3.0153565406799316
779 0.0
780 0.43076521158218384
781 0.8615304231643677
782 0.43076521158218384
783 0.0
784 0.0
785 1.7230608463287354
786 0.8615304231643677
787 0.0
788 0.0
789 0.0
790 1.2922956943511963
791 0.0
792 0.0
793 0.0
794 0.0
795 0.8615304231643677
796 0.43076521158218384
797 0.0
798 0.0
799 0.0
800 0.0
801 0.0
802 0.8615304231643677
803 0.0
804 0.0
805 0.0
806 0.0
807 0.43076521158218384
808 0.0
809 0.0
810 0.0
811 0.0
812 0.0
813 0.0
814 0.0
815 0.0
816 1.7230608463287354
817 0.0
818 0.43076521158218384
819 0.8615304231643677
820 0.43076521158218384
821 0.0
822 0.0
823 0.0
824 0.0
825 0.43076521158218384
826 0.0
827 0.0
828 0.0
829 1.2922956943511963
830 0.43076521158218384
831 3.0153565406799316
832 0.0
833 1.7230608463287354
834 1.2922956943511963
835 0.0
836 0.43076521158218384
837 0.0
838 2.1538259983062744
839 0.0
840 0.0
841 0.8615304231643677
842 0.0
843 0.8615304231643677
844 0.8615304231643677
845 0.0
846 2.1538259983062744
847 0.8615304231643677
848 1.7230608463287354
849 0.0
850 0.0
851 2.5845913887023926
852 0.0
853 0.8615304231643677
854 0.8615304231643677
855 0.0
856 0.0
857 1.2922956943511963
858 0.43076521158218384
859 0.0
860 0.0
861 0.0
862 1.2922956943511963
863 0.0
864 0.43076521158218384
865 0.43076521158218384
866 0.8615304231643677
867 0.0
868 0.8615304231643677
869 0.0
870 0.0
871 0.0
872 0.0
873 4.738417625427246
874 0.0
875 0.0
876 3.4461216926574707
877 0.43076521158218384
878 0.0
879 0.43076521158218384
880 0.0
881 0.0
882 0.43076521158218384
883 0.8615304231643677
884 0.0
885 0.0
886 0.0
887 0.43076521158218384
888 0.0
889 0.8615304231643677
890 0.0
891 0.0
892 0.0
893 0.0
894 0.0
895 5.599947929382324
896 0.0
897 0.0
898 0.0
899 0.0
900 0.43076521158218384
901 3.0153565406799316
902 0.8615304231643677
903 0.43076521158218384
904 0.0
905 0.0
906 0.0
907 1.2922956943511963
908 0.0
909 0.0
910 0.0
911 0.0
912 0.0
913 6.030713081359863
914 0.0
915 0.0
916 0.0
917 2.1538262367248535
918 0.0
919 0.0
920 3.0153565406799316
921 0.8615304231643677
922 0.43076521158218384
923 0.0
924 0.0
925 2.5845913887023926
926 0.0
927 0.0
928 0.0
929 0.0
930 0.0
931 0.0
932 0.0
933 0.43076521158218384
934 0.0
935 0.0
936 1.2922956943511963
937 0.0
938 5.169182777404785
939 0.0
940 0.0
941 0.8615304231643677
942 0.0
943 0.0
944 0.0
945 0.0
946 1.2922956943511963
947 0.43076521158218384
948 0.0
949 0.0
950 0.0
951 0.0
952 0.0
953 0.0
954 0.0
955 0.0
956 0.0
957 0.0
958 0.0
959 3.8768868446350098
960 0.0
961 0.0
962 0.43076521158218384
963 0.8615304231643677
964 0.43076521158218384
965 0.0
966 2.1538259983062744
967 3.0153565406799316
968 0.0
969 0.0
970 1.2922956943511963
971 0.43076521158218384
972 1.2922956943511963
973 0.8615304231643677
974 0.0
975 0.0
976 0.0
977 0.0
978 0.0
979 0.0
980 5.169182777404785
981 0.0
982 0.0
983 0.43076521158218384
984 0.43076521158218384
985 0.0
986 0.0
987 0.0
988 0.0
989 0.43076521158218384
990 0.43076521158218384
991 0.0
992 0.0
993 0.8615304231643677
994 0.0
995 0.0
996 0.0
997 0.0
998 0.0
999 0.0
1000 0.0
1001 0.0
1002 0.0
