# Selection 1:name C1A D2A C3A C4A C1B C2B C3B C4B Selection 2:name AUC AUSL AUL Cutoff:8 Start:0 End:-1
0 0
1 0
2 30
3 41
4 42
5 30
6 42
7 39
8 40
9 34
10 35
11 42
12 32
13 39
14 38
15 45
16 46
17 46
18 43
19 40
20 38
21 38
22 34
23 32
24 40
25 34
26 35
27 43
28 41
29 36
30 41
31 34
32 32
33 42
34 33
35 33
36 47
37 46
38 42
39 42
40 44
41 38
42 32
43 41
44 35
45 37
46 40
47 41
48 40
49 29
50 43
51 34
52 35
53 30
54 36
55 42
56 39
57 36
58 27
59 41
60 36
61 33
62 37
63 36
64 38
65 37
66 43
67 42
68 40
69 38
70 40
71 39
72 42
73 37
74 41
75 42
76 39
77 48
78 36
79 40
80 41
81 36
82 33
83 40
84 39
85 30
86 37
87 38
88 40
89 45
90 36
91 47
92 31
93 40
94 35
95 33
96 36
97 39
98 46
99 36
100 32
101 33
102 36
103 35
104 38
105 36
106 28
107 38
108 35
109 34
110 42
111 41
112 42
113 40
114 38
115 45
116 38
117 35
118 42
119 41
120 30
121 36
122 39
123 42
124 36
125 40
126 42
127 39
128 36
129 37
130 34
131 37
132 39
133 44
134 37
135 34
136 33
137 36
138 44
139 36
140 40
141 39
142 36
143 33
144 48
145 31
146 42
147 39
148 37
149 37
150 43
151 36
152 34
153 34
154 34
155 33
156 32
157 43
158 44
159 39
160 32
161 33
162 35
163 44
164 43
165 34
166 31
167 33
168 34
169 38
170 40
171 43
172 37
173 34
174 31
175 41
176 37
177 42
178 30
179 33
180 44
181 39
182 45
183 36
184 35
185 37
186 36
187 40
188 34
189 33
190 41
191 38
192 47
193 39
194 36
195 39
196 40
197 36
198 40
199 38
200 34
201 38
202 38
203 41
204 29
205 44
206 41
207 42
208 29
209 40
210 35
211 40
212 40
213 39
214 36
215 34
216 31
217 35
218 38
219 39
220 33
221 31
222 35
223 38
224 34
225 40
226 33
227 36
228 38
229 35
230 38
231 36
232 42
233 55
234 33
235 43
236 32
237 35
238 43
239 40
240 40
241 36
242 39
243 38
244 37
245 35
246 39
247 28
248 40
249 36
250 42
251 37
252 28
253 41
254 33
255 44
256 42
257 35
258 42
259 32
260 42
261 36
262 31
263 37
264 36
265 33
266 39
267 35
268 40
269 34
270 44
271 50
272 47
273 36
274 41
275 44
276 42
277 34
278 34
279 34
280 39
281 32
282 37
283 31
284 43
285 39
286 32
287 39
288 40
289 35
290 24
291 38
292 43
293 37
294 47
295 38
296 34
297 37
298 41
299 32
300 38
301 34
302 38
303 31
304 40
305 42
306 36
307 42
308 44
309 41
310 39
311 39
312 30
313 37
314 36
315 36
316 32
317 45
318 33
319 42
320 45
321 41
322 40
323 43
324 37
325 38
326 43
327 43
328 33
329 32
330 31
331 38
332 25
333 39
334 44
335 36
336 33
337 31
338 35
339 41
340 34
341 47
342 51
343 31
344 35
345 35
346 41
347 44
348 38
349 34
350 41
351 39
352 38
353 38
354 30
355 37
356 35
357 33
358 44
359 32
360 36
361 32
362 35
363 40
364 43
365 41
366 35
367 40
368 40
369 42
370 34
371 43
372 40
373 47
374 39
375 39
376 36
377 27
378 42
379 40
380 36
381 36
382 37
383 34
384 35
385 29
386 39
387 33
388 43
389 30
390 42
391 34
392 44
393 49
394 34
395 36
396 38
397 44
398 33
399 40
400 39
401 37
402 35
403 33
404 39
405 34
406 35
407 36
408 47
409 44
410 44
411 38
412 34
413 35
414 43
415 31
416 36
417 42
418 37
419 38
420 45
421 47
422 42
423 38
424 40
425 40
426 38
427 35
428 42
429 35
430 27
431 39
432 33
433 35
434 36
435 34
436 40
437 36
438 39
439 40
440 27
441 41
442 37
443 38
444 31
445 38
446 32
447 39
448 37
449 37
450 28
451 45
452 31
453 45
454 38
455 36
456 39
457 41
458 32
459 33
460 35
461 36
462 37
463 39
464 33
465 35
466 42
467 46
468 41
469 34
470 33
471 41
472 40
473 33
474 43
475 37
476 39
477 38
478 32
479 43
480 43
481 38
482 33
483 36
484 41
485 40
486 37
487 35
488 38
489 31
490 30
491 35
492 39
493 29
494 39
495 40
496 41
497 30
498 42
499 30
500 34
501 37
502 42
503 46
504 44
505 33
506 40
507 45
508 40
509 40
510 42
511 42
512 36
513 31
514 37
515 35
516 36
517 35
518 39
519 39
520 37
521 35
522 41
523 37
524 38
525 35
526 46
527 39
528 34
529 47
530 39
531 41
532 38
533 44
534 39
535 47
536 35
537 40
538 39
539 28
540 44
541 39
542 35
543 45
544 35
545 26
546 39
547 37
548 40
549 43
550 35
551 35
552 36
553 36
554 41
555 36
556 45
557 39
558 36
559 42
560 45
561 30
562 40
563 30
564 44
565 43
566 41
567 34
568 34
569 41
570 29
571 42
572 40
573 48
574 36
575 34
576 36
577 36
578 40
579 38
580 44
581 43
582 41
583 34
584 39
585 34
586 39
587 41
588 38
589 38
590 29
591 42
592 43
593 40
594 47
595 34
596 40
597 39
598 44
599 32
600 33
601 36
602 32
603 35
604 40
605 46
606 44
607 45
608 44
609 35
610 31
611 37
612 36
613 39
614 36
615 35
616 42
617 40
618 42
619 33
620 36
621 43
622 38
623 36
624 34
625 38
626 30
627 33
628 34
629 43
630 39
631 48
632 32
633 32
634 42
635 34
636 41
637 44
638 46
639 40
640 35
641 42
642 40
643 33
644 39
645 33
646 36
647 42
648 36
649 33
650 39
651 38
652 37
653 41
654 43
655 38
656 40
657 36
658 45
659 40
660 29
661 32
662 43
663 34
664 37
665 39
666 42
667 39
668 30
669 34
670 36
671 44
672 45
673 38
674 38
675 34
676 32
677 37
678 42
679 39
680 47
681 34
682 42
683 40
684 37
685 35
686 36
687 42
688 33
689 39
690 36
691 40
692 45
693 37
694 35
695 34
696 38
697 36
698 40
699 43
700 45
701 35
702 41
703 41
704 40
705 36
706 34
707 32
708 35
709 40
710 45
711 40
712 37
713 43
714 34
715 37
716 40
717 45
718 36
719 35
720 37
721 35
722 42
723 42
724 42
725 38
726 38
727 36
728 36
729 47
730 32
731 43
732 39
733 39
734 38
735 40
736 36
737 39
738 33
739 29
740 28
741 37
742 38
743 34
744 34
745 35
746 37
747 38
748 33
749 42
750 44
751 36
752 38
753 46
754 33
755 44
756 34
757 35
758 39
759 32
760 38
761 44
762 34
763 44
764 35
765 33
766 39
767 36
768 30
769 40
770 40
771 46
772 41
773 47
774 42
775 41
776 39
777 35
778 35
779 36
780 46
781 40
782 45
783 38
784 33
785 37
786 37
787 38
788 31
789 41
790 39
791 34
792 37
793 43
794 40
795 32
796 39
797 42
798 44
799 39
800 28
801 35
802 44
803 41
804 32
805 47
806 34
807 29
808 36
809 42
810 43
811 36
812 36
813 33
814 41
815 40
816 40
817 38
818 40
819 33
820 35
821 42
822 40
823 35
824 28
825 41
826 30
827 35
828 30
829 34
830 37
831 40
832 28
833 33
834 35
835 33
836 41
837 38
838 34
839 40
840 38
841 27
842 41
843 44
844 38
845 38
846 33
847 36
848 32
849 35
850 40
851 41
852 34
853 42
854 42
855 35
856 30
857 32
858 33
859 42
860 41
861 45
862 41
863 40
864 35
865 38
866 43
867 39
868 38
869 41
870 39
871 42
872 36
873 38
874 36
875 37
876 32
877 42
878 36
879 41
880 39
881 27
882 33
883 44
884 35
885 32
886 36
887 36
888 32
889 38
890 39
891 38
892 35
893 39
894 45
895 41
896 45
897 33
898 41
899 39
900 31
901 48
902 35
903 40
904 40
905 35
906 43
907 34
908 38
909 45
910 28
911 41
912 42
913 35
914 44
915 40
916 40
917 31
918 40
919 33
920 37
921 34
922 42
923 47
924 42
925 33
926 35
927 32
928 38
929 40
930 45
931 33
932 36
933 31
934 34
935 36
936 35
937 40
938 41
939 33
940 45
941 46
942 45
943 34
944 30
945 36
946 43
947 44
948 33
949 40
950 43
951 35
952 36
953 42
954 37
955 34
956 41
957 39
958 44
959 48
960 37
961 44
962 39
963 40
964 35
965 37
966 35
967 39
968 40
969 34
970 35
971 51
972 35
973 43
974 35
975 43
976 38
977 43
978 32
979 38
980 37
981 35
982 36
983 38
984 31
985 36
986 40
987 35
988 30
989 36
990 43
991 36
992 43
993 34
994 38
995 34
996 36
997 36
998 37
999 40
1000 38
1001 45
1002 45
