# Selection:resname AU POPC Restricted:name AUC AUL AUSL Radius:2.64 Start:0 End:-1
0 85.7222900390625
1 88.30686950683594
2 2.5845913887023926
3 2.1538259983062744
4 0.8615304231643677
5 0.0
6 0.43076521158218384
7 0.0
8 0.8615304231643677
9 0.0
10 0.8615304231643677
11 0.43076521158218384
12 1.2922956943511963
13 0.0
14 0.0
15 0.0
16 4.307652473449707
17 0.0
18 0.43076521158218384
19 1.7230608463287354
20 0.0
21 0.0
22 0.8615304231643677
23 5.169182300567627
24 0.0
25 7.7537736892700195
26 6.892243385314941
27 0.0
28 0.0
29 2.1538259983062744
30 0.0
31 1.2922956943511963
32 0.0
33 0.0
34 0.0
35 0.0
36 0.8615304231643677
37 1.2922956943511963
38 0.0
39 2.1538259983062744
40 3.8768868446350098
41 0.0
42 0.43076521158218384
43 0.43076521158218384
44 0.0
45 3.0153565406799316
46 0.0
47 0.0
48 0.0
49 0.0
50 0.0
51 0.0
52 0.0
53 0.8615304231643677
54 4.738417148590088
55 8.184539794921875
56 0.0
57 0.0
58 0.0
59 0.0
60 0.0
61 0.43076521158218384
62 0.0
63 9.046069145202637
64 1.2922956943511963
65 0.0
66 0.0
67 0.0
68 0.0
69 0.43076521158218384
70 0.0
71 0.0
72 1.2922956943511963
73 0.0
74 0.8615304231643677
75 1.7230608463287354
76 0.43076521158218384
77 0.0
78 2.5845913887023926
79 0.0
80 0.43076521158218384
81 0.0
82 0.43076521158218384
83 0.43076521158218384
84 4.307651996612549
85 0.0
86 1.7230608463287354
87 0.0
88 0.43076521158218384
89 3.8768868446350098
90 3.0153565406799316
91 0.43076521158218384
92 0.43076521158218384
93 0.0
94 0.0
95 0.0
96 0.0
97 0.43076521158218384
98 0.0
99 0.0
100 1.7230608463287354
101 7.7537736892700195
102 0.0
103 0.43076521158218384
104 0.0
105 0.43076521158218384
106 0.0
107 3.0153565406799316
108 2.1538259983062744
109 1.2922956943511963
110 0.0
111 0.0
112 0.0
113 0.43076521158218384
114 0.0
115 4.738417625427246
116 0.0
117 0.0
118 0.0
119 0.0
120 6.461478233337402
121 0.0
122 0.0
123 1.2922956943511963
124 0.0
125 0.43076521158218384
126 0.8615304231643677
127 0.0
128 0.0
129 0.0
130 0.0
131 0.43076521158218384
132 0.0
133 1.2922956943511963
134 5.169182777404785
135 4.738417625427246
136 4.307651996612549
137 5.169182777404785
138 0.0
139 0.0
140 5.169182777404785
141 0.8615304231643677
142 0.0
143 0.0
144 3.0153565406799316
145 0.0
146 0.0
147 4.307651996612549
148 6.461478233337402
149 13.353721618652344
150 0.0
151 0.43076521158218384
152 1.2922956943511963
153 0.0
154 0.0
155 0.0
156 8.184538841247559
157 6.892243385314941
158 0.0
159 0.0
160 0.0
161 1.7230608463287354
162 0.0
163 0.43076521158218384
164 0.0
165 0.0
166 0.0
167 0.43076521158218384
168 2.5845911502838135
169 0.0
170 0.43076521158218384
171 0.43076521158218384
172 0.0
173 2.5845913887023926
174 0.0
175 0.0
176 0.0
177 1.2922956943511963
178 13.784486770629883
179 0.43076521158218384
180 0.0
181 0.0
182 1.2922956943511963
183 5.599947929382324
184 0.43076521158218384
185 1.7230608463287354
186 0.8615304231643677
187 0.0
188 0.0
189 0.0
190 1.7230608463287354
191 2.5845911502838135
192 0.0
193 0.0
194 0.43076521158218384
195 0.0
196 0.0
197 1.7230608463287354
198 0.0
199 0.0
200 0.0
201 0.0
202 0.0
203 1.2922956943511963
204 2.5845913887023926
205 0.8615304231643677
206 0.0
207 0.0
208 0.43076521158218384
209 0.0
210 0.0
211 0.0
212 1.7230608463287354
213 0.0
214 0.0
215 0.0
216 0.43076521158218384
217 0.0
218 0.0
219 2.5845911502838135
220 0.8615304231643677
221 1.2922956943511963
222 0.0
223 3.0153565406799316
224 0.8615304231643677
225 0.8615304231643677
226 0.0
227 0.43076521158218384
228 0.43076521158218384
229 1.2922956943511963
230 0.0
231 0.8615304231643677
232 0.43076521158218384
233 0.0
234 1.2922956943511963
235 0.43076521158218384
236 0.0
237 0.0
238 0.43076521158218384
239 0.43076521158218384
240 0.0
241 1.2922956943511963
242 8.615304946899414
243 0.0
244 4.307651996612549
245 1.2922956943511963
246 0.0
247 0.0
248 0.0
249 0.43076521158218384
250 0.0
251 0.0
252 0.43076521158218384
253 3.0153565406799316
254 0.8615304231643677
255 0.0
256 0.0
257 0.43076521158218384
258 0.8615304231643677
259 0.0
260 2.5845911502838135
261 0.0
262 0.0
263 2.5845913887023926
264 0.0
265 0.0
266 0.0
267 0.0
268 0.0
269 0.0
270 0.43076521158218384
271 1.2922956943511963
272 0.43076521158218384
273 0.0
274 3.0153565406799316
275 0.0
276 1.7230608463287354
277 9.476834297180176
278 3.4461216926574707
279 3.0153565406799316
280 0.0
281 2.1538262367248535
282 0.0
283 0.0
284 1.2922956943511963
285 0.0
286 0.0
287 0.0
288 0.0
289 0.0
290 0.0
291 0.43076521158218384
292 2.5845913887023926
293 0.43076521158218384
294 1.2922956943511963
295 3.0153565406799316
296 0.0
297 2.5845913887023926
298 0.0
299 0.8615304231643677
300 0.0
301 0.0
302 0.0
303 5.599947929382324
304 1.2922956943511963
305 0.43076521158218384
306 0.0
307 0.0
308 0.0
309 0.0
310 0.43076521158218384
311 2.1538259983062744
312 1.7230608463287354
313 3.8768868446350098
314 1.7230608463287354
315 2.1538259983062744
316 0.43076521158218384
317 1.2922956943511963
318 7.3230085372924805
319 0.0
320 0.0
321 1.7230608463287354
322 0.0
323 0.0
324 4.307652473449707
325 0.43076521158218384
326 0.0
327 5.599947929382324
328 1.2922956943511963
329 12.922956466674805
330 9.476834297180176
331 0.0
332 2.5845913887023926
333 1.7230608463287354
334 0.43076521158218384
335 0.0
336 0.0
337 0.0
338 0.0
339 2.5845911502838135
340 0.0
341 0.0
342 2.1538259983062744
343 2.1538259983062744
344 1.2922956943511963
345 0.0
346 0.43076521158218384
347 0.0
348 0.0
349 0.0
350 1.7230608463287354
351 0.0
352 0.0
353 1.7230608463287354
354 0.0
355 0.0
356 0.0
357 0.0
358 0.0
359 0.43076521158218384
360 0.0
361 0.0
362 0.0
363 0.0
364 0.0
365 0.0
366 0.0
367 0.0
368 1.7230608463287354
369 0.0
370 0.0
371 2.5845913887023926
372 0.0
373 0.43076521158218384
374 0.43076521158218384
375 0.0
376 0.43076521158218384
377 0.43076521158218384
378 0.43076521158218384
379 0.43076521158218384
380 7.3230085372924805
381 0.8615304231643677
382 0.0
383 0.43076521158218384
384 0.0
385 0.43076521158218384
386 0.43076521158218384
387 0.0
388 0.0
389 0.0
390 0.0
391 1.7230608463287354
392 0.0
393 0.0
394 0.8615304231643677
395 0.0
396 2.5845911502838135
397 0.0
398 0.0
399 1.7230608463287354
400 0.43076521158218384
401 0.0
402 0.8615304231643677
403 14.646017074584961
404 0.0
405 2.1538259983062744
406 0.0
407 1.2922956943511963
408 0.8615304231643677
409 1.2922956943511963
410 0.0
411 0.0
412 1.7230608463287354
413 0.0
414 0.43076521158218384
415 9.046069145202637
416 0.0
417 3.4461216926574707
418 0.0
419 0.0
420 0.0
421 0.43076521158218384
422 0.0
423 1.2922956943511963
424 3.0153565406799316
425 0.0
426 7.3230085372924805
427 3.0153565406799316
428 0.0
429 0.0
430 0.43076521158218384
431 0.0
432 0.0
433 9.476834297180176
434 3.4461216926574707
435 0.43076521158218384
436 0.43076521158218384
437 5.169182777404785
438 0.0
439 0.0
440 0.43076521158218384
441 0.0
442 0.0
443 0.0
444 0.0
445 0.8615304231643677
446 2.5845911502838135
447 3.0153565406799316
448 0.0
449 0.0
450 0.8615304231643677
451 0.43076521158218384
452 5.599947929382324
453 0.0
454 0.0
455 3.4461216926574707
456 0.0
457 0.0
458 1.2922956943511963
459 3.0153565406799316
460 0.43076521158218384
461 3.4461216926574707
462 0.0
463 0.43076521158218384
464 0.0
465 0.8615304231643677
466 0.8615304231643677
467 0.0
468 0.0
469 0.0
470 0.8615304231643677
471 0.0
472 1.2922956943511963
473 0.0
474 0.0
475 0.0
476 0.43076521158218384
477 0.0
478 2.5845911502838135
479 0.43076521158218384
480 0.0
481 0.43076521158218384
482 0.0
483 0.0
484 0.0
485 0.0
486 0.43076521158218384
487 0.0
488 1.2922956943511963
489 0.0
490 2.5845911502838135
491 2.5845913887023926
492 5.169182777404785
493 0.0
494 0.0
495 0.0
496 1.7230608463287354
497 0.0
498 0.0
499 0.43076521158218384
500 11.630661010742188
501 1.2922956943511963
502 0.43076521158218384
503 0.0
504 0.43076521158218384
505 0.0
506 0.0
507 3.0153565406799316
508 0.8615304231643677
509 1.7230608463287354
510 0.0
511 0.43076521158218384
512 0.0
513 0.0
514 0.0
515 0.0
516 5.169182777404785
517 0.0
518 0.0
519 0.0
520 2.5845913887023926
521 0.0
522 0.0
523 0.0
524 0.0
525 0.0
526 2.5845913887023926
527 0.43076521158218384
528 0.0
529 0.0
530 0.0
531 2.1538259983062744
532 4.307651996612549
533 1.7230608463287354
534 0.0
535 0.0
536 0.0
537 8.615303993225098
538 0.0
539 0.0
540 0.0
541 0.0
542 0.0
543 0.0
544 0.0
545 17.661373138427734
546 0.43076521158218384
547 2.5845913887023926
548 0.0
549 0.0
550 0.0
551 0.43076521158218384
552 0.0
553 0.0
554 0.0
555 0.0
556 0.0
557 1.2922956943511963
558 3.0153565406799316
559 0.0
560 0.0
561 2.5845913887023926
562 0.43076521158218384
563 0.0
564 0.0
565 4.307651996612549
566 12.061426162719727
567 0.43076521158218384
568 0.43076521158218384
569 0.43076521158218384
570 1.7230608463287354
571 1.2922956943511963
572 0.8615304231643677
573 3.8768868446350098
574 2.5845913887023926
575 0.0
576 0.0
577 0.0
578 0.0
579 0.43076521158218384
580 0.0
581 0.43076521158218384
582 0.0
583 0.43076521158218384
584 0.8615304231643677
585 0.0
586 0.0
587 0.43076521158218384
588 0.8615304231643677
589 1.7230608463287354
590 0.43076521158218384
591 2.5845913887023926
592 0.43076521158218384
593 0.0
594 9.046069145202637
595 0.0
596 0.0
597 1.2922956943511963
598 0.0
599 0.0
600 7.7537736892700195
601 10.338364601135254
602 4.307652473449707
603 2.5845913887023926
604 0.0
605 0.43076521158218384
606 0.0
607 0.0
608 0.0
609 2.5845913887023926
610 1.7230608463287354
611 0.0
612 0.8615304231643677
613 5.599947929382324
614 0.0
615 2.5845913887023926
616 1.7230608463287354
617 1.7230608463287354
618 0.0
619 0.0
620 0.43076521158218384
621 0.43076521158218384
622 0.0
623 0.0
624 0.8615304231643677
625 0.43076521158218384
626 0.0
627 0.0
628 0.0
629 0.0
630 9.046069145202637
631 0.43076521158218384
632 0.0
633 0.0
634 6.461478233337402
635 0.43076521158218384
636 0.43076521158218384
637 0.0
638 0.0
639 0.43076521158218384
640 0.0
641 0.0
642 4.307651996612549
643 0.0
644 0.0
645 4.738417148590088
646 0.0
647 0.8615304231643677
648 1.2922956943511963
649 0.0
650 0.0
651 0.0
652 0.0
653 0.8615304231643677
654 0.0
655 0.0
656 1.7230608463287354
657 0.0
658 0.43076521158218384
659 0.0
660 0.0
661 0.8615304231643677
662 1.2922956943511963
663 0.8615304231643677
664 0.0
665 7.3230085372924805
666 0.43076521158218384
667 0.43076521158218384
668 0.0
669 0.0
670 0.43076521158218384
671 0.8615304231643677
672 0.43076521158218384
673 0.0
674 0.0
675 0.43076521158218384
676 1.2922956943511963
677 0.8615304231643677
678 0.0
679 0.0
680 0.0
681 0.0
682 0.8615304231643677
683 0.0
684 0.0
685 3.4461216926574707
686 0.0
687 1.2922956943511963
688 0.0
689 1.2922956943511963
690 1.7230608463287354
691 0.43076521158218384
692 0.0
693 0.0
694 4.738417148590088
695 0.0
696 0.43076521158218384
697 0.0
698 0.0
699 0.0
700 0.8615304231643677
701 0.0
702 0.0
703 0.0
704 0.0
705 0.43076521158218384
706 0.8615304231643677
707 0.43076521158218384
708 0.0
709 1.2922956943511963
710 0.0
711 0.0
712 0.8615304231643677
713 6.461478233337402
714 0.0
715 0.0
716 0.0
717 2.5845913887023926
718 0.43076521158218384
719 0.8615304231643677
720 0.0
721 0.43076521158218384
722 0.0
723 6.030713081359863
724 0.0
725 0.0
726 0.43076521158218384
727 0.8615304231643677
728 0.0
729 9.046070098876953
730 16.369077682495117
731 0.0
732 0.0
733 0.8615304231643677
734 0.0
735 3.4461216926574707
736 2.1538259983062744
737 0.43076521158218384
738 1.7230608463287354
739 0.0
740 0.0
741 0.0
742 1.2922956943511963
743 0.0
744 0.0
745 0.0
746 6.892243385314941
747 1.2922956943511963
748 0.43076521158218384
749 0.43076521158218384
750 0.0
751 0.43076521158218384
752 0.43076521158218384
753 0.8615304231643677
754 0.0
755 2.1538259983062744
756 6.461478233337402
757 0.0
758 0.43076521158218384
759 0.0
760 0.0
761 0.8615304231643677
762 3.8768868446350098
763 0.43076521158218384
764 0.0
765 0.8615304231643677
766 1.2922956943511963
767 0.43076521158218384
768 0.0
769 0.0
770 0.43076521158218384
771 0.0
772 0.43076521158218384
773 0.0
774 0.8615304231643677
775 0.0
776 0.0
777 0.0
778 0.43076521158218384
779 0.43076521158218384
780 0.43076521158218384
781 14.646017074584961
782 0.0
783 0.0
784 0.0
785 0.8615304231643677
786 0.8615304231643677
787 0.0
788 0.43076521158218384
789 0.0
790 0.0
791 0.43076521158218384
792 0.0
793 0.0
794 0.43076521158218384
795 14.215251922607422
796 0.0
797 0.0
798 0.0
799 0.0
800 12.922956466674805
801 4.738417625427246
802 3.8768868446350098
803 0.0
804 4.307652473449707
805 0.0
806 0.0
807 0.8615304231643677
808 0.43076521158218384
809 0.0
810 0.0
811 3.0153565406799316
812 0.8615304231643677
813 0.0
814 2.5845911502838135
815 0.0
816 0.0
817 0.0
818 12.492191314697266
819 0.43076521158218384
820 0.0
821 0.0
822 0.0
823 0.43076521158218384
824 0.0
825 0.43076521158218384
826 0.0
827 1.7230608463287354
828 0.0
829 5.169182777404785
830 0.0
831 0.0
832 2.1538259983062744
833 2.1538259983062744
834 0.0
835 1.7230608463287354
836 0.0
837 4.307651996612549
838 0.0
839 0.0
840 2.1538262367248535
841 6.030713081359863
842 3.0153563022613525
843 10.33836555480957
844 0.0
845 2.1538262367248535
846 0.43076521158218384
847 0.0
848 0.0
849 1.2922956943511963
850 3.0153565406799316
851 2.5845913887023926
852 1.2922956943511963
853 1.2922956943511963
854 0.0
855 0.0
856 3.4461216926574707
857 0.0
858 3.0153565406799316
859 0.0
860 8.184538841247559
861 1.2922956943511963
862 1.2922956943511963
863 2.1538262367248535
864 0.0
865 0.0
866 0.43076521158218384
867 0.0
868 0.0
869 0.0
870 0.0
871 3.0153565406799316
872 0.8615304231643677
873 0.43076521158218384
874 0.43076521158218384
875 0.0
876 0.0
877 2.5845913887023926
878 0.0
879 0.8615304231643677
880 4.307652473449707
881 2.5845913887023926
882 0.8615304231643677
883 0.43076521158218384
884 1.2922956943511963
885 1.7230608463287354
886 0.0
887 0.8615304231643677
888 0.0
889 0.0
890 0.0
891 0.0
892 0.0
893 1.2922956943511963
894 0.0
895 0.0
896 3.4461216926574707
897 2.1538259983062744
898 2.1538259983062744
899 0.0
900 0.0
901 0.0
902 0.8615304231643677
903 1.7230608463287354
904 0.0
905 0.0
906 0.0
907 0.0
908 0.0
909 3.4461216926574707
910 0.43076521158218384
911 0.0
912 0.0
913 0.43076521158218384
914 2.1538262367248535
915 3.876887083053589
916 6.030713081359863
917 2.1538259983062744
918 2.5845913887023926
919 0.43076521158218384
920 0.0
921 1.7230608463287354
922 10.33836555480957
923 1.2922956943511963
924 0.0
925 0.43076521158218384
926 3.8768868446350098
927 0.0
928 0.0
929 0.0
930 0.0
931 0.0
932 2.1538259983062744
933 0.0
934 0.0
935 1.2922956943511963
936 0.0
937 9.476834297180176
938 3.4461216926574707
939 0.8615304231643677
940 0.0
941 6.892243385314941
942 0.0
943 0.43076521158218384
944 0.8615304231643677
945 5.169182300567627
946 1.2922956943511963
947 0.0
948 0.0
949 0.0
950 0.0
951 0.0
952 0.0
953 0.0
954 0.0
955 0.0
956 0.0
957 1.2922956943511963
958 1.7230608463287354
959 5.599947929382324
960 3.876887083053589
961 0.0
962 0.43076521158218384
963 0.0
964 1.2922956943511963
965 0.0
966 3.0153565406799316
967 0.0
968 0.43076521158218384
969 0.0
970 0.43076521158218384
971 0.0
972 22.399789810180664
973 0.0
974 0.0
975 0.0
976 0.0
977 0.8615304231643677
978 3.4461216926574707
979 2.1538259983062744
980 0.8615304231643677
981 0.0
982 0.0
983 0.0
984 0.8615304231643677
985 0.0
986 0.0
987 2.5845913887023926
988 0.0
989 2.5845913887023926
990 4.307651996612549
991 0.43076521158218384
992 0.43076521158218384
993 0.0
994 0.43076521158218384
995 0.0
996 0.8615304231643677
997 1.2922956943511963
998 0.0
999 0.0
1000 2.5845913887023926
1001 0.0
1002 0.0
