# Selection 1:name C1A D2A C3A C4A C1B C2B C3B C4B Selection 2:name AUC AUSL AUL Cutoff:8 Start:0 End:-1
0 1
1 1
2 26
3 32
4 28
5 33
6 31
7 34
8 25
9 28
10 23
11 19
12 34
13 31
14 26
15 29
16 36
17 33
18 36
19 30
20 41
21 31
22 39
23 40
24 40
25 43
26 38
27 40
28 30
29 42
30 39
31 38
32 32
33 28
34 41
35 37
36 44
37 35
38 35
39 34
40 33
41 39
42 43
43 48
44 37
45 42
46 33
47 36
48 42
49 51
50 33
51 41
52 41
53 40
54 42
55 49
56 36
57 40
58 40
59 45
60 36
61 41
62 41
63 40
64 43
65 38
66 41
67 33
68 45
69 41
70 40
71 34
72 39
73 36
74 33
75 45
76 31
77 44
78 40
79 31
80 33
81 46
82 35
83 42
84 33
85 40
86 34
87 33
88 38
89 36
90 35
91 37
92 36
93 42
94 33
95 35
96 42
97 36
98 34
99 38
100 40
101 40
102 46
103 40
104 39
105 34
106 37
107 38
108 35
109 44
110 37
111 37
112 35
113 33
114 37
115 35
116 39
117 41
118 41
119 38
120 38
121 35
122 37
123 34
124 37
125 36
126 44
127 39
128 40
129 36
130 35
131 39
132 42
133 39
134 34
135 39
136 44
137 44
138 38
139 31
140 39
141 47
142 44
143 44
144 43
145 36
146 40
147 34
148 34
149 36
150 38
151 36
152 42
153 38
154 38
155 36
156 38
157 41
158 38
159 41
160 36
161 44
162 27
163 44
164 38
165 34
166 30
167 31
168 34
169 37
170 38
171 38
172 41
173 38
174 34
175 41
176 37
177 36
178 41
179 39
180 29
181 32
182 42
183 44
184 39
185 39
186 35
187 32
188 40
189 33
190 34
191 36
192 39
193 36
194 38
195 42
196 37
197 44
198 39
199 41
200 31
201 44
202 37
203 31
204 44
205 49
206 31
207 42
208 38
209 46
210 38
211 33
212 33
213 29
214 45
215 46
216 39
217 42
218 37
219 48
220 47
221 42
222 54
223 32
224 34
225 39
226 34
227 35
228 36
229 30
230 36
231 44
232 35
233 43
234 39
235 49
236 36
237 54
238 43
239 31
240 37
241 35
242 45
243 41
244 48
245 37
246 30
247 39
248 46
249 39
250 40
251 41
252 39
253 35
254 45
255 36
256 47
257 41
258 41
259 31
260 31
261 42
262 33
263 43
264 37
265 45
266 38
267 42
268 39
269 46
270 29
271 35
272 35
273 42
274 30
275 32
276 47
277 36
278 43
279 39
280 40
281 44
282 39
283 33
284 34
285 44
286 32
287 41
288 42
289 40
290 41
291 32
292 46
293 38
294 41
295 41
296 27
297 36
298 36
299 39
300 31
301 49
302 34
303 37
304 33
305 37
306 38
307 36
308 35
309 37
310 30
311 40
312 40
313 34
314 41
315 38
316 40
317 46
318 36
319 35
320 36
321 38
322 41
323 39
324 35
325 39
326 36
327 32
328 40
329 36
330 40
331 36
332 43
333 45
334 35
335 42
336 34
337 41
338 42
339 38
340 40
341 42
342 46
343 40
344 41
345 36
346 36
347 36
348 35
349 40
350 41
351 44
352 38
353 45
354 42
355 45
356 30
357 40
358 49
359 38
360 31
361 34
362 39
363 42
364 38
365 40
366 35
367 41
368 37
369 39
370 45
371 40
372 36
373 40
374 41
375 44
376 43
377 43
378 35
379 38
380 46
381 52
382 42
383 35
384 41
385 37
386 32
387 37
388 37
389 44
390 37
391 33
392 34
393 34
394 36
395 35
396 44
397 32
398 33
399 38
400 38
401 35
402 47
403 40
404 35
405 44
406 34
407 41
408 40
409 40
410 43
411 46
412 43
413 34
414 46
415 35
416 44
417 42
418 40
419 50
420 41
421 35
422 47
423 36
424 35
425 36
426 41
427 33
428 40
429 37
430 30
431 39
432 35
433 31
434 42
435 41
436 32
437 41
438 34
439 37
440 37
441 37
442 34
443 35
444 30
445 39
446 32
447 38
448 37
449 45
450 43
451 37
452 51
453 42
454 39
455 32
456 42
457 35
458 32
459 42
460 33
461 45
462 40
463 35
464 40
465 41
466 35
467 38
468 39
469 33
470 45
471 51
472 40
473 33
474 39
475 41
476 40
477 38
478 38
479 37
480 36
481 31
482 42
483 38
484 33
485 37
486 41
487 48
488 39
489 33
490 35
491 35
492 30
493 47
494 43
495 39
496 34
497 38
498 36
499 47
500 33
501 37
502 36
503 33
504 36
505 37
506 40
507 39
508 38
509 41
510 34
511 38
512 34
513 45
514 27
515 31
516 46
517 31
518 43
519 39
520 37
521 38
522 35
523 43
524 44
525 46
526 40
527 37
528 36
529 31
530 37
531 44
532 41
533 35
534 40
535 51
536 31
537 44
538 33
539 40
540 34
541 29
542 37
543 31
544 39
545 40
546 37
547 46
548 37
549 28
550 36
551 32
552 30
553 32
554 36
555 37
556 34
557 39
558 43
559 35
560 36
561 42
562 42
563 40
564 37
565 40
566 38
567 32
568 40
569 47
570 44
571 37
572 45
573 43
574 42
575 34
576 41
577 38
578 25
579 25
580 38
581 29
582 34
583 45
584 45
585 53
586 40
587 42
588 35
589 38
590 37
591 39
592 30
593 35
594 36
595 41
596 34
597 26
598 42
599 38
600 41
601 37
602 36
603 40
604 37
605 41
606 38
607 41
608 45
609 34
610 41
611 46
612 35
613 33
614 34
615 38
616 32
617 45
618 43
619 35
620 32
621 39
622 34
623 45
624 50
625 33
626 41
627 33
628 40
629 41
630 37
631 32
632 35
633 35
634 33
635 36
636 45
637 45
638 41
639 36
640 32
641 32
642 36
643 42
644 44
645 39
646 34
647 38
648 46
649 43
650 36
651 36
652 44
653 44
654 40
655 42
656 42
657 34
658 34
659 41
660 34
661 33
662 36
663 40
664 39
665 38
666 42
667 42
668 38
669 33
670 44
671 39
672 41
673 38
674 43
675 37
676 32
677 45
678 38
679 34
680 38
681 46
682 40
683 33
684 32
685 37
686 34
687 42
688 33
689 43
690 33
691 38
692 36
693 44
694 39
695 38
696 42
697 42
698 42
699 35
700 35
701 28
702 37
703 45
704 33
705 43
706 39
707 41
708 41
709 43
710 47
711 40
712 39
713 33
714 37
715 38
716 36
717 48
718 40
719 41
720 35
721 41
722 42
723 37
724 34
725 34
726 39
727 38
728 40
729 49
730 44
731 35
732 44
733 41
734 34
735 33
736 37
737 36
738 37
739 43
740 37
741 27
742 41
743 35
744 38
745 33
746 38
747 40
748 44
749 36
750 40
751 34
752 41
753 29
754 42
755 36
756 43
757 45
758 43
759 39
760 38
761 35
762 44
763 37
764 40
765 37
766 39
767 41
768 37
769 40
770 44
771 31
772 43
773 39
774 37
775 45
776 31
777 37
778 42
779 36
780 35
781 35
782 37
783 42
784 39
785 41
786 33
787 39
788 36
789 33
790 38
791 34
792 38
793 37
794 42
795 44
796 37
797 38
798 45
799 33
800 36
801 29
802 43
803 41
804 44
805 40
806 35
807 43
808 36
809 39
810 42
811 51
812 39
813 39
814 34
815 45
816 41
817 37
818 40
819 40
820 31
821 33
822 35
823 42
824 51
825 41
826 44
827 30
828 40
829 36
830 43
831 40
832 39
833 46
834 41
835 36
836 39
837 34
838 38
839 34
840 40
841 44
842 41
843 45
844 40
845 42
846 38
847 39
848 33
849 30
850 35
851 41
852 46
853 34
854 41
855 41
856 48
857 38
858 42
859 35
860 29
861 32
862 39
863 37
864 34
865 37
866 33
867 37
868 47
869 41
870 40
871 30
872 39
873 37
874 45
875 42
876 41
877 35
878 30
879 42
880 46
881 38
882 40
883 37
884 38
885 37
886 35
887 41
888 35
889 34
890 41
891 50
892 39
893 41
894 45
895 48
896 36
897 30
898 41
899 43
900 38
901 48
902 37
903 33
904 35
905 34
906 46
907 30
908 46
909 46
910 43
911 38
912 41
913 36
914 38
915 37
916 34
917 49
918 30
919 34
920 42
921 40
922 47
923 36
924 51
925 45
926 34
927 40
928 34
929 47
930 46
931 39
932 35
933 37
934 41
935 29
936 36
937 41
938 38
939 36
940 33
941 44
942 42
943 37
944 39
945 42
946 43
947 40
948 39
949 38
950 35
951 35
952 41
953 33
954 37
955 44
956 40
957 42
958 39
959 42
960 37
961 38
962 36
963 41
964 30
965 39
966 40
967 37
968 42
969 33
970 35
971 32
972 38
973 37
974 37
975 37
976 39
977 35
978 35
979 43
980 46
981 34
982 39
983 43
984 44
985 38
986 42
987 35
988 43
989 29
990 38
991 32
992 34
993 36
994 33
995 41
996 37
997 40
998 32
999 31
1000 30
1001 39
1002 39
