# Selection:resname AU POPC Restricted:name AUC AUL AUSL Radius:2.64 Start:0 End:-1
0 147.3217010498047
1 148.61398315429688
2 60.73789596557617
3 8.184539794921875
4 23.692087173461914
5 2.1538259983062744
6 1.7230608463287354
7 18.95366859436035
8 9.907599449157715
9 1.7230608463287354
10 12.922955513000488
11 15.938312530517578
12 51.26106262207031
13 15.507547378540039
14 33.59968948364258
15 2.1538262367248535
16 0.43076521158218384
17 0.8615304231643677
18 0.0
19 0.0
20 0.0
21 0.43076521158218384
22 0.0
23 9.046069145202637
24 2.5845913887023926
25 4.307651996612549
26 0.0
27 0.0
28 0.0
29 1.7230608463287354
30 0.0
31 1.7230608463287354
32 13.353721618652344
33 0.0
34 0.0
35 0.43076521158218384
36 0.43076521158218384
37 0.0
38 5.599947929382324
39 17.661373138427734
40 6.030713081359863
41 6.892243385314941
42 3.8768868446350098
43 21.107494354248047
44 9.907600402832031
45 4.738417625427246
46 9.907599449157715
47 4.738417625427246
48 9.476834297180176
49 1.2922956943511963
50 3.8768868446350098
51 5.599947929382324
52 5.169182300567627
53 9.046069145202637
54 19.815200805664063
55 3.0153565406799316
56 3.8768868446350098
57 2.5845911502838135
58 5.599947452545166
59 8.615303993225098
60 9.046069145202637
61 5.169182300567627
62 8.615303993225098
63 6.030713081359863
64 4.738417148590088
65 3.8768868446350098
66 3.876887083053589
67 8.184538841247559
68 6.892243385314941
69 10.769129753112793
70 2.5845911502838135
71 15.0767822265625
72 15.0767822265625
73 3.8768868446350098
74 19.38443374633789
75 18.953670501708984
76 27.138208389282227
77 21.107494354248047
78 14.646017074584961
79 9.907599449157715
80 27.138208389282227
81 12.061426162719727
82 11.630660057067871
83 24.9843807220459
84 37.47657775878906
85 31.445859909057617
86 24.12285041809082
87 10.33836555480957
88 15.507547378540039
89 16.369077682495117
90 12.06142520904541
91 6.030713081359863
92 8.184538841247559
93 11.199895858764648
94 25.415145874023438
95 21.969024658203125
96 43.938053131103516
97 35.32274627685547
98 15.507547378540039
99 12.49219036102295
100 15.938312530517578
101 18.522903442382813
102 31.44586181640625
103 32.738155364990234
104 16.369077682495117
105 20.24596405029297
106 9.046070098876953
107 12.492191314697266
108 15.0767822265625
109 9.046069145202637
110 11.199894905090332
111 9.476835250854492
112 13.353721618652344
113 1.2922956943511963
114 26.27667808532715
115 5.599947929382324
116 16.369077682495117
117 1.7230608463287354
118 6.892242908477783
119 17.230607986450195
120 11.199895858764648
121 5.169182300567627
122 9.907600402832031
123 25.845911026000977
124 23.261320114135742
125 16.369077682495117
126 9.046069145202637
127 4.738417148590088
128 15.507547378540039
129 20.24596405029297
130 15.507547378540039
131 21.10749626159668
132 3.876887083053589
133 5.169182300567627
134 9.476834297180176
135 2.1538259983062744
136 0.0
137 0.8615304231643677
138 0.0
139 4.307652473449707
140 2.1538259983062744
141 0.43076521158218384
142 0.0
143 0.0
144 0.0
145 0.0
146 4.307652473449707
147 5.169182300567627
148 12.922956466674805
149 18.95366859436035
150 8.184538841247559
151 17.661373138427734
152 6.892243385314941
153 25.84591293334961
154 6.030713081359863
155 14.215251922607422
156 21.969026565551758
157 9.046069145202637
158 3.4461216926574707
159 2.1538259983062744
160 29.722797393798828
161 14.646017074584961
162 28.43050193786621
163 8.184538841247559
164 13.784485816955566
165 18.953670501708984
166 22.830556869506836
167 12.061426162719727
168 10.338364601135254
169 6.892243385314941
170 18.95366859436035
171 3.4461216926574707
172 5.599947929382324
173 15.507547378540039
174 26.707441329956055
175 24.9843807220459
176 11.630660057067871
177 26.707441329956055
178 18.092138290405273
179 20.676729202270508
180 35.75351333618164
181 17.661373138427734
182 45.66111755371094
183 16.369077682495117
184 13.353721618652344
185 22.399789810180664
186 12.06142520904541
187 23.69208526611328
188 13.784486770629883
189 5.169182777404785
190 0.8615304231643677
191 3.4461216926574707
192 0.8615304231643677
193 5.169182777404785
194 1.7230608463287354
195 7.7537736892700195
196 7.323009014129639
197 0.0
198 0.0
199 0.0
200 0.43076521158218384
201 5.169182777404785
202 6.030713081359863
203 9.046069145202637
204 10.338364601135254
205 17.661373138427734
206 27.138206481933594
207 44.799583435058594
208 27.999736785888672
209 18.092138290405273
210 18.522903442382813
211 14.215251922607422
212 0.8615304231643677
213 1.7230608463287354
214 0.0
215 0.0
216 0.0
217 4.307651996612549
218 0.0
219 1.7230608463287354
220 0.8615304231643677
221 3.4461216926574707
222 3.8768868446350098
223 2.5845911502838135
224 6.461478233337402
225 14.646017074584961
226 2.1538259983062744
227 14.646017074584961
228 5.599947929382324
229 19.38443374633789
230 10.76913070678711
231 13.784486770629883
232 6.030713081359863
233 5.599947929382324
234 3.0153565406799316
235 11.199895858764648
236 3.8768868446350098
237 7.7537736892700195
238 3.8768868446350098
239 12.061426162719727
240 4.738417625427246
241 13.784486770629883
242 13.784486770629883
243 3.8768868446350098
244 20.24596405029297
245 4.307651996612549
246 9.046069145202637
247 7.3230085372924805
248 3.0153565406799316
249 12.492191314697266
250 9.046070098876953
251 12.06142520904541
252 10.769129753112793
253 13.353721618652344
254 4.738417148590088
255 9.907600402832031
256 3.876887083053589
257 5.169182300567627
258 9.907599449157715
259 24.12285041809082
260 23.261320114135742
261 43.50728988647461
262 25.84591293334961
263 37.90734100341797
264 56.86100769042969
265 6.461478233337402
266 23.261322021484375
267 26.707441329956055
268 7.7537736892700195
269 9.046069145202637
270 3.4461216926574707
271 3.8768868446350098
272 10.338364601135254
273 28.43050193786621
274 18.522903442382813
275 28.430503845214844
276 21.538259506225586
277 3.0153565406799316
278 4.738417625427246
279 4.307651996612549
280 9.476834297180176
281 7.3230085372924805
282 5.599947929382324
283 14.215251922607422
284 14.646017074584961
285 9.476834297180176
286 23.69208526611328
287 3.4461216926574707
288 14.215251922607422
289 18.95366859436035
290 28.430503845214844
291 22.830554962158203
292 9.907599449157715
293 12.922956466674805
294 15.507547378540039
295 3.4461216926574707
296 30.153564453125
297 32.30739212036133
298 31.876623153686523
299 7.3230085372924805
300 4.738417625427246
301 6.030713081359863
302 14.215251922607422
303 12.922956466674805
304 6.030713081359863
305 16.369077682495117
306 12.492191314697266
307 13.784486770629883
308 4.738417625427246
309 10.76913070678711
310 12.492191314697266
311 6.892243385314941
312 6.461478233337402
313 9.046069145202637
314 24.98438262939453
315 9.907600402832031
316 13.353721618652344
317 9.046069145202637
318 10.33836555480957
319 18.95366859436035
320 21.538259506225586
321 11.199894905090332
322 12.49219036102295
323 15.938312530517578
324 7.3230085372924805
325 9.046069145202637
326 9.907599449157715
327 40.06116485595703
328 11.630661010742188
329 6.461478233337402
330 8.615303993225098
331 7.3230085372924805
332 8.615303993225098
333 9.476834297180176
334 15.938312530517578
335 5.169182777404785
336 13.784486770629883
337 4.307651996612549
338 5.599947929382324
339 1.7230608463287354
340 0.0
341 0.0
342 4.738417625427246
343 8.615303993225098
344 0.0
345 4.307651996612549
346 0.0
347 0.0
348 2.1538259983062744
349 0.0
350 4.307652473449707
351 0.0
352 0.0
353 0.0
354 0.0
355 0.0
356 0.43076521158218384
357 0.0
358 12.061426162719727
359 28.430503845214844
360 18.092140197753906
361 2.5845911502838135
362 18.092138290405273
363 15.507547378540039
364 8.615303993225098
365 16.369077682495117
366 6.892243385314941
367 3.8768868446350098
368 1.2922956943511963
369 0.0
370 0.43076521158218384
371 0.0
372 0.0
373 4.307651996612549
374 1.7230608463287354
375 0.8615304231643677
376 7.7537736892700195
377 9.046070098876953
378 4.738417148590088
379 7.3230085372924805
380 12.922956466674805
381 10.33836555480957
382 0.0
383 0.43076521158218384
384 5.169182300567627
385 0.0
386 0.0
387 0.0
388 3.0153565406799316
389 2.5845913887023926
390 0.0
391 9.476834297180176
392 11.630661010742188
393 17.661373138427734
394 5.599947929382324
395 5.169182777404785
396 12.492191314697266
397 12.492191314697266
398 24.9843807220459
399 14.646017074584961
400 11.199895858764648
401 15.0767822265625
402 15.0767822265625
403 19.815200805664063
404 15.507547378540039
405 22.830556869506836
406 19.38443374633789
407 6.030713081359863
408 6.030713081359863
409 3.4461216926574707
410 6.461477756500244
411 15.938312530517578
412 4.307651996612549
413 3.8768868446350098
414 6.030713081359863
415 12.922956466674805
416 5.599947929382324
417 6.892243385314941
418 6.8922438621521
419 18.522903442382813
420 11.630661010742188
421 3.0153565406799316
422 6.030713081359863
423 1.7230608463287354
424 5.599947452545166
425 4.738417148590088
426 9.907600402832031
427 16.369077682495117
428 7.7537736892700195
429 23.69208526611328
430 8.615303993225098
431 6.461478233337402
432 10.76913070678711
433 14.215251922607422
434 29.292034149169922
435 3.8768868446350098
436 11.630661010742188
437 30.58432960510254
438 6.030712604522705
439 14.646017074584961
440 10.769129753112793
441 5.169182777404785
442 11.630661010742188
443 9.907599449157715
444 14.215251922607422
445 17.661373138427734
446 4.307651996612549
447 12.492191314697266
448 20.24596405029297
449 18.522903442382813
450 23.69208526611328
451 63.75325393676758
452 18.092138290405273
453 19.384435653686523
454 10.338364601135254
455 43.938053131103516
456 31.445858001708984
457 5.169182777404785
458 0.0
459 0.8615304231643677
460 1.2922956943511963
461 11.630661010742188
462 18.092138290405273
463 19.38443374633789
464 20.2459659576416
465 12.922956466674805
466 19.38443374633789
467 8.615303993225098
468 15.0767822265625
469 13.353721618652344
470 0.0
471 0.43076521158218384
472 13.784486770629883
473 0.0
474 0.8615304231643677
475 0.0
476 0.0
477 0.0
478 2.1538259983062744
479 0.0
480 0.8615304231643677
481 0.0
482 0.0
483 7.3230085372924805
484 11.199895858764648
485 8.184538841247559
486 7.753774166107178
487 5.599947929382324
488 7.3230085372924805
489 11.630661010742188
490 24.55361557006836
491 5.169182777404785
492 9.046069145202637
493 3.4461216926574707
494 9.907600402832031
495 11.630661010742188
496 18.95366859436035
497 22.399791717529297
498 15.507547378540039
499 9.476834297180176
500 12.061426162719727
501 17.661373138427734
502 7.7537736892700195
503 12.922956466674805
504 10.33836555480957
505 9.476835250854492
506 4.738417148590088
507 15.507547378540039
508 19.384435653686523
509 6.892243385314941
510 3.8768868446350098
511 15.938312530517578
512 7.3230085372924805
513 18.092138290405273
514 11.199895858764648
515 6.030713081359863
516 6.892243385314941
517 3.0153565406799316
518 12.49219036102295
519 5.169182777404785
520 5.599947452545166
521 7.7537736892700195
522 17.230607986450195
523 12.492191314697266
524 3.8768868446350098
525 9.907600402832031
526 3.4461216926574707
527 19.81519889831543
528 22.399789810180664
529 8.184539794921875
530 15.938312530517578
531 10.76913070678711
532 25.415145874023438
533 6.030713081359863
534 11.630661010742188
535 10.769129753112793
536 8.615303993225098
537 27.138208389282227
538 12.061426162719727
539 8.615303993225098
540 32.30739212036133
541 21.538259506225586
542 8.184538841247559
543 0.0
544 13.353721618652344
545 6.892243385314941
546 18.522903442382813
547 29.722797393798828
548 17.230607986450195
549 34.030452728271484
550 9.476834297180176
551 18.092138290405273
552 27.568973541259766
553 18.522903442382813
554 16.369077682495117
555 19.81519889831543
556 15.0767822265625
557 16.369077682495117
558 6.461477756500244
559 9.046069145202637
560 6.892243385314941
561 4.738417625427246
562 3.8768868446350098
563 7.3230085372924805
564 18.092138290405273
565 15.938312530517578
566 12.922956466674805
567 13.784486770629883
568 14.646017074584961
569 4.307651996612549
570 7.3230085372924805
571 3.44612193107605
572 5.599947929382324
573 4.307651996612549
574 6.461478233337402
575 14.646016120910645
576 2.1538259983062744
577 13.784486770629883
578 14.215251922607422
579 19.38443374633789
580 20.676729202270508
581 14.215251922607422
582 11.199895858764648
583 3.8768868446350098
584 10.338364601135254
585 2.5845913887023926
586 4.738417625427246
587 3.4461216926574707
588 13.784486770629883
589 8.615303993225098
590 5.599947929382324
591 16.369077682495117
592 12.922956466674805
593 17.661373138427734
594 6.461478233337402
595 15.507547378540039
596 26.707443237304688
597 6.892243385314941
598 10.338364601135254
599 6.030713081359863
600 6.461478233337402
601 9.907600402832031
602 15.0767822265625
603 12.922956466674805
604 17.230607986450195
605 8.615304946899414
606 5.599947929382324
607 7.7537736892700195
608 19.38443374633789
609 18.95366859436035
610 14.215251922607422
611 15.0767822265625
612 30.153564453125
613 54.27642059326172
614 14.646017074584961
615 22.830556869506836
616 16.79984474182129
617 23.261320114135742
618 17.230607986450195
619 30.584327697753906
620 46.52264404296875
621 32.30739212036133
622 17.230607986450195
623 14.215251922607422
624 13.353721618652344
625 13.353721618652344
626 11.199895858764648
627 8.615303993225098
628 0.0
629 5.169182777404785
630 8.184538841247559
631 17.661373138427734
632 0.0
633 1.2922956943511963
634 0.0
635 2.1538262367248535
636 2.1538259983062744
637 0.43076521158218384
638 0.0
639 0.0
640 0.0
641 3.4461216926574707
642 0.0
643 0.0
644 1.2922956943511963
645 1.7230608463287354
646 0.0
647 0.0
648 0.0
649 0.0
650 2.1538259983062744
651 4.307652473449707
652 0.0
653 13.784486770629883
654 8.615303993225098
655 0.0
656 0.0
657 5.169182300567627
658 0.0
659 4.738417625427246
660 0.43076521158218384
661 27.999738693237305
662 12.922956466674805
663 0.8615304231643677
664 5.169182300567627
665 6.892243385314941
666 13.353721618652344
667 11.630661010742188
668 6.892243385314941
669 15.507547378540039
670 7.3230085372924805
671 3.0153565406799316
672 12.492191314697266
673 14.215251922607422
674 5.169182777404785
675 8.184539794921875
676 9.907599449157715
677 3.4461216926574707
678 3.4461216926574707
679 8.184538841247559
680 7.3230085372924805
681 9.046070098876953
682 6.892243385314941
683 16.799842834472656
684 12.922956466674805
685 10.76913070678711
686 10.76913070678711
687 8.184538841247559
688 6.461477756500244
689 18.95366859436035
690 12.922956466674805
691 14.646017074584961
692 23.261322021484375
693 24.55361557006836
694 11.630660057067871
695 3.4461216926574707
696 12.922956466674805
697 9.476834297180176
698 14.215251922607422
699 9.476834297180176
700 13.353720664978027
701 28.43050193786621
702 16.799842834472656
703 15.507546424865723
704 15.0767822265625
705 7.3230085372924805
706 15.0767822265625
707 17.230607986450195
708 18.522903442382813
709 12.492191314697266
710 5.169182777404785
711 6.030713081359863
712 8.615303993225098
713 10.769129753112793
714 19.384435653686523
715 19.81519889831543
716 6.030713081359863
717 9.476835250854492
718 16.369077682495117
719 2.5845911502838135
720 4.307651996612549
721 5.599947929382324
722 8.615303993225098
723 6.030713081359863
724 11.199894905090332
725 7.3230085372924805
726 9.907599449157715
727 6.030713081359863
728 5.169182777404785
729 8.184538841247559
730 4.738417148590088
731 8.184538841247559
732 4.738417625427246
733 15.938312530517578
734 6.892243385314941
735 25.845911026000977
736 19.38443374633789
737 18.522903442382813
738 7.7537736892700195
739 12.49219036102295
740 6.461478233337402
741 7.7537736892700195
742 15.507547378540039
743 7.7537736892700195
744 7.7537736892700195
745 9.476835250854492
746 6.892243385314941
747 16.799842834472656
748 5.599947929382324
749 13.784486770629883
750 3.4461216926574707
751 25.84591293334961
752 18.092138290405273
753 7.3230085372924805
754 11.630661010742188
755 9.046069145202637
756 2.5845913887023926
757 6.030713081359863
758 11.630660057067871
759 24.12285041809082
760 18.95366859436035
761 22.399789810180664
762 23.261320114135742
763 13.353721618652344
764 7.7537736892700195
765 15.938312530517578
766 0.0
767 9.476834297180176
768 2.5845913887023926
769 7.323009014129639
770 14.215251922607422
771 0.8615304231643677
772 4.738417625427246
773 0.8615304231643677
774 0.0
775 0.43076521158218384
776 0.0
777 0.0
778 0.0
779 13.353721618652344
780 13.353721618652344
781 10.76913070678711
782 27.568973541259766
783 12.922956466674805
784 13.353721618652344
785 20.67673110961914
786 15.507547378540039
787 12.492191314697266
788 9.907600402832031
789 0.8615304231643677
790 0.0
791 2.1538262367248535
792 1.7230608463287354
793 0.0
794 0.8615304231643677
795 2.5845913887023926
796 19.384435653686523
797 10.769129753112793
798 4.738417148590088
799 13.353721618652344
800 2.1538259983062744
801 4.307652473449707
802 19.384435653686523
803 0.0
804 0.43076521158218384
805 11.630660057067871
806 17.661373138427734
807 7.7537736892700195
808 0.43076521158218384
809 0.0
810 1.7230608463287354
811 0.0
812 0.0
813 0.0
814 8.615303993225098
815 17.661373138427734
816 9.046070098876953
817 27.138206481933594
818 18.95366859436035
819 20.676729202270508
820 4.307651996612549
821 0.8615304231643677
822 0.0
823 0.0
824 0.8615304231643677
825 0.0
826 3.4461216926574707
827 2.1538259983062744
828 0.0
829 0.0
830 0.0
831 0.43076521158218384
832 0.0
833 8.615303993225098
834 0.8615304231643677
835 4.307651996612549
836 9.476835250854492
837 12.922956466674805
838 10.338364601135254
839 9.907600402832031
840 9.476834297180176
841 0.0
842 0.0
843 0.43076521158218384
844 1.2922956943511963
845 4.738417148590088
846 0.0
847 0.0
848 1.2922956943511963
849 3.4461216926574707
850 0.8615304231643677
851 2.5845911502838135
852 0.43076521158218384
853 0.43076521158218384
854 0.0
855 0.0
856 9.046070098876953
857 6.892243385314941
858 10.33836555480957
859 16.799842834472656
860 8.615303993225098
861 32.30738830566406
862 28.430503845214844
863 29.29203224182129
864 12.922956466674805
865 19.815200805664063
866 4.738417625427246
867 12.061426162719727
868 1.2922956943511963
869 5.599947452545166
870 7.7537736892700195
871 5.169182300567627
872 7.3230085372924805
873 15.0767822265625
874 0.0
875 2.5845913887023926
876 3.0153565406799316
877 0.0
878 24.9843807220459
879 11.630660057067871
880 11.199895858764648
881 4.738417148590088
882 10.33836555480957
883 8.184538841247559
884 7.323009014129639
885 7.3230085372924805
886 14.215251922607422
887 6.461478233337402
888 4.738417148590088
889 3.8768868446350098
890 8.615304946899414
891 4.738417625427246
892 13.353721618652344
893 8.184538841247559
894 9.907600402832031
895 12.061426162719727
896 8.184538841247559
897 3.8768868446350098
898 3.0153565406799316
899 7.7537736892700195
900 6.030713081359863
901 3.4461216926574707
902 3.8768868446350098
903 9.046069145202637
904 7.7537736892700195
905 12.922956466674805
906 20.676729202270508
907 12.061426162719727
908 9.907600402832031
909 4.738417625427246
910 9.046069145202637
911 11.630660057067871
912 9.476834297180176
913 6.892243385314941
914 13.784486770629883
915 6.892243385314941
916 12.061426162719727
917 6.030713081359863
918 6.892243385314941
919 12.061426162719727
920 5.599947929382324
921 10.338364601135254
922 6.892243385314941
923 8.615303993225098
924 15.507547378540039
925 15.0767822265625
926 3.8768868446350098
927 14.215251922607422
928 5.599947929382324
929 2.5845911502838135
930 8.184538841247559
931 8.615304946899414
932 10.769129753112793
933 14.215251922607422
934 6.030713081359863
935 14.646017074584961
936 23.261322021484375
937 9.476835250854492
938 6.461478233337402
939 5.599947452545166
940 4.307652473449707
941 11.199894905090332
942 9.046069145202637
943 6.461478233337402
944 6.461478233337402
945 17.661373138427734
946 16.799842834472656
947 7.7537736892700195
948 13.353721618652344
949 11.630660057067871
950 14.646017074584961
951 7.323009014129639
952 26.276676177978516
953 23.69208526611328
954 10.76913070678711
955 19.81519889831543
956 6.030713081359863
957 15.938312530517578
958 19.81519889831543
959 24.55361557006836
960 22.399791717529297
961 12.922956466674805
962 5.599947929382324
963 0.0
964 0.43076521158218384
965 0.0
966 0.0
967 11.630661010742188
968 8.184538841247559
969 0.0
970 0.43076521158218384
971 0.0
972 0.0
973 0.0
974 0.0
975 1.7230608463287354
976 0.43076521158218384
977 12.06142520904541
978 14.646017074584961
979 10.76913070678711
980 15.076783180236816
981 3.4461216926574707
982 3.4461216926574707
983 0.0
984 10.76913070678711
985 0.0
986 0.0
987 0.0
988 0.0
989 0.0
990 0.0
991 0.0
992 4.307651996612549
993 1.2922956943511963
994 0.0
995 0.0
996 0.0
997 1.7230608463287354
998 0.43076521158218384
999 0.0
1000 0.0
1001 0.0
1002 0.0
