0 {1 2 3 4 5 6 7 8 9 10} {}
1 {1 2 3 4 5 6 7 8 9 10} {}
2 {1 2 3 4 5 6 7 8 9 10} {}
3 {1 2 3 4 5 6 7 8 9 10} {}
4 {1 2 3 4 5 6 7 8 9 10} {}
5 {1 2 3 4 5 6 8 9} {{0 0 0 0 0 0 7 0 0 10}}
6 {1 3 4 5 6 8 9} {{0 2 0 0 0 0 7 0 0 10}}
7 {1 3 4 5 6 8 9} {{0 2 0 0 0 0 7 0 0 10}}
8 {1 3 4 5 6 8 9} {{0 2 0 0 0 0 7 0 0 10}}
9 {1 4 5 6 8} {{0 2 0 0 0 0 7 0 0 10} {0 0 3 0 0 0 0 0 9 0}}
10 {1 4 5 6 8} {{0 2 0 0 0 0 7 0 0 10} {0 0 3 0 0 0 0 0 9 0}}
11 {1 4 5 6 8} {{0 2 0 0 0 0 7 0 0 10} {0 0 3 0 0 0 0 0 9 0}}
12 {1 4 5 6 8} {{0 2 0 0 0 0 7 0 0 10} {0 0 3 0 0 0 0 0 9 0}}
13 {1 4 5 6 8} {{0 2 0 0 0 0 7 0 0 10} {0 0 3 0 0 0 0 0 9 0}}
14 {1 4 5 6 8} {{0 2 0 0 0 0 7 0 0 10} {0 0 3 0 0 0 0 0 9 0}}
15 {1 4 5 6 8} {{0 2 0 0 0 0 7 0 0 10} {0 0 3 0 0 0 0 0 9 0}}
16 {1 4 5 6 8} {{0 2 0 0 0 0 7 0 0 10} {0 0 3 0 0 0 0 0 9 0}}
17 {1 4 5 6 8} {{0 2 0 0 0 0 7 0 0 10} {0 0 3 0 0 0 0 0 9 0}}
18 {1 4 5 6 8} {{0 2 0 0 0 0 7 0 0 10} {0 0 3 0 0 0 0 0 9 0}}
19 {1 4 5 6 8} {{0 2 0 0 0 0 7 0 0 10} {0 0 3 0 0 0 0 0 9 0}}
20 {1 4 5 6 8} {{0 2 0 0 0 0 7 0 0 10} {0 0 3 0 0 0 0 0 9 0}}
21 {1 4 5 6 8} {{0 2 0 0 0 0 7 0 0 10} {0 0 3 0 0 0 0 0 9 0}}
22 {1 4 5 6 8} {{0 2 0 0 0 0 7 0 0 10} {0 0 3 0 0 0 0 0 9 0}}
23 {1 4 5 6 8} {{0 2 0 0 0 0 7 0 0 10} {0 0 3 0 0 0 0 0 9 0}}
24 {1 4 5 6 8} {{0 2 0 0 0 0 7 0 0 10} {0 0 3 0 0 0 0 0 9 0}}
25 {1 4 5 6 8} {{0 2 0 0 0 0 7 0 0 10} {0 0 3 0 0 0 0 0 9 0}}
26 {1 4 5 6 8} {{0 2 0 0 0 0 7 0 0 10} {0 0 3 0 0 0 0 0 9 0}}
27 {1 4 5 6 8} {{0 2 0 0 0 0 7 0 0 10} {0 0 3 0 0 0 0 0 9 0}}
28 {1 4 5 6 8} {{0 2 0 0 0 0 7 0 0 10} {0 0 3 0 0 0 0 0 9 0}}
29 {1 4 5 6 8} {{0 2 0 0 0 0 7 0 0 10} {0 0 3 0 0 0 0 0 9 0}}
30 {1 4 5 6 8} {{0 2 0 0 0 0 7 0 0 10} {0 0 3 0 0 0 0 0 9 0}}
31 {1 4 5 6 8} {{0 2 0 0 0 0 7 0 0 10} {0 0 3 0 0 0 0 0 9 0}}
32 {1 4 5 6 8} {{0 2 0 0 0 0 7 0 0 10} {0 0 3 0 0 0 0 0 9 0}}
33 {1 4 5 6 8} {{0 2 0 0 0 0 7 0 0 10} {0 0 3 0 0 0 0 0 9 0}}
34 {1 4 5 6 8} {{0 2 0 0 0 0 7 0 0 10} {0 0 3 0 0 0 0 0 9 0}}
35 {1 4 5 6 8} {{0 2 0 0 0 0 7 0 0 10} {0 0 3 0 0 0 0 0 9 0}}
36 {1 4 5 6 8} {{0 2 0 0 0 0 7 0 0 10} {0 0 3 0 0 0 0 0 9 0}}
37 {1 4 5 6 8} {{0 2 0 0 0 0 7 0 0 10} {0 0 3 0 0 0 0 0 9 0}}
38 {1 4 5 6 8} {{0 2 0 0 0 0 7 0 0 10} {0 0 3 0 0 0 0 0 9 0}}
39 {1 4 5 6 8} {{0 2 0 0 0 0 7 0 0 10} {0 0 3 0 0 0 0 0 9 0}}
40 {1 4 5 6 8} {{0 2 0 0 0 0 7 0 0 10} {0 0 3 0 0 0 0 0 9 0}}
41 {1 4 5 6 8} {{0 2 0 0 0 0 7 0 0 10} {0 0 3 0 0 0 0 0 9 0}}
42 {1 4 5 6 8} {{0 2 0 0 0 0 7 0 0 10} {0 0 3 0 0 0 0 0 9 0}}
43 {1 4 5 6 8} {{0 2 0 0 0 0 7 0 0 10} {0 0 3 0 0 0 0 0 9 0}}
44 {1 4 5 6 8} {{0 2 0 0 0 0 7 0 0 10} {0 0 3 0 0 0 0 0 9 0}}
45 {1 4 5 6 8} {{0 2 0 0 0 0 7 0 0 10} {0 0 3 0 0 0 0 0 9 0}}
46 {1 4 5 6 8} {{0 2 0 0 0 0 7 0 0 10} {0 0 3 0 0 0 0 0 9 0}}
47 {1 4 5 6 8} {{0 2 0 0 0 0 7 0 0 10} {0 0 3 0 0 0 0 0 9 0}}
48 {1 6 8} {{0 2 0 0 0 0 7 0 0 10} {0 0 3 0 0 0 0 0 9 0} {0 0 0 4 5 0 0 0 0 0}}
49 {1 6 8} {{0 2 0 0 0 0 7 0 0 10} {0 0 3 0 0 0 0 0 9 0} {0 0 0 4 5 0 0 0 0 0}}
50 {1 6 8} {{0 2 0 0 0 0 7 0 0 10} {0 0 3 0 0 0 0 0 9 0} {0 0 0 4 5 0 0 0 0 0}}
51 {1 6 8} {{0 2 0 0 0 0 7 0 0 10} {0 0 3 0 0 0 0 0 9 0} {0 0 0 4 5 0 0 0 0 0}}
52 {1 6 8} {{0 2 0 0 0 0 7 0 0 10} {0 0 3 0 0 0 0 0 9 0} {0 0 0 4 5 0 0 0 0 0}}
53 {1 6 8} {{0 2 0 0 0 0 7 0 0 10} {0 0 3 0 0 0 0 0 9 0} {0 0 0 4 5 0 0 0 0 0}}
54 {1 6 8} {{0 2 0 0 0 0 7 0 0 10} {0 0 3 0 0 0 0 0 9 0} {0 0 0 4 5 0 0 0 0 0}}
55 {1 6 8} {{0 2 0 0 0 0 7 0 0 10} {0 0 3 0 0 0 0 0 9 0} {0 0 0 4 5 0 0 0 0 0}}
56 {1 6 8} {{0 2 0 0 0 0 7 0 0 10} {0 0 3 0 0 0 0 0 9 0} {0 0 0 4 5 0 0 0 0 0}}
57 {1 6 8} {{0 2 0 0 0 0 7 0 0 10} {0 0 3 0 0 0 0 0 9 0} {0 0 0 4 5 0 0 0 0 0}}
58 {1 6 8} {{0 2 0 0 0 0 7 0 0 10} {0 0 3 0 0 0 0 0 9 0} {0 0 0 4 5 0 0 0 0 0}}
59 {1 6 8} {{0 2 0 0 0 0 7 0 0 10} {0 0 3 0 0 0 0 0 9 0} {0 0 0 4 5 0 0 0 0 0}}
60 {1 6 8} {{0 2 0 0 0 0 7 0 0 10} {0 0 3 0 0 0 0 0 9 0} {0 0 0 4 5 0 0 0 0 0}}
61 {1 6 8} {{0 2 0 0 0 0 7 0 0 10} {0 0 3 0 0 0 0 0 9 0} {0 0 0 4 5 0 0 0 0 0}}
62 {1 6 8} {{0 2 0 0 0 0 7 0 0 10} {0 0 3 0 0 0 0 0 9 0} {0 0 0 4 5 0 0 0 0 0}}
63 {1 6 8} {{0 2 0 0 0 0 7 0 0 10} {0 0 3 0 0 0 0 0 9 0} {0 0 0 4 5 0 0 0 0 0}}
64 {1 8} {{0 2 0 0 0 6 7 0 0 10} {0 0 3 0 0 0 0 0 9 0} {0 0 0 4 5 0 0 0 0 0}}
65 {1 8} {{0 2 0 0 0 6 7 0 0 10} {0 0 3 0 0 0 0 0 9 0} {0 0 0 4 5 0 0 0 0 0}}
66 {1 8} {{0 2 0 0 0 6 7 0 0 10} {0 0 3 0 0 0 0 0 9 0} {0 0 0 4 5 0 0 0 0 0}}
67 {1 8} {{0 2 0 0 0 6 7 0 0 10} {0 0 3 0 0 0 0 0 9 0} {0 0 0 4 5 0 0 0 0 0}}
68 {1 8} {{0 2 0 0 0 6 7 0 0 10} {0 0 3 0 0 0 0 0 9 0} {0 0 0 4 5 0 0 0 0 0}}
69 {1 8} {{0 2 0 0 0 6 7 0 0 10} {0 0 3 0 0 0 0 0 9 0} {0 0 0 4 5 0 0 0 0 0}}
70 {1 8} {{0 2 0 0 0 6 7 0 0 10} {0 0 3 0 0 0 0 0 9 0} {0 0 0 4 5 0 0 0 0 0}}
71 {1 8} {{0 2 0 0 0 6 7 0 0 10} {0 0 3 0 0 0 0 0 9 0} {0 0 0 4 5 0 0 0 0 0}}
72 {1 8} {{0 2 0 0 0 6 7 0 0 10} {0 0 3 0 0 0 0 0 9 0} {0 0 0 4 5 0 0 0 0 0}}
73 {1 8} {{0 2 0 0 0 6 7 0 0 10} {0 0 3 0 0 0 0 0 9 0} {0 0 0 4 5 0 0 0 0 0}}
74 {1 8} {{0 2 0 0 0 6 7 0 0 10} {0 0 3 0 0 0 0 0 9 0} {0 0 0 4 5 0 0 0 0 0}}
75 {1 8} {{0 2 0 0 0 6 7 0 0 10} {0 0 3 0 0 0 0 0 9 0} {0 0 0 4 5 0 0 0 0 0}}
76 {1 8} {{0 2 0 0 0 6 7 0 0 10} {0 0 3 0 0 0 0 0 9 0} {0 0 0 4 5 0 0 0 0 0}}
77 {1 8} {{0 2 0 0 0 6 7 0 0 10} {0 0 3 0 0 0 0 0 9 0} {0 0 0 4 5 0 0 0 0 0}}
78 {1 8} {{0 2 0 0 0 6 7 0 0 10} {0 0 3 0 0 0 0 0 9 0} {0 0 0 4 5 0 0 0 0 0}}
79 {1 8} {{0 2 0 0 0 6 7 0 0 10} {0 0 3 0 0 0 0 0 9 0} {0 0 0 4 5 0 0 0 0 0}}
80 {1 8} {{0 2 0 0 0 6 7 0 0 10} {0 0 3 0 0 0 0 0 9 0} {0 0 0 4 5 0 0 0 0 0}}
81 {1 8} {{0 2 0 0 0 6 7 0 0 10} {0 0 3 0 0 0 0 0 9 0} {0 0 0 4 5 0 0 0 0 0}}
82 {1 8} {{0 2 0 0 0 6 7 0 0 10} {0 0 3 0 0 0 0 0 9 0} {0 0 0 4 5 0 0 0 0 0}}
83 {1 8} {{0 2 0 0 0 6 7 0 0 10} {0 0 3 0 0 0 0 0 9 0} {0 0 0 4 5 0 0 0 0 0}}
84 {1 8} {{0 2 0 0 0 6 7 0 0 10} {0 0 3 0 0 0 0 0 9 0} {0 0 0 4 5 0 0 0 0 0}}
85 {1 8} {{0 2 0 0 0 6 7 0 0 10} {0 0 3 0 0 0 0 0 9 0} {0 0 0 4 5 0 0 0 0 0}}
86 {1 8} {{0 2 0 0 0 6 7 0 0 10} {0 0 3 0 0 0 0 0 9 0} {0 0 0 4 5 0 0 0 0 0}}
87 {1 8} {{0 2 0 0 0 6 7 0 0 10} {0 0 3 0 0 0 0 0 9 0} {0 0 0 4 5 0 0 0 0 0}}
88 {1 8} {{0 2 0 0 0 6 7 0 0 10} {0 0 3 0 0 0 0 0 9 0} {0 0 0 4 5 0 0 0 0 0}}
89 {1 8} {{0 2 0 0 0 6 7 0 0 10} {0 0 3 0 0 0 0 0 9 0} {0 0 0 4 5 0 0 0 0 0}}
90 {1 8} {{0 2 0 0 0 6 7 0 0 10} {0 0 3 0 0 0 0 0 9 0} {0 0 0 4 5 0 0 0 0 0}}
91 {1 8} {{0 2 0 0 0 6 7 0 0 10} {0 0 3 0 0 0 0 0 9 0} {0 0 0 4 5 0 0 0 0 0}}
92 {1 8} {{0 2 0 0 0 6 7 0 0 10} {0 0 3 0 0 0 0 0 9 0} {0 0 0 4 5 0 0 0 0 0}}
93 {1 8} {{0 2 0 0 0 6 7 0 0 10} {0 0 3 0 0 0 0 0 9 0} {0 0 0 4 5 0 0 0 0 0}}
94 {1 8} {{0 2 0 0 0 6 7 0 0 10} {0 0 3 0 0 0 0 0 9 0} {0 0 0 4 5 0 0 0 0 0}}
95 {1 8} {{0 2 0 0 0 6 7 0 0 10} {0 0 3 0 0 0 0 0 9 0} {0 0 0 4 5 0 0 0 0 0}}
96 {1 8} {{0 2 0 0 0 6 7 0 0 10} {0 0 3 0 0 0 0 0 9 0} {0 0 0 4 5 0 0 0 0 0}}
97 {1 8} {{0 2 0 0 0 6 7 0 0 10} {0 0 3 0 0 0 0 0 9 0} {0 0 0 4 5 0 0 0 0 0}}
98 {1 8} {{0 2 0 0 0 6 7 0 0 10} {0 0 3 0 0 0 0 0 9 0} {0 0 0 4 5 0 0 0 0 0}}
99 {1 8} {{0 2 0 0 0 6 7 0 0 10} {0 0 3 0 0 0 0 0 9 0} {0 0 0 4 5 0 0 0 0 0}}
100 {1 8} {{0 2 0 0 0 6 7 0 0 10} {0 0 3 0 0 0 0 0 9 0} {0 0 0 4 5 0 0 0 0 0}}
101 {1 8} {{0 2 0 0 0 6 7 0 0 10} {0 0 3 0 0 0 0 0 9 0} {0 0 0 4 5 0 0 0 0 0}}
102 {1 8} {{0 2 0 0 0 6 7 0 0 10} {0 0 3 0 0 0 0 0 9 0} {0 0 0 4 5 0 0 0 0 0}}
103 {1 8} {{0 2 0 0 0 6 7 0 0 10} {0 0 3 0 0 0 0 0 9 0} {0 0 0 4 5 0 0 0 0 0}}
104 {1 8} {{0 2 0 0 0 6 7 0 0 10} {0 0 3 0 0 0 0 0 9 0} {0 0 0 4 5 0 0 0 0 0}}
105 {1 8} {{0 2 0 0 0 6 7 0 0 10} {0 0 3 0 0 0 0 0 9 0} {0 0 0 4 5 0 0 0 0 0}}
106 {1 8} {{0 2 0 0 0 6 7 0 0 10} {0 0 3 0 0 0 0 0 9 0} {0 0 0 4 5 0 0 0 0 0}}
107 {1 8} {{0 2 0 0 0 6 7 0 0 10} {0 0 3 0 0 0 0 0 9 0} {0 0 0 4 5 0 0 0 0 0}}
108 {1 8} {{0 2 0 0 0 6 7 0 0 10} {0 0 3 0 0 0 0 0 9 0} {0 0 0 4 5 0 0 0 0 0}}
109 {1 8} {{0 2 0 0 0 6 7 0 0 10} {0 0 3 0 0 0 0 0 9 0} {0 0 0 4 5 0 0 0 0 0}}
110 {1 8} {{0 2 0 0 0 6 7 0 0 10} {0 0 3 0 0 0 0 0 9 0} {0 0 0 4 5 0 0 0 0 0}}
111 {1 8} {{0 2 0 0 0 6 7 0 0 10} {0 0 3 0 0 0 0 0 9 0} {0 0 0 4 5 0 0 0 0 0}}
112 {1 8} {{0 2 0 0 0 6 7 0 0 10} {0 0 3 0 0 0 0 0 9 0} {0 0 0 4 5 0 0 0 0 0}}
113 {1 8} {{0 2 0 0 0 6 7 0 0 10} {0 0 3 0 0 0 0 0 9 0} {0 0 0 4 5 0 0 0 0 0}}
114 {1 8} {{0 2 0 0 0 6 7 0 0 10} {0 0 3 0 0 0 0 0 9 0} {0 0 0 4 5 0 0 0 0 0}}
115 {1 8} {{0 2 0 0 0 6 7 0 0 10} {0 0 3 0 0 0 0 0 9 0} {0 0 0 4 5 0 0 0 0 0}}
116 {1 8} {{0 2 0 0 0 6 7 0 0 10} {0 0 3 0 0 0 0 0 9 0} {0 0 0 4 5 0 0 0 0 0}}
117 {1 8} {{0 2 0 0 0 6 7 0 0 10} {0 0 3 0 0 0 0 0 9 0} {0 0 0 4 5 0 0 0 0 0}}
118 {1 8} {{0 2 0 0 0 6 7 0 0 10} {0 0 3 0 0 0 0 0 9 0} {0 0 0 4 5 0 0 0 0 0}}
119 {1 8} {{0 2 0 0 0 6 7 0 0 10} {0 0 3 0 0 0 0 0 9 0} {0 0 0 4 5 0 0 0 0 0}}
120 {1 8} {{0 2 0 0 0 6 7 0 0 10} {0 0 3 0 0 0 0 0 9 0} {0 0 0 4 5 0 0 0 0 0}}
121 {1 8} {{0 2 0 0 0 6 7 0 0 10} {0 0 3 0 0 0 0 0 9 0} {0 0 0 4 5 0 0 0 0 0}}
122 {1 8} {{0 2 0 0 0 6 7 0 0 10} {0 0 3 0 0 0 0 0 9 0} {0 0 0 4 5 0 0 0 0 0}}
123 {1 8} {{0 2 0 0 0 6 7 0 0 10} {0 0 3 0 0 0 0 0 9 0} {0 0 0 4 5 0 0 0 0 0}}
124 {1 8} {{0 2 0 0 0 6 7 0 0 10} {0 0 3 0 0 0 0 0 9 0} {0 0 0 4 5 0 0 0 0 0}}
125 {1 8} {{0 2 0 0 0 6 7 0 0 10} {0 0 3 0 0 0 0 0 9 0} {0 0 0 4 5 0 0 0 0 0}}
126 {1 8} {{0 2 0 0 0 6 7 0 0 10} {0 0 3 0 0 0 0 0 9 0} {0 0 0 4 5 0 0 0 0 0}}
127 {1 8} {{0 2 0 0 0 6 7 0 0 10} {0 0 3 0 0 0 0 0 9 0} {0 0 0 4 5 0 0 0 0 0}}
128 {1 8} {{0 2 0 0 0 6 7 0 0 10} {0 0 3 0 0 0 0 0 9 0} {0 0 0 4 5 0 0 0 0 0}}
129 {1 8} {{0 2 0 0 0 6 7 0 0 10} {0 0 3 0 0 0 0 0 9 0} {0 0 0 4 5 0 0 0 0 0}}
130 {1 8} {{0 2 0 0 0 6 7 0 0 10} {0 0 3 0 0 0 0 0 9 0} {0 0 0 4 5 0 0 0 0 0}}
131 {1 8} {{0 2 0 0 0 6 7 0 0 10} {0 0 3 0 0 0 0 0 9 0} {0 0 0 4 5 0 0 0 0 0}}
132 {1 8} {{0 2 0 0 0 6 7 0 0 10} {0 0 3 0 0 0 0 0 9 0} {0 0 0 4 5 0 0 0 0 0}}
133 {1 8} {{0 2 0 0 0 6 7 0 0 10} {0 0 3 0 0 0 0 0 9 0} {0 0 0 4 5 0 0 0 0 0}}
134 {1 8} {{0 2 0 0 0 6 7 0 0 10} {0 0 3 0 0 0 0 0 9 0} {0 0 0 4 5 0 0 0 0 0}}
135 {1 8} {{0 2 0 0 0 6 7 0 0 10} {0 0 3 0 0 0 0 0 9 0} {0 0 0 4 5 0 0 0 0 0}}
136 {1 8} {{0 2 0 0 0 6 7 0 0 10} {0 0 3 0 0 0 0 0 9 0} {0 0 0 4 5 0 0 0 0 0}}
137 {1 8} {{0 2 0 0 0 6 7 0 0 10} {0 0 3 0 0 0 0 0 9 0} {0 0 0 4 5 0 0 0 0 0}}
138 {1 8} {{0 2 0 0 0 6 7 0 0 10} {0 0 3 0 0 0 0 0 9 0} {0 0 0 4 5 0 0 0 0 0}}
139 {1 8} {{0 2 0 0 0 6 7 0 0 10} {0 0 3 0 0 0 0 0 9 0} {0 0 0 4 5 0 0 0 0 0}}
140 {1 8} {{0 2 0 0 0 6 7 0 0 10} {0 0 3 0 0 0 0 0 9 0} {0 0 0 4 5 0 0 0 0 0}}
141 {1 8} {{0 2 0 0 0 6 7 0 0 10} {0 0 3 0 0 0 0 0 9 0} {0 0 0 4 5 0 0 0 0 0}}
142 {1 8} {{0 2 0 0 0 6 7 0 0 10} {0 0 3 0 0 0 0 0 9 0} {0 0 0 4 5 0 0 0 0 0}}
143 {1 8} {{0 2 0 0 0 6 7 0 0 10} {0 0 3 0 0 0 0 0 9 0} {0 0 0 4 5 0 0 0 0 0}}
144 {1 8} {{0 2 0 0 0 6 7 0 0 10} {0 0 3 0 0 0 0 0 9 0} {0 0 0 4 5 0 0 0 0 0}}
145 {1 8} {{0 2 0 0 0 6 7 0 0 10} {0 0 3 0 0 0 0 0 9 0} {0 0 0 4 5 0 0 0 0 0}}
146 {1 8} {{0 2 0 0 0 6 7 0 0 10} {0 0 3 0 0 0 0 0 9 0} {0 0 0 4 5 0 0 0 0 0}}
147 {1 8} {{0 2 0 0 0 6 7 0 0 10} {0 0 3 0 0 0 0 0 9 0} {0 0 0 4 5 0 0 0 0 0}}
148 {1 8} {{0 2 0 0 0 6 7 0 0 10} {0 0 3 0 0 0 0 0 9 0} {0 0 0 4 5 0 0 0 0 0}}
149 {1 8} {{0 2 0 0 0 6 7 0 0 10} {0 0 3 0 0 0 0 0 9 0} {0 0 0 4 5 0 0 0 0 0}}
150 {1 8} {{0 2 0 0 0 6 7 0 0 10} {0 0 3 0 0 0 0 0 9 0} {0 0 0 4 5 0 0 0 0 0}}
151 {1 8} {{0 2 0 0 0 6 7 0 0 10} {0 0 3 0 0 0 0 0 9 0} {0 0 0 4 5 0 0 0 0 0}}
152 {1 8} {{0 2 0 0 0 6 7 0 0 10} {0 0 3 0 0 0 0 0 9 0} {0 0 0 4 5 0 0 0 0 0}}
153 {1 8} {{0 2 0 0 0 6 7 0 0 10} {0 0 3 0 0 0 0 0 9 0} {0 0 0 4 5 0 0 0 0 0}}
154 {1 8} {{0 2 0 0 0 6 7 0 0 10} {0 0 3 0 0 0 0 0 9 0} {0 0 0 4 5 0 0 0 0 0}}
155 {1 8} {{0 2 0 0 0 6 7 0 0 10} {0 0 3 0 0 0 0 0 9 0} {0 0 0 4 5 0 0 0 0 0}}
156 {1 8} {{0 2 0 0 0 6 7 0 0 10} {0 0 3 0 0 0 0 0 9 0} {0 0 0 4 5 0 0 0 0 0}}
157 {1 8} {{0 2 0 0 0 6 7 0 0 10} {0 0 3 0 0 0 0 0 9 0} {0 0 0 4 5 0 0 0 0 0}}
158 {1 8} {{0 2 0 0 0 6 7 0 0 10} {0 0 3 0 0 0 0 0 9 0} {0 0 0 4 5 0 0 0 0 0}}
159 {1 8} {{0 2 0 0 0 6 7 0 0 10} {0 0 3 0 0 0 0 0 9 0} {0 0 0 4 5 0 0 0 0 0}}
160 {1 8} {{0 2 0 0 0 6 7 0 0 10} {0 0 3 0 0 0 0 0 9 0} {0 0 0 4 5 0 0 0 0 0}}
161 {1 8} {{0 2 0 0 0 6 7 0 0 10} {0 0 3 0 0 0 0 0 9 0} {0 0 0 4 5 0 0 0 0 0}}
162 {1 8} {{0 2 0 0 0 6 7 0 0 10} {0 0 3 0 0 0 0 0 9 0} {0 0 0 4 5 0 0 0 0 0}}
163 {1 8} {{0 2 0 0 0 6 7 0 0 10} {0 0 3 0 0 0 0 0 9 0} {0 0 0 4 5 0 0 0 0 0}}
164 {1 8} {{0 2 0 0 0 6 7 0 0 10} {0 0 3 0 0 0 0 0 9 0} {0 0 0 4 5 0 0 0 0 0}}
165 {1 8} {{0 2 0 0 0 6 7 0 0 10} {0 0 3 0 0 0 0 0 9 0} {0 0 0 4 5 0 0 0 0 0}}
166 {1 8} {{0 2 0 0 0 6 7 0 0 10} {0 0 3 0 0 0 0 0 9 0} {0 0 0 4 5 0 0 0 0 0}}
167 {1 8} {{0 2 0 0 0 6 7 0 0 10} {0 0 3 0 0 0 0 0 9 0} {0 0 0 4 5 0 0 0 0 0}}
168 {1 8} {{0 2 0 0 0 6 7 0 0 10} {0 0 3 0 0 0 0 0 9 0} {0 0 0 4 5 0 0 0 0 0}}
169 {1 8} {{0 2 0 0 0 6 7 0 0 10} {0 0 3 0 0 0 0 0 9 0} {0 0 0 4 5 0 0 0 0 0}}
170 {1 8} {{0 2 0 0 0 6 7 0 0 10} {0 0 3 0 0 0 0 0 9 0} {0 0 0 4 5 0 0 0 0 0}}
171 {1 8} {{0 2 0 0 0 6 7 0 0 10} {0 0 3 0 0 0 0 0 9 0} {0 0 0 4 5 0 0 0 0 0}}
172 {1 8} {{0 2 0 0 0 6 7 0 0 10} {0 0 3 0 0 0 0 0 9 0} {0 0 0 4 5 0 0 0 0 0}}
173 {1 8} {{0 2 0 0 0 6 7 0 0 10} {0 0 3 0 0 0 0 0 9 0} {0 0 0 4 5 0 0 0 0 0}}
174 {1 8} {{0 2 0 0 0 6 7 0 0 10} {0 0 3 0 0 0 0 0 9 0} {0 0 0 4 5 0 0 0 0 0}}
175 8 {{1 2 0 0 0 6 7 0 0 10} {0 0 3 0 0 0 0 0 9 0} {0 0 0 4 5 0 0 0 0 0}}
176 8 {{1 2 0 0 0 6 7 0 0 10} {0 0 3 0 0 0 0 0 9 0} {0 0 0 4 5 0 0 0 0 0}}
177 8 {{1 2 0 0 0 6 7 0 0 10} {0 0 3 0 0 0 0 0 9 0} {0 0 0 4 5 0 0 0 0 0}}
178 8 {{1 2 0 0 0 6 7 0 0 10} {0 0 3 0 0 0 0 0 9 0} {0 0 0 4 5 0 0 0 0 0}}
179 8 {{1 2 0 0 0 6 7 0 0 10} {0 0 3 0 0 0 0 0 9 0} {0 0 0 4 5 0 0 0 0 0}}
180 8 {{1 2 0 0 0 6 7 0 0 10} {0 0 3 0 0 0 0 0 9 0} {0 0 0 4 5 0 0 0 0 0}}
181 8 {{1 2 0 0 0 6 7 0 0 10} {0 0 3 0 0 0 0 0 9 0} {0 0 0 4 5 0 0 0 0 0}}
182 8 {{1 2 0 0 0 6 7 0 0 10} {0 0 3 0 0 0 0 0 9 0} {0 0 0 4 5 0 0 0 0 0}}
183 8 {{1 2 0 0 0 6 7 0 0 10} {0 0 3 0 0 0 0 0 9 0} {0 0 0 4 5 0 0 0 0 0}}
184 8 {{1 2 0 0 0 6 7 0 0 10} {0 0 3 0 0 0 0 0 9 0} {0 0 0 4 5 0 0 0 0 0}}
185 8 {{1 2 0 0 0 6 7 0 0 10} {0 0 3 0 0 0 0 0 9 0} {0 0 0 4 5 0 0 0 0 0}}
186 8 {{1 2 0 0 0 6 7 0 0 10} {0 0 3 0 0 0 0 0 9 0} {0 0 0 4 5 0 0 0 0 0}}
187 8 {{1 2 0 0 0 6 7 0 0 10} {0 0 3 0 0 0 0 0 9 0} {0 0 0 4 5 0 0 0 0 0}}
188 8 {{1 2 0 0 0 6 7 0 0 10} {0 0 3 0 0 0 0 0 9 0} {0 0 0 4 5 0 0 0 0 0}}
189 8 {{1 2 0 0 0 6 7 0 0 10} {0 0 3 0 0 0 0 0 9 0} {0 0 0 4 5 0 0 0 0 0}}
190 8 {{1 2 0 0 0 6 7 0 0 10} {0 0 3 0 0 0 0 0 9 0} {0 0 0 4 5 0 0 0 0 0}}
191 8 {{1 2 0 0 0 6 7 0 0 10} {0 0 3 0 0 0 0 0 9 0} {0 0 0 4 5 0 0 0 0 0}}
192 8 {{1 2 0 0 0 6 7 0 0 10} {0 0 3 0 0 0 0 0 9 0} {0 0 0 4 5 0 0 0 0 0}}
193 8 {{1 2 0 0 0 6 7 0 0 10} {0 0 3 0 0 0 0 0 9 0} {0 0 0 4 5 0 0 0 0 0}}
194 8 {{1 2 0 0 0 6 7 0 0 10} {0 0 3 0 0 0 0 0 9 0} {0 0 0 4 5 0 0 0 0 0}}
195 8 {{1 2 0 0 0 6 7 0 0 10} {0 0 3 0 0 0 0 0 9 0} {0 0 0 4 5 0 0 0 0 0}}
196 8 {{1 2 0 0 0 6 7 0 0 10} {0 0 3 0 0 0 0 0 9 0} {0 0 0 4 5 0 0 0 0 0}}
197 8 {{1 2 0 0 0 6 7 0 0 10} {0 0 3 0 0 0 0 0 9 0} {0 0 0 4 5 0 0 0 0 0}}
198 8 {{1 2 0 0 0 6 7 0 0 10} {0 0 3 0 0 0 0 0 9 0} {0 0 0 4 5 0 0 0 0 0}}
199 8 {{1 2 0 0 0 6 7 0 0 10} {0 0 3 0 0 0 0 0 9 0} {0 0 0 4 5 0 0 0 0 0}}
200 8 {{1 2 0 0 0 6 7 0 0 10} {0 0 3 0 0 0 0 0 9 0} {0 0 0 4 5 0 0 0 0 0}}
201 8 {{1 2 0 0 0 6 7 0 0 10} {0 0 3 0 0 0 0 0 9 0} {0 0 0 4 5 0 0 0 0 0}}
202 8 {{1 2 0 0 0 6 7 0 0 10} {0 0 3 0 0 0 0 0 9 0} {0 0 0 4 5 0 0 0 0 0}}
203 8 {{1 2 0 0 0 6 7 0 0 10} {0 0 3 0 0 0 0 0 9 0} {0 0 0 4 5 0 0 0 0 0}}
204 8 {{1 2 0 0 0 6 7 0 0 10} {0 0 3 0 0 0 0 0 9 0} {0 0 0 4 5 0 0 0 0 0}}
205 8 {{1 2 0 0 0 6 7 0 0 10} {0 0 3 0 0 0 0 0 9 0} {0 0 0 4 5 0 0 0 0 0}}
206 8 {{1 2 0 0 0 6 7 0 0 10} {0 0 3 0 0 0 0 0 9 0} {0 0 0 4 5 0 0 0 0 0}}
207 8 {{1 2 0 0 0 6 7 0 0 10} {0 0 3 0 0 0 0 0 9 0} {0 0 0 4 5 0 0 0 0 0}}
208 8 {{1 2 0 0 0 6 7 0 0 10} {0 0 3 0 0 0 0 0 9 0} {0 0 0 4 5 0 0 0 0 0}}
209 8 {{1 2 0 0 0 6 7 0 0 10} {0 0 3 0 0 0 0 0 9 0} {0 0 0 4 5 0 0 0 0 0}}
210 8 {{1 2 0 0 0 6 7 0 0 10} {0 0 3 0 0 0 0 0 9 0} {0 0 0 4 5 0 0 0 0 0}}
211 8 {{1 2 0 0 0 6 7 0 0 10} {0 0 3 0 0 0 0 0 9 0} {0 0 0 4 5 0 0 0 0 0}}
212 8 {{1 2 0 0 0 6 7 0 0 10} {0 0 3 0 0 0 0 0 9 0} {0 0 0 4 5 0 0 0 0 0}}
213 8 {{1 2 0 0 0 6 7 0 0 10} {0 0 3 0 0 0 0 0 9 0} {0 0 0 4 5 0 0 0 0 0}}
214 8 {{1 2 0 0 0 6 7 0 0 10} {0 0 3 0 0 0 0 0 9 0} {0 0 0 4 5 0 0 0 0 0}}
215 8 {{1 2 3 0 0 6 7 0 9 10} {0 0 0 4 5 0 0 0 0 0}}
216 8 {{1 2 3 0 0 6 7 0 9 10} {0 0 0 4 5 0 0 0 0 0}}
217 8 {{1 2 3 0 0 6 7 0 9 10} {0 0 0 4 5 0 0 0 0 0}}
218 8 {{1 2 3 0 0 6 7 0 9 10} {0 0 0 4 5 0 0 0 0 0}}
219 8 {{1 2 3 0 0 6 7 0 9 10} {0 0 0 4 5 0 0 0 0 0}}
220 8 {{1 2 3 0 0 6 7 0 9 10} {0 0 0 4 5 0 0 0 0 0}}
221 8 {{1 2 3 0 0 6 7 0 9 10} {0 0 0 4 5 0 0 0 0 0}}
222 8 {{1 2 3 0 0 6 7 0 9 10} {0 0 0 4 5 0 0 0 0 0}}
223 8 {{1 2 3 0 0 6 7 0 9 10} {0 0 0 4 5 0 0 0 0 0}}
224 8 {{1 2 3 0 0 6 7 0 9 10} {0 0 0 4 5 0 0 0 0 0}}
225 8 {{1 2 3 0 0 6 7 0 9 10} {0 0 0 4 5 0 0 0 0 0}}
226 8 {{1 2 3 0 0 6 7 0 9 10} {0 0 0 4 5 0 0 0 0 0}}
227 8 {{1 2 3 0 0 6 7 0 9 10} {0 0 0 4 5 0 0 0 0 0}}
228 8 {{1 2 3 0 0 6 7 0 9 10} {0 0 0 4 5 0 0 0 0 0}}
229 8 {{1 2 3 0 0 6 7 0 9 10} {0 0 0 4 5 0 0 0 0 0}}
230 8 {{1 2 3 0 0 6 7 0 9 10} {0 0 0 4 5 0 0 0 0 0}}
231 8 {{1 2 3 0 0 6 7 0 9 10} {0 0 0 4 5 0 0 0 0 0}}
232 8 {{1 2 3 0 0 6 7 0 9 10} {0 0 0 4 5 0 0 0 0 0}}
233 8 {{1 2 3 0 0 6 7 0 9 10} {0 0 0 4 5 0 0 0 0 0}}
234 8 {{1 2 3 0 0 6 7 0 9 10} {0 0 0 4 5 0 0 0 0 0}}
235 8 {{1 2 3 0 0 6 7 0 9 10} {0 0 0 4 5 0 0 0 0 0}}
236 8 {{1 2 3 0 0 6 7 0 9 10} {0 0 0 4 5 0 0 0 0 0}}
237 8 {{1 2 3 0 0 6 7 0 9 10} {0 0 0 4 5 0 0 0 0 0}}
238 8 {{1 2 3 0 0 6 7 0 9 10} {0 0 0 4 5 0 0 0 0 0}}
239 8 {{1 2 3 0 0 6 7 0 9 10} {0 0 0 4 5 0 0 0 0 0}}
240 8 {{1 2 3 0 0 6 7 0 9 10} {0 0 0 4 5 0 0 0 0 0}}
241 8 {{1 2 3 0 0 6 7 0 9 10} {0 0 0 4 5 0 0 0 0 0}}
242 8 {{1 2 3 0 0 6 7 0 9 10} {0 0 0 4 5 0 0 0 0 0}}
243 8 {{1 2 3 0 0 6 7 0 9 10} {0 0 0 4 5 0 0 0 0 0}}
244 8 {{1 2 3 0 0 6 7 0 9 10} {0 0 0 4 5 0 0 0 0 0}}
245 8 {{1 2 3 0 0 6 7 0 9 10} {0 0 0 4 5 0 0 0 0 0}}
246 8 {{1 2 3 0 0 6 7 0 9 10} {0 0 0 4 5 0 0 0 0 0}}
247 8 {{1 2 3 0 0 6 7 0 9 10} {0 0 0 4 5 0 0 0 0 0}}
248 8 {{1 2 3 0 0 6 7 0 9 10} {0 0 0 4 5 0 0 0 0 0}}
249 8 {{1 2 3 0 0 6 7 0 9 10} {0 0 0 4 5 0 0 0 0 0}}
250 8 {{1 2 3 0 0 6 7 0 9 10} {0 0 0 4 5 0 0 0 0 0}}
251 8 {{1 2 3 0 0 6 7 0 9 10} {0 0 0 4 5 0 0 0 0 0}}
252 8 {{1 2 3 0 0 6 7 0 9 10} {0 0 0 4 5 0 0 0 0 0}}
253 8 {{1 2 3 0 0 6 7 0 9 10} {0 0 0 4 5 0 0 0 0 0}}
254 8 {{1 2 3 0 0 6 7 0 9 10} {0 0 0 4 5 0 0 0 0 0}}
255 8 {{1 2 3 0 0 6 7 0 9 10} {0 0 0 4 5 0 0 0 0 0}}
256 8 {{1 2 3 0 0 6 7 0 9 10} {0 0 0 4 5 0 0 0 0 0}}
257 8 {{1 2 3 0 0 6 7 0 9 10} {0 0 0 4 5 0 0 0 0 0}}
258 8 {{1 2 3 0 0 6 7 0 9 10} {0 0 0 4 5 0 0 0 0 0}}
259 8 {{1 2 3 0 0 6 7 0 9 10} {0 0 0 4 5 0 0 0 0 0}}
260 8 {{1 2 3 0 0 6 7 0 9 10} {0 0 0 4 5 0 0 0 0 0}}
261 8 {{1 2 3 0 0 6 7 0 9 10} {0 0 0 4 5 0 0 0 0 0}}
262 8 {{1 2 3 0 0 6 7 0 9 10} {0 0 0 4 5 0 0 0 0 0}}
263 8 {{1 2 3 0 0 6 7 0 9 10} {0 0 0 4 5 0 0 0 0 0}}
264 8 {{1 2 3 0 0 6 7 0 9 10} {0 0 0 4 5 0 0 0 0 0}}
265 8 {{1 2 3 0 0 6 7 0 9 10} {0 0 0 4 5 0 0 0 0 0}}
266 8 {{1 2 3 0 0 6 7 0 9 10} {0 0 0 4 5 0 0 0 0 0}}
267 8 {{1 2 3 0 0 6 7 0 9 10} {0 0 0 4 5 0 0 0 0 0}}
268 8 {{1 2 3 0 0 6 7 0 9 10} {0 0 0 4 5 0 0 0 0 0}}
269 8 {{1 2 3 0 0 6 7 0 9 10} {0 0 0 4 5 0 0 0 0 0}}
270 8 {{1 2 3 0 0 6 7 0 9 10} {0 0 0 4 5 0 0 0 0 0}}
271 8 {{1 2 3 0 0 6 7 0 9 10} {0 0 0 4 5 0 0 0 0 0}}
272 8 {{1 2 3 0 0 6 7 0 9 10} {0 0 0 4 5 0 0 0 0 0}}
273 8 {{1 2 3 0 0 6 7 0 9 10} {0 0 0 4 5 0 0 0 0 0}}
274 8 {{1 2 3 0 0 6 7 0 9 10} {0 0 0 4 5 0 0 0 0 0}}
275 8 {{1 2 3 0 0 6 7 0 9 10} {0 0 0 4 5 0 0 0 0 0}}
276 8 {{1 2 3 0 0 6 7 0 9 10} {0 0 0 4 5 0 0 0 0 0}}
277 8 {{1 2 3 0 0 6 7 0 9 10} {0 0 0 4 5 0 0 0 0 0}}
278 8 {{1 2 3 0 0 6 7 0 9 10} {0 0 0 4 5 0 0 0 0 0}}
279 8 {{1 2 3 0 0 6 7 0 9 10} {0 0 0 4 5 0 0 0 0 0}}
280 8 {{1 2 3 0 0 6 7 0 9 10} {0 0 0 4 5 0 0 0 0 0}}
281 8 {{1 2 3 0 0 6 7 0 9 10} {0 0 0 4 5 0 0 0 0 0}}
282 {} {{1 2 3 0 0 6 7 0 9 10} {0 0 0 4 5 0 0 8 0 0}}
283 {} {{1 2 3 0 0 6 7 0 9 10} {0 0 0 4 5 0 0 8 0 0}}
284 {} {{1 2 3 0 0 6 7 0 9 10} {0 0 0 4 5 0 0 8 0 0}}
285 {} {{1 2 3 0 0 6 7 0 9 10} {0 0 0 4 5 0 0 8 0 0}}
286 {} {{1 2 3 0 0 6 7 0 9 10} {0 0 0 4 5 0 0 8 0 0}}
287 {} {{1 2 3 0 0 6 7 0 9 10} {0 0 0 4 5 0 0 8 0 0}}
288 {} {{1 2 3 0 0 6 7 0 9 10} {0 0 0 4 5 0 0 8 0 0}}
289 {} {{1 2 3 0 0 6 7 0 9 10} {0 0 0 4 5 0 0 8 0 0}}
290 {} {{1 2 3 0 0 6 7 0 9 10} {0 0 0 4 5 0 0 8 0 0}}
291 {} {{1 2 3 0 0 6 7 0 9 10} {0 0 0 4 5 0 0 8 0 0}}
292 {} {{1 2 3 0 0 6 7 0 9 10} {0 0 0 4 5 0 0 8 0 0}}
293 {} {{1 2 3 0 0 6 7 0 9 10} {0 0 0 4 5 0 0 8 0 0}}
294 {} {{1 2 3 0 0 6 7 0 9 10} {0 0 0 4 5 0 0 8 0 0}}
295 {} {{1 2 3 0 0 6 7 0 9 10} {0 0 0 4 5 0 0 8 0 0}}
296 {} {{1 2 3 0 0 6 7 0 9 10} {0 0 0 4 5 0 0 8 0 0}}
297 {} {{1 2 3 0 0 6 7 0 9 10} {0 0 0 4 5 0 0 8 0 0}}
298 {} {{1 2 3 0 0 6 7 0 9 10} {0 0 0 4 5 0 0 8 0 0}}
299 {} {{1 2 3 0 0 6 7 0 9 10} {0 0 0 4 5 0 0 8 0 0}}
300 {} {{1 2 3 0 0 6 7 0 9 10} {0 0 0 4 5 0 0 8 0 0}}
301 {} {{1 2 3 0 0 6 7 0 9 10} {0 0 0 4 5 0 0 8 0 0}}
302 {} {{1 2 3 0 0 6 7 0 9 10} {0 0 0 4 5 0 0 8 0 0}}
303 {} {{1 2 3 0 0 6 7 0 9 10} {0 0 0 4 5 0 0 8 0 0}}
304 {} {{1 2 3 0 0 6 7 0 9 10} {0 0 0 4 5 0 0 8 0 0}}
305 {} {{1 2 3 0 0 6 7 0 9 10} {0 0 0 4 5 0 0 8 0 0}}
306 {} {{1 2 3 0 0 6 7 0 9 10} {0 0 0 4 5 0 0 8 0 0}}
307 {} {{1 2 3 0 0 6 7 0 9 10} {0 0 0 4 5 0 0 8 0 0}}
308 {} {{1 2 3 0 0 6 7 0 9 10} {0 0 0 4 5 0 0 8 0 0}}
309 {} {{1 2 3 0 0 6 7 0 9 10} {0 0 0 4 5 0 0 8 0 0}}
310 {} {{1 2 3 0 0 6 7 0 9 10} {0 0 0 4 5 0 0 8 0 0}}
311 {} {{1 2 3 0 0 6 7 0 9 10} {0 0 0 4 5 0 0 8 0 0}}
312 {} {{1 2 3 0 0 6 7 0 9 10} {0 0 0 4 5 0 0 8 0 0}}
313 {} {{1 2 3 0 0 6 7 0 9 10} {0 0 0 4 5 0 0 8 0 0}}
314 {} {{1 2 3 0 0 6 7 0 9 10} {0 0 0 4 5 0 0 8 0 0}}
315 {} {{1 2 3 0 0 6 7 0 9 10} {0 0 0 4 5 0 0 8 0 0}}
316 {} {{1 2 3 0 0 6 7 0 9 10} {0 0 0 4 5 0 0 8 0 0}}
317 {} {{1 2 3 0 0 6 7 0 9 10} {0 0 0 4 5 0 0 8 0 0}}
318 {} {{1 2 3 0 0 6 7 0 9 10} {0 0 0 4 5 0 0 8 0 0}}
319 {} {{1 2 3 0 0 6 7 0 9 10} {0 0 0 4 5 0 0 8 0 0}}
320 {} {{1 2 3 0 0 6 7 0 9 10} {0 0 0 4 5 0 0 8 0 0}}
321 {} {{1 2 3 0 0 6 7 0 9 10} {0 0 0 4 5 0 0 8 0 0}}
322 {} {{1 2 3 0 0 6 7 0 9 10} {0 0 0 4 5 0 0 8 0 0}}
323 {} {{1 2 3 0 0 6 7 0 9 10} {0 0 0 4 5 0 0 8 0 0}}
324 {} {{1 2 3 0 0 6 7 0 9 10} {0 0 0 4 5 0 0 8 0 0}}
325 {} {{1 2 3 0 0 6 7 0 9 10} {0 0 0 4 5 0 0 8 0 0}}
326 {} {{1 2 3 0 0 6 7 0 9 10} {0 0 0 4 5 0 0 8 0 0}}
327 {} {{1 2 3 0 0 6 7 0 9 10} {0 0 0 4 5 0 0 8 0 0}}
328 {} {{1 2 3 0 0 6 7 0 9 10} {0 0 0 4 5 0 0 8 0 0}}
329 {} {{1 2 3 0 0 6 7 0 9 10} {0 0 0 4 5 0 0 8 0 0}}
330 {} {{1 2 3 0 0 6 7 0 9 10} {0 0 0 4 5 0 0 8 0 0}}
331 {} {{1 2 3 0 0 6 7 0 9 10} {0 0 0 4 5 0 0 8 0 0}}
332 {} {{1 2 3 0 0 6 7 0 9 10} {0 0 0 4 5 0 0 8 0 0}}
333 {} {{1 2 3 0 0 6 7 0 9 10} {0 0 0 4 5 0 0 8 0 0}}
334 {} {{1 2 3 0 0 6 7 0 9 10} {0 0 0 4 5 0 0 8 0 0}}
335 {} {{1 2 3 0 0 6 7 0 9 10} {0 0 0 4 5 0 0 8 0 0}}
336 {} {{1 2 3 0 0 6 7 0 9 10} {0 0 0 4 5 0 0 8 0 0}}
337 {} {{1 2 3 0 0 6 7 0 9 10} {0 0 0 4 5 0 0 8 0 0}}
338 {} {{1 2 3 0 0 6 7 0 9 10} {0 0 0 4 5 0 0 8 0 0}}
339 {} {{1 2 3 0 0 6 7 0 9 10} {0 0 0 4 5 0 0 8 0 0}}
340 {} {{1 2 3 0 0 6 7 0 9 10} {0 0 0 4 5 0 0 8 0 0}}
341 {} {{1 2 3 0 0 6 7 0 9 10} {0 0 0 4 5 0 0 8 0 0}}
342 {} {{1 2 3 0 0 6 7 0 9 10} {0 0 0 4 5 0 0 8 0 0}}
343 {} {{1 2 3 0 0 6 7 0 9 10} {0 0 0 4 5 0 0 8 0 0}}
344 {} {{1 2 3 0 0 6 7 0 9 10} {0 0 0 4 5 0 0 8 0 0}}
345 {} {{1 2 3 0 0 6 7 0 9 10} {0 0 0 4 5 0 0 8 0 0}}
346 {} {{1 2 3 0 0 6 7 0 9 10} {0 0 0 4 5 0 0 8 0 0}}
347 {} {{1 2 3 0 0 6 7 0 9 10} {0 0 0 4 5 0 0 8 0 0}}
348 {} {{1 2 3 0 0 6 7 0 9 10} {0 0 0 4 5 0 0 8 0 0}}
349 {} {{1 2 3 0 0 6 7 0 9 10} {0 0 0 4 5 0 0 8 0 0}}
350 {} {{1 2 3 0 0 6 7 0 9 10} {0 0 0 4 5 0 0 8 0 0}}
351 {} {{1 2 3 0 0 6 7 0 9 10} {0 0 0 4 5 0 0 8 0 0}}
352 {} {{1 2 3 0 0 6 7 0 9 10} {0 0 0 4 5 0 0 8 0 0}}
353 {} {{1 2 3 0 0 6 7 0 9 10} {0 0 0 4 5 0 0 8 0 0}}
354 {} {{1 2 3 0 0 6 7 0 9 10} {0 0 0 4 5 0 0 8 0 0}}
355 {} {{1 2 3 0 0 6 7 0 9 10} {0 0 0 4 5 0 0 8 0 0}}
356 {} {{1 2 3 0 0 6 7 0 9 10} {0 0 0 4 5 0 0 8 0 0}}
357 {} {{1 2 3 0 0 6 7 0 9 10} {0 0 0 4 5 0 0 8 0 0}}
358 {} {{1 2 3 0 0 6 7 0 9 10} {0 0 0 4 5 0 0 8 0 0}}
359 {} {{1 2 3 0 0 6 7 0 9 10} {0 0 0 4 5 0 0 8 0 0}}
360 {} {{1 2 3 0 0 6 7 0 9 10} {0 0 0 4 5 0 0 8 0 0}}
361 {} {{1 2 3 0 0 6 7 0 9 10} {0 0 0 4 5 0 0 8 0 0}}
362 {} {{1 2 3 0 0 6 7 0 9 10} {0 0 0 4 5 0 0 8 0 0}}
363 {} {{1 2 3 0 0 6 7 0 9 10} {0 0 0 4 5 0 0 8 0 0}}
364 {} {{1 2 3 0 0 6 7 0 9 10} {0 0 0 4 5 0 0 8 0 0}}
365 {} {{1 2 3 0 0 6 7 0 9 10} {0 0 0 4 5 0 0 8 0 0}}
366 {} {{1 2 3 0 0 6 7 0 9 10} {0 0 0 4 5 0 0 8 0 0}}
367 {} {{1 2 3 0 0 6 7 0 9 10} {0 0 0 4 5 0 0 8 0 0}}
368 {} {{1 2 3 0 0 6 7 0 9 10} {0 0 0 4 5 0 0 8 0 0}}
369 {} {{1 2 3 0 0 6 7 0 9 10} {0 0 0 4 5 0 0 8 0 0}}
370 {} {{1 2 3 0 0 6 7 0 9 10} {0 0 0 4 5 0 0 8 0 0}}
371 {} {{1 2 3 0 0 6 7 0 9 10} {0 0 0 4 5 0 0 8 0 0}}
372 {} {{1 2 3 0 0 6 7 0 9 10} {0 0 0 4 5 0 0 8 0 0}}
373 {} {{1 2 3 0 0 6 7 0 9 10} {0 0 0 4 5 0 0 8 0 0}}
374 {} {{1 2 3 0 0 6 7 0 9 10} {0 0 0 4 5 0 0 8 0 0}}
375 {} {{1 2 3 0 0 6 7 0 9 10} {0 0 0 4 5 0 0 8 0 0}}
376 {} {{1 2 3 0 0 6 7 0 9 10} {0 0 0 4 5 0 0 8 0 0}}
377 {} {{1 2 3 0 0 6 7 0 9 10} {0 0 0 4 5 0 0 8 0 0}}
378 {} {{1 2 3 0 0 6 7 0 9 10} {0 0 0 4 5 0 0 8 0 0}}
379 {} {{1 2 3 0 0 6 7 0 9 10} {0 0 0 4 5 0 0 8 0 0}}
380 {} {{1 2 3 0 0 6 7 0 9 10} {0 0 0 4 5 0 0 8 0 0}}
381 {} {{1 2 3 0 0 6 7 0 9 10} {0 0 0 4 5 0 0 8 0 0}}
382 {} {{1 2 3 0 0 6 7 0 9 10} {0 0 0 4 5 0 0 8 0 0}}
383 {} {{1 2 3 0 0 6 7 0 9 10} {0 0 0 4 5 0 0 8 0 0}}
384 {} {{1 2 3 0 0 6 7 0 9 10} {0 0 0 4 5 0 0 8 0 0}}
385 {} {{1 2 3 0 0 6 7 0 9 10} {0 0 0 4 5 0 0 8 0 0}}
386 {} {{1 2 3 0 0 6 7 0 9 10} {0 0 0 4 5 0 0 8 0 0}}
387 {} {{1 2 3 0 0 6 7 0 9 10} {0 0 0 4 5 0 0 8 0 0}}
388 {} {{1 2 3 0 0 6 7 0 9 10} {0 0 0 4 5 0 0 8 0 0}}
389 {} {{1 2 3 0 0 6 7 0 9 10} {0 0 0 4 5 0 0 8 0 0}}
390 {} {{1 2 3 0 0 6 7 0 9 10} {0 0 0 4 5 0 0 8 0 0}}
391 {} {{1 2 3 0 0 6 7 0 9 10} {0 0 0 4 5 0 0 8 0 0}}
392 {} {{1 2 3 0 0 6 7 0 9 10} {0 0 0 4 5 0 0 8 0 0}}
393 {} {{1 2 3 0 0 6 7 0 9 10} {0 0 0 4 5 0 0 8 0 0}}
394 {} {{1 2 3 0 0 6 7 0 9 10} {0 0 0 4 5 0 0 8 0 0}}
395 {} {{1 2 3 0 0 6 7 0 9 10} {0 0 0 4 5 0 0 8 0 0}}
396 {} {{1 2 3 0 0 6 7 0 9 10} {0 0 0 4 5 0 0 8 0 0}}
397 {} {{1 2 3 0 0 6 7 0 9 10} {0 0 0 4 5 0 0 8 0 0}}
398 {} {{1 2 3 0 0 6 7 0 9 10} {0 0 0 4 5 0 0 8 0 0}}
399 {} {{1 2 3 0 0 6 7 0 9 10} {0 0 0 4 5 0 0 8 0 0}}
400 {} {{1 2 3 0 0 6 7 0 9 10} {0 0 0 4 5 0 0 8 0 0}}
401 {} {{1 2 3 0 0 6 7 0 9 10} {0 0 0 4 5 0 0 8 0 0}}
402 {} {{1 2 3 0 0 6 7 0 9 10} {0 0 0 4 5 0 0 8 0 0}}
403 {} {{1 2 3 0 0 6 7 0 9 10} {0 0 0 4 5 0 0 8 0 0}}
404 {} {{1 2 3 0 0 6 7 0 9 10} {0 0 0 4 5 0 0 8 0 0}}
405 {} {{1 2 3 0 0 6 7 0 9 10} {0 0 0 4 5 0 0 8 0 0}}
406 {} {{1 2 3 0 0 6 7 0 9 10} {0 0 0 4 5 0 0 8 0 0}}
407 {} {{1 2 3 0 0 6 7 0 9 10} {0 0 0 4 5 0 0 8 0 0}}
408 {} {{1 2 3 0 0 6 7 0 9 10} {0 0 0 4 5 0 0 8 0 0}}
409 {} {{1 2 3 0 0 6 7 0 9 10} {0 0 0 4 5 0 0 8 0 0}}
410 {} {{1 2 3 0 0 6 7 0 9 10} {0 0 0 4 5 0 0 8 0 0}}
411 {} {{1 2 3 0 0 6 7 0 9 10} {0 0 0 4 5 0 0 8 0 0}}
412 {} {{1 2 3 0 0 6 7 0 9 10} {0 0 0 4 5 0 0 8 0 0}}
413 {} {{1 2 3 0 0 6 7 0 9 10} {0 0 0 4 5 0 0 8 0 0}}
414 {} {{1 2 3 0 0 6 7 0 9 10} {0 0 0 4 5 0 0 8 0 0}}
415 {} {{1 2 3 0 0 6 7 0 9 10} {0 0 0 4 5 0 0 8 0 0}}
416 {} {{1 2 3 0 0 6 7 0 9 10} {0 0 0 4 5 0 0 8 0 0}}
417 {} {{1 2 3 0 0 6 7 0 9 10} {0 0 0 4 5 0 0 8 0 0}}
418 {} {{1 2 3 0 0 6 7 0 9 10} {0 0 0 4 5 0 0 8 0 0}}
419 {} {{1 2 3 0 0 6 7 0 9 10} {0 0 0 4 5 0 0 8 0 0}}
420 {} {{1 2 3 0 0 6 7 0 9 10} {0 0 0 4 5 0 0 8 0 0}}
421 {} {{1 2 3 0 0 6 7 0 9 10} {0 0 0 4 5 0 0 8 0 0}}
422 {} {{1 2 3 0 0 6 7 0 9 10} {0 0 0 4 5 0 0 8 0 0}}
423 {} {{1 2 3 0 0 6 7 0 9 10} {0 0 0 4 5 0 0 8 0 0}}
424 {} {{1 2 3 0 0 6 7 0 9 10} {0 0 0 4 5 0 0 8 0 0}}
425 {} {{1 2 3 0 0 6 7 0 9 10} {0 0 0 4 5 0 0 8 0 0}}
426 {} {{1 2 3 0 0 6 7 0 9 10} {0 0 0 4 5 0 0 8 0 0}}
427 {} {{1 2 3 0 0 6 7 0 9 10} {0 0 0 4 5 0 0 8 0 0}}
428 {} {{1 2 3 0 0 6 7 0 9 10} {0 0 0 4 5 0 0 8 0 0}}
429 {} {{1 2 3 0 0 6 7 0 9 10} {0 0 0 4 5 0 0 8 0 0}}
430 {} {{1 2 3 0 0 6 7 0 9 10} {0 0 0 4 5 0 0 8 0 0}}
431 {} {{1 2 3 0 0 6 7 0 9 10} {0 0 0 4 5 0 0 8 0 0}}
432 {} {{1 2 3 0 0 6 7 0 9 10} {0 0 0 4 5 0 0 8 0 0}}
433 {} {{1 2 3 0 0 6 7 0 9 10} {0 0 0 4 5 0 0 8 0 0}}
434 {} {{1 2 3 0 0 6 7 0 9 10} {0 0 0 4 5 0 0 8 0 0}}
435 {} {{1 2 3 0 0 6 7 0 9 10} {0 0 0 4 5 0 0 8 0 0}}
436 {} {{1 2 3 0 0 6 7 0 9 10} {0 0 0 4 5 0 0 8 0 0}}
437 {} {{1 2 3 0 0 6 7 0 9 10} {0 0 0 4 5 0 0 8 0 0}}
438 {} {{1 2 3 0 0 6 7 0 9 10} {0 0 0 4 5 0 0 8 0 0}}
439 {} {{1 2 3 0 0 6 7 0 9 10} {0 0 0 4 5 0 0 8 0 0}}
440 {} {{1 2 3 0 0 6 7 0 9 10} {0 0 0 4 5 0 0 8 0 0}}
441 {} {{1 2 3 0 0 6 7 0 9 10} {0 0 0 4 5 0 0 8 0 0}}
442 {} {{1 2 3 0 0 6 7 0 9 10} {0 0 0 4 5 0 0 8 0 0}}
443 {} {{1 2 3 0 0 6 7 0 9 10} {0 0 0 4 5 0 0 8 0 0}}
444 {} {{1 2 3 0 0 6 7 0 9 10} {0 0 0 4 5 0 0 8 0 0}}
445 {} {{1 2 3 0 0 6 7 0 9 10} {0 0 0 4 5 0 0 8 0 0}}
446 {} {{1 2 3 0 0 6 7 0 9 10} {0 0 0 4 5 0 0 8 0 0}}
447 {} {{1 2 3 0 0 6 7 0 9 10} {0 0 0 4 5 0 0 8 0 0}}
448 {} {{1 2 3 0 0 6 7 0 9 10} {0 0 0 4 5 0 0 8 0 0}}
449 {} {{1 2 3 0 0 6 7 0 9 10} {0 0 0 4 5 0 0 8 0 0}}
450 {} {{1 2 3 0 0 6 7 0 9 10} {0 0 0 4 5 0 0 8 0 0}}
451 {} {{1 2 3 0 0 6 7 0 9 10} {0 0 0 4 5 0 0 8 0 0}}
452 {} {{1 2 3 0 0 6 7 0 9 10} {0 0 0 4 5 0 0 8 0 0}}
453 {} {{1 2 3 0 0 6 7 0 9 10} {0 0 0 4 5 0 0 8 0 0}}
454 {} {{1 2 3 0 0 6 7 0 9 10} {0 0 0 4 5 0 0 8 0 0}}
455 {} {{1 2 3 0 0 6 7 0 9 10} {0 0 0 4 5 0 0 8 0 0}}
456 {} {{1 2 3 0 0 6 7 0 9 10} {0 0 0 4 5 0 0 8 0 0}}
457 {} {{1 2 3 0 0 6 7 0 9 10} {0 0 0 4 5 0 0 8 0 0}}
458 {} {{1 2 3 0 0 6 7 0 9 10} {0 0 0 4 5 0 0 8 0 0}}
459 {} {{1 2 3 0 0 6 7 0 9 10} {0 0 0 4 5 0 0 8 0 0}}
460 {} {{1 2 3 0 0 6 7 0 9 10} {0 0 0 4 5 0 0 8 0 0}}
461 {} {{1 2 3 0 0 6 7 0 9 10} {0 0 0 4 5 0 0 8 0 0}}
462 {} {{1 2 3 0 0 6 7 0 9 10} {0 0 0 4 5 0 0 8 0 0}}
463 {} {{1 2 3 0 0 6 7 0 9 10} {0 0 0 4 5 0 0 8 0 0}}
464 {} {{1 2 3 0 0 6 7 0 9 10} {0 0 0 4 5 0 0 8 0 0}}
465 {} {{1 2 3 0 0 6 7 0 9 10} {0 0 0 4 5 0 0 8 0 0}}
466 {} {{1 2 3 0 0 6 7 0 9 10} {0 0 0 4 5 0 0 8 0 0}}
467 {} {{1 2 3 0 0 6 7 0 9 10} {0 0 0 4 5 0 0 8 0 0}}
468 {} {{1 2 3 0 0 6 7 0 9 10} {0 0 0 4 5 0 0 8 0 0}}
469 {} {{1 2 3 0 0 6 7 0 9 10} {0 0 0 4 5 0 0 8 0 0}}
470 {} {{1 2 3 0 0 6 7 0 9 10} {0 0 0 4 5 0 0 8 0 0}}
471 {} {{1 2 3 0 0 6 7 0 9 10} {0 0 0 4 5 0 0 8 0 0}}
472 {} {{1 2 3 0 0 6 7 0 9 10} {0 0 0 4 5 0 0 8 0 0}}
473 {} {{1 2 3 0 0 6 7 0 9 10} {0 0 0 4 5 0 0 8 0 0}}
474 {} {{1 2 3 0 0 6 7 0 9 10} {0 0 0 4 5 0 0 8 0 0}}
475 {} {{1 2 3 0 0 6 7 0 9 10} {0 0 0 4 5 0 0 8 0 0}}
476 {} {{1 2 3 0 0 6 7 0 9 10} {0 0 0 4 5 0 0 8 0 0}}
477 {} {{1 2 3 0 0 6 7 0 9 10} {0 0 0 4 5 0 0 8 0 0}}
478 {} {{1 2 3 0 0 6 7 0 9 10} {0 0 0 4 5 0 0 8 0 0}}
479 {} {{1 2 3 0 0 6 7 0 9 10} {0 0 0 4 5 0 0 8 0 0}}
480 {} {{1 2 3 0 0 6 7 0 9 10} {0 0 0 4 5 0 0 8 0 0}}
481 {} {{1 2 3 0 0 6 7 0 9 10} {0 0 0 4 5 0 0 8 0 0}}
482 {} {{1 2 3 0 0 6 7 0 9 10} {0 0 0 4 5 0 0 8 0 0}}
483 {} {{1 2 3 0 0 6 7 0 9 10} {0 0 0 4 5 0 0 8 0 0}}
484 {} {{1 2 3 0 0 6 7 0 9 10} {0 0 0 4 5 0 0 8 0 0}}
485 {} {{1 2 3 0 0 6 7 0 9 10} {0 0 0 4 5 0 0 8 0 0}}
486 {} {{1 2 3 0 0 6 7 0 9 10} {0 0 0 4 5 0 0 8 0 0}}
487 {} {{1 2 3 0 0 6 7 0 9 10} {0 0 0 4 5 0 0 8 0 0}}
488 {} {{1 2 3 0 0 6 7 0 9 10} {0 0 0 4 5 0 0 8 0 0}}
489 {} {{1 2 3 0 0 6 7 0 9 10} {0 0 0 4 5 0 0 8 0 0}}
490 {} {{1 2 3 0 0 6 7 0 9 10} {0 0 0 4 5 0 0 8 0 0}}
491 {} {{1 2 3 0 0 6 7 0 9 10} {0 0 0 4 5 0 0 8 0 0}}
492 {} {{1 2 3 0 0 6 7 0 9 10} {0 0 0 4 5 0 0 8 0 0}}
493 {} {{1 2 3 0 0 6 7 0 9 10} {0 0 0 4 5 0 0 8 0 0}}
494 {} {{1 2 3 0 0 6 7 0 9 10} {0 0 0 4 5 0 0 8 0 0}}
495 {} {{1 2 3 0 0 6 7 0 9 10} {0 0 0 4 5 0 0 8 0 0}}
496 {} {{1 2 3 0 0 6 7 0 9 10} {0 0 0 4 5 0 0 8 0 0}}
497 {} {{1 2 3 0 0 6 7 0 9 10} {0 0 0 4 5 0 0 8 0 0}}
498 {} {{1 2 3 0 0 6 7 0 9 10} {0 0 0 4 5 0 0 8 0 0}}
499 {} {{1 2 3 0 0 6 7 0 9 10} {0 0 0 4 5 0 0 8 0 0}}
500 {} {{1 2 3 0 0 6 7 0 9 10} {0 0 0 4 5 0 0 8 0 0}}
501 {} {{1 2 3 0 0 6 7 0 9 10} {0 0 0 4 5 0 0 8 0 0}}
