# Selection:resname AU POPC Restricted:name AUC AUL AUSL Radius:2.64 Start:0 End:-1
0 249.41310119628906
1 251.1361541748047
2 0.0
3 0.0
4 0.0
5 0.0
6 0.0
7 0.0
8 1.2922956943511963
9 0.0
10 1.2922956943511963
11 0.0
12 3.0153565406799316
13 0.0
14 2.1538259983062744
15 0.43076521158218384
16 0.0
17 0.0
18 5.599947929382324
19 1.7230608463287354
20 2.1538259983062744
21 1.2922956943511963
22 0.0
23 0.0
24 0.0
25 0.0
26 0.43076521158218384
27 0.43076521158218384
28 0.0
29 0.0
30 0.0
31 0.43076521158218384
32 0.43076521158218384
33 0.0
34 0.0
35 0.0
36 0.0
37 0.0
38 0.8615304231643677
39 0.0
40 0.0
41 1.2922956943511963
42 0.8615304231643677
43 1.2922956943511963
44 3.8768868446350098
45 0.0
46 1.2922956943511963
47 0.43076521158218384
48 1.7230608463287354
49 0.43076521158218384
50 0.43076521158218384
51 0.0
52 0.0
53 1.2922956943511963
54 1.2922956943511963
55 0.0
56 0.0
57 0.0
58 0.43076521158218384
59 0.8615304231643677
60 0.0
61 0.0
62 0.8615304231643677
63 0.0
64 0.0
65 0.8615304231643677
66 0.0
67 0.0
68 3.8768868446350098
69 0.0
70 3.0153565406799316
71 0.0
72 0.0
73 0.8615304231643677
74 0.0
75 0.0
76 0.0
77 0.0
78 0.0
79 0.0
80 0.43076521158218384
81 2.5845913887023926
82 0.0
83 0.43076521158218384
84 0.0
85 0.0
86 0.0
87 3.4461216926574707
88 0.0
89 0.0
90 0.0
91 0.43076521158218384
92 1.2922956943511963
93 0.0
94 0.43076521158218384
95 1.2922956943511963
96 0.0
97 0.0
98 1.2922956943511963
99 0.0
100 0.0
101 0.0
102 0.8615304231643677
103 0.8615304231643677
104 0.0
105 0.0
106 0.0
107 1.2922956943511963
108 0.0
109 0.43076521158218384
110 0.0
111 0.0
112 0.0
113 0.0
114 0.43076521158218384
115 0.0
116 0.0
117 0.0
118 0.0
119 1.7230608463287354
120 0.0
121 0.0
122 0.43076521158218384
123 0.8615304231643677
124 0.0
125 0.8615304231643677
126 0.0
127 0.43076521158218384
128 0.0
129 0.0
130 0.0
131 0.0
132 0.0
133 0.0
134 0.0
135 0.0
136 0.0
137 0.43076521158218384
138 0.0
139 0.43076521158218384
140 0.0
141 0.43076521158218384
142 0.0
143 1.2922956943511963
144 1.2922956943511963
145 0.0
146 2.5845913887023926
147 0.0
148 0.0
149 0.0
150 1.2922956943511963
151 0.0
152 0.0
153 0.0
154 0.0
155 0.0
156 0.0
157 0.0
158 0.0
159 0.0
160 0.0
161 0.43076521158218384
162 0.43076521158218384
163 0.0
164 0.8615304231643677
165 2.1538259983062744
166 4.307651996612549
167 0.43076521158218384
168 0.43076521158218384
169 0.0
170 0.8615304231643677
171 0.43076521158218384
172 5.599947929382324
173 2.1538259983062744
174 0.0
175 0.0
176 0.0
177 0.43076521158218384
178 0.8615304231643677
179 0.0
180 0.0
181 0.8615304231643677
182 3.0153565406799316
183 1.2922956943511963
184 0.0
185 0.0
186 0.0
187 0.0
188 0.0
189 0.0
190 0.8615304231643677
191 2.5845913887023926
192 0.0
193 0.0
194 0.43076521158218384
195 1.2922956943511963
196 0.0
197 5.599947929382324
198 0.8615304231643677
199 0.0
200 0.43076521158218384
201 0.0
202 0.43076521158218384
203 2.1538259983062744
204 0.0
205 0.0
206 2.1538262367248535
207 0.0
208 0.43076521158218384
209 0.0
210 0.43076521158218384
211 0.0
212 0.0
213 1.2922956943511963
214 0.0
215 0.0
216 0.0
217 0.0
218 0.8615304231643677
219 0.0
220 0.0
221 0.0
222 0.0
223 0.43076521158218384
224 0.0
225 0.0
226 0.0
227 0.0
228 0.0
229 0.8615304231643677
230 4.738417625427246
231 0.0
232 4.738417625427246
233 0.0
234 1.2922956943511963
235 1.2922956943511963
236 0.0
237 0.0
238 0.0
239 0.0
240 0.0
241 0.8615304231643677
242 0.0
243 0.0
244 0.0
245 0.0
246 0.8615304231643677
247 0.0
248 0.0
249 0.0
250 0.0
251 0.0
252 0.43076521158218384
253 0.0
254 0.0
255 1.7230608463287354
256 1.7230608463287354
257 0.0
258 0.0
259 0.43076521158218384
260 0.0
261 0.0
262 0.0
263 3.8768868446350098
264 0.0
265 0.0
266 1.7230608463287354
267 0.8615304231643677
268 0.0
269 0.0
270 0.0
271 0.0
272 0.0
273 2.5845913887023926
274 0.0
275 0.0
276 0.0
277 0.0
278 0.0
279 0.43076521158218384
280 0.8615304231643677
281 0.0
282 3.4461216926574707
283 0.0
284 5.599947929382324
285 0.0
286 0.0
287 0.8615304231643677
288 0.0
289 0.43076521158218384
290 0.43076521158218384
291 0.0
292 0.0
293 0.8615304231643677
294 2.5845913887023926
295 0.0
296 3.4461216926574707
297 0.8615304231643677
298 0.0
299 0.0
300 0.0
301 0.0
302 2.5845911502838135
303 1.2922956943511963
304 1.2922956943511963
305 0.8615304231643677
306 0.8615304231643677
307 0.0
308 0.0
309 0.0
310 0.8615304231643677
311 0.0
312 0.0
313 0.0
314 0.0
315 3.0153565406799316
316 2.1538259983062744
317 0.0
318 0.43076521158218384
319 0.8615304231643677
320 1.2922956943511963
321 1.2922956943511963
322 0.0
323 0.0
324 0.0
325 0.0
326 0.0
327 0.0
328 0.0
329 0.0
330 3.4461216926574707
331 1.2922956943511963
332 0.0
333 0.43076521158218384
334 1.2922956943511963
335 0.0
336 5.599947929382324
337 0.0
338 0.0
339 0.0
340 0.8615304231643677
341 0.0
342 0.0
343 0.43076521158218384
344 0.0
345 0.0
346 0.0
347 0.0
348 0.8615304231643677
349 1.2922956943511963
350 0.0
351 2.5845913887023926
352 0.0
353 0.0
354 1.2922956943511963
355 0.43076521158218384
356 0.0
357 0.0
358 0.0
359 0.0
360 0.43076521158218384
361 1.2922956943511963
362 0.0
363 0.0
364 0.0
365 0.8615304231643677
366 0.0
367 0.43076521158218384
368 0.0
369 0.0
370 0.0
371 2.5845913887023926
372 0.0
373 0.0
374 0.0
375 0.8615304231643677
376 0.0
377 0.0
378 0.43076521158218384
379 0.0
380 0.0
381 0.0
382 2.1538259983062744
383 0.0
384 0.0
385 7.753774166107178
386 0.0
387 0.0
388 3.4461216926574707
389 0.0
390 0.0
391 0.8615304231643677
392 0.8615304231643677
393 0.8615304231643677
394 2.1538259983062744
395 0.0
396 0.8615304231643677
397 2.5845913887023926
398 1.2922956943511963
399 0.0
400 0.0
401 0.0
402 0.0
403 0.0
404 0.0
405 0.0
406 5.169182777404785
407 0.43076521158218384
408 1.7230608463287354
409 2.1538259983062744
410 0.0
411 0.0
412 0.0
413 0.0
414 0.8615304231643677
415 0.43076521158218384
416 0.0
417 0.0
418 0.8615304231643677
419 0.0
420 0.0
421 0.0
422 0.0
423 0.0
424 0.0
425 0.0
426 0.43076521158218384
427 0.0
428 0.0
429 2.5845913887023926
430 0.0
431 0.0
432 0.8615304231643677
433 0.0
434 0.0
435 0.0
436 0.0
437 0.0
438 0.0
439 0.0
440 0.0
441 0.0
442 0.0
443 0.0
444 0.0
445 0.0
446 0.0
447 0.0
448 0.0
449 0.0
450 0.0
451 0.8615304231643677
452 0.0
453 0.0
454 0.0
455 0.0
456 0.0
457 1.7230608463287354
458 0.0
459 0.0
460 0.0
461 0.43076521158218384
462 0.0
463 0.0
464 0.0
465 1.2922956943511963
466 0.0
467 0.8615304231643677
468 0.0
469 0.0
470 0.0
471 1.2922956943511963
472 2.5845911502838135
473 1.2922956943511963
474 0.0
475 0.0
476 0.0
477 0.43076521158218384
478 0.0
479 0.0
480 0.0
481 0.0
482 0.43076521158218384
483 0.0
484 0.43076521158218384
485 0.0
486 1.2922956943511963
487 0.8615304231643677
488 0.0
489 0.0
490 0.0
491 0.0
492 0.43076521158218384
493 0.0
494 0.0
495 0.8615304231643677
496 0.8615304231643677
497 1.7230608463287354
498 0.43076521158218384
499 0.43076521158218384
500 0.0
501 0.8615304231643677
502 0.43076521158218384
503 0.0
504 0.43076521158218384
505 0.43076521158218384
506 0.8615304231643677
507 0.0
508 1.7230608463287354
509 0.0
510 0.43076521158218384
511 0.0
512 0.0
513 0.43076521158218384
514 0.43076521158218384
515 0.43076521158218384
516 0.43076521158218384
517 0.0
518 0.0
519 0.0
520 0.0
521 1.2922956943511963
522 0.0
523 0.0
524 0.0
525 0.0
526 0.0
527 0.0
528 0.0
529 0.0
530 0.0
531 0.0
532 0.0
533 1.2922956943511963
534 0.43076521158218384
535 0.8615304231643677
536 0.0
537 0.43076521158218384
538 0.8615304231643677
539 0.0
540 0.0
541 0.0
542 1.2922956943511963
543 0.0
544 0.43076521158218384
545 1.2922956943511963
546 0.43076521158218384
547 0.0
548 5.169182777404785
549 0.43076521158218384
550 0.43076521158218384
551 1.2922956943511963
552 0.0
553 0.0
554 3.8768868446350098
555 0.0
556 0.8615304231643677
557 0.0
558 0.0
559 0.0
560 3.0153565406799316
561 0.0
562 0.0
563 2.5845911502838135
564 0.0
565 0.0
566 0.0
567 0.0
568 0.8615304231643677
569 0.0
570 0.0
571 0.43076521158218384
572 0.43076521158218384
573 0.0
574 0.0
575 0.0
576 0.0
577 0.8615304231643677
578 8.184538841247559
579 1.2922956943511963
580 0.0
581 0.43076521158218384
582 0.43076521158218384
583 2.5845911502838135
584 1.2922956943511963
585 0.0
586 1.7230608463287354
587 0.0
588 2.5845913887023926
589 1.7230608463287354
590 0.0
591 0.0
592 0.0
593 0.8615304231643677
594 1.2922956943511963
595 1.7230608463287354
596 0.8615304231643677
597 0.0
598 0.43076521158218384
599 0.0
600 0.0
601 0.0
602 0.43076521158218384
603 0.8615304231643677
604 0.43076521158218384
605 0.0
606 0.0
607 0.8615304231643677
608 0.0
609 0.8615304231643677
610 3.4461216926574707
611 0.0
612 0.0
613 0.0
614 0.43076521158218384
615 0.0
616 0.8615304231643677
617 0.0
618 0.43076521158218384
619 0.0
620 0.0
621 0.0
622 2.1538259983062744
623 0.8615304231643677
624 0.8615304231643677
625 1.2922956943511963
626 0.0
627 0.0
628 0.0
629 0.8615304231643677
630 0.0
631 0.43076521158218384
632 0.0
633 2.1538259983062744
634 0.0
635 0.0
636 0.0
637 0.0
638 0.0
639 1.2922956943511963
640 0.0
641 0.0
642 0.0
643 0.43076521158218384
644 0.0
645 0.0
646 1.2922956943511963
647 0.0
648 0.43076521158218384
649 0.0
650 0.8615304231643677
651 0.43076521158218384
652 0.0
653 2.5845913887023926
654 1.2922956943511963
655 0.8615304231643677
656 0.0
657 0.0
658 4.738417148590088
659 0.0
660 1.2922956943511963
661 0.8615304231643677
662 0.0
663 0.0
664 0.43076521158218384
665 0.0
666 0.0
667 0.0
668 0.0
669 0.43076521158218384
670 0.0
671 0.0
672 0.0
673 0.8615304231643677
674 0.0
675 2.1538259983062744
676 6.461478233337402
677 0.0
678 0.0
679 0.0
680 0.8615304231643677
681 0.0
682 5.599947929382324
683 0.0
684 2.1538262367248535
685 0.8615304231643677
686 0.0
687 0.8615304231643677
688 0.0
689 0.0
690 6.892243385314941
691 0.0
692 0.0
693 0.0
694 0.0
695 0.0
696 0.0
697 0.0
698 1.7230608463287354
699 0.43076521158218384
700 3.8768868446350098
701 0.0
702 0.0
703 0.0
704 0.0
705 0.8615304231643677
706 0.0
707 0.0
708 0.0
709 0.0
710 0.43076521158218384
711 0.43076521158218384
712 0.0
713 0.0
714 0.43076521158218384
715 0.0
716 0.0
717 0.0
718 0.43076521158218384
719 0.0
720 0.0
721 0.0
722 0.0
723 0.0
724 1.7230608463287354
725 1.2922956943511963
726 0.0
727 0.0
728 0.0
729 0.0
730 0.0
731 0.0
732 2.1538259983062744
733 0.0
734 0.8615304231643677
735 1.2922956943511963
736 0.0
737 0.0
738 0.43076521158218384
739 0.0
740 0.0
741 0.0
742 0.0
743 0.43076521158218384
744 0.0
745 2.1538262367248535
746 0.0
747 0.0
748 0.0
749 0.0
750 2.1538262367248535
751 0.43076521158218384
752 0.0
753 0.0
754 0.0
755 0.43076521158218384
756 0.43076521158218384
757 2.5845913887023926
758 0.43076521158218384
759 0.0
760 0.0
761 4.307651996612549
762 1.2922956943511963
763 1.7230608463287354
764 0.0
765 0.0
766 0.0
767 0.0
768 0.0
769 0.0
770 0.43076521158218384
771 0.0
772 0.0
773 1.2922956943511963
774 0.43076521158218384
775 0.0
776 0.0
777 0.0
778 1.7230608463287354
779 0.0
780 0.0
781 1.2922956943511963
782 0.0
783 0.0
784 0.0
785 0.0
786 0.0
787 0.0
788 9.046069145202637
789 3.876887083053589
790 0.0
791 0.0
792 0.0
793 0.0
794 1.7230608463287354
795 0.0
796 0.0
797 0.43076521158218384
798 5.169182777404785
799 0.0
800 0.0
801 0.0
802 0.0
803 0.0
804 0.0
805 0.0
806 0.0
807 0.0
808 0.0
809 0.0
810 0.0
811 0.8615304231643677
812 8.615303993225098
813 0.8615304231643677
814 0.0
815 0.0
816 0.0
817 0.43076521158218384
818 0.0
819 0.43076521158218384
820 0.0
821 2.1538259983062744
822 4.738417148590088
823 1.2922956943511963
824 0.8615304231643677
825 3.8768868446350098
826 0.0
827 0.43076521158218384
828 1.7230608463287354
829 0.43076521158218384
830 0.0
831 0.0
832 0.0
833 0.0
834 2.5845913887023926
835 0.8615304231643677
836 0.0
837 0.0
838 0.8615304231643677
839 0.0
840 0.0
841 0.0
842 0.0
843 0.43076521158218384
844 1.2922956943511963
845 0.0
846 0.0
847 0.43076521158218384
848 0.0
849 0.0
850 1.2922956943511963
851 0.0
852 0.0
853 0.0
854 0.0
855 0.43076521158218384
856 0.0
857 0.8615304231643677
858 0.43076521158218384
859 0.0
860 0.0
861 0.0
862 0.0
863 3.8768868446350098
864 0.0
865 0.0
866 0.0
867 0.43076521158218384
868 0.0
869 0.0
870 0.0
871 1.2922956943511963
872 0.0
873 0.0
874 0.0
875 0.0
876 0.0
877 0.0
878 0.43076521158218384
879 0.0
880 0.0
881 0.0
882 0.0
883 0.0
884 0.43076521158218384
885 0.43076521158218384
886 0.0
887 0.8615304231643677
888 1.2922956943511963
889 6.030713081359863
890 0.8615304231643677
891 0.0
892 0.0
893 6.030713081359863
894 1.7230608463287354
895 1.2922956943511963
896 1.2922956943511963
897 1.2922956943511963
898 0.43076521158218384
899 0.0
900 0.0
901 0.0
902 0.0
903 0.0
904 0.0
905 0.0
906 0.0
907 0.0
908 0.0
909 0.0
910 0.0
911 6.892243385314941
912 0.0
913 0.0
914 0.0
915 0.0
916 0.0
917 0.0
918 0.0
919 0.0
920 0.0
921 0.43076521158218384
922 0.0
923 0.43076521158218384
924 0.0
925 0.0
926 0.43076521158218384
927 0.0
928 0.0
929 0.0
930 0.43076521158218384
931 1.7230608463287354
932 0.8615304231643677
933 1.7230608463287354
934 0.0
935 0.0
936 0.0
937 0.0
938 0.0
939 0.0
940 0.43076521158218384
941 0.8615304231643677
942 0.0
943 3.4461216926574707
944 0.0
945 0.0
946 2.1538262367248535
947 1.2922956943511963
948 0.0
949 0.0
950 0.0
951 1.2922956943511963
952 0.0
953 0.8615304231643677
954 0.0
955 0.0
956 0.0
957 0.0
958 0.0
959 0.0
960 1.2922956943511963
961 0.0
962 0.0
963 0.8615304231643677
964 0.0
965 0.8615304231643677
966 0.0
967 0.0
968 0.0
969 0.0
970 0.0
971 0.0
972 0.8615304231643677
973 0.0
974 0.43076521158218384
975 0.0
976 0.8615304231643677
977 0.0
978 0.0
979 0.8615304231643677
980 0.0
981 0.0
982 1.2922956943511963
983 0.8615304231643677
984 0.0
985 0.0
986 0.0
987 0.43076521158218384
988 0.43076521158218384
989 0.0
990 0.0
991 0.43076521158218384
992 0.0
993 0.0
994 0.8615304231643677
995 1.7230608463287354
996 0.0
997 0.0
998 0.8615304231643677
999 0.0
1000 0.43076521158218384
1001 1.2922956943511963
1002 1.2922956943511963
