750 24.70726776123047
751 25.109695434570313
752 24.56405258178711
753 24.236370086669922
754 24.5003604888916
755 24.780399322509766
756 24.31328010559082
757 24.701290130615234
758 24.52718734741211
759 24.805105209350586
760 24.698265075683594
761 24.320158004760742
762 24.297340393066406
763 25.013139724731445
764 25.085491180419922
765 24.62542724609375
766 24.670982360839844
767 24.548093795776367
768 24.694900512695313
769 24.4643497467041
770 24.55864715576172
771 24.72640037536621
772 24.499046325683594
773 24.544391632080078
774 25.039451599121094
775 24.981220245361328
776 25.099414825439453
777 24.801929473876953
778 24.6052188873291
779 24.306835174560547
780 25.00609016418457
781 24.398679733276367
782 24.585853576660156
783 24.839954376220703
784 25.362653732299805
785 24.991397857666016
786 24.50077247619629
787 24.868133544921875
788 24.665494918823242
789 25.026050567626953
790 25.275754928588867
791 25.507917404174805
792 24.521514892578125
793 24.113210678100586
794 23.502849578857422
795 22.98102569580078
796 22.506122589111328
797 22.061351776123047
798 22.002782821655273
799 22.372190475463867
800 21.916059494018555
801 22.1545352935791
802 22.015506744384766
803 22.169384002685547
804 21.79145622253418
805 21.821468353271484
806 21.48253631591797
807 21.562833786010742
808 21.578283309936523
809 21.751827239990234
810 21.697830200195313
811 21.582382202148438
812 21.9221134185791
813 21.822296142578125
814 21.66408348083496
815 21.578262329101563
816 21.329524993896484
817 21.470584869384766
818 21.47734260559082
819 21.384414672851563
820 21.685361862182617
821 21.611549377441406
822 21.544631958007813
823 21.53539276123047
824 21.651212692260742
825 21.606000900268555
826 21.770944595336914
827 21.744701385498047
828 21.543622970581055
829 21.30267333984375
830 21.36727523803711
831 21.522018432617188
832 21.525753021240234
833 21.4453125
834 21.375694274902344
835 21.510549545288086
836 21.302215576171875
837 21.555696487426758
838 21.413293838500977
839 21.14288902282715
840 21.31369972229004
841 21.753524780273438
842 21.529470443725586
843 21.9616756439209
844 21.6439266204834
845 21.62461280822754
846 21.73336410522461
847 21.364721298217773
848 21.595073699951172
849 21.571155548095703
850 21.97336769104004
851 21.9450626373291
852 21.504724502563477
853 21.58427619934082
854 21.441694259643555
855 21.78721809387207
856 21.313945770263672
857 21.175065994262695
858 21.069440841674805
859 21.32566261291504
860 21.239402770996094
861 21.483409881591797
862 21.18506622314453
863 21.248308181762695
864 21.332704544067383
865 21.508352279663086
866 21.31285858154297
867 21.104650497436523
868 21.650819778442383
869 21.4317684173584
870 21.100067138671875
871 20.95840835571289
872 21.17032814025879
873 21.114442825317383
874 21.32552719116211
875 21.324356079101563
876 21.81681251525879
877 21.622020721435547
878 21.87281608581543
879 22.27349281311035
880 21.633865356445313
881 21.940690994262695
882 21.7834529876709
883 22.239721298217773
884 21.653430938720703
885 21.30651092529297
886 21.433238983154297
887 21.408411026000977
888 21.42219352722168
889 21.793670654296875
890 22.081178665161133
891 22.319551467895508
892 21.725807189941406
893 21.513593673706055
894 21.343677520751953
895 22.360931396484375
896 21.19988250732422
897 21.390243530273438
898 21.111894607543945
899 21.40097999572754
900 21.15717124938965
901 21.353349685668945
902 21.36180877685547
903 21.06515884399414
904 21.416601181030273
905 21.61849021911621
906 20.993518829345703
907 21.23766326904297
908 21.459129333496094
909 21.75896644592285
910 21.487897872924805
911 21.828685760498047
912 21.70126724243164
913 21.66377067565918
914 21.850746154785156
915 21.649953842163086
916 21.812992095947266
917 21.634273529052734
918 21.8952579498291
919 21.976232528686523
920 22.236919403076172
921 22.232507705688477
922 22.093910217285156
923 22.073795318603516
924 21.722145080566406
925 21.69245147705078
926 21.448869705200195
927 21.59995460510254
928 22.13810920715332
929 21.798542022705078
930 22.002227783203125
931 21.77143096923828
932 21.694040298461914
933 21.887718200683594
934 21.63638687133789
935 21.636791229248047
936 21.369569778442383
937 21.53092384338379
938 20.947534561157227
939 21.02425765991211
940 21.43316650390625
941 21.60455322265625
942 21.053241729736328
943 21.690587997436523
944 21.45329475402832
945 21.507389068603516
946 21.138450622558594
947 21.25520896911621
948 21.31385040283203
949 21.013994216918945
950 20.8386173248291
951 20.967954635620117
952 21.205684661865234
953 21.858417510986328
954 21.612916946411133
955 21.536441802978516
956 21.656980514526367
957 21.40567398071289
958 21.54100799560547
959 21.6800537109375
960 21.71128273010254
961 21.858097076416016
962 21.857093811035156
963 21.782930374145508
964 22.06570816040039
965 22.34014129638672
966 22.248376846313477
967 21.936351776123047
968 22.216955184936523
969 22.001218795776367
970 22.14623260498047
971 22.19780921936035
972 22.00282859802246
973 21.97325325012207
974 22.590900421142578
975 22.239797592163086
976 22.360946655273438
977 21.86556053161621
978 21.525959014892578
979 21.86225700378418
980 22.020418167114258
981 22.028419494628906
982 22.3255672454834
983 22.274364471435547
984 22.2244930267334
985 22.30572509765625
986 21.770822525024414
987 22.65989112854004
988 21.87676239013672
989 22.237836837768555
990 21.91611099243164
991 22.042022705078125
