# Selection 1:name C1A D2A C3A C4A C1B C2B C3B C4B Selection 2:name AUC AUSL AUL Cutoff:8 Start:0 End:-1
0 0
1 0
2 19
3 20
4 25
5 25
6 15
7 14
8 17
9 22
10 16
11 13
12 15
13 18
14 18
15 14
16 15
17 16
18 17
19 14
20 22
21 25
22 27
23 25
24 18
25 15
26 21
27 21
28 24
29 21
30 27
31 31
32 24
33 24
34 23
35 18
36 25
37 23
38 17
39 11
40 21
41 14
42 13
43 22
44 12
45 20
46 23
47 24
48 21
49 16
50 25
51 15
52 10
53 14
54 15
55 17
56 18
57 25
58 17
59 17
60 23
61 19
62 20
63 17
64 18
65 27
66 24
67 22
68 17
69 14
70 12
71 20
72 14
73 18
74 13
75 18
76 14
77 19
78 18
79 19
80 25
81 15
82 16
83 21
84 23
85 22
86 23
87 18
88 19
89 19
90 16
91 16
92 21
93 26
94 15
95 22
96 18
97 20
98 20
99 18
100 16
101 16
102 22
103 15
104 14
105 20
106 26
107 17
108 17
109 18
110 22
111 21
112 24
113 20
114 16
115 17
116 22
117 15
118 23
119 25
120 20
121 17
122 10
123 15
124 24
125 16
126 27
127 23
128 20
129 20
130 13
131 21
132 21
133 25
134 19
135 20
136 24
137 22
138 26
139 22
140 17
141 18
142 20
143 17
144 16
145 19
146 20
147 25
148 13
149 20
150 24
151 26
152 17
153 18
154 12
155 18
156 21
157 20
158 20
159 24
160 16
161 20
162 21
163 20
164 13
165 18
166 16
167 13
168 17
169 12
170 20
171 12
172 14
173 9
174 10
175 13
176 12
177 20
178 27
179 19
180 16
181 15
182 23
183 20
184 19
185 18
186 18
187 14
188 12
189 18
190 16
191 22
192 16
193 13
194 23
195 19
196 14
197 23
198 15
199 14
200 17
201 19
202 16
203 22
204 18
205 13
206 9
207 15
208 20
209 14
210 15
211 14
212 15
213 13
214 21
215 28
216 26
217 21
218 20
219 16
220 24
221 18
222 17
223 20
224 22
225 26
226 22
227 14
228 18
229 20
230 18
231 21
232 19
233 15
234 11
235 12
236 15
237 16
238 17
239 15
240 21
241 14
242 21
243 14
244 27
245 16
246 16
247 12
248 15
249 21
250 15
251 18
252 17
253 15
254 13
255 17
256 7
257 18
258 23
259 18
260 18
261 15
262 18
263 22
264 26
265 22
266 24
267 23
268 31
269 21
270 21
271 14
272 18
273 20
274 26
275 18
276 22
277 22
278 21
279 21
280 15
281 18
282 23
283 18
284 18
285 18
286 9
287 29
288 20
289 16
290 24
291 24
292 21
293 22
294 18
295 20
296 25
297 16
298 17
299 17
300 30
301 28
302 18
303 19
304 19
305 21
306 19
307 19
308 11
309 20
310 21
311 23
312 13
313 22
314 12
315 25
316 16
317 20
318 14
319 22
320 23
321 24
322 22
323 14
324 17
325 17
326 25
327 21
328 20
329 21
330 27
331 21
332 26
333 16
334 24
335 26
336 21
337 21
338 23
339 21
340 18
341 18
342 19
343 12
344 12
345 24
346 13
347 20
348 24
349 23
350 26
351 15
352 20
353 25
354 22
355 18
356 17
357 18
358 23
359 20
360 16
361 18
362 16
363 21
364 19
365 23
366 21
367 24
368 18
369 15
370 21
371 15
372 17
373 22
374 19
375 19
376 20
377 17
378 22
379 15
380 17
381 24
382 16
383 24
384 16
385 22
386 22
387 23
388 19
389 16
390 24
391 22
392 15
393 12
394 16
395 14
396 20
397 11
398 21
399 21
400 17
401 15
402 18
403 13
404 15
405 22
406 13
407 16
408 14
409 18
410 15
411 19
412 14
413 21
414 14
415 12
416 14
417 19
418 13
419 16
420 18
421 22
422 23
423 16
424 11
425 20
426 19
427 19
428 28
429 26
430 19
431 23
432 20
433 20
434 19
435 21
436 19
437 18
438 26
439 17
440 21
441 18
442 22
443 22
444 18
445 19
446 23
447 20
448 19
449 19
450 25
451 22
452 11
453 18
454 16
455 17
456 28
457 24
458 17
459 21
460 25
461 20
462 18
463 20
464 21
465 14
466 15
467 19
468 22
469 25
470 22
471 24
472 23
473 30
474 23
475 17
476 25
477 25
478 20
479 20
480 22
481 17
482 17
483 20
484 19
485 23
486 22
487 19
488 15
489 19
490 24
491 22
492 22
493 20
494 17
495 25
496 21
497 18
498 23
499 22
500 20
501 17
502 17
503 23
504 12
505 15
506 19
507 15
508 10
509 15
510 10
511 12
512 14
513 18
514 18
515 16
516 24
517 14
518 19
519 17
520 23
521 21
522 19
523 18
524 20
525 14
526 16
527 21
528 13
529 19
530 22
531 22
532 18
533 25
534 25
535 19
536 23
537 19
538 14
539 17
540 17
541 25
542 23
543 17
544 22
545 19
546 25
547 24
548 20
549 25
550 17
551 20
552 23
553 21
554 15
555 11
556 21
557 25
558 16
559 24
560 23
561 13
562 21
563 20
564 22
565 24
566 19
567 17
568 21
569 17
570 22
571 17
572 23
573 21
574 11
575 23
576 23
577 25
578 22
579 20
580 25
581 29
582 16
583 17
584 23
585 20
586 18
587 19
588 28
589 22
590 19
591 24
592 24
593 13
594 19
595 19
596 20
597 15
598 14
599 22
600 20
601 30
602 27
603 23
604 22
605 26
606 31
607 26
608 31
609 29
610 19
611 18
612 14
613 17
614 19
615 21
616 18
617 23
618 16
619 17
620 17
621 17
622 14
623 15
624 17
625 17
626 21
627 17
628 22
629 18
630 20
631 18
632 17
633 17
634 14
635 23
636 19
637 25
638 19
639 18
640 28
641 21
642 23
643 15
644 16
645 22
646 23
647 19
648 15
649 19
650 33
651 23
652 20
653 23
654 21
655 15
656 20
657 21
658 22
659 23
660 13
661 18
662 16
663 15
664 19
665 22
666 23
667 19
668 16
669 24
670 15
671 13
672 20
673 18
674 21
675 17
676 18
677 19
678 22
679 19
680 21
681 17
682 19
683 20
684 29
685 24
686 32
687 17
688 20
689 25
690 22
691 20
692 20
693 22
694 24
695 25
696 17
697 23
698 23
699 15
700 23
701 19
702 17
703 21
704 26
705 21
706 16
707 20
708 17
709 22
710 25
711 14
712 18
713 14
714 16
715 15
716 17
717 16
718 15
719 14
720 18
721 14
722 22
723 13
724 14
725 22
726 24
727 26
728 18
729 22
730 17
731 21
732 20
733 19
734 10
735 17
736 20
737 20
738 19
739 20
740 19
741 16
742 16
743 20
744 21
745 15
746 20
747 12
748 23
749 19
750 21
751 16
752 17
753 15
754 23
755 25
756 14
757 25
758 13
759 24
760 30
761 24
762 22
763 14
764 21
765 19
766 22
767 25
768 25
769 24
770 23
771 29
772 27
773 26
774 16
775 15
776 22
777 25
778 20
779 16
780 16
781 25
782 18
783 14
784 18
785 17
786 20
787 19
788 26
789 24
790 15
791 22
792 16
793 19
794 18
795 20
796 20
797 19
798 16
799 24
800 23
801 22
802 20
803 21
804 14
805 16
806 21
807 20
808 19
809 14
810 19
811 18
812 20
813 15
814 12
815 14
816 15
817 14
818 21
819 16
820 19
821 24
822 11
823 16
824 15
825 16
826 16
827 17
828 16
829 17
830 20
831 20
832 21
833 15
834 18
835 18
836 9
837 14
838 20
839 22
840 19
841 14
842 13
843 18
844 19
845 16
846 20
847 18
848 20
849 22
850 18
851 19
852 18
853 18
854 24
855 21
856 19
857 22
858 21
859 21
860 15
861 10
862 18
863 25
864 17
865 24
866 23
867 21
868 24
869 17
870 18
871 23
872 15
873 17
874 17
875 19
876 19
877 24
878 19
879 23
880 19
881 19
882 28
883 17
884 23
885 20
886 21
887 22
888 26
889 28
890 18
891 30
892 16
893 19
894 23
895 20
896 13
897 23
898 19
899 18
900 20
901 17
902 16
903 10
904 30
905 23
906 23
907 26
908 22
909 18
910 16
911 18
912 16
913 16
914 25
915 18
916 18
917 23
918 21
919 22
920 24
921 25
922 23
923 17
924 22
925 16
926 24
927 16
928 13
929 21
930 16
931 20
932 14
933 24
934 18
935 27
936 25
937 30
938 15
939 15
940 24
941 18
942 21
943 17
944 15
945 22
946 19
947 17
948 29
949 23
950 26
951 13
952 14
953 14
954 18
955 15
956 18
957 18
958 24
959 22
960 20
961 22
962 18
963 19
964 16
965 23
966 18
967 20
968 23
969 15
970 16
971 13
972 19
973 20
974 15
975 23
976 22
977 21
978 17
979 12
980 15
981 13
982 19
983 13
984 19
985 22
986 23
987 20
988 23
989 17
990 19
991 20
992 20
993 24
994 19
995 20
996 25
997 28
998 17
999 20
1000 23
1001 20
1002 20
