# Selection:resname AU W ION Restricted:name AUC AUL AUSL Radius:2.64 Start:0 End:-1
0 373.4734802246094
1 376.91961669921875
2 72.79931640625
3 101.66059112548828
4 40.922698974609375
5 47.38417053222656
6 64.61478424072266
7 49.107234954833984
8 93.4760513305664
9 70.21473693847656
10 72.79932403564453
11 109.84513092041016
12 89.16840362548828
13 52.98412322998047
14 52.55335998535156
15 42.21499252319336
16 49.538002014160156
17 66.76860809326172
18 82.70692443847656
19 74.52238464355469
20 64.61478424072266
21 50.830291748046875
22 76.67620849609375
23 44.799583435058594
24 116.30660247802734
25 154.21397399902344
26 34.89198303222656
27 130.95263671875
28 172.73684692382813
29 70.2147445678711
30 58.584068298339844
31 19.38443374633789
32 84.8607406616211
33 94.76834869384766
34 134.39874267578125
35 115.44508361816406
36 93.0452880859375
37 39.630401611328125
38 77.96851348876953
39 79.26081085205078
40 57.72254180908203
41 55.99947738647461
42 146.02943420410156
43 111.13743591308594
44 140.8602294921875
45 91.75299835205078
46 36.61504364013672
47 66.76860809326172
48 40.06117248535156
49 111.99894714355469
50 80.55309295654297
51 51.26105880737305
52 49.10723876953125
53 75.8146743774414
54 41.35346221923828
55 55.56871795654297
56 32.738155364990234
57 45.66111755371094
58 55.5687141418457
59 58.584068298339844
60 98.2144775390625
61 64.18402099609375
62 37.9073371887207
63 46.522647857666016
64 49.538002014160156
65 13.784486770629883
66 20.24596405029297
67 102.952880859375
68 27.138208389282227
69 152.92166137695313
70 176.61375427246094
71 103.81441497802734
72 81.41463470458984
73 51.26105880737305
74 80.55309295654297
75 78.3992691040039
76 53.84564971923828
77 90.0299301147461
78 47.81494140625
79 61.168663024902344
80 66.33784484863281
81 82.27616119384766
82 60.737892150878906
83 59.87636947631836
84 13.784486770629883
85 71.93778991699219
86 71.0762710571289
87 47.81494140625
88 87.87610626220703
89 93.90682220458984
90 102.52212524414063
91 37.9073371887207
92 85.72227478027344
93 75.81468200683594
94 53.84564971923828
95 33.59968566894531
96 58.58407211303711
97 112.86048889160156
98 56.86100769042969
99 87.4453353881836
100 53.84564971923828
101 42.645755767822266
102 106.39900970458984
103 74.09161376953125
104 24.12285041809082
105 54.27642822265625
106 70.21472930908203
107 92.18375396728516
108 62.03019332885742
109 39.19963455200195
110 37.90734100341797
111 21.107494354248047
112 43.507286071777344
113 33.16891860961914
114 115.44508361816406
115 50.83029556274414
116 9.046069145202637
117 29.29203224182129
118 28.86126708984375
119 31.445858001708984
120 52.122589111328125
121 41.35346221923828
122 90.8914566040039
123 9.046069145202637
124 47.38417053222656
125 62.8917236328125
126 90.89146423339844
127 6.892243385314941
128 41.35346221923828
129 36.61504364013672
130 41.35346221923828
131 45.66111755371094
132 50.830291748046875
133 32.30739212036133
134 21.538259506225586
135 28.861268997192383
136 84.42998504638672
137 75.8146743774414
138 82.27615356445313
139 107.6913070678711
140 51.691829681396484
141 4.738417625427246
142 44.36882019042969
143 18.522903442382813
144 30.153562545776367
145 48.67646789550781
146 77.5377426147461
147 76.24544525146484
148 68.06090545654297
149 64.18401336669922
150 14.646017074584961
151 52.984127044677734
152 27.138208389282227
153 115.0143051147461
154 93.4760513305664
155 63.322486877441406
156 39.19963073730469
157 10.338364601135254
158 32.738155364990234
159 42.645755767822266
160 52.98412322998047
161 96.92218017578125
162 128.3680419921875
163 75.3839111328125
164 26.707441329956055
165 33.59968566894531
166 69.35319519042969
167 125.35267639160156
168 36.615047454833984
169 36.61504364013672
170 31.876625061035156
171 47.38417053222656
172 29.722797393798828
173 71.07625579833984
174 43.93804931640625
175 65.9070816040039
176 78.3992691040039
177 48.67646789550781
178 76.67620849609375
179 87.44534301757813
180 90.0299301147461
181 73.23008728027344
182 100.36830139160156
183 9.046069145202637
184 50.830291748046875
185 29.292034149169922
186 70.21472930908203
187 71.93779754638672
188 44.799583435058594
189 22.399789810180664
190 27.568973541259766
191 14.215251922607422
192 57.291770935058594
193 31.015094757080078
194 16.799842834472656
195 82.27616119384766
196 106.82978057861328
197 21.538259506225586
198 40.0611686706543
199 46.953407287597656
200 22.830554962158203
201 60.30713653564453
202 98.21446990966797
203 110.70664978027344
204 51.69182586669922
205 71.50702667236328
206 124.06037902832031
207 53.41489028930664
208 30.153562545776367
209 41.35346221923828
210 78.83003997802734
211 18.95366859436035
212 52.98412322998047
213 61.59943389892578
214 68.49166870117188
215 40.49192810058594
216 10.76913070678711
217 80.5531005859375
218 74.09162139892578
219 31.876623153686523
220 51.26106262207031
221 49.96876525878906
222 59.876365661621094
223 23.692089080810547
224 21.969024658203125
225 29.292034149169922
226 68.92243957519531
227 6.030713081359863
228 31.015094757080078
229 16.799842834472656
230 4.307652473449707
231 49.9687614440918
232 108.12206268310547
233 13.784485816955566
234 49.107234954833984
235 31.015094757080078
236 138.275634765625
237 66.33784484863281
238 23.692087173461914
239 29.722797393798828
240 33.59968948364258
241 51.69182586669922
242 86.15304565429688
243 115.01432800292969
244 50.83029556274414
245 15.938312530517578
246 22.399791717529297
247 38.76887512207031
248 24.553617477416992
249 100.36829376220703
250 77.53773498535156
251 42.21499252319336
252 65.04554748535156
253 43.07652282714844
254 58.584068298339844
255 107.6913070678711
256 133.96798706054688
257 116.73736572265625
258 61.59942626953125
259 67.6301498413086
260 40.92269515991211
261 107.26053619384766
262 86.58381652832031
263 106.39900970458984
264 115.44507598876953
265 72.36856079101563
266 58.1533088684082
267 65.476318359375
268 64.61478424072266
269 117.16813659667969
270 178.33682250976563
271 164.9830780029297
272 86.1530532836914
273 98.21446228027344
274 116.73738098144531
275 68.06089782714844
276 32.30738830566406
277 24.9843807220459
278 66.33784484863281
279 135.69105529785156
280 67.19937133789063
281 17.661373138427734
282 54.27641296386719
283 27.568971633911133
284 17.230609893798828
285 56.86100769042969
286 27.13821029663086
287 32.30738830566406
288 25.415149688720703
289 70.6455078125
290 24.12285041809082
291 75.3839111328125
292 28.430503845214844
293 62.8917236328125
294 26.276676177978516
295 17.230607986450195
296 71.50702667236328
297 16.369077682495117
298 73.23008728027344
299 66.76860809326172
300 59.445594787597656
301 12.922955513000488
302 63.75325393676758
303 34.89198684692383
304 50.399532318115234
305 12.061426162719727
306 147.32171630859375
307 22.830556869506836
308 34.030452728271484
309 7.7537736892700195
310 65.9070816040039
311 54.27642059326172
312 69.35321044921875
313 63.322486877441406
314 77.968505859375
315 30.153564453125
316 30.153562545776367
317 26.276676177978516
318 50.39952850341797
319 55.99947738647461
320 82.70691680908203
321 52.9841194152832
322 90.89147186279297
323 21.969026565551758
324 40.92269515991211
325 55.137943267822266
326 40.4919319152832
327 28.430503845214844
328 39.19963455200195
329 3.4461216926574707
330 16.369077682495117
331 35.753509521484375
332 14.646017074584961
333 12.922956466674805
334 35.32274627685547
335 27.138208389282227
336 11.630661010742188
337 29.722797393798828
338 37.47657775878906
339 40.4919319152832
340 59.014835357666016
341 83.5684585571289
342 37.90734100341797
343 93.0452880859375
344 73.23009490966797
345 25.415145874023438
346 144.73712158203125
347 56.43024826049805
348 40.49192810058594
349 43.938053131103516
350 38.76886749267578
351 23.261320114135742
352 79.69156646728516
353 61.168663024902344
354 70.64549255371094
355 60.73789978027344
356 56.86101531982422
357 36.61504364013672
358 38.338104248046875
359 69.78396606445313
360 26.707443237304688
361 48.67647171020508
362 21.538259506225586
363 123.1988525390625
364 85.72227478027344
365 84.86074829101563
366 75.38391876220703
367 74.52238464355469
368 78.3992691040039
369 41.78422546386719
370 105.9682388305664
371 104.67594909667969
372 124.92190551757813
373 76.67620086669922
374 43.938053131103516
375 15.507547378540039
376 20.67673110961914
377 59.014835357666016
378 99.07601165771484
379 92.18376159667969
380 96.92217254638672
381 139.1371612548828
382 136.98333740234375
383 42.21499252319336
384 148.61398315429688
385 55.5687141418457
386 51.26105880737305
387 62.46095657348633
388 61.599422454833984
389 58.58407211303711
390 58.58407211303711
391 85.29151916503906
392 34.030452728271484
393 15.0767822265625
394 14.646017074584961
395 33.168922424316406
396 83.13768768310547
397 52.5533561706543
398 59.01483917236328
399 23.261322021484375
400 12.922956466674805
401 41.353458404541016
402 27.999740600585938
403 69.35319519042969
404 97.78370666503906
405 74.09162139892578
406 100.36830139160156
407 100.79906463623047
408 42.645751953125
409 91.75299072265625
410 51.69182586669922
411 25.84591293334961
412 113.7220230102539
413 43.07652282714844
414 113.72200775146484
415 27.568971633911133
416 66.33785247802734
417 55.1379508972168
418 17.230609893798828
419 27.568971633911133
420 43.93804931640625
421 26.707441329956055
422 66.76860809326172
423 75.3839111328125
424 74.09162139892578
425 129.2295684814453
426 15.938312530517578
427 20.676729202270508
428 22.399791717529297
429 51.69182586669922
430 26.27667808532715
431 17.661373138427734
432 40.4919319152832
433 17.230607986450195
434 18.953670501708984
435 21.107494354248047
436 22.830556869506836
437 15.0767822265625
438 24.12285041809082
439 18.092138290405273
440 71.93778991699219
441 33.59968566894531
442 45.2303466796875
443 31.445859909057617
444 47.814937591552734
445 48.67646789550781
446 80.98387145996094
447 118.89119720458984
448 108.98359680175781
449 24.553617477416992
450 75.38391876220703
451 53.414886474609375
452 40.922698974609375
453 80.12232971191406
454 105.53746795654297
455 37.045806884765625
456 25.84591293334961
457 32.7381591796875
458 87.87611389160156
459 71.07626342773438
460 56.86100387573242
461 49.538002014160156
462 113.72200775146484
463 89.59916687011719
464 77.968505859375
465 66.33784484863281
466 42.214988708496094
467 111.1374282836914
468 18.522903442382813
469 47.81494140625
470 90.02993774414063
471 49.96876525878906
472 31.445858001708984
473 66.33784484863281
474 74.09162902832031
475 47.38417434692383
476 41.78422546386719
477 111.99895477294922
478 43.07652282714844
479 87.01457214355469
480 83.1376953125
481 53.41488265991211
482 67.63014221191406
483 31.445859909057617
484 16.369077682495117
485 82.70692443847656
486 99.93753051757813
487 17.230607986450195
488 22.830554962158203
489 62.030189514160156
490 3.876887083053589
491 30.153564453125
492 37.045806884765625
493 48.67647171020508
494 15.938312530517578
495 15.0767822265625
496 32.738155364990234
497 64.61478424072266
498 21.107494354248047
499 52.55335998535156
500 34.89198303222656
501 18.95366859436035
502 23.69208526611328
503 24.553617477416992
504 74.52238464355469
505 9.046070098876953
506 24.98438262939453
507 34.03044891357422
508 18.522903442382813
509 35.32274627685547
510 94.76834869384766
511 145.59864807128906
512 47.38417053222656
513 77.10697937011719
514 28.430503845214844
515 56.86101150512695
516 40.49193572998047
517 26.707441329956055
518 71.07626342773438
519 23.69208526611328
520 56.86101150512695
521 59.01483917236328
522 90.02992248535156
523 88.3068618774414
524 64.18402099609375
525 92.18376159667969
526 47.814945220947266
527 34.030452728271484
528 77.968505859375
529 25.84591293334961
530 80.5531005859375
531 94.33759307861328
532 38.338104248046875
533 41.35346221923828
534 14.646017074584961
535 29.292034149169922
536 61.59942626953125
537 39.630401611328125
538 19.815200805664063
539 19.81519889831543
540 48.67646789550781
541 75.81468200683594
542 73.66085815429688
543 11.630661010742188
544 23.69208526611328
545 18.092138290405273
546 36.61504364013672
547 74.09161376953125
548 69.78396606445313
549 69.78396606445313
550 93.90681457519531
551 89.59916687011719
552 99.50676727294922
553 171.8753204345703
554 144.73712158203125
555 98.2144775390625
556 100.799072265625
557 55.13795852661133
558 39.63039779663086
559 43.50728988647461
560 26.707441329956055
561 60.30712890625
562 34.46121597290039
563 13.353721618652344
564 3.4461216926574707
565 38.76886749267578
566 16.799842834472656
567 18.95366859436035
568 18.092138290405273
569 45.66111373901367
570 49.10723876953125
571 42.645755767822266
572 24.12285041809082
573 21.107494354248047
574 29.722797393798828
575 51.691829681396484
576 65.04554748535156
577 35.75351333618164
578 101.66059875488281
579 74.9531478881836
580 67.19937133789063
581 30.58432960510254
582 56.43024444580078
583 62.891727447509766
584 41.35346221923828
585 41.353458404541016
586 62.030189514160156
587 26.27667808532715
588 133.96800231933594
589 130.0911102294922
590 142.5832977294922
591 139.5679473876953
592 183.07522583007813
593 39.63039779663086
594 102.52210998535156
595 32.30738830566406
596 73.2300796508789
597 38.76886749267578
598 9.046069145202637
599 61.599430084228516
600 107.26054382324219
601 19.38443374633789
602 40.06116485595703
603 49.96876525878906
604 54.276424407958984
605 39.19963455200195
606 51.26105880737305
607 38.338104248046875
608 127.07574462890625
609 63.753257751464844
610 118.0296630859375
611 42.645755767822266
612 62.03019332885742
613 27.999736785888672
614 26.27667808532715
615 103.3836441040039
616 26.707443237304688
617 55.99947738647461
618 34.030452728271484
619 130.52186584472656
620 42.6457633972168
621 58.584068298339844
622 73.23008728027344
623 81.41462707519531
624 69.35320281982422
625 129.2295684814453
626 59.44559860229492
627 33.168922424316406
628 36.61503982543945
629 93.90682983398438
630 108.98361206054688
631 49.96876907348633
632 93.0452880859375
633 92.6145248413086
634 115.44507598876953
635 127.07573699951172
636 52.55335235595703
637 80.9838638305664
638 25.84591293334961
639 53.414886474609375
640 27.568971633911133
641 105.53748321533203
642 83.99922180175781
643 76.24545288085938
644 35.753509521484375
645 161.5369415283203
646 63.75325393676758
647 71.50704193115234
648 60.73789596557617
649 108.98360443115234
650 98.64524841308594
651 104.67594909667969
652 55.568721771240234
653 97.35293579101563
654 66.33784484863281
655 46.09187698364258
656 59.014835357666016
657 102.09136199951172
658 104.24517822265625
659 72.79931640625
660 65.90707397460938
661 105.96824645996094
662 126.21420288085938
663 51.26106262207031
664 106.82978820800781
665 61.599430084228516
666 59.876365661621094
667 17.230607986450195
668 32.30739212036133
669 50.399532318115234
670 99.07600402832031
671 28.430503845214844
672 26.276676177978516
673 78.3992691040039
674 70.21472930908203
675 78.3992691040039
676 62.8917236328125
677 28.86126708984375
678 7.3230085372924805
679 42.64575958251953
680 59.876365661621094
681 59.01483917236328
682 19.81519889831543
683 54.70718002319336
684 19.81519889831543
685 18.95366859436035
686 80.55309295654297
687 63.32249069213867
688 26.27667999267578
689 46.52264404296875
690 45.2303466796875
691 62.03019332885742
692 106.82976531982422
693 35.75351333618164
694 59.01483917236328
695 43.50728225708008
696 119.75272369384766
697 53.84565353393555
698 31.445859909057617
699 93.0452880859375
700 57.29177474975586
701 38.338104248046875
702 29.72279930114746
703 32.738155364990234
704 74.52237701416016
705 66.76860809326172
706 46.953407287597656
707 34.89198303222656
708 64.61478424072266
709 116.73737335205078
710 147.75247192382813
711 52.55336380004883
712 18.95366859436035
713 59.01483154296875
714 75.3839111328125
715 46.522640228271484
716 71.07626342773438
717 82.70692443847656
718 9.907600402832031
719 44.799583435058594
720 59.01483917236328
721 35.32274627685547
722 38.33810043334961
723 54.27641677856445
724 72.79933166503906
725 55.1379508972168
726 51.26106262207031
727 26.27667808532715
728 50.830299377441406
729 34.03044891357422
730 40.06116485595703
731 34.030452728271484
732 3.0153565406799316
733 82.27615356445313
734 71.07626342773438
735 103.81441497802734
736 48.24570083618164
737 110.7066650390625
738 60.73789978027344
739 155.50625610351563
740 100.79906463623047
741 40.92269515991211
742 33.168922424316406
743 80.12232971191406
744 77.10697937011719
745 59.44559860229492
746 46.95341110229492
747 110.7066650390625
748 91.32222747802734
749 25.845911026000977
750 61.599430084228516
751 111.56819152832031
752 110.27589416503906
753 59.44559860229492
754 74.95316314697266
755 38.338104248046875
756 28.861268997192383
757 82.27615356445313
758 55.13794708251953
759 77.968505859375
760 31.445858001708984
761 52.55335235595703
762 32.738155364990234
763 27.568973541259766
764 146.8909454345703
765 117.16814422607422
766 69.35320281982422
767 48.676475524902344
768 16.369077682495117
769 78.83003234863281
770 76.24544525146484
771 77.5377426147461
772 43.938053131103516
773 85.72228240966797
774 103.81441497802734
775 26.27667808532715
776 83.56845092773438
777 65.0455551147461
778 58.15330123901367
779 26.276676177978516
780 28.861268997192383
781 64.18401336669922
782 96.92218017578125
783 33.59968566894531
784 52.55335998535156
785 27.999738693237305
786 49.538002014160156
787 111.56819152832031
788 100.79905700683594
789 116.30661010742188
790 59.44559860229492
791 61.59942626953125
792 31.445858001708984
793 5.599947929382324
794 19.815200805664063
795 45.66111373901367
796 38.338104248046875
797 83.56845092773438
798 79.69156646728516
799 52.12259292602539
800 97.35294342041016
801 120.18348693847656
802 59.44561004638672
803 63.75325012207031
804 61.168663024902344
805 99.93753051757813
806 105.9682388305664
807 89.16840362548828
808 82.70692443847656
809 55.99947738647461
810 58.584075927734375
811 27.13821029663086
812 57.29177474975586
813 30.153564453125
814 89.59915924072266
815 98.21446990966797
816 33.59968948364258
817 46.52264404296875
818 49.53800582885742
819 41.78422164916992
820 46.52264404296875
821 64.61478424072266
822 66.76860809326172
823 16.369077682495117
824 29.72279930114746
825 59.01483917236328
826 78.83003234863281
827 51.26105880737305
828 26.707443237304688
829 31.876625061035156
830 30.58432960510254
831 68.92243194580078
832 19.81519889831543
833 97.35293579101563
834 96.92217254638672
835 96.06063842773438
836 49.538002014160156
837 54.70718002319336
838 65.476318359375
839 13.353721618652344
840 31.01509666442871
841 69.35319519042969
842 55.13794708251953
843 68.92243957519531
844 71.07626342773438
845 31.445859909057617
846 83.56844329833984
847 18.522903442382813
848 71.07626342773438
849 94.76835632324219
850 20.2459659576416
851 20.2459659576416
852 62.030189514160156
853 57.722537994384766
854 42.214988708496094
855 87.44535064697266
856 19.384435653686523
857 82.7069320678711
858 26.276676177978516
859 94.33758544921875
860 85.72228240966797
861 69.35319519042969
862 38.76887130737305
863 16.369077682495117
864 48.67646789550781
865 52.98412322998047
866 44.368812561035156
867 43.50728988647461
868 36.61504364013672
869 84.42999267578125
870 88.73764038085938
871 52.122596740722656
872 72.79933166503906
873 28.86126708984375
874 31.015092849731445
875 42.645755767822266
876 24.98438262939453
877 46.953407287597656
878 65.9070816040039
879 20.676729202270508
880 55.56871032714844
881 68.06090545654297
882 92.18376159667969
883 93.90682220458984
884 96.0606460571289
885 74.52237701416016
886 46.95341110229492
887 70.64549255371094
888 29.292034149169922
889 28.861270904541016
890 24.98438262939453
891 48.245704650878906
892 40.92269515991211
893 23.261320114135742
894 37.4765739440918
895 89.16840362548828
896 40.92269515991211
897 75.8146743774414
898 76.24544525146484
899 70.64550018310547
900 73.2300796508789
901 32.738155364990234
902 89.59917449951172
903 41.353458404541016
904 74.09161376953125
905 69.35320281982422
906 80.5531005859375
907 84.8607406616211
908 25.41514778137207
909 59.44559860229492
910 48.24570846557617
911 19.38443374633789
912 42.21499252319336
913 62.8917236328125
914 77.10697937011719
915 52.55335235595703
916 12.49219036102295
917 55.56871032714844
918 37.9073371887207
919 81.84539794921875
920 21.53826141357422
921 19.81519889831543
922 101.2298355102539
923 29.72279930114746
924 40.06116485595703
925 73.66085052490234
926 28.861268997192383
927 81.84539794921875
928 83.99921417236328
929 19.38443374633789
930 24.122852325439453
931 31.876623153686523
932 54.27641677856445
933 92.18375396728516
934 102.52212524414063
935 31.015094757080078
936 44.36881637573242
937 83.56845092773438
938 84.86075592041016
939 64.18402099609375
940 34.461219787597656
941 56.43024444580078
942 68.92243194580078
943 87.87610626220703
944 107.26052856445313
945 46.95341491699219
946 65.0455551147461
947 35.75351333618164
948 36.18428039550781
949 177.4752655029297
950 104.24517822265625
951 80.5531005859375
952 62.46095275878906
953 67.19937896728516
954 41.78422546386719
955 20.676729202270508
956 16.799842834472656
957 78.3992691040039
958 16.36907958984375
959 106.39900970458984
960 19.81519889831543
961 99.50676727294922
962 44.368812561035156
963 10.76913070678711
964 27.138206481933594
965 101.22982788085938
966 49.107234954833984
967 87.4453353881836
968 75.8146743774414
969 45.66111755371094
970 50.399532318115234
971 16.799842834472656
972 51.26105880737305
973 44.79958724975586
974 42.645755767822266
975 65.9070816040039
976 91.32222747802734
977 68.92243957519531
978 130.95263671875
979 138.275634765625
980 101.66059875488281
981 149.4755401611328
982 75.8146743774414
983 56.43024826049805
984 57.72254180908203
985 103.81441497802734
986 87.01457977294922
987 63.32249069213867
988 49.10723876953125
989 37.04581069946289
990 33.59968566894531
991 62.891727447509766
992 61.599430084228516
993 60.30713653564453
994 28.430503845214844
995 11.199895858764648
996 24.55361557006836
997 43.507286071777344
998 57.722537994384766
999 34.46121597290039
1000 22.830556869506836
1001 52.55335998535156
1002 52.55335998535156
