# Selection 1:name NC3 PO4 GL1 GL2 Selection 2:name AUC AUSL AUL Cutoff:8 Start:0 End:-1
0 0
1 0
2 5
3 5
4 2
5 5
6 0
7 0
8 8
9 7
10 8
11 0
12 5
13 7
14 5
15 4
16 5
17 9
18 7
19 7
20 8
21 3
22 7
23 5
24 8
25 5
26 4
27 3
28 7
29 1
30 4
31 4
32 7
33 8
34 6
35 8
36 3
37 9
38 9
39 7
40 6
41 12
42 4
43 3
44 8
45 8
46 4
47 3
48 14
49 3
50 9
51 2
52 5
53 11
54 10
55 9
56 5
57 5
58 2
59 4
60 8
61 8
62 8
63 4
64 5
65 8
66 6
67 6
68 6
69 11
70 10
71 5
72 5
73 4
74 5
75 6
76 6
77 7
78 2
79 5
80 5
81 6
82 5
83 6
84 4
85 11
86 4
87 2
88 4
89 12
90 10
91 9
92 6
93 7
94 9
95 6
96 6
97 8
98 8
99 10
100 5
101 5
102 5
103 9
104 6
105 5
106 1
107 10
108 9
109 5
110 11
111 8
112 4
113 7
114 2
115 5
116 10
117 5
118 8
119 6
120 4
121 2
122 8
123 4
124 1
125 9
126 8
127 5
128 4
129 1
130 5
131 5
132 7
133 1
134 3
135 5
136 4
137 10
138 5
139 6
140 5
141 2
142 7
143 9
144 5
145 7
146 7
147 10
148 10
149 7
150 7
151 7
152 7
153 9
154 3
155 8
156 7
157 10
158 5
159 9
160 5
161 4
162 8
163 6
164 12
165 11
166 4
167 6
168 4
169 5
170 7
171 7
172 11
173 6
174 13
175 8
176 6
177 6
178 1
179 7
180 5
181 5
182 9
183 4
184 9
185 6
186 8
187 11
188 5
189 6
190 8
191 3
192 6
193 4
194 6
195 9
196 5
197 9
198 5
199 8
200 9
201 9
202 7
203 7
204 5
205 6
206 11
207 3
208 5
209 12
210 11
211 5
212 5
213 6
214 8
215 8
216 8
217 7
218 4
219 3
220 4
221 7
222 4
223 9
224 7
225 5
226 5
227 10
228 9
229 7
230 4
231 6
232 8
233 4
234 4
235 4
236 5
237 2
238 7
239 4
240 8
241 8
242 4
243 5
244 9
245 11
246 4
247 5
248 6
249 8
250 7
251 7
252 5
253 8
254 5
255 9
256 7
257 5
258 3
259 6
260 6
261 10
262 7
263 6
264 7
265 8
266 4
267 9
268 7
269 3
270 13
271 4
272 8
273 7
274 6
275 4
276 10
277 8
278 4
279 4
280 7
281 7
282 3
283 10
284 8
285 3
286 3
287 4
288 5
289 7
290 9
291 4
292 8
293 11
294 6
295 8
296 10
297 3
298 4
299 10
300 4
301 6
302 4
303 7
304 3
305 5
306 3
307 9
308 8
309 7
310 4
311 6
312 9
313 1
314 5
315 0
316 3
317 9
318 3
319 7
320 6
321 4
322 5
323 11
324 3
325 6
326 10
327 4
328 5
329 5
330 0
331 6
332 8
333 8
334 11
335 2
336 6
337 7
338 11
339 7
340 6
341 7
342 6
343 6
344 5
345 8
346 6
347 8
348 4
349 7
350 10
351 10
352 8
353 8
354 11
355 5
356 6
357 4
358 8
359 12
360 11
361 4
362 4
363 8
364 6
365 3
366 3
367 5
368 6
369 6
370 2
371 4
372 3
373 6
374 6
375 8
376 10
377 4
378 9
379 6
380 10
381 8
382 5
383 3
384 4
385 5
386 9
387 11
388 3
389 3
390 3
391 3
392 3
393 7
394 3
395 8
396 3
397 5
398 4
399 2
400 6
401 7
402 6
403 6
404 6
405 9
406 6
407 6
408 5
409 4
410 5
411 4
412 5
413 7
414 9
415 0
416 7
417 10
418 2
419 1
420 6
421 7
422 4
423 5
424 4
425 12
426 7
427 6
428 7
429 5
430 11
431 9
432 11
433 7
434 9
435 5
436 8
437 6
438 5
439 9
440 7
441 4
442 7
443 5
444 10
445 5
446 9
447 6
448 8
449 4
450 4
451 6
452 4
453 5
454 7
455 6
456 5
457 13
458 0
459 11
460 7
461 8
462 7
463 5
464 8
465 3
466 7
467 4
468 7
469 4
470 3
471 8
472 2
473 3
474 6
475 7
476 7
477 8
478 3
479 5
480 6
481 7
482 6
483 4
484 9
485 10
486 2
487 6
488 4
489 11
490 6
491 0
492 3
493 9
494 8
495 7
496 5
497 4
498 5
499 3
500 1
501 6
502 5
503 4
504 5
505 5
506 10
507 5
508 8
509 4
510 4
511 4
512 11
513 7
514 7
515 5
516 3
517 0
518 4
519 9
520 8
521 8
522 5
523 7
524 7
525 11
526 7
527 8
528 2
529 9
530 10
531 5
532 6
533 8
534 11
535 8
536 9
537 11
538 5
539 5
540 5
541 9
542 1
543 6
544 5
545 10
546 4
547 3
548 4
549 6
550 12
551 7
552 8
553 5
554 7
555 3
556 5
557 6
558 6
559 6
560 3
561 8
562 7
563 7
564 4
565 8
566 7
567 5
568 5
569 0
570 9
571 10
572 7
573 3
574 7
575 10
576 4
577 3
578 6
579 8
580 5
581 10
582 8
583 7
584 9
585 4
586 6
587 8
588 1
589 8
590 5
591 8
592 0
593 3
594 4
595 6
596 8
597 7
598 8
599 4
600 1
601 1
602 5
603 5
604 7
605 5
606 8
607 13
608 6
609 10
610 8
611 5
612 5
613 9
614 6
615 6
616 7
617 7
618 7
619 0
620 5
621 5
622 8
623 14
624 9
625 11
626 7
627 7
628 7
629 2
630 4
631 7
632 8
633 3
634 4
635 5
636 3
637 8
638 10
639 7
640 7
641 4
642 6
643 9
644 7
645 1
646 3
647 4
648 5
649 6
650 5
651 4
652 3
653 8
654 8
655 6
656 5
657 2
658 3
659 4
660 8
661 9
662 4
663 8
664 8
665 10
666 5
667 7
668 2
669 10
670 3
671 6
672 2
673 4
674 0
675 3
676 7
677 4
678 3
679 10
680 5
681 9
682 8
683 6
684 4
685 7
686 7
687 8
688 1
689 8
690 5
691 6
692 7
693 9
694 9
695 4
696 5
697 2
698 4
699 6
700 6
701 12
702 3
703 4
704 6
705 3
706 4
707 5
708 3
709 7
710 3
711 8
712 5
713 0
714 8
715 8
716 3
717 8
718 6
719 4
720 4
721 10
722 0
723 4
724 6
725 7
726 5
727 9
728 6
729 7
730 5
731 3
732 5
733 6
734 5
735 3
736 5
737 8
738 1
739 5
740 6
741 7
742 11
743 0
744 5
745 8
746 10
747 4
748 3
749 8
750 10
751 8
752 8
753 4
754 9
755 5
756 5
757 4
758 2
759 8
760 6
761 12
762 8
763 3
764 5
765 8
766 6
767 9
768 4
769 7
770 3
771 7
772 4
773 9
774 8
775 9
776 4
777 5
778 6
779 11
780 7
781 3
782 2
783 2
784 7
785 3
786 8
787 9
788 6
789 8
790 4
791 14
792 8
793 3
794 7
795 10
796 3
797 8
798 7
799 3
800 6
801 4
802 11
803 10
804 5
805 4
806 4
807 4
808 6
809 5
810 1
811 9
812 2
813 3
814 8
815 7
816 4
817 9
818 7
819 7
820 6
821 9
822 7
823 7
824 5
825 3
826 5
827 6
828 7
829 8
830 7
831 9
832 3
833 4
834 0
835 1
836 4
837 5
838 8
839 5
840 6
841 5
842 3
843 4
844 6
845 6
846 6
847 0
848 4
849 5
850 5
851 5
852 8
853 6
854 6
855 6
856 6
857 5
858 6
859 3
860 8
861 4
862 8
863 5
864 5
865 0
866 4
867 6
868 1
869 7
870 5
871 9
872 10
873 8
874 10
875 6
876 8
877 3
878 0
879 5
880 5
881 7
882 6
883 1
884 2
885 7
886 4
887 6
888 3
889 5
890 4
891 7
892 2
893 8
894 1
895 6
896 3
897 2
898 4
899 2
900 10
901 4
902 6
903 9
904 8
905 6
906 9
907 6
908 6
909 9
910 8
911 5
912 7
913 11
914 5
915 10
916 4
917 2
918 7
919 10
920 3
921 6
922 8
923 1
924 5
925 6
926 4
927 7
928 6
929 0
930 6
931 6
932 4
933 2
934 3
935 4
936 6
937 2
938 7
939 7
940 6
941 4
942 5
943 6
944 7
945 8
946 3
947 3
948 4
949 8
950 1
951 6
952 4
953 8
954 2
955 4
956 5
957 6
958 7
959 7
960 3
961 8
962 3
963 8
964 10
965 9
966 6
967 5
968 4
969 6
970 4
971 2
972 4
973 4
974 3
975 6
976 4
977 9
978 4
979 7
980 5
981 4
982 2
983 3
984 4
985 7
986 7
987 7
988 3
989 8
990 8
991 3
992 3
993 7
994 1
995 3
996 5
997 3
998 5
999 7
1000 1
1001 7
1002 7
