# Selection 1:name C1A D2A C3A C4A C1B C2B C3B C4B Selection 2:name AUC AUSL AUL Cutoff:8 Start:0 End:-1
0 0
1 0
2 11
3 5
4 9
5 6
6 8
7 8
8 6
9 10
10 11
11 6
12 6
13 11
14 6
15 10
16 9
17 6
18 6
19 7
20 5
21 7
22 10
23 9
24 7
25 8
26 9
27 8
28 7
29 4
30 8
31 6
32 7
33 8
34 9
35 12
36 6
37 8
38 7
39 10
40 4
41 3
42 5
43 8
44 5
45 11
46 10
47 8
48 8
49 7
50 11
51 8
52 10
53 7
54 4
55 7
56 3
57 8
58 6
59 7
60 9
61 4
62 14
63 14
64 8
65 9
66 4
67 6
68 8
69 6
70 5
71 3
72 8
73 9
74 7
75 7
76 5
77 8
78 10
79 5
80 7
81 5
82 8
83 2
84 6
85 8
86 3
87 5
88 10
89 11
90 4
91 9
92 6
93 7
94 5
95 8
96 3
97 4
98 8
99 14
100 10
101 10
102 9
103 11
104 6
105 7
106 6
107 11
108 5
109 6
110 10
111 7
112 8
113 6
114 9
115 6
116 12
117 14
118 10
119 7
120 7
121 7
122 6
123 7
124 7
125 8
126 7
127 6
128 9
129 5
130 11
131 8
132 7
133 5
134 7
135 6
136 8
137 5
138 8
139 7
140 4
141 2
142 8
143 8
144 9
145 11
146 9
147 9
148 4
149 11
150 7
151 6
152 10
153 4
154 7
155 5
156 7
157 6
158 8
159 5
160 8
161 5
162 8
163 9
164 8
165 8
166 10
167 6
168 5
169 2
170 6
171 10
172 7
173 6
174 7
175 6
176 7
177 3
178 8
179 6
180 4
181 5
182 4
183 7
184 9
185 8
186 7
187 4
188 5
189 4
190 7
191 5
192 5
193 7
194 7
195 9
196 4
197 6
198 11
199 11
200 8
201 9
202 9
203 7
204 10
205 11
206 8
207 5
208 8
209 11
210 5
211 10
212 7
213 4
214 6
215 6
216 8
217 6
218 6
219 10
220 3
221 10
222 9
223 6
224 9
225 6
226 10
227 11
228 10
229 4
230 8
231 8
232 12
233 10
234 6
235 13
236 6
237 12
238 7
239 11
240 10
241 8
242 8
243 9
244 11
245 10
246 7
247 9
248 9
249 2
250 6
251 8
252 7
253 12
254 12
255 6
256 9
257 4
258 6
259 6
260 7
261 10
262 13
263 6
264 8
265 10
266 14
267 6
268 9
269 6
270 7
271 7
272 7
273 8
274 8
275 7
276 7
277 7
278 10
279 5
280 5
281 9
282 11
283 6
284 7
285 6
286 6
287 9
288 7
289 6
290 9
291 7
292 6
293 6
294 9
295 10
296 10
297 7
298 7
299 13
300 6
301 10
302 7
303 10
304 14
305 10
306 9
307 12
308 8
309 9
310 8
311 11
312 10
313 7
314 11
315 7
316 6
317 10
318 7
319 6
320 10
321 8
322 7
323 7
324 8
325 5
326 6
327 5
328 11
329 6
330 6
331 8
332 5
333 7
334 5
335 6
336 6
337 7
338 7
339 4
340 5
341 7
342 7
343 4
344 14
345 8
346 4
347 11
348 7
349 9
350 8
351 8
352 13
353 9
354 7
355 9
356 10
357 7
358 6
359 9
360 9
361 11
362 8
363 5
364 10
365 8
366 6
367 13
368 10
369 11
370 4
371 9
372 10
373 9
374 11
375 3
376 14
377 13
378 10
379 9
380 10
381 7
382 8
383 10
384 8
385 8
386 9
387 6
388 7
389 6
390 11
391 4
392 10
393 8
394 8
395 7
396 5
397 10
398 11
399 7
400 5
401 11
402 7
403 8
404 8
405 6
406 6
407 7
408 3
409 8
410 8
411 5
412 5
413 7
414 3
415 2
416 6
417 8
418 5
419 4
420 10
421 8
422 11
423 9
424 8
425 12
426 3
427 8
428 8
429 7
430 5
431 10
432 7
433 8
434 5
435 5
436 9
437 6
438 8
439 9
440 4
441 9
442 9
443 6
444 9
445 8
446 9
447 6
448 7
449 7
450 11
451 8
452 10
453 5
454 5
455 4
456 9
457 5
458 4
459 12
460 9
461 9
462 10
463 10
464 14
465 7
466 7
467 5
468 8
469 4
470 7
471 8
472 7
473 7
474 6
475 7
476 9
477 9
478 8
479 9
480 8
481 7
482 9
483 11
484 12
485 7
486 7
487 7
488 7
489 9
490 6
491 5
492 6
493 7
494 6
495 6
496 4
497 6
498 8
499 11
500 5
501 7
502 11
503 5
504 9
505 7
506 9
507 10
508 12
509 7
510 9
511 10
512 12
513 10
514 11
515 10
516 11
517 7
518 6
519 10
520 4
521 11
522 4
523 11
524 11
525 8
526 12
527 9
528 10
529 7
530 11
531 13
532 10
533 9
534 8
535 10
536 12
537 5
538 11
539 13
540 7
541 8
542 9
543 10
544 5
545 9
546 8
547 8
548 11
549 5
550 9
551 7
552 5
553 8
554 8
555 9
556 13
557 8
558 9
559 11
560 4
561 4
562 13
563 7
564 8
565 6
566 10
567 8
568 7
569 4
570 6
571 6
572 9
573 7
574 8
575 10
576 8
577 9
578 11
579 5
580 8
581 9
582 9
583 11
584 8
585 11
586 12
587 7
588 5
589 11
590 9
591 7
592 5
593 9
594 6
595 10
596 7
597 5
598 10
599 8
600 9
601 9
602 13
603 6
604 7
605 5
606 10
607 11
608 7
609 10
610 11
611 8
612 11
613 14
614 9
615 9
616 7
617 9
618 8
619 6
620 11
621 6
622 9
623 10
624 8
625 9
626 10
627 10
628 7
629 12
630 11
631 6
632 4
633 7
634 6
635 9
636 2
637 3
638 9
639 8
640 12
641 7
642 10
643 9
644 4
645 11
646 10
647 9
648 11
649 6
650 8
651 6
652 8
653 8
654 14
655 4
656 5
657 8
658 5
659 5
660 7
661 8
662 7
663 6
664 9
665 10
666 7
667 3
668 6
669 6
670 12
671 12
672 11
673 9
674 9
675 14
676 7
677 5
678 6
679 6
680 9
681 6
682 5
683 8
684 9
685 9
686 9
687 10
688 9
689 7
690 8
691 10
692 11
693 11
694 10
695 7
696 6
697 5
698 8
699 7
700 8
701 5
702 7
703 5
704 8
705 9
706 14
707 5
708 9
709 14
710 9
711 7
712 6
713 8
714 6
715 10
716 8
717 10
718 15
719 7
720 10
721 3
722 7
723 9
724 12
725 3
726 9
727 7
728 3
729 8
730 7
731 8
732 5
733 8
734 8
735 5
736 6
737 8
738 5
739 5
740 7
741 3
742 7
743 10
744 6
745 8
746 10
747 6
748 8
749 13
750 10
751 10
752 9
753 15
754 5
755 9
756 7
757 9
758 6
759 11
760 7
761 7
762 6
763 11
764 14
765 8
766 8
767 7
768 8
769 8
770 9
771 8
772 9
773 13
774 7
775 10
776 9
777 7
778 13
779 7
780 9
781 10
782 15
783 7
784 5
785 8
786 6
787 6
788 9
789 10
790 7
791 7
792 7
793 4
794 8
795 8
796 10
797 10
798 8
799 10
800 8
801 8
802 7
803 6
804 7
805 10
806 8
807 6
808 8
809 6
810 10
811 12
812 13
813 10
814 12
815 12
816 8
817 7
818 13
819 11
820 10
821 7
822 6
823 11
824 7
825 10
826 9
827 12
828 5
829 6
830 3
831 8
832 11
833 10
834 7
835 5
836 8
837 5
838 8
839 10
840 5
841 6
842 6
843 7
844 5
845 9
846 7
847 12
848 11
849 7
850 2
851 5
852 6
853 7
854 7
855 5
856 8
857 7
858 7
859 7
860 8
861 8
862 9
863 9
864 9
865 9
866 7
867 10
868 8
869 10
870 11
871 7
872 8
873 3
874 6
875 8
876 5
877 3
878 6
879 7
880 8
881 5
882 5
883 11
884 12
885 6
886 5
887 8
888 8
889 7
890 5
891 7
892 11
893 7
894 8
895 8
896 8
897 7
898 10
899 7
900 6
901 6
902 11
903 10
904 8
905 8
906 14
907 9
908 12
909 10
910 10
911 8
912 14
913 10
914 5
915 10
916 9
917 10
918 5
919 13
920 9
921 8
922 12
923 9
924 3
925 6
926 7
927 7
928 10
929 9
930 5
931 14
932 7
933 10
934 6
935 3
936 4
937 5
938 9
939 10
940 1
941 6
942 6
943 6
944 9
945 9
946 5
947 6
948 7
949 9
950 7
951 4
952 4
953 8
954 6
955 8
956 10
957 10
958 7
959 10
960 9
961 9
962 5
963 8
964 9
965 8
966 6
967 10
968 5
969 10
970 9
971 5
972 10
973 7
974 9
975 7
976 7
977 10
978 6
979 6
980 3
981 10
982 10
983 4
984 12
985 9
986 6
987 8
988 9
989 5
990 7
991 9
992 12
993 5
994 8
995 14
996 4
997 11
998 6
999 8
1000 11
1001 8
1002 8
