# Selection:resname AU POPC Restricted:name AUC AUL AUSL Radius:2.64 Start:0 End:-1
0 206.33653259277344
1 208.4903564453125
2 14.215251922607422
3 37.9073371887207
4 25.415145874023438
5 39.19963455200195
6 9.476834297180176
7 12.061426162719727
8 3.876887083053589
9 9.046069145202637
10 13.784486770629883
11 30.584327697753906
12 15.0767822265625
13 22.399789810180664
14 16.799842834472656
15 15.938312530517578
16 4.307651996612549
17 24.12285041809082
18 8.184538841247559
19 17.661373138427734
20 24.9843807220459
21 25.845911026000977
22 31.015092849731445
23 19.81519889831543
24 36.61503982543945
25 20.676729202270508
26 15.0767822265625
27 18.95366859436035
28 48.245704650878906
29 21.10749626159668
30 37.47657012939453
31 23.261320114135742
32 29.722797393798828
33 15.0767822265625
34 7.7537736892700195
35 22.830554962158203
36 17.230609893798828
37 37.4765739440918
38 21.538259506225586
39 24.553617477416992
40 46.09187698364258
41 23.69208526611328
42 5.599947452545166
43 11.630660057067871
44 29.292034149169922
45 6.461478233337402
46 25.41514778137207
47 34.030452728271484
48 8.184538841247559
49 11.199894905090332
50 41.353458404541016
51 15.507547378540039
52 24.55361557006836
53 43.93804931640625
54 33.168922424316406
55 20.24596405029297
56 45.230350494384766
57 28.861268997192383
58 14.215251922607422
59 44.368812561035156
60 19.81519889831543
61 36.18427658081055
62 25.845911026000977
63 17.661373138427734
64 31.445859909057617
65 15.507547378540039
66 40.92269515991211
67 33.59968566894531
68 21.538259506225586
69 25.845911026000977
70 12.49219036102295
71 50.830299377441406
72 16.369077682495117
73 19.38443374633789
74 15.938312530517578
75 16.369077682495117
76 24.55361557006836
77 21.969024658203125
78 8.615303993225098
79 8.615303993225098
80 37.04581069946289
81 18.95366859436035
82 21.969024658203125
83 10.338364601135254
84 18.953670501708984
85 8.184538841247559
86 17.230607986450195
87 24.98438262939453
88 22.830554962158203
89 13.784486770629883
90 24.9843807220459
91 12.49219036102295
92 23.69208526611328
93 63.75324630737305
94 33.59968948364258
95 9.476834297180176
96 15.938312530517578
97 21.538259506225586
98 33.59968566894531
99 6.892243385314941
100 12.061426162719727
101 21.538259506225586
102 34.461219787597656
103 17.661373138427734
104 46.09187698364258
105 18.522903442382813
106 12.061426162719727
107 17.661373138427734
108 16.369077682495117
109 15.0767822265625
110 12.06142520904541
111 16.369077682495117
112 34.89198303222656
113 10.769129753112793
114 29.72279930114746
115 38.76886749267578
116 21.107494354248047
117 25.84591293334961
118 24.553617477416992
119 10.338364601135254
120 20.676729202270508
121 19.81519889831543
122 17.230607986450195
123 25.84591293334961
124 20.24596405029297
125 26.707443237304688
126 16.36907958984375
127 43.507286071777344
128 13.353721618652344
129 22.399789810180664
130 24.98438262939453
131 15.507547378540039
132 14.646017074584961
133 28.43050193786621
134 43.07652282714844
135 7.7537736892700195
136 12.922955513000488
137 31.445858001708984
138 31.015094757080078
139 18.95366859436035
140 24.9843807220459
141 40.92269515991211
142 26.276676177978516
143 18.95366859436035
144 22.399789810180664
145 27.999736785888672
146 14.646017074584961
147 11.630661010742188
148 12.922956466674805
149 12.922955513000488
150 27.999738693237305
151 22.830554962158203
152 14.646017074584961
153 18.522903442382813
154 31.015094757080078
155 21.107494354248047
156 24.122852325439453
157 18.092138290405273
158 17.230607986450195
159 22.830554962158203
160 17.661373138427734
161 24.55361557006836
162 22.830554962158203
163 28.43050193786621
164 11.199895858764648
165 17.661373138427734
166 12.061426162719727
167 8.615303993225098
168 11.630661010742188
169 19.38443374633789
170 10.76913070678711
171 11.630660057067871
172 24.553617477416992
173 39.63039779663086
174 10.33836555480957
175 14.646017074584961
176 21.969024658203125
177 46.52264404296875
178 27.999740600585938
179 20.24596405029297
180 11.630660057067871
181 18.95366859436035
182 15.0767822265625
183 24.55361557006836
184 31.876625061035156
185 21.107494354248047
186 30.153564453125
187 35.32274627685547
188 3.8768868446350098
189 18.95366859436035
190 8.615303993225098
191 18.092138290405273
192 43.50728225708008
193 18.092138290405273
194 26.707441329956055
195 10.33836555480957
196 27.138206481933594
197 22.830554962158203
198 25.415145874023438
199 12.922956466674805
200 27.999738693237305
201 17.230607986450195
202 12.492191314697266
203 15.507546424865723
204 12.492191314697266
205 44.79957962036133
206 24.12285041809082
207 24.122852325439453
208 32.738155364990234
209 19.38443374633789
210 12.061426162719727
211 29.72279930114746
212 18.522905349731445
213 25.845911026000977
214 20.24596405029297
215 23.261320114135742
216 18.092138290405273
217 27.138206481933594
218 29.292034149169922
219 18.522905349731445
220 31.445858001708984
221 11.630660057067871
222 20.24596405029297
223 45.66111373901367
224 30.153564453125
225 17.661373138427734
226 12.061426162719727
227 11.199894905090332
228 31.015094757080078
229 25.41514778137207
230 18.522903442382813
231 7.7537736892700195
232 21.107494354248047
233 17.230607986450195
234 21.107494354248047
235 15.0767822265625
236 22.399791717529297
237 29.292034149169922
238 20.676729202270508
239 51.69182586669922
240 13.784486770629883
241 3.0153563022613525
242 15.938312530517578
243 16.799842834472656
244 14.646017074584961
245 36.61504364013672
246 25.415145874023438
247 9.476834297180176
248 13.353721618652344
249 11.630660057067871
250 18.95366859436035
251 4.307651996612549
252 33.16891860961914
253 25.84591293334961
254 28.43050193786621
255 29.292034149169922
256 14.215251922607422
257 20.24596405029297
258 7.7537736892700195
259 12.922956466674805
260 6.461478233337402
261 34.030452728271484
262 22.830554962158203
263 33.168922424316406
264 29.292034149169922
265 24.553617477416992
266 9.046069145202637
267 9.046069145202637
268 21.53826141357422
269 0.43076521158218384
270 20.676729202270508
271 43.507286071777344
272 4.738417625427246
273 13.353720664978027
274 27.568971633911133
275 25.845911026000977
276 8.184538841247559
277 19.38443374633789
278 55.56871032714844
279 41.35346221923828
280 35.32274627685547
281 9.907599449157715
282 20.676729202270508
283 18.522903442382813
284 15.938312530517578
285 18.092140197753906
286 10.769129753112793
287 24.55361557006836
288 28.861270904541016
289 44.36882019042969
290 32.738155364990234
291 37.4765739440918
292 19.38443374633789
293 19.38443374633789
294 27.568973541259766
295 23.69208526611328
296 31.445858001708984
297 31.445859909057617
298 19.815200805664063
299 31.445858001708984
300 21.969024658203125
301 12.922956466674805
302 45.2303466796875
303 23.261322021484375
304 19.38443374633789
305 18.522903442382813
306 15.938313484191895
307 13.784486770629883
308 46.09187316894531
309 37.9073371887207
310 12.492191314697266
311 16.369077682495117
312 4.738417148590088
313 23.692087173461914
314 25.41514778137207
315 14.646017074584961
316 22.399789810180664
317 8.615304946899414
318 21.107494354248047
319 37.4765739440918
320 21.538259506225586
321 34.030452728271484
322 49.96876907348633
323 9.476834297180176
324 18.092138290405273
325 32.738155364990234
326 9.046069145202637
327 17.230607986450195
328 27.568971633911133
329 21.10749626159668
330 39.63039779663086
331 14.215250968933105
332 27.138206481933594
333 21.107494354248047
334 28.86126708984375
335 14.215250968933105
336 16.369077682495117
337 24.55361557006836
338 37.47657775878906
339 17.230607986450195
340 27.999738693237305
341 10.769129753112793
342 10.338364601135254
343 9.476834297180176
344 23.69208526611328
345 34.03044891357422
346 16.799842834472656
347 21.107494354248047
348 12.061426162719727
349 15.938312530517578
350 20.67673110961914
351 24.55361557006836
352 18.092138290405273
353 34.03044891357422
354 39.19963455200195
355 24.55361557006836
356 29.29203224182129
357 10.769129753112793
358 24.55361557006836
359 27.999736785888672
360 27.999736785888672
361 17.661373138427734
362 19.81519889831543
363 17.661373138427734
364 21.107494354248047
365 14.646017074584961
366 18.522903442382813
367 12.06142520904541
368 46.09187698364258
369 11.630661010742188
370 48.245704650878906
371 25.415145874023438
372 33.59968566894531
373 12.061426162719727
374 24.55361557006836
375 22.830554962158203
376 42.214988708496094
377 19.81519889831543
378 15.938312530517578
379 13.784485816955566
380 36.18427658081055
381 26.707441329956055
382 27.138208389282227
383 53.84564971923828
384 22.830554962158203
385 25.415145874023438
386 26.707443237304688
387 31.445858001708984
388 12.922956466674805
389 21.53826141357422
390 8.184538841247559
391 7.7537736892700195
392 33.168922424316406
393 12.492191314697266
394 24.12285041809082
395 15.0767822265625
396 16.799842834472656
397 51.69182205200195
398 12.922956466674805
399 19.81519889831543
400 15.507547378540039
401 18.092140197753906
402 30.153562545776367
403 25.415145874023438
404 5.599947929382324
405 16.369077682495117
406 22.830554962158203
407 19.38443374633789
408 7.7537736892700195
409 22.830554962158203
410 19.815200805664063
411 16.799842834472656
412 30.584327697753906
413 18.522903442382813
414 23.69208526611328
415 11.199894905090332
416 31.876623153686523
417 16.369077682495117
418 16.369077682495117
419 19.81519889831543
420 24.122852325439453
421 2.5845913887023926
422 13.784486770629883
423 31.015094757080078
424 15.938312530517578
425 17.230607986450195
426 36.615047454833984
427 22.830556869506836
428 28.43050193786621
429 19.81519889831543
430 51.69182586669922
431 12.061426162719727
432 17.661373138427734
433 23.261322021484375
434 27.138206481933594
435 17.661373138427734
436 34.89198303222656
437 33.59968566894531
438 15.076783180236816
439 30.584327697753906
440 13.784485816955566
441 37.04581069946289
442 29.29203224182129
443 17.661373138427734
444 25.84591293334961
445 10.769129753112793
446 6.461478233337402
447 28.430503845214844
448 0.8615304231643677
449 12.922956466674805
450 19.38443374633789
451 20.24596405029297
452 40.92270278930664
453 17.230607986450195
454 19.38443374633789
455 19.38443374633789
456 27.138206481933594
457 24.55361557006836
458 22.830554962158203
459 14.215250968933105
460 19.81519889831543
461 32.738155364990234
462 32.738155364990234
463 19.81519889831543
464 29.292034149169922
465 9.476834297180176
466 18.092138290405273
467 13.353721618652344
468 24.9843807220459
469 23.69208526611328
470 19.815200805664063
471 8.184538841247559
472 44.36881637573242
473 18.953670501708984
474 24.12285041809082
475 39.630401611328125
476 14.646017074584961
477 15.0767822265625
478 15.938312530517578
479 30.58432960510254
480 22.830554962158203
481 53.41489028930664
482 6.030713081359863
483 29.29203224182129
484 24.55361557006836
485 29.722797393798828
486 21.538259506225586
487 6.892243385314941
488 16.799842834472656
489 9.907600402832031
490 24.122852325439453
491 14.646017074584961
492 12.061426162719727
493 13.784486770629883
494 21.538259506225586
495 9.476834297180176
496 11.630661010742188
497 32.738155364990234
498 24.553617477416992
499 20.24596405029297
500 34.461219787597656
501 19.815200805664063
502 21.969024658203125
503 42.645755767822266
504 22.399789810180664
505 22.399789810180664
506 9.907600402832031
507 19.815200805664063
508 16.799842834472656
509 27.568971633911133
510 24.9843807220459
511 21.538259506225586
512 15.0767822265625
513 52.55335998535156
514 23.261320114135742
515 24.9843807220459
516 6.030713081359863
517 19.38443374633789
518 11.630661010742188
519 15.507547378540039
520 36.61504364013672
521 22.830554962158203
522 11.630661010742188
523 21.107494354248047
524 18.522903442382813
525 17.230607986450195
526 37.04581069946289
527 31.445859909057617
528 26.707443237304688
529 33.16891860961914
530 12.922956466674805
531 26.707441329956055
532 9.476835250854492
533 43.507286071777344
534 30.58432960510254
535 22.830554962158203
536 51.69182586669922
537 33.16891860961914
538 23.69208526611328
539 12.922955513000488
540 31.876623153686523
541 10.338364601135254
542 19.81519889831543
543 31.015094757080078
544 34.03044891357422
545 17.230607986450195
546 19.38443374633789
547 11.199895858764648
548 24.12285041809082
549 4.738417148590088
550 3.4461216926574707
551 34.030452728271484
552 9.907600402832031
553 19.81519889831543
554 29.292034149169922
555 34.46121597290039
556 21.969024658203125
557 9.046069145202637
558 21.538259506225586
559 18.522903442382813
560 15.938312530517578
561 33.59968566894531
562 15.938312530517578
563 15.076783180236816
564 31.015094757080078
565 37.04581069946289
566 27.999736785888672
567 9.476834297180176
568 32.30739212036133
569 24.122852325439453
570 40.06116485595703
571 32.738155364990234
572 33.59968566894531
573 12.922956466674805
574 21.538259506225586
575 26.707441329956055
576 11.630660057067871
577 14.215251922607422
578 26.27667999267578
579 44.799583435058594
580 7.7537736892700195
581 20.24596405029297
582 16.36907958984375
583 30.58432960510254
584 21.538259506225586
585 23.692087173461914
586 14.215251922607422
587 13.784486770629883
588 6.892243385314941
589 17.661373138427734
590 5.169182777404785
591 25.415145874023438
592 40.92269515991211
593 24.122852325439453
594 22.830554962158203
595 23.69208526611328
596 40.06116485595703
597 20.676729202270508
598 28.86126708984375
599 51.26105880737305
600 24.9843807220459
601 11.199895858764648
602 22.830554962158203
603 14.646017074584961
604 23.692087173461914
605 34.030452728271484
606 44.36882019042969
607 8.184538841247559
608 27.999736785888672
609 21.538259506225586
610 16.369077682495117
611 13.784486770629883
612 19.38443374633789
613 18.95366859436035
614 27.999740600585938
615 42.645751953125
616 14.646017074584961
617 26.707443237304688
618 21.969024658203125
619 15.938312530517578
620 10.33836555480957
621 17.230607986450195
622 12.061426162719727
623 28.86126708984375
624 23.261320114135742
625 35.32274627685547
626 39.19963836669922
627 18.95366859436035
628 38.76887130737305
629 9.907599449157715
630 9.046069145202637
631 46.95341491699219
632 34.46121597290039
633 24.9843807220459
634 14.646016120910645
635 38.76886749267578
636 15.0767822265625
637 59.014835357666016
638 2.5845913887023926
639 39.630401611328125
640 20.676729202270508
641 22.830554962158203
642 21.538259506225586
643 14.646017074584961
644 24.9843807220459
645 37.045806884765625
646 12.922956466674805
647 30.153562545776367
648 6.461478233337402
649 14.215251922607422
650 12.061426162719727
651 12.922956466674805
652 24.9843807220459
653 12.922956466674805
654 24.55361557006836
655 22.399791717529297
656 6.461478233337402
657 19.38443374633789
658 18.95366859436035
659 22.830554962158203
660 15.0767822265625
661 24.122852325439453
662 15.507547378540039
663 12.922956466674805
664 14.646017074584961
665 7.3230085372924805
666 9.907599449157715
667 61.16865539550781
668 29.722797393798828
669 28.430503845214844
670 10.769129753112793
671 22.830554962158203
672 17.661373138427734
673 17.230607986450195
674 16.369077682495117
675 21.53826141357422
676 18.522903442382813
677 65.476318359375
678 43.07652282714844
679 6.892243385314941
680 24.9843807220459
681 32.30739212036133
682 18.092140197753906
683 24.122852325439453
684 26.707441329956055
685 38.338104248046875
686 25.84591293334961
687 18.092138290405273
688 12.492191314697266
689 21.107494354248047
690 18.522903442382813
691 18.95366859436035
692 30.584327697753906
693 32.30739212036133
694 24.984384536743164
695 6.461478233337402
696 30.58432960510254
697 43.507286071777344
698 4.307651996612549
699 34.89198303222656
700 31.44586181640625
701 36.61503982543945
702 28.861268997192383
703 40.06116485595703
704 27.568973541259766
705 12.492191314697266
706 11.630660057067871
707 17.661373138427734
708 32.30739212036133
709 9.046069145202637
710 18.092138290405273
711 34.030452728271484
712 32.30738830566406
713 45.66111373901367
714 19.38443374633789
715 22.830554962158203
716 45.661109924316406
717 26.27667808532715
718 9.046069145202637
719 8.615303993225098
720 23.261320114135742
721 42.214988708496094
722 44.799583435058594
723 29.72279930114746
724 18.522903442382813
725 11.630660057067871
726 29.72279930114746
727 24.55361557006836
728 27.999738693237305
729 20.676729202270508
730 18.092138290405273
731 60.737892150878906
732 12.061426162719727
733 27.568973541259766
734 26.276676177978516
735 14.215250968933105
736 36.18428039550781
737 18.092138290405273
738 23.69208526611328
739 23.69208526611328
740 60.307132720947266
741 11.630661010742188
742 26.27667808532715
743 25.845911026000977
744 60.30712890625
745 23.692087173461914
746 36.18427658081055
747 23.261322021484375
748 13.784486770629883
749 27.138208389282227
750 41.353458404541016
751 12.06142520904541
752 4.738417148590088
753 15.507547378540039
754 20.24596405029297
755 33.59968948364258
756 9.907599449157715
757 36.61504364013672
758 24.553617477416992
759 49.96876525878906
760 11.630661010742188
761 37.90734100341797
762 25.845911026000977
763 18.95366859436035
764 11.199895858764648
765 25.845911026000977
766 38.338104248046875
767 5.599947452545166
768 12.061426162719727
769 25.845911026000977
770 13.353721618652344
771 22.830554962158203
772 21.53826141357422
773 23.261322021484375
774 38.76886749267578
775 9.046069145202637
776 17.661373138427734
777 21.538259506225586
778 15.0767822265625
779 18.522903442382813
780 13.353721618652344
781 22.399789810180664
782 3.876887083053589
783 45.2303466796875
784 9.476835250854492
785 26.707443237304688
786 8.184538841247559
787 21.969026565551758
788 34.030452728271484
789 29.722797393798828
790 47.38417434692383
791 18.522903442382813
792 10.33836555480957
793 27.568971633911133
794 21.53826141357422
795 15.076781272888184
796 13.784486770629883
797 24.9843807220459
798 13.784486770629883
799 38.76886749267578
800 23.261320114135742
801 20.24596405029297
802 29.722797393798828
803 25.845911026000977
804 28.430503845214844
805 28.861268997192383
806 23.69208526611328
807 36.18427658081055
808 5.169182300567627
809 28.86126708984375
810 23.261320114135742
811 20.676729202270508
812 34.03044891357422
813 40.92269515991211
814 5.169182777404785
815 37.47657775878906
816 29.292034149169922
817 4.738417148590088
818 23.261322021484375
819 17.661373138427734
820 3.8768868446350098
821 27.999738693237305
822 49.10723114013672
823 18.953670501708984
824 28.861268997192383
825 30.153562545776367
826 7.3230085372924805
827 39.630401611328125
828 6.030713081359863
829 12.492191314697266
830 12.492191314697266
831 40.49192810058594
832 29.722797393798828
833 5.169182300567627
834 16.369077682495117
835 10.33836555480957
836 38.76886749267578
837 11.630661010742188
838 14.215251922607422
839 22.399789810180664
840 45.2303466796875
841 19.38443374633789
842 24.122852325439453
843 16.369077682495117
844 17.661373138427734
845 23.69208526611328
846 32.30738830566406
847 18.522903442382813
848 28.430503845214844
849 12.492191314697266
850 20.676729202270508
851 23.69208526611328
852 17.230607986450195
853 43.50728988647461
854 21.969026565551758
855 34.030452728271484
856 13.353721618652344
857 12.061426162719727
858 14.215251922607422
859 15.0767822265625
860 30.58432960510254
861 27.138208389282227
862 25.415149688720703
863 24.122852325439453
864 9.907599449157715
865 21.969024658203125
866 31.445859909057617
867 27.138208389282227
868 7.7537736892700195
869 15.938312530517578
870 11.630661010742188
871 43.07651901245117
872 13.353721618652344
873 19.81519889831543
874 12.492191314697266
875 20.676729202270508
876 10.76913070678711
877 8.184539794921875
878 16.799842834472656
879 33.16891860961914
880 34.89198303222656
881 11.199895858764648
882 21.538259506225586
883 12.492191314697266
884 21.53826141357422
885 31.015094757080078
886 37.045806884765625
887 18.522903442382813
888 56.430240631103516
889 6.030713081359863
890 13.353721618652344
891 14.646017074584961
892 14.215251922607422
893 33.59968566894531
894 15.0767822265625
895 19.81519889831543
896 26.27667808532715
897 34.03044891357422
898 34.030452728271484
899 24.122852325439453
900 21.969024658203125
901 23.69208526611328
902 52.98412322998047
903 31.015094757080078
904 13.784486770629883
905 35.75351333618164
906 46.953407287597656
907 24.55361557006836
908 4.307652473449707
909 36.61504364013672
910 6.030713081359863
911 12.061426162719727
912 10.769129753112793
913 25.84591293334961
914 29.292034149169922
915 20.67673110961914
916 6.030713081359863
917 3.44612193107605
918 22.830554962158203
919 13.784485816955566
920 28.861268997192383
921 18.95366859436035
922 26.276676177978516
923 46.52264404296875
924 47.814945220947266
925 12.061426162719727
926 21.969024658203125
927 31.015092849731445
928 13.353721618652344
929 27.999736785888672
930 18.953670501708984
931 31.445858001708984
932 10.76913070678711
933 9.476835250854492
934 12.492191314697266
935 17.661373138427734
936 24.9843807220459
937 18.092138290405273
938 20.676729202270508
939 22.399789810180664
940 10.33836555480957
941 12.061426162719727
942 32.738155364990234
943 15.507547378540039
944 40.06116485595703
945 9.907599449157715
946 38.76886749267578
947 33.59968566894531
948 20.676729202270508
949 18.95366859436035
950 54.27641677856445
951 26.707441329956055
952 31.876625061035156
953 5.599947929382324
954 7.7537736892700195
955 22.830554962158203
956 17.230607986450195
957 3.8768868446350098
958 26.707441329956055
959 22.830554962158203
960 16.799842834472656
961 24.12285041809082
962 34.030452728271484
963 24.55361557006836
964 10.338364601135254
965 31.44586181640625
966 29.722797393798828
967 18.522903442382813
968 6.892243385314941
969 16.799842834472656
970 21.538259506225586
971 12.061426162719727
972 14.215250968933105
973 58.15330123901367
974 17.661373138427734
975 7.3230085372924805
976 16.799842834472656
977 17.661373138427734
978 21.107494354248047
979 17.661373138427734
980 20.24596405029297
981 17.230607986450195
982 37.4765739440918
983 20.24596405029297
984 18.522903442382813
985 20.676729202270508
986 21.969024658203125
987 14.646017074584961
988 16.369077682495117
989 24.9843807220459
990 25.845911026000977
991 6.892243385314941
992 12.061426162719727
993 8.184539794921875
994 27.568973541259766
995 31.015094757080078
996 40.06116485595703
997 31.876625061035156
998 37.045806884765625
999 15.0767822265625
1000 43.07651901245117
1001 16.36907958984375
1002 16.36907958984375
