# Selection 1:name C1A D2A C3A C4A C1B C2B C3B C4B Selection 2:name AUC AUSL AUL Cutoff:8 Start:0 End:-1
0 5
1 5
2 22
3 17
4 24
5 19
6 23
7 21
8 13
9 19
10 13
11 23
12 19
13 12
14 20
15 9
16 15
17 21
18 14
19 14
20 16
21 18
22 22
23 13
24 12
25 16
26 15
27 15
28 19
29 11
30 17
31 27
32 17
33 23
34 19
35 12
36 17
37 17
38 18
39 22
40 16
41 21
42 15
43 16
44 19
45 16
46 10
47 15
48 15
49 19
50 10
51 11
52 18
53 23
54 17
55 17
56 9
57 19
58 19
59 19
60 16
61 18
62 9
63 19
64 10
65 14
66 15
67 18
68 18
69 12
70 15
71 9
72 14
73 8
74 23
75 11
76 10
77 17
78 11
79 21
80 12
81 14
82 17
83 19
84 13
85 12
86 22
87 21
88 11
89 15
90 17
91 8
92 15
93 18
94 16
95 19
96 7
97 12
98 12
99 18
100 17
101 6
102 18
103 15
104 6
105 9
106 14
107 9
108 21
109 20
110 21
111 17
112 21
113 9
114 17
115 18
116 13
117 22
118 20
119 15
120 17
121 17
122 22
123 16
124 15
125 16
126 19
127 15
128 13
129 18
130 15
131 14
132 12
133 17
134 16
135 17
136 19
137 17
138 14
139 9
140 14
141 11
142 15
143 19
144 19
145 12
146 10
147 16
148 13
149 17
150 10
151 17
152 13
153 15
154 17
155 20
156 10
157 17
158 19
159 11
160 14
161 16
162 17
163 17
164 14
165 17
166 9
167 11
168 20
169 19
170 20
171 11
172 14
173 17
174 14
175 19
176 12
177 23
178 18
179 10
180 12
181 15
182 12
183 18
184 16
185 8
186 20
187 21
188 21
189 15
190 17
191 21
192 15
193 10
194 25
195 12
196 12
197 20
198 17
199 22
200 20
201 15
202 13
203 10
204 11
205 10
206 15
207 15
208 17
209 15
210 13
211 18
212 10
213 13
214 14
215 17
216 14
217 19
218 20
219 17
220 10
221 17
222 15
223 14
224 18
225 15
226 15
227 10
228 16
229 9
230 9
231 14
232 10
233 11
234 22
235 10
236 12
237 17
238 18
239 18
240 19
241 17
242 17
243 14
244 18
245 16
246 12
247 17
248 12
249 22
250 16
251 17
252 13
253 22
254 21
255 11
256 18
257 10
258 14
259 22
260 14
261 9
262 14
263 17
264 17
265 13
266 15
267 16
268 9
269 21
270 20
271 15
272 19
273 21
274 16
275 18
276 11
277 14
278 13
279 20
280 16
281 17
282 16
283 17
284 13
285 17
286 18
287 21
288 13
289 17
290 14
291 12
292 17
293 18
294 18
295 14
296 13
297 10
298 19
299 18
300 12
301 17
302 19
303 13
304 15
305 18
306 13
307 23
308 16
309 18
310 12
311 21
312 14
313 22
314 18
315 17
316 17
317 5
318 16
319 17
320 10
321 20
322 17
323 12
324 19
325 19
326 19
327 23
328 15
329 12
330 13
331 18
332 17
333 17
334 15
335 16
336 18
337 14
338 16
339 15
340 17
341 14
342 13
343 17
344 10
345 17
346 15
347 15
348 17
349 12
350 21
351 23
352 20
353 18
354 17
355 5
356 17
357 17
358 19
359 24
360 15
361 16
362 23
363 16
364 13
365 20
366 14
367 19
368 16
369 16
370 17
371 15
372 15
373 22
374 16
375 17
376 11
377 14
378 20
379 19
380 15
381 17
382 15
383 15
384 17
385 14
386 17
387 17
388 11
389 20
390 19
391 9
392 18
393 16
394 15
395 17
396 15
397 14
398 11
399 15
400 16
401 10
402 24
403 16
404 14
405 17
406 14
407 12
408 11
409 18
410 9
411 16
412 17
413 15
414 14
415 14
416 18
417 17
418 21
419 17
420 20
421 20
422 21
423 16
424 16
425 10
426 22
427 18
428 19
429 11
430 16
431 10
432 14
433 21
434 15
435 19
436 12
437 16
438 12
439 13
440 15
441 16
442 13
443 21
444 18
445 21
446 15
447 18
448 17
449 13
450 16
451 9
452 18
453 21
454 19
455 14
456 15
457 13
458 8
459 21
460 12
461 20
462 12
463 15
464 10
465 18
466 19
467 14
468 13
469 20
470 16
471 15
472 17
473 13
474 15
475 6
476 13
477 13
478 11
479 20
480 11
481 14
482 15
483 11
484 11
485 17
486 12
487 19
488 17
489 13
490 11
491 22
492 13
493 8
494 14
495 14
496 8
497 16
498 11
499 18
500 11
501 17
502 20
503 12
504 12
505 20
506 16
507 25
508 18
509 15
510 15
511 17
512 13
513 21
514 11
515 13
516 13
517 21
518 14
519 16
520 13
521 13
522 12
523 15
524 17
525 18
526 13
527 16
528 21
529 12
530 16
531 19
532 14
533 13
534 18
535 18
536 15
537 20
538 16
539 11
540 14
541 9
542 20
543 14
544 12
545 15
546 23
547 19
548 18
549 13
550 16
551 20
552 15
553 15
554 11
555 20
556 12
557 14
558 15
559 15
560 18
561 7
562 15
563 14
564 15
565 16
566 15
567 16
568 21
569 21
570 15
571 13
572 11
573 9
574 21
575 13
576 16
577 16
578 19
579 10
580 14
581 22
582 16
583 20
584 13
585 11
586 23
587 12
588 13
589 13
590 15
591 11
592 16
593 12
594 18
595 19
596 8
597 17
598 13
599 11
600 19
601 15
602 13
603 24
604 14
605 12
606 17
607 13
608 22
609 21
610 21
611 18
612 20
613 15
614 15
615 12
616 19
617 17
618 19
619 16
620 10
621 19
622 12
623 14
624 18
625 16
626 15
627 17
628 19
629 17
630 19
631 13
632 20
633 11
634 18
635 17
636 13
637 15
638 12
639 18
640 19
641 14
642 16
643 24
644 19
645 12
646 19
647 15
648 17
649 12
650 14
651 17
652 17
653 14
654 15
655 11
656 12
657 14
658 20
659 18
660 19
661 14
662 15
663 20
664 18
665 17
666 16
667 16
668 9
669 17
670 19
671 14
672 15
673 20
674 10
675 9
676 15
677 14
678 14
679 9
680 17
681 14
682 19
683 18
684 17
685 14
686 16
687 16
688 21
689 17
690 13
691 17
692 16
693 18
694 18
695 15
696 15
697 24
698 20
699 18
700 19
701 17
702 19
703 17
704 18
705 19
706 18
707 15
708 18
709 22
710 18
711 20
712 20
713 17
714 11
715 17
716 21
717 14
718 20
719 16
720 13
721 14
722 17
723 15
724 14
725 12
726 18
727 14
728 16
729 21
730 13
731 14
732 10
733 10
734 11
735 16
736 14
737 14
738 19
739 12
740 26
741 14
742 12
743 17
744 12
745 17
746 19
747 15
748 18
749 10
750 17
751 25
752 14
753 15
754 18
755 18
756 15
757 19
758 18
759 15
760 20
761 13
762 24
763 22
764 16
765 13
766 12
767 15
768 18
769 20
770 16
771 12
772 18
773 14
774 6
775 16
776 13
777 10
778 15
779 11
780 12
781 18
782 18
783 12
784 14
785 23
786 12
787 11
788 17
789 15
790 17
791 16
792 27
793 12
794 10
795 11
796 11
797 16
798 16
799 18
800 13
801 11
802 12
803 17
804 13
805 17
806 14
807 12
808 16
809 17
810 12
811 16
812 20
813 19
814 18
815 20
816 17
817 16
818 13
819 13
820 24
821 15
822 18
823 12
824 8
825 25
826 15
827 26
828 9
829 15
830 22
831 18
832 21
833 18
834 16
835 13
836 13
837 18
838 19
839 14
840 18
841 15
842 18
843 13
844 12
845 10
846 16
847 18
848 15
849 11
850 10
851 17
852 18
853 12
854 11
855 19
856 14
857 16
858 25
859 13
860 19
861 26
862 21
863 13
864 14
865 9
866 18
867 18
868 13
869 18
870 10
871 18
872 18
873 14
874 12
875 21
876 15
877 14
878 19
879 25
880 16
881 15
882 16
883 11
884 21
885 11
886 13
887 15
888 17
889 23
890 10
891 11
892 17
893 15
894 21
895 19
896 12
897 16
898 21
899 9
900 15
901 13
902 12
903 18
904 18
905 19
906 18
907 14
908 16
909 13
910 10
911 15
912 16
913 13
914 17
915 19
916 12
917 9
918 22
919 12
920 17
921 11
922 13
923 17
924 13
925 19
926 13
927 13
928 18
929 19
930 12
931 12
932 24
933 6
934 18
935 13
936 16
937 17
938 13
939 20
940 17
941 17
942 20
943 15
944 12
945 12
946 14
947 17
948 12
949 12
950 13
951 14
952 18
953 16
954 11
955 12
956 11
957 11
958 17
959 14
960 21
961 17
962 14
963 11
964 21
965 17
966 22
967 14
968 15
969 13
970 21
971 24
972 15
973 18
974 21
975 13
976 12
977 16
978 13
979 16
980 13
981 17
982 16
983 15
984 16
985 19
986 17
987 18
988 11
989 16
990 9
991 17
992 15
993 21
994 16
995 24
996 17
997 21
998 18
999 15
1000 17
1001 18
1002 18
