# Selection:resname AU POPC Restricted:name AUC AUL AUSL Radius:2.64 Start:0 End:-1
0 298.9510498046875
1 304.551025390625
2 135.6910400390625
3 88.73762512207031
4 102.52212524414063
5 113.7220230102539
6 102.52214050292969
7 116.73737335205078
8 122.7680892944336
9 153.783203125
10 119.75273132324219
11 117.5988998413086
12 164.1215362548828
13 219.25949096679688
14 160.2446746826172
15 132.24493408203125
16 115.87584686279297
17 121.47577667236328
18 146.0294189453125
19 164.98309326171875
20 175.75221252441406
21 136.55258178710938
22 138.70639038085938
23 164.5523223876953
24 168.42919921875
25 143.44480895996094
26 205.4750213623047
27 110.27589416503906
28 158.0908203125
29 161.9677276611328
30 165.8446044921875
31 113.72201538085938
32 184.7982940673828
33 139.1371612548828
34 142.5832977294922
35 208.05960083007813
36 165.41384887695313
37 182.2136993408203
38 173.59837341308594
39 198.582763671875
40 158.5216064453125
41 179.1983642578125
42 128.3680419921875
43 255.44378662109375
44 95.6298828125
45 117.59891510009766
46 295.07415771484375
47 178.33680725097656
48 79.69156646728516
49 214.09033203125
50 171.0137939453125
51 175.3214569091797
52 202.02886962890625
53 184.7982635498047
54 191.69053649902344
55 250.2745819091797
56 213.22879028320313
57 143.0140380859375
58 86.15303802490234
59 141.7217559814453
60 192.12127685546875
61 201.1673583984375
62 175.3214569091797
63 217.10568237304688
64 189.53671264648438
65 189.5366973876953
66 138.275634765625
67 224.85943603515625
68 128.79879760742188
69 216.244140625
70 180.92140197753906
71 182.21368408203125
72 108.98359680175781
73 147.75247192382813
74 107.26054382324219
75 168.42919921875
76 168.85995483398438
77 174.4599151611328
78 146.8909454345703
79 87.4453353881836
80 223.9979248046875
81 169.29074096679688
82 139.56793212890625
83 153.78318786621094
84 126.64496612548828
85 169.29074096679688
86 110.27589416503906
87 148.18324279785156
88 144.7371063232422
89 266.2129211425781
90 158.52159118652344
91 232.61322021484375
92 269.228271484375
93 168.42919921875
94 155.5062255859375
95 159.3831329345703
96 144.3063507080078
97 189.53668212890625
98 176.1829833984375
99 203.32118225097656
100 164.1215362548828
101 173.59841918945313
102 99.93753814697266
103 193.41360473632813
104 153.783203125
105 133.10646057128906
106 184.3675079345703
107 99.07600402832031
108 161.9677276611328
109 71.07626342773438
110 278.2743225097656
111 210.21343994140625
112 146.46018981933594
113 268.36676025390625
114 109.41436767578125
115 209.3518829345703
116 143.87559509277344
117 109.41436004638672
118 220.12103271484375
119 158.09083557128906
120 110.2759017944336
121 154.21395874023438
122 186.09059143066406
123 187.8136444091797
124 115.44508361816406
125 187.8136444091797
126 112.8604965209961
127 139.13717651367188
128 175.32147216796875
129 244.67465209960938
130 123.1988525390625
131 179.19833374023438
132 178.33680725097656
133 164.55230712890625
134 121.47578430175781
135 161.9677276611328
136 189.9674530029297
137 131.8141632080078
138 121.04502868652344
139 152.92166137695313
140 181.78292846679688
141 149.4755401611328
142 100.3683090209961
143 135.69105529785156
144 151.62937927246094
145 116.73737335205078
146 152.06011962890625
147 134.39874267578125
148 196.85971069335938
149 208.92111206054688
150 158.5216064453125
151 153.78317260742188
152 118.4604263305664
153 152.06011962890625
154 152.92166137695313
155 122.33731079101563
156 208.4903564453125
157 138.275634765625
158 223.9978790283203
159 167.5676727294922
160 115.87584686279297
161 223.567138671875
162 117.5988998413086
163 173.16761779785156
164 148.1832275390625
165 164.55230712890625
166 161.53695678710938
167 270.52056884765625
168 175.75221252441406
169 196.85971069335938
170 119.32196044921875
171 202.4596710205078
172 145.16786193847656
173 134.3987579345703
174 218.39796447753906
175 160.67543029785156
176 215.38259887695313
177 149.04476928710938
178 190.3982391357422
179 205.90576171875
180 152.06011962890625
181 248.55152893066406
182 153.35240173339844
183 117.16813659667969
184 120.18350219726563
185 186.52134704589844
186 149.9062957763672
187 83.56844329833984
188 85.29151153564453
189 93.0452880859375
190 128.3680419921875
191 94.33758544921875
192 155.50624084472656
193 87.01457214355469
194 89.16839599609375
195 198.15200805664063
196 296.7972412109375
197 110.7066650390625
198 88.73764038085938
199 158.95236206054688
200 191.69052124023438
201 83.13768768310547
202 224.4286651611328
203 246.82846069335938
204 251.13613891601563
205 136.12181091308594
206 149.90631103515625
207 139.56793212890625
208 241.228515625
209 264.9206237792969
210 236.9208526611328
211 132.67568969726563
212 115.44507598876953
213 124.06038665771484
214 172.3060760498047
215 164.55233764648438
216 141.72174072265625
217 180.0598602294922
218 140.86021423339844
219 193.84434509277344
220 190.398193359375
221 171.87533569335938
222 102.52212524414063
223 148.18324279785156
224 173.16763305664063
225 163.69078063964844
226 109.84513854980469
227 194.70590209960938
228 245.96693420410156
229 183.07521057128906
230 159.8139190673828
231 150.767822265625
232 196.42893981933594
233 213.22879028320313
234 134.8295135498047
235 220.5518035888672
236 220.98255920410156
237 164.55230712890625
238 133.96798706054688
239 106.3990249633789
240 108.1220703125
241 113.7220230102539
242 172.7368621826172
243 148.1832275390625
244 132.2449188232422
245 201.16734313964844
246 124.92192077636719
247 216.24415588378906
248 94.76835632324219
249 133.9679718017578
250 220.12103271484375
251 210.6441650390625
252 165.84458923339844
253 229.59786987304688
254 64.18402099609375
255 122.33731842041016
256 108.55284118652344
257 219.25949096679688
258 146.46017456054688
259 209.35189819335938
260 183.93673706054688
261 172.30609130859375
262 236.9208984375
263 251.13613891601563
264 239.07469177246094
265 216.67491149902344
266 211.93649291992188
267 265.35137939453125
268 152.06011962890625
269 163.260009765625
270 153.78317260742188
271 169.29075622558594
272 169.72149658203125
273 114.58354949951172
274 91.75299072265625
275 170.58302307128906
276 130.52186584472656
277 168.42919921875
278 135.26028442382813
279 182.21368408203125
280 211.93649291992188
281 198.15199279785156
282 175.32144165039063
283 158.95236206054688
284 212.7980194091797
285 204.18272399902344
286 242.9515838623047
287 107.6913070678711
288 164.5523223876953
289 137.84486389160156
290 135.6910400390625
291 158.09083557128906
292 243.8131103515625
293 251.13609313964844
294 166.275390625
295 149.04476928710938
296 194.70587158203125
297 214.09031677246094
298 127.937255859375
299 165.8446044921875
300 197.29049682617188
301 117.5988998413086
302 221.41334533691406
303 209.78268432617188
304 180.92138671875
305 135.26028442382813
306 187.8136444091797
307 120.18350219726563
308 130.5218505859375
309 226.1517333984375
310 258.0283508300781
311 215.3826141357422
312 157.2292938232422
313 134.3987579345703
314 166.70614624023438
315 143.87557983398438
316 164.12156677246094
317 179.6291046142578
318 138.70639038085938
319 143.87559509277344
320 112.86048126220703
321 132.67568969726563
322 146.02938842773438
323 180.92138671875
324 118.89120483398438
325 161.10618591308594
326 156.36776733398438
327 103.38365173339844
328 108.98360443115234
329 148.61399841308594
330 111.56819152832031
331 199.87506103515625
332 124.06038665771484
333 184.36752319335938
334 195.9981689453125
335 244.6746368408203
336 149.47552490234375
337 167.99844360351563
338 181.35215759277344
339 130.95262145996094
340 154.64471435546875
341 201.59811401367188
342 212.79803466796875
343 107.26053619384766
344 186.95211791992188
345 130.52186584472656
346 128.79879760742188
347 230.89012145996094
348 155.50624084472656
349 222.2748260498047
350 195.56741333007813
351 148.61399841308594
352 152.92164611816406
353 117.59890747070313
354 115.01431274414063
355 153.78317260742188
356 52.55335235595703
357 163.26002502441406
358 118.46044158935547
359 142.15252685546875
360 107.26055145263672
361 110.27589416503906
362 136.12179565429688
363 117.16814422607422
364 207.62884521484375
365 96.49140930175781
366 105.53746795654297
367 186.95208740234375
368 166.27537536621094
369 180.49063110351563
370 114.15278625488281
371 153.78317260742188
372 135.26028442382813
373 149.4755401611328
374 162.3984832763672
375 183.07521057128906
376 111.99894714355469
377 205.90579223632813
378 81.41462707519531
379 90.89146423339844
380 144.3063507080078
381 160.24465942382813
382 103.38365173339844
383 142.15252685546875
384 132.67568969726563
385 118.02967071533203
386 164.9830780029297
387 253.72071838378906
388 208.0596160888672
389 217.10565185546875
390 209.78265380859375
391 283.01275634765625
392 88.3068618774414
393 137.84486389160156
394 198.15199279785156
395 91.32222747802734
396 124.49114990234375
397 188.6751708984375
398 155.93701171875
399 143.01405334472656
400 186.95208740234375
401 160.24465942382813
402 94.76834106445313
403 167.5676727294922
404 154.21395874023438
405 186.09059143066406
406 174.4599151611328
407 105.96824645996094
408 139.56793212890625
409 176.61373901367188
410 167.13690185546875
411 247.6899871826172
412 216.67491149902344
413 256.736083984375
414 235.1977996826172
415 146.02940368652344
416 132.67567443847656
417 161.96771240234375
418 81.41462707519531
419 149.9062957763672
420 101.22982025146484
421 230.45941162109375
422 175.75221252441406
423 195.99815368652344
424 124.92190551757813
425 148.61399841308594
426 133.10646057128906
427 162.3985137939453
428 146.89093017578125
429 180.92140197753906
430 152.92164611816406
431 313.5970764160156
432 162.82925415039063
433 120.61424255371094
434 160.24465942382813
435 217.9672088623047
436 184.79827880859375
437 220.5518035888672
438 183.5059814453125
439 201.1673583984375
440 167.13690185546875
441 233.47471618652344
442 171.01380920410156
443 44.36881637573242
444 152.06011962890625
445 143.0140380859375
446 190.82901000976563
447 196.42892456054688
448 213.6595458984375
449 122.33733367919922
450 154.64471435546875
451 199.01353454589844
452 229.59786987304688
453 105.96824645996094
454 179.62908935546875
455 206.3365478515625
456 248.551513671875
457 238.21316528320313
458 175.75221252441406
459 118.02967071533203
460 168.42919921875
461 117.59890747070313
462 180.49061584472656
463 207.1980743408203
464 195.56741333007813
465 133.1064453125
466 157.6600799560547
467 135.6910400390625
468 156.7985382080078
469 171.8753204345703
470 183.5059814453125
471 209.35189819335938
472 196.8596954345703
473 147.75247192382813
474 220.98255920410156
475 193.8443603515625
476 195.5674285888672
477 147.32171630859375
478 99.07600402832031
479 167.99842834472656
480 177.47525024414063
481 133.5372314453125
482 112.42971801757813
483 191.69052124023438
484 196.85971069335938
485 123.6296157836914
486 279.5666198730469
487 165.8446044921875
488 120.6142578125
489 192.98280334472656
490 180.0598602294922
491 69.78396606445313
492 163.69078063964844
493 231.75167846679688
494 140.86021423339844
495 199.44430541992188
496 235.62860107421875
497 200.30581665039063
498 207.19805908203125
499 121.90655517578125
500 136.98333740234375
501 128.79879760742188
502 174.0291290283203
503 182.21368408203125
504 225.720947265625
505 95.19911193847656
506 87.01457214355469
507 125.78343963623047
508 160.24464416503906
509 141.72177124023438
510 116.73738098144531
511 117.16813659667969
512 102.52212524414063
513 179.62908935546875
514 195.5674285888672
515 173.16761779785156
516 144.7371063232422
517 137.41409301757813
518 167.99844360351563
519 176.61375427246094
520 177.4752655029297
521 133.96798706054688
522 286.4588623046875
523 153.3524169921875
524 89.16839599609375
525 229.59783935546875
526 152.06011962890625
527 125.3526840209961
528 92.18376922607422
529 123.6296157836914
530 195.56741333007813
531 167.99842834472656
532 208.921142578125
533 189.1059112548828
534 129.2295684814453
535 238.6439208984375
536 189.9674530029297
537 101.66059875488281
538 186.95208740234375
539 199.8750762939453
540 193.41357421875
541 261.9052429199219
542 259.3206787109375
543 206.76730346679688
544 116.73737335205078
545 118.02967071533203
546 136.121826171875
547 111.99895477294922
548 155.93699645996094
549 127.07573699951172
550 152.06011962890625
551 168.85995483398438
552 221.8440704345703
553 211.5057373046875
554 257.16680908203125
555 119.32197570800781
556 173.16761779785156
557 165.41384887695313
558 163.26002502441406
559 179.62908935546875
560 273.9666748046875
561 186.09059143066406
562 282.58197021484375
563 223.13638305664063
564 195.56741333007813
565 126.64497375488281
566 252.42840576171875
567 191.259765625
568 133.96798706054688
569 111.1374282836914
570 207.62884521484375
571 196.42893981933594
572 167.56765747070313
573 223.99790954589844
574 164.9830780029297
575 183.936767578125
576 164.98306274414063
577 245.1053924560547
578 228.73634338378906
579 252.8591766357422
580 126.64498138427734
581 102.09136199951172
582 128.3680419921875
583 200.73660278320313
584 260.18218994140625
585 140.42947387695313
586 132.2449188232422
587 167.99844360351563
588 139.9987030029297
589 179.62908935546875
590 109.41436767578125
591 199.01353454589844
592 132.67567443847656
593 226.15174865722656
594 117.16812896728516
595 179.62908935546875
596 63.75325393676758
597 149.04476928710938
598 179.19833374023438
599 235.6285858154297
600 150.33706665039063
601 123.62960815429688
602 211.07493591308594
603 126.64497375488281
604 125.35266876220703
605 186.52133178710938
606 189.10594177246094
607 261.9052734375
608 161.10618591308594
609 199.44430541992188
610 153.3524169921875
611 188.244384765625
612 239.07469177246094
613 155.50624084472656
614 132.67568969726563
615 209.3518829345703
616 126.21421813964844
617 142.15252685546875
618 100.79906463623047
619 241.6593017578125
620 136.98333740234375
621 175.75222778320313
622 186.9521026611328
623 146.8909454345703
624 124.92192077636719
625 116.30661010742188
626 159.38311767578125
627 171.8753204345703
628 158.09085083007813
629 166.275390625
630 195.56741333007813
631 133.53721618652344
632 188.67515563964844
633 203.3211669921875
634 182.64443969726563
635 121.47579193115234
636 269.228271484375
637 118.02967071533203
638 178.76756286621094
639 186.9521026611328
640 241.6593017578125
641 76.24544525146484
642 133.53721618652344
643 183.93673706054688
644 158.5216064453125
645 181.78292846679688
646 194.27511596679688
647 131.8141632080078
648 215.81336975097656
649 146.89093017578125
650 153.78318786621094
651 164.98309326171875
652 181.3521728515625
653 276.55126953125
654 68.06090545654297
655 142.58328247070313
656 141.29098510742188
657 181.3521728515625
658 152.06011962890625
659 168.42918395996094
660 100.79906463623047
661 74.09162139892578
662 125.3526840209961
663 100.36830139160156
664 197.2904510498047
665 193.84434509277344
666 145.16786193847656
667 120.1834945678711
668 245.10540771484375
669 152.0601348876953
670 93.4760513305664
671 227.4440155029297
672 146.89093017578125
673 92.6145248413086
674 218.82870483398438
675 197.72125244140625
676 127.93726348876953
677 118.89120483398438
678 137.4141082763672
679 86.15304565429688
680 74.9531478881836
681 161.96771240234375
682 121.90655517578125
683 139.5679473876953
684 123.6296157836914
685 140.8602294921875
686 164.55230712890625
687 141.29098510742188
688 189.10595703125
689 229.1671142578125
690 234.33627319335938
691 252.85919189453125
692 212.36724853515625
693 209.35191345214844
694 76.67620849609375
695 123.6296157836914
696 172.73684692382813
697 141.29100036621094
698 102.09135437011719
699 157.2292938232422
700 125.783447265625
701 137.4141082763672
702 200.3058319091797
703 178.76756286621094
704 147.32171630859375
705 132.2449188232422
706 140.86021423339844
707 141.7217559814453
708 124.92192077636719
709 250.27456665039063
710 129.2295684814453
711 111.13742065429688
712 223.99790954589844
713 99.93753051757813
714 189.9674530029297
715 190.3982391357422
716 125.35269165039063
717 157.2293243408203
718 228.3055419921875
719 158.09083557128906
720 176.18296813964844
721 127.93726348876953
722 156.7985382080078
723 122.33731842041016
724 157.66006469726563
725 175.32144165039063
726 231.75167846679688
727 191.69053649902344
728 167.99844360351563
729 180.0598602294922
730 64.61477661132813
731 118.0296630859375
732 212.36721801757813
733 196.42892456054688
734 111.56819915771484
735 220.98257446289063
736 174.8906707763672
737 136.98336791992188
738 179.19833374023438
739 208.05960083007813
740 99.50676727294922
741 168.85995483398438
742 152.06011962890625
743 93.47605895996094
744 217.1056671142578
745 136.12181091308594
746 170.58303833007813
747 163.6907958984375
748 126.64495849609375
749 147.32171630859375
750 151.6293487548828
751 120.6142578125
752 187.3828887939453
753 75.3839111328125
754 192.12130737304688
755 198.58274841308594
756 173.59840393066406
757 106.82977294921875
758 228.736328125
759 126.2142105102539
760 167.99844360351563
761 208.49037170410156
762 205.90577697753906
763 175.32144165039063
764 77.10697937011719
765 212.79800415039063
766 210.21343994140625
767 243.81309509277344
768 152.0601043701172
769 178.3367919921875
770 232.18243408203125
771 218.82870483398438
772 138.275634765625
773 141.7217559814453
774 275.2590026855469
775 214.9518585205078
776 210.64418029785156
777 239.9362335205078
778 195.56741333007813
779 197.2904510498047
780 136.9833526611328
781 181.7829132080078
782 218.8287353515625
783 212.7980194091797
784 192.12127685546875
785 90.46070098876953
786 268.3667297363281
787 264.4898376464844
788 189.5366973876953
789 192.12127685546875
790 228.3055877685547
791 122.76809692382813
792 158.5216064453125
793 168.85997009277344
794 186.9521026611328
795 161.53695678710938
796 285.16656494140625
797 190.39820861816406
798 283.01275634765625
799 123.1988525390625
800 89.59916687011719
801 185.2290496826172
802 198.58277893066406
803 146.46017456054688
804 261.043701171875
805 164.98309326171875
806 189.10594177246094
807 150.767822265625
808 143.8755645751953
809 208.4903564453125
810 175.75222778320313
811 298.5202941894531
812 202.0288848876953
813 138.70639038085938
814 99.50677490234375
815 171.87533569335938
816 106.39900207519531
817 111.1374282836914
818 245.1054229736328
819 189.53671264648438
820 166.70616149902344
821 212.36724853515625
822 181.7829132080078
823 165.41384887695313
824 172.73684692382813
825 137.4141082763672
826 218.39794921875
827 149.4755401611328
828 197.2904815673828
829 103.81440734863281
830 192.55206298828125
831 193.41357421875
832 99.07601165771484
833 140.8602294921875
834 170.58303833007813
835 114.58355712890625
836 163.26002502441406
837 189.10594177246094
838 196.42893981933594
839 121.90654754638672
840 115.01431274414063
841 195.13665771484375
842 182.6444549560547
843 198.582763671875
844 133.96798706054688
845 146.89093017578125
846 130.95262145996094
847 99.93753051757813
848 163.69078063964844
849 251.56686401367188
850 255.87454223632813
851 223.1363983154297
852 276.1204833984375
853 124.92192840576172
854 146.0294189453125
855 208.05960083007813
856 197.72122192382813
857 140.42945861816406
858 101.66059875488281
859 153.3524169921875
860 180.49061584472656
861 79.26079559326172
862 176.61373901367188
863 220.98252868652344
864 141.7217559814453
865 96.06065368652344
866 183.93675231933594
867 105.53748321533203
868 167.99842834472656
869 192.12127685546875
870 160.24465942382813
871 195.56741333007813
872 152.49087524414063
873 159.8138885498047
874 209.7826385498047
875 60.737892150878906
876 81.41463470458984
877 251.99765014648438
878 140.8602294921875
879 143.01405334472656
880 189.10592651367188
881 236.05935668945313
882 176.61373901367188
883 130.95262145996094
884 144.7371063232422
885 170.58302307128906
886 162.39849853515625
887 183.50601196289063
888 170.58302307128906
889 144.73712158203125
890 263.19757080078125
891 133.10646057128906
892 184.79827880859375
893 138.27561950683594
894 99.93753051757813
895 209.7826385498047
896 159.38314819335938
897 95.19911193847656
898 146.4601593017578
899 236.9208984375
900 150.76783752441406
901 149.4755401611328
902 146.8909454345703
903 143.44480895996094
904 136.98333740234375
905 120.18350219726563
906 143.87557983398438
907 170.5830078125
908 110.70665740966797
909 104.24518585205078
910 161.96771240234375
911 171.01376342773438
912 181.78294372558594
913 201.59812927246094
914 162.82925415039063
915 178.76756286621094
916 194.27511596679688
917 138.275634765625
918 124.49114227294922
919 157.22930908203125
920 101.22982025146484
921 138.275634765625
922 152.0601348876953
923 99.93753051757813
924 146.02943420410156
925 146.8909454345703
926 181.78292846679688
927 177.0445098876953
928 144.7371063232422
929 123.19886016845703
930 241.65927124023438
931 158.95237731933594
932 214.52108764648438
933 180.4906463623047
934 143.44482421875
935 78.83003997802734
936 211.5057373046875
937 132.2449188232422
938 169.72149658203125
939 208.05960083007813
940 197.7212371826172
941 127.9372787475586
942 136.12181091308594
943 134.82952880859375
944 108.1220703125
945 125.783447265625
946 218.82872009277344
947 180.92138671875
948 193.41358947753906
949 233.90550231933594
950 177.9060516357422
951 143.01405334472656
952 268.7975158691406
953 128.3680419921875
954 259.3206481933594
955 167.5676727294922
956 208.49037170410156
957 171.8753204345703
958 243.38235473632813
959 181.3521728515625
960 157.22930908203125
961 127.07574462890625
962 98.21446990966797
963 107.26052856445313
964 141.7217559814453
965 241.65931701660156
966 174.4599151611328
967 146.02940368652344
968 203.32119750976563
969 196.85971069335938
970 217.53643798828125
971 93.0452880859375
972 93.4760513305664
973 140.8602294921875
974 101.22982025146484
975 195.56739807128906
976 136.55258178710938
977 112.86048889160156
978 156.79855346679688
979 158.95236206054688
980 160.24465942382813
981 204.61349487304688
982 139.1371612548828
983 155.93701171875
984 193.84434509277344
985 118.46043395996094
986 140.42945861816406
987 160.67543029785156
988 189.5366973876953
989 202.4596405029297
990 202.0288848876953
991 285.59735107421875
992 149.04476928710938
993 240.3669891357422
994 263.6282958984375
995 180.49063110351563
996 155.93701171875
997 202.4596405029297
998 162.3984832763672
999 156.79855346679688
1000 113.7220230102539
1001 164.12155151367188
1002 164.12155151367188
