# Selection:resname AU W ION Restricted:name AUC AUL AUSL Radius:2.64 Start:0 End:-1
0 49.538002014160156
1 52.122596740722656
2 42.214988708496094
3 21.538259506225586
4 25.41514778137207
5 41.353458404541016
6 52.5533561706543
7 25.415145874023438
8 24.98438262939453
9 10.76913070678711
10 44.368812561035156
11 32.30739212036133
12 13.784486770629883
13 38.76886749267578
14 42.214988708496094
15 34.89198303222656
16 34.03044891357422
17 25.415145874023438
18 53.84565734863281
19 29.722797393798828
20 74.09161376953125
21 37.045806884765625
22 36.61504364013672
23 9.907600402832031
24 33.59968566894531
25 54.70718002319336
26 25.41514778137207
27 51.691829681396484
28 26.707441329956055
29 23.261320114135742
30 51.26105880737305
31 53.84565353393555
32 42.21499252319336
33 52.55335235595703
34 32.738155364990234
35 13.784486770629883
36 27.999736785888672
37 33.16891860961914
38 38.76887130737305
39 52.98412322998047
40 35.753509521484375
41 46.95341110229492
42 39.63039779663086
43 47.384178161621094
44 43.93804931640625
45 33.59968566894531
46 41.35346221923828
47 21.538259506225586
48 4.307651996612549
49 16.799842834472656
50 23.261322021484375
51 25.41514778137207
52 57.722537994384766
53 37.4765739440918
54 55.99947738647461
55 36.61504364013672
56 38.76887130737305
57 49.53799819946289
58 12.49219036102295
59 26.707441329956055
60 43.507286071777344
61 43.507286071777344
62 15.507547378540039
63 42.21499252319336
64 21.969024658203125
65 42.21499252319336
66 64.61478424072266
67 45.2303466796875
68 5.599947929382324
69 62.46095657348633
70 24.55361557006836
71 58.58407211303711
72 50.830299377441406
73 23.261320114135742
74 32.738155364990234
75 18.95366859436035
76 19.38443374633789
77 34.030452728271484
78 58.58407211303711
79 18.95366859436035
80 43.938053131103516
81 13.353721618652344
82 37.47657012939453
83 34.461219787597656
84 50.83029556274414
85 13.784485816955566
86 43.507286071777344
87 24.553617477416992
88 24.12285041809082
89 28.86126708984375
90 28.430503845214844
91 22.399791717529297
92 17.230607986450195
93 31.01509666442871
94 16.799842834472656
95 33.168922424316406
96 45.66111373901367
97 28.430503845214844
98 30.153566360473633
99 24.12285041809082
100 22.399789810180664
101 21.538259506225586
102 34.46121597290039
103 37.47657775878906
104 33.59968566894531
105 41.35346221923828
106 31.876625061035156
107 44.36882019042969
108 20.24596405029297
109 27.138208389282227
110 10.33836555480957
111 35.32274627685547
112 32.30738830566406
113 43.507286071777344
114 39.19963836669922
115 23.69208526611328
116 24.55361557006836
117 46.522647857666016
118 39.630401611328125
119 34.030452728271484
120 34.03044891357422
121 35.32274627685547
122 18.95366859436035
123 21.538259506225586
124 40.92269515991211
125 46.953407287597656
126 22.830556869506836
127 50.83029556274414
128 20.676729202270508
129 26.707441329956055
130 39.630401611328125
131 12.492191314697266
132 12.061426162719727
133 26.27667808532715
134 24.55361557006836
135 18.092140197753906
136 29.29203224182129
137 17.230607986450195
138 12.922956466674805
139 17.230607986450195
140 16.799842834472656
141 15.938312530517578
142 14.646017074584961
143 20.676729202270508
144 19.81519889831543
145 40.4919319152832
146 38.76886749267578
147 34.461219787597656
148 25.41514778137207
149 22.830554962158203
150 42.21499252319336
151 18.092138290405273
152 14.646017074584961
153 21.107494354248047
154 26.707443237304688
155 12.492191314697266
156 28.430505752563477
157 22.830554962158203
158 29.292034149169922
159 24.98438262939453
160 59.01483917236328
161 27.568973541259766
162 42.214988708496094
163 27.138206481933594
164 43.07652282714844
165 52.9841194152832
166 22.399791717529297
167 25.415145874023438
168 29.72279930114746
169 24.12285041809082
170 32.738155364990234
171 24.55361557006836
172 30.58432960510254
173 25.84591293334961
174 13.784486770629883
175 30.58432960510254
176 43.07652282714844
177 24.55361557006836
178 22.399791717529297
179 29.722797393798828
180 29.29203224182129
181 26.27667808532715
182 19.38443374633789
183 11.630661010742188
184 15.938312530517578
185 21.969026565551758
186 28.861268997192383
187 19.81519889831543
188 34.46121597290039
189 24.9843807220459
190 42.64575958251953
191 9.907599449157715
192 15.507547378540039
193 13.784486770629883
194 9.907600402832031
195 41.78422546386719
196 22.399789810180664
197 41.35346221923828
198 21.538259506225586
199 36.61504364013672
200 24.122852325439453
201 16.799842834472656
202 35.322750091552734
203 32.30739212036133
204 27.138206481933594
205 43.507286071777344
206 24.9843807220459
207 26.276676177978516
208 27.568973541259766
209 21.969024658203125
210 35.322750091552734
211 14.646017074584961
212 24.9843807220459
213 43.50728988647461
214 11.630661010742188
215 26.707441329956055
216 20.676729202270508
217 32.7381591796875
218 18.092138290405273
219 53.414886474609375
220 32.30738830566406
221 19.38443374633789
222 15.0767822265625
223 21.538259506225586
224 40.49193572998047
225 30.153566360473633
226 35.753509521484375
227 21.53826141357422
228 34.030452728271484
229 35.75351333618164
230 20.67673110961914
231 9.476834297180176
232 35.32274627685547
233 13.353721618652344
234 33.59968566894531
235 58.15330505371094
236 12.492191314697266
237 8.615303993225098
238 13.353721618652344
239 3.0153565406799316
240 38.76887130737305
241 22.830554962158203
242 28.861270904541016
243 9.046069145202637
244 43.507286071777344
245 25.41514778137207
246 21.53826141357422
247 45.2303466796875
248 33.16891860961914
249 33.168922424316406
250 28.861268997192383
251 20.24596405029297
252 38.76886749267578
253 27.568973541259766
254 27.999738693237305
255 46.522640228271484
256 23.261322021484375
257 40.92269515991211
258 42.21499252319336
259 29.292034149169922
260 20.67673110961914
261 35.32274627685547
262 38.338104248046875
263 36.61503982543945
264 14.215251922607422
265 28.430503845214844
266 24.55361557006836
267 21.107494354248047
268 23.261320114135742
269 20.67673110961914
270 30.58432960510254
271 48.245704650878906
272 20.676729202270508
273 36.18427658081055
274 38.76886749267578
275 36.61504364013672
276 24.122852325439453
277 18.522903442382813
278 47.81494140625
279 6.892243385314941
280 9.476835250854492
281 17.230607986450195
282 25.415145874023438
283 29.722801208496094
284 39.19963455200195
285 52.55335998535156
286 35.75351333618164
287 37.90734100341797
288 34.461219787597656
289 33.16891860961914
290 27.138208389282227
291 43.93805694580078
292 25.41514778137207
293 37.9073371887207
294 17.230609893798828
295 31.876625061035156
296 40.0611686706543
297 8.615304946899414
298 20.676729202270508
299 18.95366859436035
300 23.261320114135742
301 32.30739212036133
302 17.661373138427734
303 21.10749626159668
304 23.692087173461914
305 16.369077682495117
306 18.95366859436035
307 9.907600402832031
308 68.92243194580078
309 34.461219787597656
310 15.0767822265625
311 12.061426162719727
312 40.92269515991211
313 38.76886749267578
314 9.046069145202637
315 24.122852325439453
316 13.784486770629883
317 31.445858001708984
318 31.015094757080078
319 14.215252876281738
320 46.52264404296875
321 9.476834297180176
322 31.015094757080078
323 9.476835250854492
324 21.969024658203125
325 18.092138290405273
326 40.0611686706543
327 23.69208526611328
328 12.492191314697266
329 8.615303993225098
330 30.584327697753906
331 42.64575958251953
332 5.599947929382324
333 9.476835250854492
334 47.38417434692383
335 27.999738693237305
336 54.707183837890625
337 21.107494354248047
338 10.76913070678711
339 53.41489028930664
340 26.276676177978516
341 34.46121597290039
342 11.630661010742188
343 18.95366859436035
344 36.61503982543945
345 56.86101150512695
346 39.19963455200195
347 24.98438262939453
348 22.399789810180664
349 27.13821029663086
350 10.33836555480957
351 39.630401611328125
352 24.9843807220459
353 42.214996337890625
354 7.3230085372924805
355 27.568973541259766
356 13.353721618652344
357 31.876625061035156
358 46.09187698364258
359 54.27641677856445
360 65.0455551147461
361 59.44560241699219
362 46.52264404296875
363 36.18427658081055
364 43.507286071777344
365 48.67646789550781
366 12.922956466674805
367 37.90734100341797
368 29.292034149169922
369 45.66111373901367
370 26.27667808532715
371 22.830554962158203
372 21.107494354248047
373 51.26106262207031
374 10.76913070678711
375 44.36881637573242
376 24.98438262939453
377 49.96876907348633
378 12.49219036102295
379 37.47657012939453
380 43.07652282714844
381 53.414886474609375
382 42.214988708496094
383 23.261322021484375
384 18.092138290405273
385 25.845911026000977
386 13.353720664978027
387 21.53826141357422
388 18.092138290405273
389 22.830554962158203
390 45.2303466796875
391 23.261322021484375
392 34.8919792175293
393 26.707441329956055
394 30.584327697753906
395 13.7844877243042
396 24.98438262939453
397 41.78422546386719
398 44.799583435058594
399 9.907599449157715
400 54.707183837890625
401 22.399791717529297
402 23.261320114135742
403 26.276676177978516
404 41.78422546386719
405 31.01509666442871
406 19.815200805664063
407 13.353721618652344
408 24.122852325439453
409 47.38417434692383
410 29.292034149169922
411 36.61504364013672
412 25.845911026000977
413 15.507547378540039
414 53.41489028930664
415 19.81519889831543
416 38.76887130737305
417 23.261322021484375
418 41.78422546386719
419 18.522903442382813
420 43.93804931640625
421 18.092140197753906
422 30.584327697753906
423 19.81519889831543
424 26.27667808532715
425 27.999740600585938
426 8.184538841247559
427 54.70718002319336
428 43.938053131103516
429 27.568973541259766
430 13.353720664978027
431 40.4919319152832
432 24.55361557006836
433 49.10723876953125
434 9.476834297180176
435 21.538259506225586
436 20.67673110961914
437 38.33810043334961
438 42.645755767822266
439 46.09187698364258
440 33.59968948364258
441 6.461478233337402
442 24.9843807220459
443 20.67673110961914
444 40.06116485595703
445 15.938312530517578
446 60.73789596557617
447 21.107494354248047
448 12.922956466674805
449 19.38443374633789
450 37.045806884765625
451 16.369077682495117
452 15.0767822265625
453 27.138206481933594
454 54.27641677856445
455 25.845911026000977
456 37.4765739440918
457 20.24596405029297
458 56.86100769042969
459 21.969026565551758
460 18.95366859436035
461 31.015094757080078
462 29.72279930114746
463 37.9073371887207
464 43.93804931640625
465 40.4919319152832
466 21.53826141357422
467 12.492191314697266
468 21.107494354248047
469 33.59968566894531
470 30.153562545776367
471 13.353721618652344
472 44.36882019042969
473 46.091880798339844
474 13.353721618652344
475 42.214988708496094
476 12.922956466674805
477 49.538002014160156
478 18.522903442382813
479 22.399789810180664
480 28.861268997192383
481 21.107494354248047
482 21.969026565551758
483 30.153564453125
484 52.98412322998047
485 31.445859909057617
486 39.19963455200195
487 13.353721618652344
488 69.35320281982422
489 49.10723876953125
490 21.969024658203125
491 25.84591293334961
492 28.430503845214844
493 56.86100769042969
494 5.169182777404785
495 21.969026565551758
496 46.953407287597656
497 16.369077682495117
498 28.861270904541016
499 10.769129753112793
500 24.122852325439453
501 11.630660057067871
502 27.568973541259766
503 18.092138290405273
504 21.107494354248047
505 26.707443237304688
506 39.63039779663086
507 20.24596405029297
508 25.415145874023438
509 22.830554962158203
510 49.53799819946289
511 40.49192810058594
512 51.691829681396484
513 27.999738693237305
514 37.90734100341797
515 23.69208526611328
516 21.969024658203125
517 14.646017074584961
518 50.39952850341797
519 35.753517150878906
520 43.07651901245117
521 18.092140197753906
522 25.415145874023438
523 31.876625061035156
524 26.276676177978516
525 29.29203224182129
526 29.722797393798828
527 19.815200805664063
528 12.922955513000488
529 21.107494354248047
530 27.568971633911133
531 20.676729202270508
532 45.661109924316406
533 14.215250968933105
534 15.938312530517578
535 0.43076521158218384
536 25.84591293334961
537 11.630661010742188
538 61.599430084228516
539 22.399789810180664
540 27.568971633911133
541 38.338104248046875
542 26.27667808532715
543 33.59968566894531
544 19.38443374633789
545 13.353721618652344
546 16.799842834472656
547 34.89198303222656
548 37.4765739440918
549 31.876625061035156
550 19.38443374633789
551 34.89198303222656
552 14.646017074584961
553 24.98438262939453
554 20.24596405029297
555 33.168922424316406
556 42.214988708496094
557 30.584327697753906
558 22.399789810180664
559 23.261322021484375
560 24.12285041809082
561 24.55361557006836
562 31.015094757080078
563 21.107494354248047
564 39.19963455200195
565 22.399789810180664
566 51.26105880737305
567 6.030713081359863
568 25.845911026000977
569 31.015092849731445
570 16.799842834472656
571 60.737892150878906
572 34.46121597290039
573 37.045806884765625
574 55.13794708251953
575 58.15330123901367
576 37.90734100341797
577 40.4919319152832
578 18.522903442382813
579 42.645755767822266
580 22.830556869506836
581 29.292034149169922
582 41.353458404541016
583 11.199895858764648
584 28.861268997192383
585 22.399791717529297
586 6.461478233337402
587 42.214988708496094
588 35.75351333618164
589 40.0611686706543
590 37.04581069946289
591 31.44586181640625
592 28.86126708984375
593 31.876625061035156
594 5.599947929382324
595 37.90734100341797
596 56.86100387573242
597 24.55361557006836
598 9.476834297180176
599 20.67673110961914
600 49.96876907348633
601 21.107494354248047
602 27.999738693237305
603 31.015094757080078
604 57.29177474975586
605 26.707441329956055
606 3.8768868446350098
607 34.030452728271484
608 27.568973541259766
609 16.369077682495117
610 40.06116485595703
611 47.81493377685547
612 39.63039779663086
613 42.21499252319336
614 15.507547378540039
615 11.630660057067871
616 27.568973541259766
617 36.61504364013672
618 4.738417625427246
619 38.76887130737305
620 10.769129753112793
621 40.06116485595703
622 19.81519889831543
623 18.092138290405273
624 35.753509521484375
625 20.676729202270508
626 25.415145874023438
627 17.661373138427734
628 16.799842834472656
629 17.661373138427734
630 36.18428039550781
631 37.4765739440918
632 62.030189514160156
633 59.014835357666016
634 34.46121597290039
635 40.06116485595703
636 47.81494140625
637 46.52264404296875
638 23.261322021484375
639 57.722537994384766
640 49.538002014160156
641 12.061426162719727
642 27.999740600585938
643 27.138206481933594
644 25.84591293334961
645 28.86126708984375
646 20.676729202270508
647 55.13794708251953
648 27.138208389282227
649 48.245704650878906
650 33.168922424316406
651 21.969024658203125
652 30.153564453125
653 31.015094757080078
654 16.369077682495117
655 29.722797393798828
656 26.276676177978516
657 22.830554962158203
658 20.2459659576416
659 7.753774166107178
660 29.72279930114746
661 16.369077682495117
662 54.27642059326172
663 33.168922424316406
664 33.168922424316406
665 5.169182777404785
666 15.938312530517578
667 23.261322021484375
668 16.369077682495117
669 13.353721618652344
670 28.430503845214844
671 34.89198303222656
672 39.630401611328125
673 35.753509521484375
674 33.16891860961914
675 4.738417148590088
676 37.4765739440918
677 31.876623153686523
678 18.522903442382813
679 18.95366859436035
680 44.799583435058594
681 34.89198303222656
682 40.4919319152832
683 13.784486770629883
684 34.030452728271484
685 20.24596405029297
686 44.36882019042969
687 24.98438262939453
688 17.661373138427734
689 21.107494354248047
690 44.36881637573242
691 29.292034149169922
692 28.430503845214844
693 18.95366859436035
694 41.35346221923828
695 50.3995361328125
696 34.461219787597656
697 29.292034149169922
698 27.568971633911133
699 30.153564453125
700 45.661109924316406
701 27.568973541259766
702 9.907600402832031
703 15.938312530517578
704 21.538259506225586
705 9.476835250854492
706 11.630661010742188
707 25.415145874023438
708 39.63040542602539
709 46.52264404296875
710 17.661373138427734
711 54.27641677856445
712 50.399532318115234
713 34.46121597290039
714 30.58432960510254
715 29.29203224182129
716 74.52238464355469
717 27.13821029663086
718 21.969024658203125
719 36.61504364013672
720 32.30739212036133
721 17.661375045776367
722 30.58432960510254
723 45.66111373901367
724 30.58432960510254
725 31.876625061035156
726 31.44586181640625
727 52.12259292602539
728 11.199895858764648
729 18.092138290405273
730 16.36907958984375
731 30.153562545776367
732 31.445858001708984
733 31.445858001708984
734 13.784486770629883
735 38.76887130737305
736 55.56871032714844
737 34.03044891357422
738 17.230607986450195
739 34.89198303222656
740 17.661375045776367
741 13.353721618652344
742 16.369077682495117
743 18.522903442382813
744 12.922955513000488
745 27.568971633911133
746 49.10723876953125
747 34.89198303222656
748 39.19963836669922
749 19.81519889831543
750 44.799583435058594
751 23.69208526611328
752 43.07651901245117
753 14.215251922607422
754 45.23035430908203
755 32.30739212036133
756 26.276676177978516
757 35.75351333618164
758 17.661373138427734
759 47.38417434692383
760 26.707443237304688
761 38.76887130737305
762 31.876623153686523
763 25.845911026000977
764 35.32274627685547
765 7.7537736892700195
766 15.938312530517578
767 6.030713081359863
768 47.384178161621094
769 9.046070098876953
770 13.784486770629883
771 27.138206481933594
772 16.799842834472656
773 62.8917236328125
774 24.122852325439453
775 43.507286071777344
776 40.06116485595703
777 43.0765266418457
778 38.76887130737305
779 40.922691345214844
780 30.584331512451172
781 26.276676177978516
782 21.10749626159668
783 23.69208526611328
784 32.30738830566406
785 29.29203224182129
786 37.04581069946289
787 23.261320114135742
788 33.59968948364258
789 15.938312530517578
790 46.52264404296875
791 33.59968566894531
792 10.338364601135254
793 38.76886749267578
794 16.369077682495117
795 46.953407287597656
796 36.18427658081055
797 20.67673110961914
798 19.38443374633789
799 38.76886749267578
800 12.061426162719727
801 34.46121597290039
802 35.32274627685547
803 18.522903442382813
804 9.476835250854492
805 25.845911026000977
806 40.06116485595703
807 36.18427658081055
808 19.81519889831543
809 32.30739212036133
810 17.661373138427734
811 34.46121597290039
812 31.015094757080078
813 20.24596405029297
814 12.922956466674805
815 38.338104248046875
816 21.107494354248047
817 17.230607986450195
818 45.23035430908203
819 19.38443374633789
820 29.292034149169922
821 38.338104248046875
822 29.722797393798828
823 26.276676177978516
824 18.092138290405273
825 29.29203224182129
826 22.830556869506836
827 32.30738830566406
828 15.938312530517578
829 33.16891860961914
830 20.67673110961914
831 16.79984474182129
832 10.769129753112793
833 18.522903442382813
834 25.41514778137207
835 8.615304946899414
836 22.830554962158203
837 9.907599449157715
838 34.8919792175293
839 19.81519889831543
840 17.230607986450195
841 15.938312530517578
842 53.84565353393555
843 43.507286071777344
844 18.953670501708984
845 42.214988708496094
846 27.138208389282227
847 16.799842834472656
848 19.38443374633789
849 26.707441329956055
850 40.92269515991211
851 48.24570083618164
852 36.61503982543945
853 37.4765739440918
854 34.46122360229492
855 18.95366859436035
856 19.815200805664063
857 24.55361557006836
858 42.64575958251953
859 12.922955513000488
860 12.061426162719727
861 20.67673110961914
862 37.04581069946289
863 42.21499252319336
864 20.24596405029297
865 31.445858001708984
866 20.67673110961914
867 31.876623153686523
868 17.661373138427734
869 24.55361557006836
870 15.507547378540039
871 19.81519889831543
872 37.47657775878906
873 32.738155364990234
874 46.953407287597656
875 46.95341110229492
876 15.0767822265625
877 12.061426162719727
878 22.83055877685547
879 49.96876525878906
880 33.59968948364258
881 47.384178161621094
882 7.7537736892700195
883 22.399791717529297
884 30.153564453125
885 31.876625061035156
886 37.47657775878906
887 13.784486770629883
888 21.107494354248047
889 17.661375045776367
890 30.153564453125
891 37.4765739440918
892 25.84591293334961
893 12.492191314697266
894 41.353458404541016
895 28.43050193786621
896 41.78422546386719
897 12.922956466674805
898 18.522903442382813
899 41.78422927856445
900 24.122852325439453
901 13.353721618652344
902 21.969024658203125
903 31.876625061035156
904 9.046069145202637
905 15.938312530517578
906 24.122852325439453
907 24.98438262939453
908 43.507286071777344
909 10.33836555480957
910 38.338104248046875
911 36.18428039550781
912 32.738155364990234
913 21.107494354248047
914 39.63039779663086
915 22.830554962158203
916 30.153564453125
917 65.90707397460938
918 34.8919792175293
919 9.907600402832031
920 8.615303993225098
921 37.04581069946289
922 18.522903442382813
923 10.338364601135254
924 35.32274627685547
925 49.107234954833984
926 12.922956466674805
927 24.12285041809082
928 15.938312530517578
929 32.30739212036133
930 50.399532318115234
931 29.722797393798828
932 54.27642059326172
933 25.41514778137207
934 18.522903442382813
935 37.4765739440918
936 25.41514778137207
937 9.907600402832031
938 15.507547378540039
939 21.107494354248047
940 15.938312530517578
941 18.092138290405273
942 50.83029556274414
943 37.045806884765625
944 34.030452728271484
945 11.630661010742188
946 19.38443374633789
947 46.52264404296875
948 18.522903442382813
949 1.7230608463287354
950 33.168922424316406
951 34.030452728271484
952 27.568973541259766
953 11.199895858764648
954 23.261320114135742
955 34.89198303222656
956 13.353721618652344
957 33.59968566894531
958 18.092140197753906
959 23.261320114135742
960 54.70718765258789
961 55.13794708251953
962 52.122589111328125
963 21.538259506225586
964 66.76860809326172
965 18.95366859436035
966 52.5533561706543
967 34.46121597290039
968 33.16892623901367
969 22.399789810180664
970 17.661373138427734
971 21.107494354248047
972 28.861268997192383
973 18.092138290405273
974 43.93805694580078
975 12.922956466674805
976 39.19963073730469
977 34.030452728271484
978 34.89198684692383
979 12.922956466674805
980 49.96876525878906
981 35.75351333618164
982 15.0767822265625
983 18.092138290405273
984 12.492191314697266
985 15.507547378540039
986 17.230607986450195
987 43.50729751586914
988 21.969024658203125
989 43.507286071777344
990 13.784486770629883
991 55.99947738647461
992 30.153562545776367
993 24.122852325439453
994 33.59968566894531
995 18.95366859436035
996 30.58432960510254
997 41.78422927856445
998 12.061426162719727
999 21.107494354248047
1000 45.66111373901367
1001 24.122852325439453
1002 24.122852325439453
