# Selection:resname AU POPC Restricted:name AUC AUL AUSL Radius:2.64 Start:0 End:-1
0 49.538002014160156
1 52.122596740722656
2 5.599947929382324
3 8.615303993225098
4 11.630660057067871
5 1.2922956943511963
6 34.89198303222656
7 5.169182300567627
8 4.307651996612549
9 3.4461216926574707
10 6.892243385314941
11 10.76913070678711
12 3.0153565406799316
13 30.153564453125
14 8.615303993225098
15 6.892243385314941
16 9.476835250854492
17 1.7230608463287354
18 9.907600402832031
19 7.3230085372924805
20 13.353721618652344
21 19.81519889831543
22 12.492191314697266
23 3.0153565406799316
24 18.95366859436035
25 18.95366859436035
26 6.030713081359863
27 12.061426162719727
28 11.199894905090332
29 6.892243385314941
30 14.215251922607422
31 11.630660057067871
32 9.046069145202637
33 6.892243385314941
34 9.046070098876953
35 6.461477756500244
36 6.892243385314941
37 0.43076521158218384
38 3.0153563022613525
39 8.184538841247559
40 22.399791717529297
41 3.0153565406799316
42 5.169182300567627
43 10.33836555480957
44 18.522903442382813
45 20.676729202270508
46 8.184538841247559
47 11.199895858764648
48 4.307651996612549
49 3.4461216926574707
50 3.4461216926574707
51 21.53826141357422
52 13.784486770629883
53 15.507547378540039
54 25.84591293334961
55 15.938312530517578
56 9.907599449157715
57 7.7537736892700195
58 8.184538841247559
59 6.030712604522705
60 24.553617477416992
61 14.215251922607422
62 3.4461216926574707
63 5.169182777404785
64 10.338364601135254
65 18.95366859436035
66 21.107494354248047
67 12.061426162719727
68 0.8615304231643677
69 22.399791717529297
70 7.7537736892700195
71 27.999738693237305
72 5.599947929382324
73 11.199895858764648
74 6.030713081359863
75 7.3230085372924805
76 15.0767822265625
77 11.630661010742188
78 10.769129753112793
79 0.43076521158218384
80 9.476834297180176
81 4.307652473449707
82 13.353721618652344
83 7.3230085372924805
84 12.49219036102295
85 5.599947929382324
86 9.046069145202637
87 5.599947929382324
88 3.0153565406799316
89 18.522903442382813
90 1.7230608463287354
91 2.5845911502838135
92 2.1538259983062744
93 13.353721618652344
94 3.0153565406799316
95 12.061426162719727
96 32.738155364990234
97 9.046069145202637
98 17.661373138427734
99 8.184538841247559
100 15.0767822265625
101 3.876887083053589
102 17.661373138427734
103 9.476835250854492
104 1.7230608463287354
105 13.784486770629883
106 14.646017074584961
107 10.338364601135254
108 15.938312530517578
109 10.769129753112793
110 5.169182300567627
111 13.784486770629883
112 9.046069145202637
113 10.33836555480957
114 2.1538259983062744
115 2.1538262367248535
116 13.784486770629883
117 21.538259506225586
118 7.3230085372924805
119 8.184538841247559
120 18.522903442382813
121 12.061426162719727
122 9.046069145202637
123 8.184538841247559
124 19.81519889831543
125 4.738417625427246
126 19.815200805664063
127 39.19963455200195
128 6.461478233337402
129 15.507547378540039
130 19.38443374633789
131 4.307652473449707
132 7.3230085372924805
133 4.307651996612549
134 7.7537736892700195
135 10.338364601135254
136 3.0153563022613525
137 3.4461216926574707
138 2.5845913887023926
139 3.4461214542388916
140 9.907599449157715
141 2.5845913887023926
142 11.199894905090332
143 3.4461216926574707
144 6.892243385314941
145 15.507547378540039
146 9.046069145202637
147 2.1538262367248535
148 9.907600402832031
149 9.476835250854492
150 10.76913070678711
151 7.3230085372924805
152 0.43076521158218384
153 4.738417148590088
154 6.892243385314941
155 5.169182777404785
156 11.630661010742188
157 11.199894905090332
158 8.184538841247559
159 10.338364601135254
160 2.1538259983062744
161 6.030713081359863
162 11.199895858764648
163 3.4461216926574707
164 4.307652473449707
165 9.476834297180176
166 1.7230608463287354
167 8.615303993225098
168 7.3230085372924805
169 3.8768868446350098
170 7.7537736892700195
171 6.461478233337402
172 5.169182777404785
173 7.7537736892700195
174 9.046069145202637
175 21.107494354248047
176 10.76913070678711
177 7.753774166107178
178 1.2922956943511963
179 7.323009014129639
180 12.922956466674805
181 4.307652473449707
182 1.7230608463287354
183 4.307651996612549
184 2.1538259983062744
185 4.307651996612549
186 12.492191314697266
187 4.738417148590088
188 7.3230085372924805
189 4.307652473449707
190 8.615304946899414
191 5.169182777404785
192 7.753774166107178
193 3.8768868446350098
194 7.7537736892700195
195 8.615303993225098
196 7.3230085372924805
197 19.81519889831543
198 8.615304946899414
199 3.0153565406799316
200 9.907600402832031
201 3.8768868446350098
202 4.307651996612549
203 14.646017074584961
204 6.461478233337402
205 8.615303993225098
206 0.43076521158218384
207 10.76913070678711
208 16.799842834472656
209 4.307652473449707
210 23.261320114135742
211 5.599947929382324
212 1.7230608463287354
213 17.230607986450195
214 1.2922956943511963
215 5.169182300567627
216 17.661373138427734
217 8.615303993225098
218 14.646017074584961
219 15.938312530517578
220 9.476834297180176
221 4.307651996612549
222 13.784486770629883
223 15.507547378540039
224 17.230607986450195
225 3.8768868446350098
226 5.169182300567627
227 5.169182777404785
228 9.476835250854492
229 8.184538841247559
230 1.7230608463287354
231 6.892243385314941
232 13.353721618652344
233 3.8768868446350098
234 12.061426162719727
235 6.030713081359863
236 10.76913070678711
237 2.1538259983062744
238 11.199894905090332
239 3.0153565406799316
240 4.307651996612549
241 9.046069145202637
242 1.7230608463287354
243 6.461478233337402
244 11.630661010742188
245 15.938312530517578
246 8.615304946899414
247 14.215251922607422
248 12.492191314697266
249 9.476834297180176
250 11.630661010742188
251 14.215251922607422
252 3.876887083053589
253 8.615303993225098
254 10.76913070678711
255 17.230607986450195
256 4.738417625427246
257 0.8615304231643677
258 21.969024658203125
259 8.184538841247559
260 4.738417148590088
261 4.307652473449707
262 27.138206481933594
263 0.0
264 4.307652473449707
265 3.4461216926574707
266 5.599947929382324
267 9.046070098876953
268 9.907600402832031
269 3.876887083053589
270 4.738417148590088
271 21.969024658203125
272 8.615304946899414
273 5.169182777404785
274 5.599947929382324
275 4.307651996612549
276 12.922955513000488
277 8.615304946899414
278 14.215251922607422
279 6.892243385314941
280 1.2922956943511963
281 13.353721618652344
282 4.738417625427246
283 9.907600402832031
284 12.492191314697266
285 32.30739212036133
286 6.030713081359863
287 9.476834297180176
288 14.215251922607422
289 0.0
290 10.76913070678711
291 32.7381591796875
292 4.307651996612549
293 0.8615304231643677
294 9.476835250854492
295 3.8768868446350098
296 21.53826141357422
297 6.892243385314941
298 15.0767822265625
299 9.046069145202637
300 0.43076521158218384
301 13.353721618652344
302 2.1538262367248535
303 5.169182777404785
304 11.630661010742188
305 5.169182777404785
306 5.599947929382324
307 2.1538259983062744
308 9.476834297180176
309 17.661373138427734
310 7.753773212432861
311 7.3230085372924805
312 14.646017074584961
313 13.784486770629883
314 8.615303993225098
315 4.307651996612549
316 4.307651996612549
317 26.276676177978516
318 6.030713081359863
319 4.738417148590088
320 18.092138290405273
321 9.476834297180176
322 1.2922956943511963
323 0.8615304231643677
324 7.7537736892700195
325 5.169182300567627
326 10.769129753112793
327 0.8615304231643677
328 2.1538259983062744
329 3.0153565406799316
330 8.615303993225098
331 17.230607986450195
332 1.7230608463287354
333 3.8768868446350098
334 35.32274627685547
335 6.892243385314941
336 30.153564453125
337 13.353721618652344
338 5.169182777404785
339 28.430503845214844
340 8.615304946899414
341 8.615303993225098
342 6.8922438621521
343 2.5845913887023926
344 9.907600402832031
345 10.76913070678711
346 6.030713081359863
347 17.661373138427734
348 3.876887083053589
349 9.907599449157715
350 6.030713081359863
351 11.630661010742188
352 5.599947929382324
353 9.476834297180176
354 4.738417148590088
355 3.8768868446350098
356 3.8768868446350098
357 10.33836555480957
358 6.461478233337402
359 10.33836555480957
360 17.230607986450195
361 12.922956466674805
362 11.630661010742188
363 17.230607986450195
364 31.445859909057617
365 33.59968566894531
366 3.0153565406799316
367 11.199895858764648
368 12.492191314697266
369 14.646017074584961
370 13.784486770629883
371 4.738417625427246
372 2.5845913887023926
373 2.5845911502838135
374 3.8768868446350098
375 29.72279930114746
376 3.4461216926574707
377 14.215251922607422
378 7.7537736892700195
379 15.507547378540039
380 18.522903442382813
381 15.0767822265625
382 6.461478233337402
383 9.907600402832031
384 2.1538259983062744
385 7.323009014129639
386 3.8768868446350098
387 2.1538259983062744
388 3.4461216926574707
389 10.769129753112793
390 6.461477756500244
391 5.169182777404785
392 5.169182777404785
393 5.599947929382324
394 7.3230085372924805
395 6.461478233337402
396 0.0
397 8.184539794921875
398 0.43076521158218384
399 1.7230608463287354
400 23.261322021484375
401 7.323008060455322
402 12.061426162719727
403 4.307651996612549
404 29.722797393798828
405 6.030713081359863
406 6.892243385314941
407 8.184538841247559
408 3.4461216926574707
409 9.476834297180176
410 18.522903442382813
411 11.199895858764648
412 2.1538262367248535
413 4.738417625427246
414 0.0
415 12.922956466674805
416 20.676729202270508
417 10.76913070678711
418 32.738155364990234
419 12.922956466674805
420 14.215251922607422
421 1.7230608463287354
422 3.4461216926574707
423 7.7537736892700195
424 1.2922956943511963
425 18.95366859436035
426 1.7230608463287354
427 11.199895858764648
428 15.938312530517578
429 15.076783180236816
430 1.2922956943511963
431 10.338364601135254
432 2.1538259983062744
433 9.907599449157715
434 2.1538262367248535
435 0.0
436 0.8615304231643677
437 10.33836555480957
438 11.199895858764648
439 16.369077682495117
440 17.661373138427734
441 3.0153565406799316
442 13.784486770629883
443 3.0153563022613525
444 25.415145874023438
445 5.169182300567627
446 11.199895858764648
447 7.7537736892700195
448 1.7230608463287354
449 5.599947929382324
450 11.199894905090332
451 11.630660057067871
452 7.753774166107178
453 12.061426162719727
454 32.30739212036133
455 3.0153565406799316
456 3.0153565406799316
457 3.4461216926574707
458 11.199895858764648
459 4.307652473449707
460 2.1538259983062744
461 17.661373138427734
462 6.030713081359863
463 15.0767822265625
464 20.67673110961914
465 14.215251922607422
466 2.1538259983062744
467 6.892243385314941
468 7.3230085372924805
469 2.1538262367248535
470 11.630661010742188
471 3.4461216926574707
472 0.8615304231643677
473 16.369077682495117
474 11.630660057067871
475 22.399789810180664
476 9.476835250854492
477 21.107494354248047
478 17.661373138427734
479 12.061426162719727
480 6.892243385314941
481 4.307652473449707
482 9.476834297180176
483 17.661373138427734
484 10.76913070678711
485 12.922956466674805
486 16.369077682495117
487 8.184538841247559
488 15.0767822265625
489 14.215251922607422
490 12.49219036102295
491 15.507547378540039
492 5.169182777404785
493 9.046069145202637
494 3.0153565406799316
495 6.892243385314941
496 1.7230608463287354
497 9.476834297180176
498 21.107494354248047
499 1.7230608463287354
500 5.599947452545166
501 3.4461216926574707
502 5.599947929382324
503 5.599947929382324
504 1.2922956943511963
505 5.169182300567627
506 6.892243385314941
507 3.4461216926574707
508 18.95366859436035
509 0.0
510 6.892243385314941
511 12.922956466674805
512 14.215251922607422
513 6.461478233337402
514 16.799842834472656
515 10.76913070678711
516 8.184538841247559
517 3.8768868446350098
518 15.507547378540039
519 9.907600402832031
520 6.892243385314941
521 3.0153563022613525
522 21.969024658203125
523 3.4461216926574707
524 7.323008060455322
525 9.046069145202637
526 10.33836555480957
527 6.461478233337402
528 9.046069145202637
529 15.0767822265625
530 18.95366859436035
531 7.3230085372924805
532 5.599947929382324
533 9.907599449157715
534 2.5845913887023926
535 0.0
536 10.33836555480957
537 5.599947452545166
538 10.33836555480957
539 0.0
540 10.33836555480957
541 14.646017074584961
542 16.79984474182129
543 3.4461216926574707
544 12.492191314697266
545 5.169182777404785
546 2.1538262367248535
547 10.338364601135254
548 5.599947929382324
549 10.76913070678711
550 4.738417148590088
551 9.476835250854492
552 0.8615304231643677
553 0.43076521158218384
554 12.922956466674805
555 7.7537736892700195
556 8.615303993225098
557 19.81519889831543
558 3.0153563022613525
559 5.599947929382324
560 1.7230608463287354
561 5.169182777404785
562 0.43076521158218384
563 2.5845913887023926
564 11.630661010742188
565 9.046069145202637
566 11.630661010742188
567 3.876887083053589
568 18.95366859436035
569 3.4461216926574707
570 5.599947929382324
571 13.784486770629883
572 6.461478233337402
573 12.922956466674805
574 15.507547378540039
575 2.5845911502838135
576 9.907600402832031
577 12.922955513000488
578 3.8768868446350098
579 10.76913070678711
580 8.615303993225098
581 14.215251922607422
582 1.7230608463287354
583 0.43076521158218384
584 6.030713081359863
585 4.738417625427246
586 0.8615304231643677
587 8.184538841247559
588 11.199895858764648
589 9.046070098876953
590 2.5845913887023926
591 14.646017074584961
592 14.646017074584961
593 1.2922956943511963
594 1.2922956943511963
595 17.230609893798828
596 24.12285041809082
597 2.5845911502838135
598 3.4461216926574707
599 11.630661010742188
600 9.046069145202637
601 6.030712604522705
602 6.030713081359863
603 11.630661010742188
604 9.476834297180176
605 19.38443374633789
606 2.1538259983062744
607 16.369077682495117
608 5.169182777404785
609 6.030712604522705
610 3.8768868446350098
611 4.738417625427246
612 10.76913070678711
613 14.646017074584961
614 10.33836555480957
615 8.615303993225098
616 11.630661010742188
617 16.799842834472656
618 4.738417625427246
619 25.41514778137207
620 0.0
621 5.169182777404785
622 9.907600402832031
623 18.092138290405273
624 9.046069145202637
625 7.7537736892700195
626 9.476834297180176
627 8.615303993225098
628 9.907599449157715
629 5.599947929382324
630 7.7537736892700195
631 26.707441329956055
632 19.815200805664063
633 4.307651996612549
634 6.030713081359863
635 7.7537736892700195
636 6.892243385314941
637 15.507547378540039
638 4.738417625427246
639 23.69208526611328
640 25.41514778137207
641 0.8615304231643677
642 21.969026565551758
643 5.169182777404785
644 2.1538259983062744
645 5.169182777404785
646 11.199895858764648
647 9.046069145202637
648 6.461478233337402
649 18.95366859436035
650 17.230607986450195
651 9.907599449157715
652 12.492191314697266
653 16.799842834472656
654 7.3230085372924805
655 18.522903442382813
656 12.922956466674805
657 6.461478233337402
658 13.353721618652344
659 5.599947929382324
660 15.507547378540039
661 3.876887083053589
662 9.907600402832031
663 9.476834297180176
664 21.969026565551758
665 1.2922956943511963
666 7.7537736892700195
667 6.030713081359863
668 9.907599449157715
669 2.1538259983062744
670 9.907600402832031
671 7.3230085372924805
672 6.892243385314941
673 17.230607986450195
674 3.8768868446350098
675 3.8768868446350098
676 1.7230608463287354
677 20.24596405029297
678 8.184538841247559
679 0.43076521158218384
680 14.646017074584961
681 6.030713081359863
682 14.646017074584961
683 8.615303993225098
684 2.5845913887023926
685 3.4461216926574707
686 3.0153563022613525
687 13.784486770629883
688 5.169182300567627
689 13.353721618652344
690 3.0153565406799316
691 5.169182777404785
692 20.67673110961914
693 8.615303993225098
694 4.307652473449707
695 10.33836555480957
696 10.76913070678711
697 1.7230608463287354
698 6.461478233337402
699 23.261322021484375
700 1.7230608463287354
701 0.8615304231643677
702 5.169182777404785
703 9.046069145202637
704 11.199895858764648
705 3.4461216926574707
706 1.2922956943511963
707 5.599947452545166
708 19.38443374633789
709 31.445858001708984
710 10.76913070678711
711 22.399789810180664
712 16.799842834472656
713 6.030713081359863
714 2.5845913887023926
715 12.922956466674805
716 17.661373138427734
717 16.79984474182129
718 10.33836555480957
719 7.3230085372924805
720 9.046070098876953
721 4.307652473449707
722 21.538259506225586
723 6.892243385314941
724 23.261320114135742
725 0.0
726 2.1538262367248535
727 3.0153565406799316
728 2.5845913887023926
729 13.353721618652344
730 0.43076521158218384
731 1.2922956943511963
732 10.33836555480957
733 0.0
734 4.307651996612549
735 18.522903442382813
736 32.738155364990234
737 15.507547378540039
738 10.338364601135254
739 14.215251922607422
740 0.43076521158218384
741 0.0
742 8.184538841247559
743 0.0
744 9.046069145202637
745 10.769129753112793
746 17.230607986450195
747 3.8768868446350098
748 8.615303993225098
749 4.738417625427246
750 7.3230085372924805
751 2.1538259983062744
752 7.323009014129639
753 6.892243385314941
754 10.769129753112793
755 3.4461216926574707
756 1.7230608463287354
757 3.4461216926574707
758 5.599947929382324
759 8.615303993225098
760 9.907600402832031
761 15.938312530517578
762 11.630661010742188
763 18.092138290405273
764 2.5845913887023926
765 0.43076521158218384
766 0.0
767 3.0153565406799316
768 12.492191314697266
769 1.2922956943511963
770 3.0153565406799316
771 10.338364601135254
772 11.630660057067871
773 19.38443374633789
774 16.799842834472656
775 23.69208526611328
776 19.81519889831543
777 2.5845913887023926
778 3.8768868446350098
779 17.661373138427734
780 12.06142520904541
781 11.199894905090332
782 7.7537736892700195
783 6.030713081359863
784 21.969024658203125
785 9.046069145202637
786 4.307651996612549
787 10.33836555480957
788 8.184538841247559
789 10.76913070678711
790 6.030713081359863
791 15.0767822265625
792 8.184538841247559
793 6.461478233337402
794 3.0153565406799316
795 2.5845913887023926
796 3.8768868446350098
797 8.615304946899414
798 9.476835250854492
799 8.615303993225098
800 2.1538259983062744
801 6.892243385314941
802 4.738417625427246
803 2.1538259983062744
804 7.7537736892700195
805 11.630661010742188
806 19.38443374633789
807 22.399789810180664
808 1.7230608463287354
809 12.061426162719727
810 6.030713081359863
811 17.230607986450195
812 0.43076521158218384
813 9.476834297180176
814 9.046069145202637
815 11.199894905090332
816 0.43076521158218384
817 3.4461216926574707
818 14.215251922607422
819 5.169182777404785
820 1.7230608463287354
821 15.507547378540039
822 12.492191314697266
823 6.892243385314941
824 12.061426162719727
825 5.169182300567627
826 12.922956466674805
827 15.0767822265625
828 6.030713081359863
829 12.492191314697266
830 17.230609893798828
831 7.753774166107178
832 3.4461214542388916
833 0.43076521158218384
834 1.2922956943511963
835 1.2922956943511963
836 0.43076521158218384
837 8.615303993225098
838 9.476834297180176
839 3.0153565406799316
840 3.4461216926574707
841 5.169182300567627
842 3.876887083053589
843 16.799842834472656
844 2.5845913887023926
845 3.8768868446350098
846 9.907600402832031
847 5.599947929382324
848 10.338364601135254
849 9.907599449157715
850 1.7230608463287354
851 36.18427658081055
852 14.215251922607422
853 20.24596405029297
854 7.3230085372924805
855 9.476834297180176
856 11.199895858764648
857 12.492191314697266
858 15.0767822265625
859 3.44612193107605
860 3.4461216926574707
861 13.784486770629883
862 6.892243385314941
863 8.184538841247559
864 7.3230085372924805
865 13.784486770629883
866 1.7230608463287354
867 6.892243385314941
868 3.4461216926574707
869 10.338364601135254
870 6.461478233337402
871 1.2922956943511963
872 4.307651996612549
873 3.876887083053589
874 6.461478233337402
875 9.907600402832031
876 3.4461216926574707
877 10.33836555480957
878 8.184539794921875
879 12.49219036102295
880 11.199895858764648
881 24.98438262939453
882 1.2922956943511963
883 2.1538262367248535
884 2.5845913887023926
885 10.769129753112793
886 13.353720664978027
887 13.784485816955566
888 5.169182777404785
889 5.169182300567627
890 9.907599449157715
891 6.461478233337402
892 3.4461216926574707
893 3.0153565406799316
894 14.646017074584961
895 5.169182777404785
896 9.907599449157715
897 1.2922956943511963
898 15.938312530517578
899 7.7537736892700195
900 12.061426162719727
901 7.3230085372924805
902 8.184538841247559
903 3.8768868446350098
904 3.0153565406799316
905 8.615304946899414
906 4.307652473449707
907 5.169182300567627
908 8.184538841247559
909 9.476835250854492
910 20.676729202270508
911 23.692087173461914
912 3.4461216926574707
913 1.7230608463287354
914 3.8768868446350098
915 12.492191314697266
916 9.476834297180176
917 14.646017074584961
918 14.215251922607422
919 0.43076521158218384
920 4.738417625427246
921 23.69208526611328
922 6.892243385314941
923 2.1538259983062744
924 12.492191314697266
925 10.76913070678711
926 1.7230608463287354
927 2.1538259983062744
928 8.184538841247559
929 6.030713081359863
930 8.615303993225098
931 13.784486770629883
932 16.799842834472656
933 9.046069145202637
934 10.33836555480957
935 21.107494354248047
936 4.307652473449707
937 9.907600402832031
938 7.3230085372924805
939 14.646016120910645
940 2.5845911502838135
941 2.1538259983062744
942 13.784486770629883
943 6.892243385314941
944 5.169182777404785
945 3.0153565406799316
946 3.8768868446350098
947 2.1538262367248535
948 12.061426162719727
949 0.8615304231643677
950 2.1538259983062744
951 8.615303993225098
952 4.738417625427246
953 9.046070098876953
954 7.3230085372924805
955 12.492191314697266
956 7.7537736892700195
957 6.461478233337402
958 8.615303993225098
959 14.646017074584961
960 17.661373138427734
961 33.16891860961914
962 3.4461216926574707
963 9.476834297180176
964 23.692087173461914
965 6.461478233337402
966 13.784486770629883
967 12.922956466674805
968 6.461478233337402
969 3.8768868446350098
970 3.876887083053589
971 13.353721618652344
972 18.522903442382813
973 11.199894905090332
974 5.599947929382324
975 12.061426162719727
976 6.461478233337402
977 5.599947929382324
978 9.046069145202637
979 6.892243385314941
980 15.938312530517578
981 8.615303993225098
982 6.892243385314941
983 1.2922956943511963
984 9.907600402832031
985 2.1538259983062744
986 4.307652473449707
987 9.476834297180176
988 4.307651996612549
989 12.061426162719727
990 5.169182777404785
991 9.476835250854492
992 18.95366859436035
993 6.892243385314941
994 11.630660057067871
995 13.353720664978027
996 7.3230085372924805
997 0.8615304231643677
998 6.892243385314941
999 13.353721618652344
1000 17.661373138427734
1001 5.169182300567627
1002 5.169182300567627
