0 {1 2 3 6 9 10} {{0 0 0 4 5 0 7 8 0 0}}
1 {1 2 3 6 9 10} {{0 0 0 4 5 0 7 8 0 0}}
2 {1 2 3 9} {{0 0 0 4 5 0 7 8 0 0} {0 0 0 0 0 6 0 0 0 10}}
3 {1 2 3 9} {{0 0 0 4 5 0 7 8 0 0} {0 0 0 0 0 6 0 0 0 10}}
4 {1 2 3 9} {{0 0 0 4 5 0 7 8 0 0} {0 0 0 0 0 6 0 0 0 10}}
5 {1 2 3 9} {{0 0 0 4 5 0 7 8 0 0} {0 0 0 0 0 6 0 0 0 10}}
6 {1 2 3 9} {{0 0 0 4 5 0 7 8 0 0} {0 0 0 0 0 6 0 0 0 10}}
7 {1 2 3 9} {{0 0 0 4 5 0 7 8 0 0} {0 0 0 0 0 6 0 0 0 10}}
8 {1 2 3 9} {{0 0 0 4 5 0 7 8 0 0} {0 0 0 0 0 6 0 0 0 10}}
9 {1 2 3 9} {{0 0 0 4 5 0 7 8 0 0} {0 0 0 0 0 6 0 0 0 10}}
10 {1 2 3 9} {{0 0 0 4 5 0 7 8 0 0} {0 0 0 0 0 6 0 0 0 10}}
11 {1 2 3 9} {{0 0 0 4 5 0 7 8 0 0} {0 0 0 0 0 6 0 0 0 10}}
12 {1 2 3 9} {{0 0 0 4 5 0 7 8 0 0} {0 0 0 0 0 6 0 0 0 10}}
13 {1 2 3 9} {{0 0 0 4 5 0 7 8 0 0} {0 0 0 0 0 6 0 0 0 10}}
14 {1 2 3 9} {{0 0 0 4 5 0 7 8 0 0} {0 0 0 0 0 6 0 0 0 10}}
15 {1 2 3 9} {{0 0 0 4 5 0 7 8 0 0} {0 0 0 0 0 6 0 0 0 10}}
16 {1 2 3 9} {{0 0 0 4 5 0 7 8 0 0} {0 0 0 0 0 6 0 0 0 10}}
17 {1 2 3 9} {{0 0 0 4 5 0 7 8 0 0} {0 0 0 0 0 6 0 0 0 10}}
18 {1 2 3 9} {{0 0 0 4 5 0 7 8 0 0} {0 0 0 0 0 6 0 0 0 10}}
19 {1 2 3 9} {{0 0 0 4 5 0 7 8 0 0} {0 0 0 0 0 6 0 0 0 10}}
20 {1 2 3 9} {{0 0 0 4 5 0 7 8 0 0} {0 0 0 0 0 6 0 0 0 10}}
21 {1 2 3 9} {{0 0 0 4 5 0 7 8 0 0} {0 0 0 0 0 6 0 0 0 10}}
22 {1 2 3 9} {{0 0 0 4 5 0 7 8 0 0} {0 0 0 0 0 6 0 0 0 10}}
23 {1 2 3 9} {{0 0 0 4 5 0 7 8 0 0} {0 0 0 0 0 6 0 0 0 10}}
24 {1 2 3 9} {{0 0 0 4 5 0 7 8 0 0} {0 0 0 0 0 6 0 0 0 10}}
25 {1 2 3 9} {{0 0 0 4 5 0 7 8 0 0} {0 0 0 0 0 6 0 0 0 10}}
26 {1 2 3 9} {{0 0 0 4 5 0 7 8 0 0} {0 0 0 0 0 6 0 0 0 10}}
27 {1 2 3 9} {{0 0 0 4 5 0 7 8 0 0} {0 0 0 0 0 6 0 0 0 10}}
28 {1 2 3 9} {{0 0 0 4 5 0 7 8 0 0} {0 0 0 0 0 6 0 0 0 10}}
29 {1 2 3 9} {{0 0 0 4 5 0 7 8 0 0} {0 0 0 0 0 6 0 0 0 10}}
30 {1 2 3 9} {{0 0 0 4 5 0 7 8 0 0} {0 0 0 0 0 6 0 0 0 10}}
31 {1 2 3 9} {{0 0 0 4 5 0 7 8 0 0} {0 0 0 0 0 6 0 0 0 10}}
32 {1 2 3 9} {{0 0 0 4 5 0 7 8 0 0} {0 0 0 0 0 6 0 0 0 10}}
33 {1 2 3 9} {{0 0 0 4 5 0 7 8 0 0} {0 0 0 0 0 6 0 0 0 10}}
34 {1 2 3 9} {{0 0 0 4 5 0 7 8 0 0} {0 0 0 0 0 6 0 0 0 10}}
35 {1 2 3 9} {{0 0 0 4 5 0 7 8 0 0} {0 0 0 0 0 6 0 0 0 10}}
36 {1 2 3 9} {{0 0 0 4 5 0 7 8 0 0} {0 0 0 0 0 6 0 0 0 10}}
37 {1 2 3 9} {{0 0 0 4 5 0 7 8 0 0} {0 0 0 0 0 6 0 0 0 10}}
38 {1 2 3 9} {{0 0 0 4 5 0 7 8 0 0} {0 0 0 0 0 6 0 0 0 10}}
39 {1 2 3 9} {{0 0 0 4 5 0 7 8 0 0} {0 0 0 0 0 6 0 0 0 10}}
40 {1 2 3 9} {{0 0 0 4 5 0 7 8 0 0} {0 0 0 0 0 6 0 0 0 10}}
41 {1 2 3 9} {{0 0 0 4 5 0 7 8 0 0} {0 0 0 0 0 6 0 0 0 10}}
42 {1 2 3 9} {{0 0 0 4 5 0 7 8 0 0} {0 0 0 0 0 6 0 0 0 10}}
43 {1 2 3 9} {{0 0 0 4 5 0 7 8 0 0} {0 0 0 0 0 6 0 0 0 10}}
44 {1 2 3 9} {{0 0 0 4 5 0 7 8 0 0} {0 0 0 0 0 6 0 0 0 10}}
45 {1 2 3 9} {{0 0 0 4 5 0 7 8 0 0} {0 0 0 0 0 6 0 0 0 10}}
46 {1 2 3 9} {{0 0 0 4 5 0 7 8 0 0} {0 0 0 0 0 6 0 0 0 10}}
47 {1 2 3 9} {{0 0 0 4 5 0 7 8 0 0} {0 0 0 0 0 6 0 0 0 10}}
48 {1 2 3 9} {{0 0 0 4 5 0 7 8 0 0} {0 0 0 0 0 6 0 0 0 10}}
49 {1 2 3 9} {{0 0 0 4 5 0 7 8 0 0} {0 0 0 0 0 6 0 0 0 10}}
50 {1 2 3 9} {{0 0 0 4 5 0 7 8 0 0} {0 0 0 0 0 6 0 0 0 10}}
51 {1 2 3 9} {{0 0 0 4 5 0 7 8 0 0} {0 0 0 0 0 6 0 0 0 10}}
52 {1 2 3 9} {{0 0 0 4 5 0 7 8 0 0} {0 0 0 0 0 6 0 0 0 10}}
53 {1 2 3 9} {{0 0 0 4 5 0 7 8 0 0} {0 0 0 0 0 6 0 0 0 10}}
54 {1 2 3 9} {{0 0 0 4 5 0 7 8 0 0} {0 0 0 0 0 6 0 0 0 10}}
55 {1 2 3 9} {{0 0 0 4 5 0 7 8 0 0} {0 0 0 0 0 6 0 0 0 10}}
56 {1 2 3 9} {{0 0 0 4 5 0 7 8 0 0} {0 0 0 0 0 6 0 0 0 10}}
57 {1 2 3 9} {{0 0 0 4 5 0 7 8 0 0} {0 0 0 0 0 6 0 0 0 10}}
58 {1 2 3 9} {{0 0 0 4 5 0 7 8 0 0} {0 0 0 0 0 6 0 0 0 10}}
59 {1 2 3 9} {{0 0 0 4 5 0 7 8 0 0} {0 0 0 0 0 6 0 0 0 10}}
60 {1 2 3 9} {{0 0 0 4 5 0 7 8 0 0} {0 0 0 0 0 6 0 0 0 10}}
61 {1 2 3 9} {{0 0 0 4 5 0 7 8 0 0} {0 0 0 0 0 6 0 0 0 10}}
62 {1 2 3 9} {{0 0 0 4 5 0 7 8 0 0} {0 0 0 0 0 6 0 0 0 10}}
63 {1 2 3 9} {{0 0 0 4 5 0 7 8 0 0} {0 0 0 0 0 6 0 0 0 10}}
64 {1 2 3 9} {{0 0 0 4 5 0 7 8 0 0} {0 0 0 0 0 6 0 0 0 10}}
65 {1 2 3 9} {{0 0 0 4 5 0 7 8 0 0} {0 0 0 0 0 6 0 0 0 10}}
66 {1 2 3 9} {{0 0 0 4 5 0 7 8 0 0} {0 0 0 0 0 6 0 0 0 10}}
67 {1 2 3 9} {{0 0 0 4 5 0 7 8 0 0} {0 0 0 0 0 6 0 0 0 10}}
68 {1 2 3 9} {{0 0 0 4 5 0 7 8 0 0} {0 0 0 0 0 6 0 0 0 10}}
69 {1 2 3 9} {{0 0 0 4 5 0 7 8 0 0} {0 0 0 0 0 6 0 0 0 10}}
70 {1 2 3 9} {{0 0 0 4 5 0 7 8 0 0} {0 0 0 0 0 6 0 0 0 10}}
71 {1 2 3 9} {{0 0 0 4 5 0 7 8 0 0} {0 0 0 0 0 6 0 0 0 10}}
72 {1 2 3 9} {{0 0 0 4 5 0 7 8 0 0} {0 0 0 0 0 6 0 0 0 10}}
73 {1 2 3 9} {{0 0 0 4 5 0 7 8 0 0} {0 0 0 0 0 6 0 0 0 10}}
74 {1 2 3 9} {{0 0 0 4 5 0 7 8 0 0} {0 0 0 0 0 6 0 0 0 10}}
75 {1 2 3 9} {{0 0 0 4 5 0 7 8 0 0} {0 0 0 0 0 6 0 0 0 10}}
76 {1 2 3 9} {{0 0 0 4 5 0 7 8 0 0} {0 0 0 0 0 6 0 0 0 10}}
77 {1 2 3 9} {{0 0 0 4 5 0 7 8 0 0} {0 0 0 0 0 6 0 0 0 10}}
78 {1 2 3 9} {{0 0 0 4 5 0 7 8 0 0} {0 0 0 0 0 6 0 0 0 10}}
79 {1 2 3 9} {{0 0 0 4 5 0 7 8 0 0} {0 0 0 0 0 6 0 0 0 10}}
80 {1 2 3 9} {{0 0 0 4 5 0 7 8 0 0} {0 0 0 0 0 6 0 0 0 10}}
81 {1 2 3 9} {{0 0 0 4 5 0 7 8 0 0} {0 0 0 0 0 6 0 0 0 10}}
82 {1 2 3 9} {{0 0 0 4 5 0 7 8 0 0} {0 0 0 0 0 6 0 0 0 10}}
83 {1 2 3 9} {{0 0 0 4 5 0 7 8 0 0} {0 0 0 0 0 6 0 0 0 10}}
84 {1 2 3 9} {{0 0 0 4 5 0 7 8 0 0} {0 0 0 0 0 6 0 0 0 10}}
85 {1 2 3 9} {{0 0 0 4 5 0 7 8 0 0} {0 0 0 0 0 6 0 0 0 10}}
86 {1 2 3 9} {{0 0 0 4 5 0 7 8 0 0} {0 0 0 0 0 6 0 0 0 10}}
87 {1 2 3 9} {{0 0 0 4 5 0 7 8 0 0} {0 0 0 0 0 6 0 0 0 10}}
88 {1 2 3 9} {{0 0 0 4 5 0 7 8 0 0} {0 0 0 0 0 6 0 0 0 10}}
89 {1 2 3 9} {{0 0 0 4 5 0 7 8 0 0} {0 0 0 0 0 6 0 0 0 10}}
90 {1 2 3 9} {{0 0 0 4 5 0 7 8 0 0} {0 0 0 0 0 6 0 0 0 10}}
91 {1 2 3 9} {{0 0 0 4 5 0 7 8 0 0} {0 0 0 0 0 6 0 0 0 10}}
92 {1 2 3 9} {{0 0 0 4 5 0 7 8 0 0} {0 0 0 0 0 6 0 0 0 10}}
93 {1 2 3 9} {{0 0 0 4 5 0 7 8 0 0} {0 0 0 0 0 6 0 0 0 10}}
94 {1 2 3 9} {{0 0 0 4 5 0 7 8 0 0} {0 0 0 0 0 6 0 0 0 10}}
95 {1 2 3 9} {{0 0 0 4 5 0 7 8 0 0} {0 0 0 0 0 6 0 0 0 10}}
96 {1 2 3 9} {{0 0 0 4 5 0 7 8 0 0} {0 0 0 0 0 6 0 0 0 10}}
97 {1 2 3 9} {{0 0 0 4 5 0 7 8 0 0} {0 0 0 0 0 6 0 0 0 10}}
98 {1 2 3 9} {{0 0 0 4 5 0 7 8 0 0} {0 0 0 0 0 6 0 0 0 10}}
99 {1 2 3 9} {{0 0 0 4 5 0 7 8 0 0} {0 0 0 0 0 6 0 0 0 10}}
100 {1 2 3 9} {{0 0 0 4 5 0 7 8 0 0} {0 0 0 0 0 6 0 0 0 10}}
101 {1 2 3 9} {{0 0 0 4 5 0 7 8 0 0} {0 0 0 0 0 6 0 0 0 10}}
102 {1 2 3 9} {{0 0 0 4 5 0 7 8 0 0} {0 0 0 0 0 6 0 0 0 10}}
103 {1 2 3 9} {{0 0 0 4 5 0 7 8 0 0} {0 0 0 0 0 6 0 0 0 10}}
104 {1 2 3 9} {{0 0 0 4 5 0 7 8 0 0} {0 0 0 0 0 6 0 0 0 10}}
105 {1 2 3 9} {{0 0 0 4 5 0 7 8 0 0} {0 0 0 0 0 6 0 0 0 10}}
106 {1 2 3 9} {{0 0 0 4 5 0 7 8 0 0} {0 0 0 0 0 6 0 0 0 10}}
107 {1 2 3 9} {{0 0 0 4 5 0 7 8 0 0} {0 0 0 0 0 6 0 0 0 10}}
108 {1 2 3 9} {{0 0 0 4 5 0 7 8 0 0} {0 0 0 0 0 6 0 0 0 10}}
109 {1 2 3 9} {{0 0 0 4 5 0 7 8 0 0} {0 0 0 0 0 6 0 0 0 10}}
110 {1 2 3 9} {{0 0 0 4 5 0 7 8 0 0} {0 0 0 0 0 6 0 0 0 10}}
111 {1 2 3 9} {{0 0 0 4 5 0 7 8 0 0} {0 0 0 0 0 6 0 0 0 10}}
112 {1 2 3 9} {{0 0 0 4 5 0 7 8 0 0} {0 0 0 0 0 6 0 0 0 10}}
113 {1 2 3 9} {{0 0 0 4 5 0 7 8 0 0} {0 0 0 0 0 6 0 0 0 10}}
114 {1 2 3 9} {{0 0 0 4 5 0 7 8 0 0} {0 0 0 0 0 6 0 0 0 10}}
115 {1 2 3 9} {{0 0 0 4 5 0 7 8 0 0} {0 0 0 0 0 6 0 0 0 10}}
116 {1 2 3 9} {{0 0 0 4 5 0 7 8 0 0} {0 0 0 0 0 6 0 0 0 10}}
117 {1 2 3 9} {{0 0 0 4 5 0 7 8 0 0} {0 0 0 0 0 6 0 0 0 10}}
118 {1 2 3 9} {{0 0 0 4 5 0 7 8 0 0} {0 0 0 0 0 6 0 0 0 10}}
119 {1 2 3 9} {{0 0 0 4 5 0 7 8 0 0} {0 0 0 0 0 6 0 0 0 10}}
120 {1 2 3 9} {{0 0 0 4 5 0 7 8 0 0} {0 0 0 0 0 6 0 0 0 10}}
121 {1 2 3 9} {{0 0 0 4 5 0 7 8 0 0} {0 0 0 0 0 6 0 0 0 10}}
122 {1 2 3 9} {{0 0 0 4 5 0 7 8 0 0} {0 0 0 0 0 6 0 0 0 10}}
123 {1 2 3 9} {{0 0 0 4 5 0 7 8 0 0} {0 0 0 0 0 6 0 0 0 10}}
124 {1 2 3 9} {{0 0 0 4 5 0 7 8 0 0} {0 0 0 0 0 6 0 0 0 10}}
125 {1 2 3 9} {{0 0 0 4 5 0 7 8 0 0} {0 0 0 0 0 6 0 0 0 10}}
126 {1 2 3 9} {{0 0 0 4 5 0 7 8 0 0} {0 0 0 0 0 6 0 0 0 10}}
127 {1 2 3 9} {{0 0 0 4 5 0 7 8 0 0} {0 0 0 0 0 6 0 0 0 10}}
128 {1 2 3 9} {{0 0 0 4 5 0 7 8 0 0} {0 0 0 0 0 6 0 0 0 10}}
129 {1 9} {{0 2 3 0 0 0 0 0 0 0} {0 0 0 4 5 0 7 8 0 0} {0 0 0 0 0 6 0 0 0 10}}
130 {1 9} {{0 2 3 0 0 0 0 0 0 0} {0 0 0 4 5 0 7 8 0 0} {0 0 0 0 0 6 0 0 0 10}}
131 {1 9} {{0 2 3 0 0 0 0 0 0 0} {0 0 0 4 5 0 7 8 0 0} {0 0 0 0 0 6 0 0 0 10}}
132 {1 9} {{0 2 3 0 0 0 0 0 0 0} {0 0 0 4 5 0 7 8 0 0} {0 0 0 0 0 6 0 0 0 10}}
133 {1 9} {{0 2 3 0 0 0 0 0 0 0} {0 0 0 4 5 0 7 8 0 0} {0 0 0 0 0 6 0 0 0 10}}
134 {1 9} {{0 2 3 0 0 0 0 0 0 0} {0 0 0 4 5 0 7 8 0 0} {0 0 0 0 0 6 0 0 0 10}}
135 {1 9} {{0 2 3 0 0 0 0 0 0 0} {0 0 0 4 5 0 7 8 0 0} {0 0 0 0 0 6 0 0 0 10}}
136 {1 9} {{0 2 3 0 0 0 0 0 0 0} {0 0 0 4 5 0 7 8 0 0} {0 0 0 0 0 6 0 0 0 10}}
137 {1 9} {{0 2 3 0 0 0 0 0 0 0} {0 0 0 4 5 0 7 8 0 0} {0 0 0 0 0 6 0 0 0 10}}
138 {1 9} {{0 2 3 0 0 0 0 0 0 0} {0 0 0 4 5 0 7 8 0 0} {0 0 0 0 0 6 0 0 0 10}}
139 {1 9} {{0 2 3 0 0 0 0 0 0 0} {0 0 0 4 5 0 7 8 0 0} {0 0 0 0 0 6 0 0 0 10}}
140 {1 9} {{0 2 3 0 0 0 0 0 0 0} {0 0 0 4 5 0 7 8 0 0} {0 0 0 0 0 6 0 0 0 10}}
141 {1 9} {{0 2 3 0 0 0 0 0 0 0} {0 0 0 4 5 0 7 8 0 0} {0 0 0 0 0 6 0 0 0 10}}
142 {1 9} {{0 2 3 0 0 0 0 0 0 0} {0 0 0 4 5 0 7 8 0 0} {0 0 0 0 0 6 0 0 0 10}}
143 {1 9} {{0 2 3 0 0 0 0 0 0 0} {0 0 0 4 5 0 7 8 0 0} {0 0 0 0 0 6 0 0 0 10}}
144 {1 9} {{0 2 3 0 0 0 0 0 0 0} {0 0 0 4 5 0 7 8 0 0} {0 0 0 0 0 6 0 0 0 10}}
145 {1 9} {{0 2 3 0 0 0 0 0 0 0} {0 0 0 4 5 0 7 8 0 0} {0 0 0 0 0 6 0 0 0 10}}
146 {1 9} {{0 2 3 0 0 0 0 0 0 0} {0 0 0 4 5 0 7 8 0 0} {0 0 0 0 0 6 0 0 0 10}}
147 {1 9} {{0 2 3 0 0 0 0 0 0 0} {0 0 0 4 5 0 7 8 0 0} {0 0 0 0 0 6 0 0 0 10}}
148 {1 9} {{0 2 3 0 0 0 0 0 0 0} {0 0 0 4 5 0 7 8 0 0} {0 0 0 0 0 6 0 0 0 10}}
149 {1 9} {{0 2 3 0 0 0 0 0 0 0} {0 0 0 4 5 0 7 8 0 0} {0 0 0 0 0 6 0 0 0 10}}
150 {1 9} {{0 2 3 0 0 0 0 0 0 0} {0 0 0 4 5 0 7 8 0 0} {0 0 0 0 0 6 0 0 0 10}}
151 {1 9} {{0 2 3 0 0 0 0 0 0 0} {0 0 0 4 5 0 7 8 0 0} {0 0 0 0 0 6 0 0 0 10}}
152 9 {{1 2 3 0 0 0 0 0 0 0} {0 0 0 4 5 0 7 8 0 0} {0 0 0 0 0 6 0 0 0 10}}
153 9 {{1 2 3 0 0 0 0 0 0 0} {0 0 0 4 5 0 7 8 0 0} {0 0 0 0 0 6 0 0 0 10}}
154 9 {{1 2 3 0 0 0 0 0 0 0} {0 0 0 4 5 0 7 8 0 0} {0 0 0 0 0 6 0 0 0 10}}
155 9 {{1 2 3 0 0 0 0 0 0 0} {0 0 0 4 5 0 7 8 0 0} {0 0 0 0 0 6 0 0 0 10}}
156 9 {{1 2 3 0 0 0 0 0 0 0} {0 0 0 4 5 0 7 8 0 0} {0 0 0 0 0 6 0 0 0 10}}
157 9 {{1 2 3 0 0 0 0 0 0 0} {0 0 0 4 5 0 7 8 0 0} {0 0 0 0 0 6 0 0 0 10}}
158 9 {{1 2 3 0 0 0 0 0 0 0} {0 0 0 4 5 0 7 8 0 0} {0 0 0 0 0 6 0 0 0 10}}
159 9 {{1 2 3 0 0 0 0 0 0 0} {0 0 0 4 5 0 7 8 0 0} {0 0 0 0 0 6 0 0 0 10}}
160 9 {{1 2 3 0 0 0 0 0 0 0} {0 0 0 4 5 0 7 8 0 0} {0 0 0 0 0 6 0 0 0 10}}
161 9 {{1 2 3 0 0 0 0 0 0 0} {0 0 0 4 5 0 7 8 0 0} {0 0 0 0 0 6 0 0 0 10}}
162 9 {{1 2 3 0 0 0 0 0 0 0} {0 0 0 4 5 0 7 8 0 0} {0 0 0 0 0 6 0 0 0 10}}
163 9 {{1 2 3 0 0 0 0 0 0 0} {0 0 0 4 5 0 7 8 0 0} {0 0 0 0 0 6 0 0 0 10}}
164 9 {{1 2 3 0 0 0 0 0 0 0} {0 0 0 4 5 0 7 8 0 0} {0 0 0 0 0 6 0 0 0 10}}
165 9 {{1 2 3 0 0 0 0 0 0 0} {0 0 0 4 5 0 7 8 0 0} {0 0 0 0 0 6 0 0 0 10}}
166 9 {{1 2 3 0 0 0 0 0 0 0} {0 0 0 4 5 0 7 8 0 0} {0 0 0 0 0 6 0 0 0 10}}
167 9 {{1 2 3 0 0 0 0 0 0 0} {0 0 0 4 5 0 7 8 0 0} {0 0 0 0 0 6 0 0 0 10}}
168 9 {{1 2 3 0 0 0 0 0 0 0} {0 0 0 4 5 0 7 8 0 0} {0 0 0 0 0 6 0 0 0 10}}
169 9 {{1 2 3 0 0 0 0 0 0 0} {0 0 0 4 5 0 7 8 0 0} {0 0 0 0 0 6 0 0 0 10}}
170 9 {{1 2 3 0 0 0 0 0 0 0} {0 0 0 4 5 0 7 8 0 0} {0 0 0 0 0 6 0 0 0 10}}
171 9 {{1 2 3 0 0 0 0 0 0 0} {0 0 0 4 5 0 7 8 0 0} {0 0 0 0 0 6 0 0 0 10}}
172 9 {{1 2 3 0 0 0 0 0 0 0} {0 0 0 4 5 0 7 8 0 0} {0 0 0 0 0 6 0 0 0 10}}
173 9 {{1 2 3 0 0 0 0 0 0 0} {0 0 0 4 5 0 7 8 0 0} {0 0 0 0 0 6 0 0 0 10}}
174 9 {{1 2 3 0 0 0 0 0 0 0} {0 0 0 4 5 0 7 8 0 0} {0 0 0 0 0 6 0 0 0 10}}
175 9 {{1 2 3 0 0 0 0 0 0 0} {0 0 0 4 5 0 7 8 0 0} {0 0 0 0 0 6 0 0 0 10}}
176 9 {{1 2 3 0 0 0 0 0 0 0} {0 0 0 4 5 0 7 8 0 0} {0 0 0 0 0 6 0 0 0 10}}
177 9 {{1 2 3 0 0 0 0 0 0 0} {0 0 0 4 5 0 7 8 0 0} {0 0 0 0 0 6 0 0 0 10}}
178 9 {{1 2 3 0 0 0 0 0 0 0} {0 0 0 4 5 0 7 8 0 0} {0 0 0 0 0 6 0 0 0 10}}
179 9 {{1 2 3 0 0 0 0 0 0 0} {0 0 0 4 5 0 7 8 0 0} {0 0 0 0 0 6 0 0 0 10}}
180 9 {{1 2 3 0 0 0 0 0 0 0} {0 0 0 4 5 0 7 8 0 0} {0 0 0 0 0 6 0 0 0 10}}
181 9 {{1 2 3 0 0 0 0 0 0 0} {0 0 0 4 5 0 7 8 0 0} {0 0 0 0 0 6 0 0 0 10}}
182 9 {{1 2 3 0 0 0 0 0 0 0} {0 0 0 4 5 0 7 8 0 0} {0 0 0 0 0 6 0 0 0 10}}
183 9 {{1 2 3 0 0 0 0 0 0 0} {0 0 0 4 5 0 7 8 0 0} {0 0 0 0 0 6 0 0 0 10}}
184 9 {{1 2 3 0 0 0 0 0 0 0} {0 0 0 4 5 0 7 8 0 0} {0 0 0 0 0 6 0 0 0 10}}
185 9 {{1 2 3 0 0 0 0 0 0 0} {0 0 0 4 5 0 7 8 0 0} {0 0 0 0 0 6 0 0 0 10}}
186 9 {{1 2 3 0 0 0 0 0 0 0} {0 0 0 4 5 0 7 8 0 0} {0 0 0 0 0 6 0 0 0 10}}
187 9 {{1 2 3 0 0 0 0 0 0 0} {0 0 0 4 5 0 7 8 0 0} {0 0 0 0 0 6 0 0 0 10}}
188 9 {{1 2 3 0 0 0 0 0 0 0} {0 0 0 4 5 0 7 8 0 0} {0 0 0 0 0 6 0 0 0 10}}
189 9 {{1 2 3 0 0 0 0 0 0 0} {0 0 0 4 5 0 7 8 0 0} {0 0 0 0 0 6 0 0 0 10}}
190 9 {{1 2 3 0 0 0 0 0 0 0} {0 0 0 4 5 0 7 8 0 0} {0 0 0 0 0 6 0 0 0 10}}
191 9 {{1 2 3 0 0 0 0 0 0 0} {0 0 0 4 5 0 7 8 0 0} {0 0 0 0 0 6 0 0 0 10}}
192 9 {{1 2 3 0 0 0 0 0 0 0} {0 0 0 4 5 0 7 8 0 0} {0 0 0 0 0 6 0 0 0 10}}
193 9 {{1 2 3 0 0 0 0 0 0 0} {0 0 0 4 5 0 7 8 0 0} {0 0 0 0 0 6 0 0 0 10}}
194 9 {{1 2 3 0 0 0 0 0 0 0} {0 0 0 4 5 0 7 8 0 0} {0 0 0 0 0 6 0 0 0 10}}
195 9 {{1 2 3 0 0 0 0 0 0 0} {0 0 0 4 5 0 7 8 0 0} {0 0 0 0 0 6 0 0 0 10}}
196 9 {{1 2 3 0 0 0 0 0 0 0} {0 0 0 4 5 0 7 8 0 0} {0 0 0 0 0 6 0 0 0 10}}
197 9 {{1 2 3 0 0 0 0 0 0 0} {0 0 0 4 5 0 7 8 0 0} {0 0 0 0 0 6 0 0 0 10}}
198 9 {{1 2 3 0 0 0 0 0 0 0} {0 0 0 4 5 0 7 8 0 0} {0 0 0 0 0 6 0 0 0 10}}
199 9 {{1 2 3 0 0 0 0 0 0 0} {0 0 0 4 5 0 7 8 0 0} {0 0 0 0 0 6 0 0 0 10}}
200 9 {{1 2 3 0 0 0 0 0 0 0} {0 0 0 4 5 0 7 8 0 0} {0 0 0 0 0 6 0 0 0 10}}
201 9 {{1 2 3 0 0 0 0 0 0 0} {0 0 0 4 5 0 7 8 0 0} {0 0 0 0 0 6 0 0 0 10}}
202 9 {{1 2 3 0 0 0 0 0 0 0} {0 0 0 4 5 0 7 8 0 0} {0 0 0 0 0 6 0 0 0 10}}
203 9 {{1 2 3 0 0 0 0 0 0 0} {0 0 0 4 5 0 7 8 0 0} {0 0 0 0 0 6 0 0 0 10}}
204 9 {{1 2 3 0 0 0 0 0 0 0} {0 0 0 4 5 0 7 8 0 0} {0 0 0 0 0 6 0 0 0 10}}
205 9 {{1 2 3 0 0 0 0 0 0 0} {0 0 0 4 5 0 7 8 0 0} {0 0 0 0 0 6 0 0 0 10}}
206 9 {{1 2 3 0 0 0 0 0 0 0} {0 0 0 4 5 0 7 8 0 0} {0 0 0 0 0 6 0 0 0 10}}
207 9 {{1 2 3 0 0 0 0 0 0 0} {0 0 0 4 5 0 7 8 0 0} {0 0 0 0 0 6 0 0 0 10}}
208 9 {{1 2 3 0 0 0 0 0 0 0} {0 0 0 4 5 0 7 8 0 0} {0 0 0 0 0 6 0 0 0 10}}
209 9 {{1 2 3 0 0 0 0 0 0 0} {0 0 0 4 5 0 7 8 0 0} {0 0 0 0 0 6 0 0 0 10}}
210 9 {{1 2 3 0 0 0 0 0 0 0} {0 0 0 4 5 0 7 8 0 0} {0 0 0 0 0 6 0 0 0 10}}
211 9 {{1 2 3 0 0 0 0 0 0 0} {0 0 0 4 5 0 7 8 0 0} {0 0 0 0 0 6 0 0 0 10}}
212 9 {{1 2 3 0 0 0 0 0 0 0} {0 0 0 4 5 0 7 8 0 0} {0 0 0 0 0 6 0 0 0 10}}
213 9 {{1 2 3 0 0 0 0 0 0 0} {0 0 0 4 5 0 7 8 0 0} {0 0 0 0 0 6 0 0 0 10}}
214 9 {{1 2 3 0 0 0 0 0 0 0} {0 0 0 4 5 0 7 8 0 0} {0 0 0 0 0 6 0 0 0 10}}
215 9 {{1 2 3 0 0 0 0 0 0 0} {0 0 0 4 5 0 7 8 0 0} {0 0 0 0 0 6 0 0 0 10}}
216 9 {{1 2 3 0 0 0 0 0 0 0} {0 0 0 4 5 0 7 8 0 0} {0 0 0 0 0 6 0 0 0 10}}
217 9 {{1 2 3 0 0 0 0 0 0 0} {0 0 0 4 5 0 7 8 0 0} {0 0 0 0 0 6 0 0 0 10}}
218 9 {{1 2 3 0 0 0 0 0 0 0} {0 0 0 4 5 0 7 8 0 0} {0 0 0 0 0 6 0 0 0 10}}
219 9 {{1 2 3 0 0 0 0 0 0 0} {0 0 0 4 5 0 7 8 0 0} {0 0 0 0 0 6 0 0 0 10}}
220 9 {{1 2 3 0 0 0 0 0 0 0} {0 0 0 4 5 0 7 8 0 0} {0 0 0 0 0 6 0 0 0 10}}
221 9 {{1 2 3 0 0 0 0 0 0 0} {0 0 0 4 5 0 7 8 0 0} {0 0 0 0 0 6 0 0 0 10}}
222 9 {{1 2 3 0 0 0 0 0 0 0} {0 0 0 4 5 0 7 8 0 0} {0 0 0 0 0 6 0 0 0 10}}
223 9 {{1 2 3 0 0 0 0 0 0 0} {0 0 0 4 5 0 7 8 0 0} {0 0 0 0 0 6 0 0 0 10}}
224 9 {{1 2 3 0 0 0 0 0 0 0} {0 0 0 4 5 0 7 8 0 0} {0 0 0 0 0 6 0 0 0 10}}
225 9 {{1 2 3 0 0 0 0 0 0 0} {0 0 0 4 5 0 7 8 0 0} {0 0 0 0 0 6 0 0 0 10}}
226 9 {{1 2 3 0 0 0 0 0 0 0} {0 0 0 4 5 0 7 8 0 0} {0 0 0 0 0 6 0 0 0 10}}
227 9 {{1 2 3 0 0 0 0 0 0 0} {0 0 0 4 5 0 7 8 0 0} {0 0 0 0 0 6 0 0 0 10}}
228 9 {{1 2 3 0 0 0 0 0 0 0} {0 0 0 4 5 0 7 8 0 0} {0 0 0 0 0 6 0 0 0 10}}
229 9 {{1 2 3 0 0 0 0 0 0 0} {0 0 0 4 5 0 7 8 0 0} {0 0 0 0 0 6 0 0 0 10}}
230 9 {{1 2 3 0 0 0 0 0 0 0} {0 0 0 4 5 0 7 8 0 0} {0 0 0 0 0 6 0 0 0 10}}
231 9 {{1 2 3 0 0 0 0 0 0 0} {0 0 0 4 5 0 7 8 0 0} {0 0 0 0 0 6 0 0 0 10}}
232 9 {{1 2 3 0 0 0 0 0 0 0} {0 0 0 4 5 0 7 8 0 0} {0 0 0 0 0 6 0 0 0 10}}
233 9 {{1 2 3 0 0 0 0 0 0 0} {0 0 0 4 5 0 7 8 0 0} {0 0 0 0 0 6 0 0 0 10}}
234 9 {{1 2 3 0 0 0 0 0 0 0} {0 0 0 4 5 0 7 8 0 0} {0 0 0 0 0 6 0 0 0 10}}
235 9 {{1 2 3 0 0 0 0 0 0 0} {0 0 0 4 5 0 7 8 0 0} {0 0 0 0 0 6 0 0 0 10}}
236 9 {{1 2 3 0 0 0 0 0 0 0} {0 0 0 4 5 0 7 8 0 0} {0 0 0 0 0 6 0 0 0 10}}
237 9 {{1 2 3 0 0 0 0 0 0 0} {0 0 0 4 5 0 7 8 0 0} {0 0 0 0 0 6 0 0 0 10}}
238 9 {{1 2 3 0 0 0 0 0 0 0} {0 0 0 4 5 0 7 8 0 0} {0 0 0 0 0 6 0 0 0 10}}
239 9 {{1 2 3 0 0 0 0 0 0 0} {0 0 0 4 5 0 7 8 0 0} {0 0 0 0 0 6 0 0 0 10}}
240 9 {{1 2 3 0 0 0 0 0 0 0} {0 0 0 4 5 0 7 8 0 0} {0 0 0 0 0 6 0 0 0 10}}
241 9 {{1 2 3 0 0 0 0 0 0 0} {0 0 0 4 5 0 7 8 0 0} {0 0 0 0 0 6 0 0 0 10}}
242 9 {{1 2 3 0 0 0 0 0 0 0} {0 0 0 4 5 0 7 8 0 0} {0 0 0 0 0 6 0 0 0 10}}
243 9 {{1 2 3 0 0 0 0 0 0 0} {0 0 0 4 5 0 7 8 0 0} {0 0 0 0 0 6 0 0 0 10}}
244 9 {{1 2 3 0 0 0 0 0 0 0} {0 0 0 4 5 0 7 8 0 0} {0 0 0 0 0 6 0 0 0 10}}
245 9 {{1 2 3 0 0 0 0 0 0 0} {0 0 0 4 5 0 7 8 0 0} {0 0 0 0 0 6 0 0 0 10}}
246 9 {{1 2 3 0 0 0 0 0 0 0} {0 0 0 4 5 0 7 8 0 0} {0 0 0 0 0 6 0 0 0 10}}
247 9 {{1 2 3 0 0 0 0 0 0 0} {0 0 0 4 5 0 7 8 0 0} {0 0 0 0 0 6 0 0 0 10}}
248 9 {{1 2 3 0 0 0 0 0 0 0} {0 0 0 4 5 0 7 8 0 0} {0 0 0 0 0 6 0 0 0 10}}
249 9 {{1 2 3 0 0 0 0 0 0 0} {0 0 0 4 5 0 7 8 0 0} {0 0 0 0 0 6 0 0 0 10}}
250 9 {{1 2 3 0 0 0 0 0 0 0} {0 0 0 4 5 0 7 8 0 0} {0 0 0 0 0 6 0 0 0 10}}
251 9 {{1 2 3 0 0 0 0 0 0 0} {0 0 0 4 5 0 7 8 0 0} {0 0 0 0 0 6 0 0 0 10}}
252 9 {{1 2 3 0 0 0 0 0 0 0} {0 0 0 4 5 0 7 8 0 0} {0 0 0 0 0 6 0 0 0 10}}
253 9 {{1 2 3 0 0 0 0 0 0 0} {0 0 0 4 5 0 7 8 0 0} {0 0 0 0 0 6 0 0 0 10}}
254 9 {{1 2 3 0 0 0 0 0 0 0} {0 0 0 4 5 0 7 8 0 0} {0 0 0 0 0 6 0 0 0 10}}
255 9 {{1 2 3 0 0 0 0 0 0 0} {0 0 0 4 5 0 7 8 0 0} {0 0 0 0 0 6 0 0 0 10}}
256 9 {{1 2 3 0 0 0 0 0 0 0} {0 0 0 4 5 0 7 8 0 0} {0 0 0 0 0 6 0 0 0 10}}
257 9 {{1 2 3 0 0 0 0 0 0 0} {0 0 0 4 5 0 7 8 0 0} {0 0 0 0 0 6 0 0 0 10}}
258 9 {{1 2 3 0 0 0 0 0 0 0} {0 0 0 4 5 0 7 8 0 0} {0 0 0 0 0 6 0 0 0 10}}
259 9 {{1 2 3 0 0 0 0 0 0 0} {0 0 0 4 5 0 7 8 0 0} {0 0 0 0 0 6 0 0 0 10}}
260 9 {{1 2 3 0 0 0 0 0 0 0} {0 0 0 4 5 0 7 8 0 0} {0 0 0 0 0 6 0 0 0 10}}
261 9 {{1 2 3 0 0 0 0 0 0 0} {0 0 0 4 5 0 7 8 0 0} {0 0 0 0 0 6 0 0 0 10}}
262 9 {{1 2 3 0 0 0 0 0 0 0} {0 0 0 4 5 0 7 8 0 0} {0 0 0 0 0 6 0 0 0 10}}
263 9 {{1 2 3 0 0 0 0 0 0 0} {0 0 0 4 5 0 7 8 0 0} {0 0 0 0 0 6 0 0 0 10}}
264 9 {{1 2 3 0 0 0 0 0 0 0} {0 0 0 4 5 0 7 8 0 0} {0 0 0 0 0 6 0 0 0 10}}
265 9 {{1 2 3 0 0 0 0 0 0 0} {0 0 0 4 5 0 7 8 0 0} {0 0 0 0 0 6 0 0 0 10}}
266 9 {{1 2 3 0 0 0 0 0 0 0} {0 0 0 4 5 0 7 8 0 0} {0 0 0 0 0 6 0 0 0 10}}
267 9 {{1 2 3 0 0 0 0 0 0 0} {0 0 0 4 5 0 7 8 0 0} {0 0 0 0 0 6 0 0 0 10}}
268 9 {{1 2 3 0 0 0 0 0 0 0} {0 0 0 4 5 0 7 8 0 0} {0 0 0 0 0 6 0 0 0 10}}
269 9 {{1 2 3 0 0 0 0 0 0 0} {0 0 0 4 5 0 7 8 0 0} {0 0 0 0 0 6 0 0 0 10}}
270 9 {{1 2 3 0 0 0 0 0 0 0} {0 0 0 4 5 0 7 8 0 0} {0 0 0 0 0 6 0 0 0 10}}
271 9 {{1 2 3 0 0 0 0 0 0 0} {0 0 0 4 5 0 7 8 0 0} {0 0 0 0 0 6 0 0 0 10}}
272 9 {{1 2 3 0 0 0 0 0 0 0} {0 0 0 4 5 0 7 8 0 0} {0 0 0 0 0 6 0 0 0 10}}
273 9 {{1 2 3 0 0 0 0 0 0 0} {0 0 0 4 5 0 7 8 0 0} {0 0 0 0 0 6 0 0 0 10}}
274 9 {{1 2 3 0 0 0 0 0 0 0} {0 0 0 4 5 0 7 8 0 0} {0 0 0 0 0 6 0 0 0 10}}
275 9 {{1 2 3 0 0 0 0 0 0 0} {0 0 0 4 5 0 7 8 0 0} {0 0 0 0 0 6 0 0 0 10}}
276 9 {{1 2 3 0 0 0 0 0 0 0} {0 0 0 4 5 0 7 8 0 0} {0 0 0 0 0 6 0 0 0 10}}
277 9 {{1 2 3 0 0 0 0 0 0 0} {0 0 0 4 5 0 7 8 0 0} {0 0 0 0 0 6 0 0 0 10}}
278 9 {{1 2 3 0 0 0 0 0 0 0} {0 0 0 4 5 0 7 8 0 0} {0 0 0 0 0 6 0 0 0 10}}
279 9 {{1 2 3 0 0 0 0 0 0 0} {0 0 0 4 5 0 7 8 0 0} {0 0 0 0 0 6 0 0 0 10}}
280 9 {{1 2 3 0 0 0 0 0 0 0} {0 0 0 4 5 0 7 8 0 0} {0 0 0 0 0 6 0 0 0 10}}
281 9 {{1 2 3 0 0 0 0 0 0 0} {0 0 0 4 5 0 7 8 0 0} {0 0 0 0 0 6 0 0 0 10}}
282 9 {{1 2 3 0 0 0 0 0 0 0} {0 0 0 4 5 0 7 8 0 0} {0 0 0 0 0 6 0 0 0 10}}
283 9 {{1 2 3 0 0 0 0 0 0 0} {0 0 0 4 5 0 7 8 0 0} {0 0 0 0 0 6 0 0 0 10}}
284 9 {{1 2 3 0 0 0 0 0 0 0} {0 0 0 4 5 0 7 8 0 0} {0 0 0 0 0 6 0 0 0 10}}
285 9 {{1 2 3 0 0 0 0 0 0 0} {0 0 0 4 5 0 7 8 0 0} {0 0 0 0 0 6 0 0 0 10}}
286 9 {{1 2 3 0 0 0 0 0 0 0} {0 0 0 4 5 0 7 8 0 0} {0 0 0 0 0 6 0 0 0 10}}
287 9 {{1 2 3 0 0 0 0 0 0 0} {0 0 0 4 5 0 7 8 0 0} {0 0 0 0 0 6 0 0 0 10}}
288 9 {{1 2 3 0 0 0 0 0 0 0} {0 0 0 4 5 0 7 8 0 0} {0 0 0 0 0 6 0 0 0 10}}
289 9 {{1 2 3 0 0 0 0 0 0 0} {0 0 0 4 5 0 7 8 0 0} {0 0 0 0 0 6 0 0 0 10}}
290 9 {{1 2 3 0 0 0 0 0 0 0} {0 0 0 4 5 0 7 8 0 0} {0 0 0 0 0 6 0 0 0 10}}
291 9 {{1 2 3 0 0 0 0 0 0 0} {0 0 0 4 5 0 7 8 0 0} {0 0 0 0 0 6 0 0 0 10}}
292 9 {{1 2 3 0 0 0 0 0 0 0} {0 0 0 4 5 0 7 8 0 0} {0 0 0 0 0 6 0 0 0 10}}
293 9 {{1 2 3 0 0 0 0 0 0 0} {0 0 0 4 5 0 7 8 0 0} {0 0 0 0 0 6 0 0 0 10}}
294 9 {{1 2 3 0 0 0 0 0 0 0} {0 0 0 4 5 0 7 8 0 0} {0 0 0 0 0 6 0 0 0 10}}
295 9 {{1 2 3 0 0 0 0 0 0 0} {0 0 0 4 5 0 7 8 0 0} {0 0 0 0 0 6 0 0 0 10}}
296 9 {{1 2 3 0 0 0 0 0 0 0} {0 0 0 4 5 0 7 8 0 0} {0 0 0 0 0 6 0 0 0 10}}
297 9 {{1 2 3 0 0 0 0 0 0 0} {0 0 0 4 5 0 7 8 0 0} {0 0 0 0 0 6 0 0 0 10}}
298 9 {{1 2 3 0 0 0 0 0 0 0} {0 0 0 4 5 0 7 8 0 0} {0 0 0 0 0 6 0 0 0 10}}
299 9 {{1 2 3 0 0 0 0 0 0 0} {0 0 0 4 5 0 7 8 0 0} {0 0 0 0 0 6 0 0 0 10}}
300 9 {{1 2 3 0 0 0 0 0 0 0} {0 0 0 4 5 0 7 8 0 0} {0 0 0 0 0 6 0 0 0 10}}
301 9 {{1 2 3 0 0 0 0 0 0 0} {0 0 0 4 5 0 7 8 0 0} {0 0 0 0 0 6 0 0 0 10}}
302 9 {{1 2 3 0 0 0 0 0 0 0} {0 0 0 4 5 0 7 8 0 0} {0 0 0 0 0 6 0 0 0 10}}
303 9 {{1 2 3 0 0 0 0 0 0 0} {0 0 0 4 5 0 7 8 0 0} {0 0 0 0 0 6 0 0 0 10}}
304 9 {{1 2 3 0 0 0 0 0 0 0} {0 0 0 4 5 0 7 8 0 0} {0 0 0 0 0 6 0 0 0 10}}
305 9 {{1 2 3 0 0 0 0 0 0 0} {0 0 0 4 5 0 7 8 0 0} {0 0 0 0 0 6 0 0 0 10}}
306 9 {{1 2 3 0 0 0 0 0 0 0} {0 0 0 4 5 0 7 8 0 0} {0 0 0 0 0 6 0 0 0 10}}
307 9 {{1 2 3 0 0 0 0 0 0 0} {0 0 0 4 5 0 7 8 0 0} {0 0 0 0 0 6 0 0 0 10}}
308 9 {{1 2 3 0 0 0 0 0 0 0} {0 0 0 4 5 0 7 8 0 0} {0 0 0 0 0 6 0 0 0 10}}
309 9 {{1 2 3 0 0 0 0 0 0 0} {0 0 0 4 5 0 7 8 0 0} {0 0 0 0 0 6 0 0 0 10}}
310 9 {{1 2 3 0 0 0 0 0 0 0} {0 0 0 4 5 0 7 8 0 0} {0 0 0 0 0 6 0 0 0 10}}
311 9 {{1 2 3 0 0 0 0 0 0 0} {0 0 0 4 5 0 7 8 0 0} {0 0 0 0 0 6 0 0 0 10}}
312 9 {{1 2 3 0 0 0 0 0 0 0} {0 0 0 4 5 0 7 8 0 0} {0 0 0 0 0 6 0 0 0 10}}
313 9 {{1 2 3 0 0 0 0 0 0 0} {0 0 0 4 5 0 7 8 0 0} {0 0 0 0 0 6 0 0 0 10}}
314 9 {{1 2 3 0 0 0 0 0 0 0} {0 0 0 4 5 0 7 8 0 0} {0 0 0 0 0 6 0 0 0 10}}
315 9 {{1 2 3 0 0 0 0 0 0 0} {0 0 0 4 5 0 7 8 0 0} {0 0 0 0 0 6 0 0 0 10}}
316 9 {{1 2 3 0 0 0 0 0 0 0} {0 0 0 4 5 0 7 8 0 0} {0 0 0 0 0 6 0 0 0 10}}
317 9 {{1 2 3 0 0 0 0 0 0 0} {0 0 0 4 5 0 7 8 0 0} {0 0 0 0 0 6 0 0 0 10}}
318 9 {{1 2 3 0 0 0 0 0 0 0} {0 0 0 4 5 0 7 8 0 0} {0 0 0 0 0 6 0 0 0 10}}
319 9 {{1 2 3 0 0 0 0 0 0 0} {0 0 0 4 5 0 7 8 0 0} {0 0 0 0 0 6 0 0 0 10}}
320 9 {{1 2 3 0 0 0 0 0 0 0} {0 0 0 4 5 0 7 8 0 0} {0 0 0 0 0 6 0 0 0 10}}
321 9 {{1 2 3 0 0 0 0 0 0 0} {0 0 0 4 5 0 7 8 0 0} {0 0 0 0 0 6 0 0 0 10}}
322 9 {{1 2 3 0 0 0 0 0 0 0} {0 0 0 4 5 0 7 8 0 0} {0 0 0 0 0 6 0 0 0 10}}
323 9 {{1 2 3 0 0 0 0 0 0 0} {0 0 0 4 5 0 7 8 0 0} {0 0 0 0 0 6 0 0 0 10}}
324 9 {{1 2 3 0 0 0 0 0 0 0} {0 0 0 4 5 0 7 8 0 0} {0 0 0 0 0 6 0 0 0 10}}
325 9 {{1 2 3 0 0 0 0 0 0 0} {0 0 0 4 5 0 7 8 0 0} {0 0 0 0 0 6 0 0 0 10}}
326 9 {{1 2 3 0 0 0 0 0 0 0} {0 0 0 4 5 0 7 8 0 0} {0 0 0 0 0 6 0 0 0 10}}
327 9 {{1 2 3 0 0 0 0 0 0 0} {0 0 0 4 5 0 7 8 0 0} {0 0 0 0 0 6 0 0 0 10}}
328 9 {{1 2 3 0 0 0 0 0 0 0} {0 0 0 4 5 0 7 8 0 0} {0 0 0 0 0 6 0 0 0 10}}
329 9 {{1 2 3 0 0 0 0 0 0 0} {0 0 0 4 5 0 7 8 0 0} {0 0 0 0 0 6 0 0 0 10}}
330 9 {{1 2 3 0 0 0 0 0 0 0} {0 0 0 4 5 0 7 8 0 0} {0 0 0 0 0 6 0 0 0 10}}
331 9 {{1 2 3 0 0 0 0 0 0 0} {0 0 0 4 5 0 7 8 0 0} {0 0 0 0 0 6 0 0 0 10}}
332 9 {{1 2 3 0 0 0 0 0 0 0} {0 0 0 4 5 0 7 8 0 0} {0 0 0 0 0 6 0 0 0 10}}
333 9 {{1 2 3 0 0 0 0 0 0 0} {0 0 0 4 5 0 7 8 0 0} {0 0 0 0 0 6 0 0 0 10}}
334 9 {{1 2 3 0 0 0 0 0 0 0} {0 0 0 4 5 0 7 8 0 0} {0 0 0 0 0 6 0 0 0 10}}
335 9 {{1 2 3 0 0 0 0 0 0 0} {0 0 0 4 5 0 7 8 0 0} {0 0 0 0 0 6 0 0 0 10}}
336 9 {{1 2 3 0 0 0 0 0 0 0} {0 0 0 4 5 0 7 8 0 0} {0 0 0 0 0 6 0 0 0 10}}
337 9 {{1 2 3 4 5 0 7 8 0 0} {0 0 0 0 0 6 0 0 0 10}}
338 9 {{1 2 3 4 5 0 7 8 0 0} {0 0 0 0 0 6 0 0 0 10}}
339 9 {{1 2 3 4 5 0 7 8 0 0} {0 0 0 0 0 6 0 0 0 10}}
340 9 {{1 2 3 4 5 0 7 8 0 0} {0 0 0 0 0 6 0 0 0 10}}
341 9 {{1 2 3 4 5 0 7 8 0 0} {0 0 0 0 0 6 0 0 0 10}}
342 9 {{1 2 3 4 5 0 7 8 0 0} {0 0 0 0 0 6 0 0 0 10}}
343 9 {{1 2 3 4 5 0 7 8 0 0} {0 0 0 0 0 6 0 0 0 10}}
344 9 {{1 2 3 4 5 0 7 8 0 0} {0 0 0 0 0 6 0 0 0 10}}
345 9 {{1 2 3 4 5 0 7 8 0 0} {0 0 0 0 0 6 0 0 0 10}}
346 9 {{1 2 3 4 5 0 7 8 0 0} {0 0 0 0 0 6 0 0 0 10}}
347 9 {{1 2 3 4 5 0 7 8 0 0} {0 0 0 0 0 6 0 0 0 10}}
348 9 {{1 2 3 4 5 0 7 8 0 0} {0 0 0 0 0 6 0 0 0 10}}
349 9 {{1 2 3 4 5 0 7 8 0 0} {0 0 0 0 0 6 0 0 0 10}}
350 9 {{1 2 3 4 5 0 7 8 0 0} {0 0 0 0 0 6 0 0 0 10}}
351 9 {{1 2 3 4 5 0 7 8 0 0} {0 0 0 0 0 6 0 0 0 10}}
352 9 {{1 2 3 4 5 0 7 8 0 0} {0 0 0 0 0 6 0 0 0 10}}
353 9 {{1 2 3 4 5 0 7 8 0 0} {0 0 0 0 0 6 0 0 0 10}}
354 9 {{1 2 3 4 5 0 7 8 0 0} {0 0 0 0 0 6 0 0 0 10}}
355 9 {{1 2 3 4 5 0 7 8 0 0} {0 0 0 0 0 6 0 0 0 10}}
356 9 {{1 2 3 4 5 0 7 8 0 0} {0 0 0 0 0 6 0 0 0 10}}
357 9 {{1 2 3 4 5 0 7 8 0 0} {0 0 0 0 0 6 0 0 0 10}}
358 9 {{1 2 3 4 5 0 7 8 0 0} {0 0 0 0 0 6 0 0 0 10}}
359 9 {{1 2 3 4 5 0 7 8 0 0} {0 0 0 0 0 6 0 0 0 10}}
360 9 {{1 2 3 4 5 0 7 8 0 0} {0 0 0 0 0 6 0 0 0 10}}
361 9 {{1 2 3 4 5 0 7 8 0 0} {0 0 0 0 0 6 0 0 0 10}}
362 9 {{1 2 3 4 5 0 7 8 0 0} {0 0 0 0 0 6 0 0 0 10}}
363 9 {{1 2 3 4 5 0 7 8 0 0} {0 0 0 0 0 6 0 0 0 10}}
364 9 {{1 2 3 4 5 0 7 8 0 0} {0 0 0 0 0 6 0 0 0 10}}
365 9 {{1 2 3 4 5 0 7 8 0 0} {0 0 0 0 0 6 0 0 0 10}}
366 9 {{1 2 3 4 5 0 7 8 0 0} {0 0 0 0 0 6 0 0 0 10}}
367 9 {{1 2 3 4 5 0 7 8 0 0} {0 0 0 0 0 6 0 0 0 10}}
368 9 {{1 2 3 4 5 0 7 8 0 0} {0 0 0 0 0 6 0 0 0 10}}
369 9 {{1 2 3 4 5 0 7 8 0 0} {0 0 0 0 0 6 0 0 0 10}}
370 9 {{1 2 3 4 5 0 7 8 0 0} {0 0 0 0 0 6 0 0 0 10}}
371 9 {{1 2 3 4 5 0 7 8 0 0} {0 0 0 0 0 6 0 0 0 10}}
372 9 {{1 2 3 4 5 0 7 8 0 0} {0 0 0 0 0 6 0 0 0 10}}
373 9 {{1 2 3 4 5 0 7 8 0 0} {0 0 0 0 0 6 0 0 0 10}}
374 9 {{1 2 3 4 5 0 7 8 0 0} {0 0 0 0 0 6 0 0 0 10}}
375 9 {{1 2 3 4 5 0 7 8 0 0} {0 0 0 0 0 6 0 0 0 10}}
376 9 {{1 2 3 4 5 0 7 8 0 0} {0 0 0 0 0 6 0 0 0 10}}
377 9 {{1 2 3 4 5 0 7 8 0 0} {0 0 0 0 0 6 0 0 0 10}}
378 9 {{1 2 3 4 5 0 7 8 0 0} {0 0 0 0 0 6 0 0 0 10}}
379 9 {{1 2 3 4 5 0 7 8 0 0} {0 0 0 0 0 6 0 0 0 10}}
380 9 {{1 2 3 4 5 0 7 8 0 0} {0 0 0 0 0 6 0 0 0 10}}
381 9 {{1 2 3 4 5 0 7 8 0 0} {0 0 0 0 0 6 0 0 0 10}}
382 9 {{1 2 3 4 5 0 7 8 0 0} {0 0 0 0 0 6 0 0 0 10}}
383 9 {{1 2 3 4 5 0 7 8 0 0} {0 0 0 0 0 6 0 0 0 10}}
384 9 {{1 2 3 4 5 0 7 8 0 0} {0 0 0 0 0 6 0 0 0 10}}
385 9 {{1 2 3 4 5 0 7 8 0 0} {0 0 0 0 0 6 0 0 0 10}}
386 9 {{1 2 3 4 5 0 7 8 0 0} {0 0 0 0 0 6 0 0 0 10}}
387 9 {{1 2 3 4 5 0 7 8 0 0} {0 0 0 0 0 6 0 0 0 10}}
388 9 {{1 2 3 4 5 0 7 8 0 0} {0 0 0 0 0 6 0 0 0 10}}
389 9 {{1 2 3 4 5 0 7 8 0 0} {0 0 0 0 0 6 0 0 0 10}}
390 9 {{1 2 3 4 5 0 7 8 0 0} {0 0 0 0 0 6 0 0 0 10}}
391 9 {{1 2 3 4 5 0 7 8 0 0} {0 0 0 0 0 6 0 0 0 10}}
392 9 {{1 2 3 4 5 0 7 8 0 0} {0 0 0 0 0 6 0 0 0 10}}
393 9 {{1 2 3 4 5 0 7 8 0 0} {0 0 0 0 0 6 0 0 0 10}}
394 9 {{1 2 3 4 5 0 7 8 0 0} {0 0 0 0 0 6 0 0 0 10}}
395 9 {{1 2 3 4 5 0 7 8 0 0} {0 0 0 0 0 6 0 0 0 10}}
396 9 {{1 2 3 4 5 0 7 8 0 0} {0 0 0 0 0 6 0 0 0 10}}
397 9 {{1 2 3 4 5 0 7 8 0 0} {0 0 0 0 0 6 0 0 0 10}}
398 9 {{1 2 3 4 5 0 7 8 0 0} {0 0 0 0 0 6 0 0 0 10}}
399 9 {{1 2 3 4 5 0 7 8 0 0} {0 0 0 0 0 6 0 0 0 10}}
400 9 {{1 2 3 4 5 0 7 8 0 0} {0 0 0 0 0 6 0 0 0 10}}
401 9 {{1 2 3 4 5 0 7 8 0 0} {0 0 0 0 0 6 0 0 0 10}}
402 9 {{1 2 3 4 5 0 7 8 0 0} {0 0 0 0 0 6 0 0 0 10}}
403 9 {{1 2 3 4 5 0 7 8 0 0} {0 0 0 0 0 6 0 0 0 10}}
404 9 {{1 2 3 4 5 0 7 8 0 0} {0 0 0 0 0 6 0 0 0 10}}
405 9 {{1 2 3 4 5 0 7 8 0 0} {0 0 0 0 0 6 0 0 0 10}}
406 9 {{1 2 3 4 5 0 7 8 0 0} {0 0 0 0 0 6 0 0 0 10}}
407 9 {{1 2 3 4 5 0 7 8 0 0} {0 0 0 0 0 6 0 0 0 10}}
408 9 {{1 2 3 4 5 0 7 8 0 0} {0 0 0 0 0 6 0 0 0 10}}
409 9 {{1 2 3 4 5 0 7 8 0 0} {0 0 0 0 0 6 0 0 0 10}}
410 9 {{1 2 3 4 5 0 7 8 0 0} {0 0 0 0 0 6 0 0 0 10}}
411 9 {{1 2 3 4 5 0 7 8 0 0} {0 0 0 0 0 6 0 0 0 10}}
412 9 {{1 2 3 4 5 0 7 8 0 0} {0 0 0 0 0 6 0 0 0 10}}
413 9 {{1 2 3 4 5 0 7 8 0 0} {0 0 0 0 0 6 0 0 0 10}}
414 9 {{1 2 3 4 5 0 7 8 0 0} {0 0 0 0 0 6 0 0 0 10}}
415 9 {{1 2 3 4 5 0 7 8 0 0} {0 0 0 0 0 6 0 0 0 10}}
416 9 {{1 2 3 4 5 0 7 8 0 0} {0 0 0 0 0 6 0 0 0 10}}
417 9 {{1 2 3 4 5 0 7 8 0 0} {0 0 0 0 0 6 0 0 0 10}}
418 9 {{1 2 3 4 5 0 7 8 0 0} {0 0 0 0 0 6 0 0 0 10}}
419 9 {{1 2 3 4 5 0 7 8 0 0} {0 0 0 0 0 6 0 0 0 10}}
420 9 {{1 2 3 4 5 0 7 8 0 0} {0 0 0 0 0 6 0 0 0 10}}
421 9 {{1 2 3 4 5 0 7 8 0 0} {0 0 0 0 0 6 0 0 0 10}}
422 9 {{1 2 3 4 5 0 7 8 0 0} {0 0 0 0 0 6 0 0 0 10}}
423 9 {{1 2 3 4 5 0 7 8 0 0} {0 0 0 0 0 6 0 0 0 10}}
424 9 {{1 2 3 4 5 0 7 8 0 0} {0 0 0 0 0 6 0 0 0 10}}
425 9 {{1 2 3 4 5 0 7 8 0 0} {0 0 0 0 0 6 0 0 0 10}}
426 9 {{1 2 3 4 5 0 7 8 0 0} {0 0 0 0 0 6 0 0 0 10}}
427 9 {{1 2 3 4 5 0 7 8 0 0} {0 0 0 0 0 6 0 0 0 10}}
428 9 {{1 2 3 4 5 0 7 8 0 0} {0 0 0 0 0 6 0 0 0 10}}
429 9 {{1 2 3 4 5 0 7 8 0 0} {0 0 0 0 0 6 0 0 0 10}}
430 9 {{1 2 3 4 5 0 7 8 0 0} {0 0 0 0 0 6 0 0 0 10}}
431 9 {{1 2 3 4 5 0 7 8 0 0} {0 0 0 0 0 6 0 0 0 10}}
432 9 {{1 2 3 4 5 0 7 8 0 0} {0 0 0 0 0 6 0 0 0 10}}
433 9 {{1 2 3 4 5 0 7 8 0 0} {0 0 0 0 0 6 0 0 0 10}}
434 9 {{1 2 3 4 5 0 7 8 0 0} {0 0 0 0 0 6 0 0 0 10}}
435 9 {{1 2 3 4 5 0 7 8 0 0} {0 0 0 0 0 6 0 0 0 10}}
436 9 {{1 2 3 4 5 0 7 8 0 0} {0 0 0 0 0 6 0 0 0 10}}
437 9 {{1 2 3 4 5 0 7 8 0 0} {0 0 0 0 0 6 0 0 0 10}}
438 9 {{1 2 3 4 5 0 7 8 0 0} {0 0 0 0 0 6 0 0 0 10}}
439 9 {{1 2 3 4 5 0 7 8 0 0} {0 0 0 0 0 6 0 0 0 10}}
440 9 {{1 2 3 4 5 0 7 8 0 0} {0 0 0 0 0 6 0 0 0 10}}
441 9 {{1 2 3 4 5 0 7 8 0 0} {0 0 0 0 0 6 0 0 0 10}}
442 9 {{1 2 3 4 5 0 7 8 0 0} {0 0 0 0 0 6 0 0 0 10}}
443 9 {{1 2 3 4 5 0 7 8 0 0} {0 0 0 0 0 6 0 0 0 10}}
444 9 {{1 2 3 4 5 0 7 8 0 0} {0 0 0 0 0 6 0 0 0 10}}
445 9 {{1 2 3 4 5 0 7 8 0 0} {0 0 0 0 0 6 0 0 0 10}}
446 9 {{1 2 3 4 5 0 7 8 0 0} {0 0 0 0 0 6 0 0 0 10}}
447 9 {{1 2 3 4 5 0 7 8 0 0} {0 0 0 0 0 6 0 0 0 10}}
448 9 {{1 2 3 4 5 0 7 8 0 0} {0 0 0 0 0 6 0 0 0 10}}
449 9 {{1 2 3 4 5 0 7 8 0 0} {0 0 0 0 0 6 0 0 0 10}}
450 9 {{1 2 3 4 5 0 7 8 0 0} {0 0 0 0 0 6 0 0 0 10}}
451 9 {{1 2 3 4 5 0 7 8 0 0} {0 0 0 0 0 6 0 0 0 10}}
452 9 {{1 2 3 4 5 0 7 8 0 0} {0 0 0 0 0 6 0 0 0 10}}
453 9 {{1 2 3 4 5 0 7 8 0 0} {0 0 0 0 0 6 0 0 0 10}}
454 9 {{1 2 3 4 5 0 7 8 0 0} {0 0 0 0 0 6 0 0 0 10}}
455 9 {{1 2 3 4 5 0 7 8 0 0} {0 0 0 0 0 6 0 0 0 10}}
456 9 {{1 2 3 4 5 0 7 8 0 0} {0 0 0 0 0 6 0 0 0 10}}
457 9 {{1 2 3 4 5 0 7 8 0 0} {0 0 0 0 0 6 0 0 0 10}}
458 9 {{1 2 3 4 5 0 7 8 0 0} {0 0 0 0 0 6 0 0 0 10}}
459 9 {{1 2 3 4 5 0 7 8 0 0} {0 0 0 0 0 6 0 0 0 10}}
460 9 {{1 2 3 4 5 0 7 8 0 0} {0 0 0 0 0 6 0 0 0 10}}
461 9 {{1 2 3 4 5 0 7 8 0 0} {0 0 0 0 0 6 0 0 0 10}}
462 9 {{1 2 3 4 5 0 7 8 0 0} {0 0 0 0 0 6 0 0 0 10}}
463 9 {{1 2 3 4 5 0 7 8 0 0} {0 0 0 0 0 6 0 0 0 10}}
464 9 {{1 2 3 4 5 0 7 8 0 0} {0 0 0 0 0 6 0 0 0 10}}
465 9 {{1 2 3 4 5 0 7 8 0 0} {0 0 0 0 0 6 0 0 0 10}}
466 9 {{1 2 3 4 5 0 7 8 0 0} {0 0 0 0 0 6 0 0 0 10}}
467 9 {{1 2 3 4 5 0 7 8 0 0} {0 0 0 0 0 6 0 0 0 10}}
468 9 {{1 2 3 4 5 0 7 8 0 0} {0 0 0 0 0 6 0 0 0 10}}
469 9 {{1 2 3 4 5 0 7 8 0 0} {0 0 0 0 0 6 0 0 0 10}}
470 9 {{1 2 3 4 5 0 7 8 0 0} {0 0 0 0 0 6 0 0 0 10}}
471 9 {{1 2 3 4 5 0 7 8 0 0} {0 0 0 0 0 6 0 0 0 10}}
472 9 {{1 2 3 4 5 0 7 8 0 0} {0 0 0 0 0 6 0 0 0 10}}
473 9 {{1 2 3 4 5 0 7 8 0 0} {0 0 0 0 0 6 0 0 0 10}}
474 9 {{1 2 3 4 5 0 7 8 0 0} {0 0 0 0 0 6 0 0 0 10}}
475 9 {{1 2 3 4 5 0 7 8 0 0} {0 0 0 0 0 6 0 0 0 10}}
476 9 {{1 2 3 4 5 0 7 8 0 0} {0 0 0 0 0 6 0 0 0 10}}
477 9 {{1 2 3 4 5 0 7 8 0 0} {0 0 0 0 0 6 0 0 0 10}}
478 9 {{1 2 3 4 5 0 7 8 0 0} {0 0 0 0 0 6 0 0 0 10}}
479 9 {{1 2 3 4 5 0 7 8 0 0} {0 0 0 0 0 6 0 0 0 10}}
480 9 {{1 2 3 4 5 0 7 8 0 0} {0 0 0 0 0 6 0 0 0 10}}
481 9 {{1 2 3 4 5 0 7 8 0 0} {0 0 0 0 0 6 0 0 0 10}}
482 9 {{1 2 3 4 5 0 7 8 0 0} {0 0 0 0 0 6 0 0 0 10}}
483 9 {{1 2 3 4 5 0 7 8 0 0} {0 0 0 0 0 6 0 0 0 10}}
484 9 {{1 2 3 4 5 0 7 8 0 0} {0 0 0 0 0 6 0 0 0 10}}
485 9 {{1 2 3 4 5 0 7 8 0 0} {0 0 0 0 0 6 0 0 0 10}}
486 9 {{1 2 3 4 5 0 7 8 0 0} {0 0 0 0 0 6 0 0 0 10}}
487 9 {{1 2 3 4 5 0 7 8 0 0} {0 0 0 0 0 6 0 0 0 10}}
488 9 {{1 2 3 4 5 0 7 8 0 0} {0 0 0 0 0 6 0 0 0 10}}
489 9 {{1 2 3 4 5 0 7 8 0 0} {0 0 0 0 0 6 0 0 0 10}}
490 9 {{1 2 3 4 5 0 7 8 0 0} {0 0 0 0 0 6 0 0 0 10}}
491 9 {{1 2 3 4 5 0 7 8 0 0} {0 0 0 0 0 6 0 0 0 10}}
492 9 {{1 2 3 4 5 0 7 8 0 0} {0 0 0 0 0 6 0 0 0 10}}
493 9 {{1 2 3 4 5 0 7 8 0 0} {0 0 0 0 0 6 0 0 0 10}}
494 9 {{1 2 3 4 5 0 7 8 0 0} {0 0 0 0 0 6 0 0 0 10}}
495 9 {{1 2 3 4 5 0 7 8 0 0} {0 0 0 0 0 6 0 0 0 10}}
496 9 {{1 2 3 4 5 0 7 8 0 0} {0 0 0 0 0 6 0 0 0 10}}
497 9 {{1 2 3 4 5 0 7 8 0 0} {0 0 0 0 0 6 0 0 0 10}}
498 9 {{1 2 3 4 5 0 7 8 0 0} {0 0 0 0 0 6 0 0 0 10}}
499 9 {{1 2 3 4 5 0 7 8 0 0} {0 0 0 0 0 6 0 0 0 10}}
500 9 {{1 2 3 4 5 0 7 8 0 0} {0 0 0 0 0 6 0 0 0 10}}
501 9 {{1 2 3 4 5 0 7 8 0 0} {0 0 0 0 0 6 0 0 0 10}}
