# Selection:resname AU W ION Restricted:name AUC AUL AUSL Radius:2.64 Start:0 End:-1
0 317.9047546386719
1 319.197021484375
2 139.56793212890625
3 108.98360443115234
4 107.69131469726563
5 126.2142105102539
6 241.65927124023438
7 91.75299835205078
8 99.07600402832031
9 171.87533569335938
10 171.87533569335938
11 147.75247192382813
12 118.46044921875
13 157.2292938232422
14 171.44454956054688
15 149.47552490234375
16 141.29098510742188
17 174.8907012939453
18 181.78292846679688
19 156.36776733398438
20 192.12132263183594
21 157.22930908203125
22 133.53721618652344
23 126.6449966430664
24 118.46044158935547
25 245.53619384765625
26 264.05908203125
27 167.9984588623047
28 111.13742065429688
29 172.30609130859375
30 104.24517822265625
31 114.15277099609375
32 212.3672637939453
33 98.21446228027344
34 127.9372787475586
35 241.65928649902344
36 118.89120483398438
37 184.3675079345703
38 135.26028442382813
39 157.22930908203125
40 111.99896240234375
41 165.8446044921875
42 180.4906463623047
43 144.7371063232422
44 157.66004943847656
45 132.2449188232422
46 204.61351013183594
47 163.260009765625
48 194.7058868408203
49 160.67543029785156
50 163.6907958984375
51 135.26026916503906
52 136.98333740234375
53 142.5832977294922
54 230.89015197753906
55 178.76754760742188
56 136.98333740234375
57 152.0601348876953
58 125.783447265625
59 121.90655517578125
60 67.63014221191406
61 91.75299072265625
62 79.26080322265625
63 105.1067123413086
64 129.6603240966797
65 95.6298828125
66 175.75221252441406
67 114.58355712890625
68 73.23008728027344
69 77.5377426147461
70 121.04503631591797
71 100.799072265625
72 146.0294189453125
73 76.24544525146484
74 70.64549255371094
75 107.6913070678711
76 72.3685531616211
77 74.09161376953125
78 89.59915924072266
79 123.6296157836914
80 85.29151153564453
81 139.5679168701172
82 131.38339233398438
83 128.79881286621094
84 89.59916687011719
85 82.70692443847656
86 136.55258178710938
87 136.9833221435547
88 101.2298355102539
89 85.72228240966797
90 106.82977294921875
91 128.36802673339844
92 83.99920654296875
93 181.78292846679688
94 93.47605895996094
95 122.7680892944336
96 109.84512329101563
97 94.33758544921875
98 112.42972564697266
99 119.75274658203125
100 178.76754760742188
101 75.81468200683594
102 53.414886474609375
103 160.67544555664063
104 135.6910400390625
105 63.32249069213867
106 150.76783752441406
107 135.26028442382813
108 172.3061065673828
109 217.96722412109375
110 159.3831329345703
111 139.9987030029297
112 230.4593963623047
113 141.7217559814453
114 215.81338500976563
115 186.52133178710938
116 124.06038665771484
117 148.18325805664063
118 181.35215759277344
119 149.4755401611328
120 169.29074096679688
121 166.70614624023438
122 123.62962341308594
123 112.86048126220703
124 138.7064208984375
125 169.29074096679688
126 190.82901000976563
127 181.35215759277344
128 190.39822387695313
129 132.2449188232422
130 262.3360290527344
131 182.2136688232422
132 147.75247192382813
133 167.56768798828125
134 170.5830078125
135 168.42922973632813
136 152.92166137695313
137 180.4906463623047
138 145.1678924560547
139 143.44482421875
140 234.76707458496094
141 164.12156677246094
142 90.89146423339844
143 97.35294342041016
144 152.4908905029297
145 106.82978057861328
146 186.52134704589844
147 124.9218978881836
148 158.09085083007813
149 158.09083557128906
150 132.2449188232422
151 141.7217559814453
152 193.41358947753906
153 132.67568969726563
154 141.29100036621094
155 178.76759338378906
156 149.4755401611328
157 131.38340759277344
158 241.6593017578125
159 145.59864807128906
160 133.9679718017578
161 153.35244750976563
162 165.413818359375
163 108.12207794189453
164 130.09109497070313
165 107.69132995605469
166 148.614013671875
167 151.6293487548828
168 197.7212371826172
169 106.82978057861328
170 70.21473693847656
171 184.79827880859375
172 217.9672088623047
173 179.62908935546875
174 127.50650024414063
175 180.0598907470703
176 88.73764038085938
177 227.8748016357422
178 132.2449188232422
179 129.22958374023438
180 164.5523223876953
181 205.04425048828125
182 189.53671264648438
183 204.1827392578125
184 189.5366973876953
185 164.1215362548828
186 169.2907257080078
187 122.7680892944336
188 205.0442657470703
189 105.96824645996094
190 153.78318786621094
191 173.16761779785156
192 155.07546997070313
193 178.33680725097656
194 223.13638305664063
195 138.70639038085938
196 139.9987030029297
197 160.24465942382813
198 133.53721618652344
199 105.10670471191406
200 267.5052185058594
201 144.73712158203125
202 177.04449462890625
203 165.84461975097656
204 180.92140197753906
205 164.5523223876953
206 158.52157592773438
207 168.42919921875
208 129.2295684814453
209 98.21446990966797
210 146.46017456054688
211 168.42919921875
212 101.22982025146484
213 70.21472930908203
214 124.49114227294922
215 191.25973510742188
216 151.1986083984375
217 146.8909149169922
218 178.3367919921875
219 241.65933227539063
220 233.90548706054688
221 212.79800415039063
222 72.79933166503906
223 133.5372314453125
224 124.49114990234375
225 156.79855346679688
226 115.87583923339844
227 133.53720092773438
228 180.05987548828125
229 168.42919921875
230 180.49063110351563
231 140.86024475097656
232 121.47579193115234
233 111.56819152832031
234 200.73658752441406
235 201.59812927246094
236 176.1829833984375
237 194.27511596679688
238 146.8909454345703
239 183.0752410888672
240 143.01405334472656
241 156.7985382080078
242 190.82899475097656
243 176.6137237548828
244 211.50575256347656
245 132.67567443847656
246 176.61373901367188
247 145.59864807128906
248 164.55233764648438
249 223.567138671875
250 227.01327514648438
251 208.05960083007813
252 143.01405334472656
253 74.52238464355469
254 146.89096069335938
255 224.42868041992188
256 126.64496612548828
257 185.6598358154297
258 115.01432800292969
259 193.8443603515625
260 172.30612182617188
261 213.65956115722656
262 155.0754852294922
263 152.06011962890625
264 159.81390380859375
265 138.7064208984375
266 220.55177307128906
267 168.42922973632813
268 148.61399841308594
269 183.07522583007813
270 149.4755401611328
271 224.42869567871094
272 133.5372314453125
273 183.50599670410156
274 196.42893981933594
275 229.16708374023438
276 221.41331481933594
277 151.6293487548828
278 155.50625610351563
279 170.15228271484375
280 155.93702697753906
281 188.67515563964844
282 132.6757049560547
283 131.38339233398438
284 253.2899627685547
285 195.56741333007813
286 188.67518615722656
287 210.6442108154297
288 143.44482421875
289 214.0902862548828
290 181.3521728515625
291 120.6142578125
292 118.0296630859375
293 138.275634765625
294 155.93701171875
295 169.7214813232422
296 217.96719360351563
297 142.1525421142578
298 93.04529571533203
299 113.72200775146484
300 212.79798889160156
301 152.06011962890625
302 215.81338500976563
303 149.4755401611328
304 149.90631103515625
305 260.1822204589844
306 271.3821105957031
307 164.12155151367188
308 135.26028442382813
309 142.15252685546875
310 152.92164611816406
311 130.52186584472656
312 205.90574645996094
313 150.33706665039063
314 230.4593963623047
315 140.8602294921875
316 228.30555725097656
317 205.90577697753906
318 133.5372314453125
319 261.9052734375
320 117.5988998413086
321 180.49061584472656
322 124.92191314697266
323 150.33706665039063
324 133.5372314453125
325 134.3987579345703
326 181.78294372558594
327 161.10621643066406
328 192.55206298828125
329 123.19886016845703
330 133.5372314453125
331 110.70665740966797
332 215.8134002685547
333 115.445068359375
334 141.72177124023438
335 147.7524871826172
336 94.33757781982422
337 238.6439208984375
338 128.3680419921875
339 112.42972564697266
340 159.81390380859375
341 154.6446990966797
342 161.96774291992188
343 212.36727905273438
344 180.92140197753906
345 158.52159118652344
346 101.22982025146484
347 162.82925415039063
348 99.50677490234375
349 180.49063110351563
350 172.7368621826172
351 152.06011962890625
352 148.18324279785156
353 135.69105529785156
354 190.39822387695313
355 139.56796264648438
356 158.09083557128906
357 134.82952880859375
358 207.1980743408203
359 188.24441528320313
360 85.29151153564453
361 134.8295135498047
362 139.1371612548828
363 165.84461975097656
364 158.5216064453125
365 212.79803466796875
366 127.93726348876953
367 213.6595458984375
368 121.47579956054688
369 146.4601593017578
370 183.50601196289063
371 172.73687744140625
372 141.7217559814453
373 206.3365478515625
374 121.0450210571289
375 175.3214569091797
376 86.58381652832031
377 184.3675079345703
378 159.3831329345703
379 226.15176391601563
380 168.42921447753906
381 179.62911987304688
382 151.19859313964844
383 198.58277893066406
384 149.9062957763672
385 144.30636596679688
386 133.53721618652344
387 150.33705139160156
388 97.35295104980469
389 208.4904022216797
390 165.84463500976563
391 219.25949096679688
392 178.3367919921875
393 113.29126739501953
394 155.93699645996094
395 141.7217559814453
396 156.79856872558594
397 173.16761779785156
398 181.78292846679688
399 171.8753204345703
400 150.76783752441406
401 168.85997009277344
402 189.10592651367188
403 195.1366424560547
404 195.5674285888672
405 190.39822387695313
406 147.75247192382813
407 121.47579956054688
408 226.1517333984375
409 205.90577697753906
410 226.1517333984375
411 78.83003997802734
412 191.259765625
413 146.0294189453125
414 276.55126953125
415 155.50625610351563
416 203.32118225097656
417 149.04476928710938
418 167.56765747070313
419 127.9372787475586
420 129.6603240966797
421 69.78397369384766
422 170.15225219726563
423 108.55284118652344
424 105.5374755859375
425 193.84437561035156
426 129.6603240966797
427 162.82923889160156
428 189.96749877929688
429 175.32144165039063
430 168.42919921875
431 165.84463500976563
432 153.78318786621094
433 176.61375427246094
434 126.21421813964844
435 215.81341552734375
436 213.22879028320313
437 139.1371612548828
438 186.5213623046875
439 144.73712158203125
440 172.3060760498047
441 125.783447265625
442 131.38339233398438
443 186.09060668945313
444 127.937255859375
445 148.1832275390625
446 205.04425048828125
447 184.3675079345703
448 130.52186584472656
449 79.69156646728516
450 176.1829833984375
451 153.35244750976563
452 207.19805908203125
453 146.46018981933594
454 163.6907958984375
455 136.55258178710938
456 137.4141082763672
457 200.73658752441406
458 193.41357421875
459 167.99844360351563
460 126.64495849609375
461 144.73712158203125
462 189.10592651367188
463 177.9060516357422
464 202.0288848876953
465 139.9987030029297
466 174.02915954589844
467 165.8446044921875
468 200.30584716796875
469 140.42945861816406
470 151.62936401367188
471 157.2293243408203
472 148.18325805664063
473 228.73629760742188
474 270.9513244628906
475 161.53697204589844
476 209.78265380859375
477 179.19834899902344
478 149.9062957763672
479 188.24440002441406
480 146.89093017578125
481 131.8141632080078
482 209.35186767578125
483 211.07493591308594
484 148.18321228027344
485 232.18246459960938
486 202.4596710205078
487 182.6444549560547
488 153.35243225097656
489 176.18296813964844
490 186.52134704589844
491 177.0445098876953
492 121.47579193115234
493 169.2907257080078
494 239.07470703125
495 157.66006469726563
496 144.73712158203125
497 105.53746795654297
498 181.35215759277344
499 106.82977294921875
500 211.07493591308594
501 215.81336975097656
502 179.19834899902344
503 164.98309326171875
504 157.6600799560547
505 90.46070098876953
506 161.10618591308594
507 196.85972595214844
508 262.76678466796875
509 160.2446746826172
510 151.19859313964844
511 158.95236206054688
512 252.85919189453125
513 119.75273895263672
514 159.81390380859375
515 174.45993041992188
516 155.07550048828125
517 138.275634765625
518 229.59786987304688
519 122.33732604980469
520 113.291259765625
521 138.70639038085938
522 186.09059143066406
523 182.21368408203125
524 174.02915954589844
525 117.59891510009766
526 83.56845092773438
527 180.49066162109375
528 111.99895477294922
529 182.6444549560547
530 140.42947387695313
531 218.82876586914063
532 168.42919921875
533 151.62937927246094
534 222.70562744140625
535 213.228759765625
536 160.67543029785156
537 212.7980194091797
538 170.58303833007813
539 96.49140167236328
540 150.3370819091797
541 133.10646057128906
542 208.4904022216797
543 158.52157592773438
544 106.82978057861328
545 162.3984832763672
546 143.8755645751953
547 125.783447265625
548 137.4141082763672
549 175.75221252441406
550 212.7980194091797
551 115.8758316040039
552 130.52186584472656
553 148.61399841308594
554 163.6907958984375
555 166.7061309814453
556 225.72097778320313
557 209.35189819335938
558 122.76808166503906
559 223.1364288330078
560 153.3524169921875
561 138.70640563964844
562 112.42971801757813
563 144.73709106445313
564 170.58303833007813
565 208.49037170410156
566 142.58328247070313
567 147.75250244140625
568 149.90628051757813
569 171.0137939453125
570 207.19805908203125
571 268.7975158691406
572 175.752197265625
573 161.96774291992188
574 124.92192077636719
575 179.1983184814453
576 204.6134796142578
577 131.38339233398438
578 163.26002502441406
579 171.0137939453125
580 145.59864807128906
581 159.3831329345703
582 176.1829833984375
583 199.8750457763672
584 188.24440002441406
585 189.10594177246094
586 172.7368621826172
587 215.38259887695313
588 183.93675231933594
589 93.0452880859375
590 172.30606079101563
591 88.73764038085938
592 208.05958557128906
593 180.49063110351563
594 245.5362091064453
595 168.8599853515625
596 201.16734313964844
597 225.72097778320313
598 227.44403076171875
599 145.16790771484375
600 258.02838134765625
601 163.26002502441406
602 208.92112731933594
603 143.44483947753906
604 174.4599151611328
605 141.72177124023438
606 251.13613891601563
607 150.76783752441406
608 136.12181091308594
609 142.15252685546875
610 163.69078063964844
611 98.2144775390625
612 165.4138641357422
613 189.5366973876953
614 221.8440704345703
615 147.75247192382813
616 166.7061309814453
617 223.13638305664063
618 157.22930908203125
619 146.0294189453125
620 211.074951171875
621 200.30581665039063
622 164.12155151367188
623 98.6452407836914
624 155.93702697753906
625 129.6603240966797
626 171.44456481933594
627 153.3524169921875
628 112.86048126220703
629 174.0291748046875
630 188.24440002441406
631 199.44430541992188
632 216.244140625
633 167.1369171142578
634 171.44456481933594
635 226.58251953125
636 124.49116516113281
637 111.13743591308594
638 174.8907012939453
639 151.19859313964844
640 182.64443969726563
641 175.75221252441406
642 145.16786193847656
643 186.9521026611328
644 194.7058868408203
645 153.3524169921875
646 164.9830780029297
647 162.3985137939453
648 220.12103271484375
649 129.22958374023438
650 73.66085052490234
651 176.61375427246094
652 264.92059326171875
653 226.58251953125
654 189.1059112548828
655 192.55203247070313
656 167.1368865966797
657 182.2136688232422
658 167.13690185546875
659 164.98309326171875
660 170.1522674560547
661 208.92112731933594
662 194.7058868408203
663 229.1670684814453
664 97.35294342041016
665 157.6600799560547
666 219.259521484375
667 68.92243957519531
668 211.07498168945313
669 156.3677978515625
670 188.67514038085938
671 236.05934143066406
672 193.84434509277344
673 146.0294189453125
674 107.6913070678711
675 164.1215362548828
676 166.7061309814453
677 171.01377868652344
678 105.53746032714844
679 220.55178833007813
680 127.07573699951172
681 198.582763671875
682 142.58328247070313
683 126.64497375488281
684 177.04452514648438
685 176.18299865722656
686 158.09083557128906
687 183.93675231933594
688 174.02914428710938
689 164.12156677246094
690 108.98360443115234
691 166.7061767578125
692 148.18325805664063
693 226.58258056640625
694 177.47528076171875
695 155.50625610351563
696 148.614013671875
697 158.95236206054688
698 201.16734313964844
699 169.2907257080078
700 139.99871826171875
701 127.50650787353516
702 167.99842834472656
703 164.98309326171875
704 178.3368377685547
705 191.69053649902344
706 102.5221176147461
707 161.9677276611328
708 160.6754150390625
709 53.414886474609375
710 117.59890747070313
711 133.10646057128906
712 159.3831329345703
713 121.04503631591797
714 124.49114990234375
715 151.19857788085938
716 171.87533569335938
717 192.5520477294922
718 191.259765625
719 165.8446044921875
720 180.92140197753906
721 164.98309326171875
722 149.04476928710938
723 191.25978088378906
724 160.24465942382813
725 95.19911193847656
726 152.06011962890625
727 223.56715393066406
728 105.96825408935547
729 152.0601348876953
730 72.3685531616211
731 173.1676025390625
732 162.3985137939453
733 161.96771240234375
734 115.01432800292969
735 139.13717651367188
736 221.84410095214844
737 145.59864807128906
738 162.3984832763672
739 208.05960083007813
740 123.6296157836914
741 131.81414794921875
742 115.87583923339844
743 166.70616149902344
744 109.41436767578125
745 186.52133178710938
746 141.7217559814453
747 186.52134704589844
748 143.44480895996094
749 204.61351013183594
750 167.5676727294922
751 182.2136993408203
752 178.76756286621094
753 118.8912124633789
754 171.0137939453125
755 99.9375228881836
756 162.39849853515625
757 172.30609130859375
758 177.4752655029297
759 227.44403076171875
760 152.49087524414063
761 77.10697937011719
762 135.69105529785156
763 149.9062957763672
764 144.3063507080078
765 145.59864807128906
766 143.44482421875
767 170.58302307128906
768 169.72149658203125
769 236.92086791992188
770 127.50650024414063
771 163.6907958984375
772 187.81361389160156
773 146.89093017578125
774 72.36856079101563
775 125.35267639160156
776 152.06011962890625
777 147.75247192382813
778 164.9830780029297
779 171.8753204345703
780 180.05987548828125
781 195.99818420410156
782 161.10618591308594
783 208.05958557128906
784 159.38311767578125
785 170.58303833007813
786 223.567138671875
787 268.3667297363281
788 182.64443969726563
789 130.95263671875
790 163.6907958984375
791 169.72149658203125
792 171.01377868652344
793 174.02914428710938
794 170.1522674560547
795 166.27536010742188
796 214.09031677246094
797 207.19808959960938
798 164.9830780029297
799 149.90631103515625
800 193.41360473632813
801 150.76783752441406
802 216.24412536621094
803 227.87478637695313
804 150.33706665039063
805 178.76756286621094
806 191.69053649902344
807 185.6598358154297
808 229.16709899902344
809 175.75221252441406
810 163.26002502441406
811 166.27537536621094
812 223.5671844482422
813 146.46017456054688
814 179.19833374023438
815 145.16787719726563
816 136.9833526611328
817 167.1369171142578
818 183.5059814453125
819 113.7220230102539
820 89.16841888427734
821 158.5216064453125
822 158.95236206054688
823 139.1371612548828
824 165.84461975097656
825 217.96722412109375
826 226.15174865722656
827 209.35189819335938
828 180.49063110351563
829 227.4440460205078
830 189.10592651367188
831 222.7056427001953
832 213.22877502441406
833 158.09085083007813
834 201.59811401367188
835 176.18299865722656
836 119.75273132324219
837 232.1824493408203
838 212.79806518554688
839 223.99790954589844
840 208.49037170410156
841 169.72149658203125
842 130.09109497070313
843 175.3214569091797
844 226.15176391601563
845 192.5520782470703
846 189.5366973876953
847 164.55230712890625
848 146.89093017578125
849 169.72149658203125
850 185.22903442382813
851 114.58353424072266
852 145.16787719726563
853 161.106201171875
854 149.04476928710938
855 155.07546997070313
856 133.10646057128906
857 161.96771240234375
858 131.38339233398438
859 132.2449188232422
860 137.41412353515625
861 155.93699645996094
862 246.397705078125
863 169.29074096679688
864 159.81390380859375
865 145.59866333007813
866 75.38391876220703
867 137.4141082763672
868 149.9062957763672
869 143.44482421875
870 124.49114227294922
871 135.6910400390625
872 120.61427307128906
873 163.26002502441406
874 168.42921447753906
875 112.86048126220703
876 142.15252685546875
877 217.10568237304688
878 161.5369415283203
879 141.29100036621094
880 140.42945861816406
881 214.09031677246094
882 107.26053619384766
883 181.78294372558594
884 267.5052185058594
885 160.24465942382813
886 144.30633544921875
887 138.27565002441406
888 180.05984497070313
889 161.53695678710938
890 208.05960083007813
891 177.0445098876953
892 146.0294189453125
893 155.93701171875
894 87.87611389160156
895 121.47579193115234
896 161.9677276611328
897 149.9062957763672
898 178.76754760742188
899 182.21368408203125
900 211.93649291992188
901 136.12179565429688
902 152.06011962890625
903 191.6905059814453
904 182.64447021484375
905 90.46070098876953
906 152.06011962890625
907 156.79855346679688
908 91.32223510742188
909 189.10594177246094
910 201.59811401367188
911 129.2295684814453
912 202.8904266357422
913 129.2295684814453
914 171.0137939453125
915 157.2292938232422
916 171.4445343017578
917 145.16787719726563
918 249.41307067871094
919 206.76730346679688
920 131.81417846679688
921 128.79879760742188
922 249.41307067871094
923 157.66009521484375
924 125.78345489501953
925 189.53668212890625
926 140.86024475097656
927 157.66009521484375
928 111.56819915771484
929 102.52212524414063
930 153.78318786621094
931 161.10618591308594
932 157.2292938232422
933 156.7985382080078
934 192.1212921142578
935 121.47579956054688
936 199.0135498046875
937 178.33680725097656
938 156.36776733398438
939 185.22906494140625
940 148.61398315429688
941 131.81414794921875
942 177.4752655029297
943 131.8141632080078
944 155.5062713623047
945 158.09085083007813
946 227.44403076171875
947 209.78265380859375
948 167.1368865966797
949 124.92190551757813
950 123.1988525390625
951 116.73738861083984
952 173.59840393066406
953 168.8599853515625
954 154.64471435546875
955 99.07601165771484
956 60.30713653564453
957 76.24544525146484
958 133.96798706054688
959 234.76705932617188
960 166.275390625
961 237.78244018554688
962 228.73635864257813
963 144.7371368408203
964 157.22930908203125
965 186.5213623046875
966 126.21422576904297
967 158.95237731933594
968 195.1366424560547
969 139.99868774414063
970 147.3217010498047
971 146.46017456054688
972 174.89068603515625
973 158.09083557128906
974 176.61373901367188
975 188.67515563964844
976 172.3061065673828
977 218.39794921875
978 167.56764221191406
979 186.52133178710938
980 150.76783752441406
981 131.38340759277344
982 195.56741333007813
983 167.1368865966797
984 147.75247192382813
985 209.35191345214844
986 148.18324279785156
987 143.87559509277344
988 278.27435302734375
989 170.58302307128906
990 219.69027709960938
991 152.49090576171875
992 189.53671264648438
993 206.33657836914063
994 183.07522583007813
995 118.46043395996094
996 96.0606460571289
997 88.30687713623047
998 151.62936401367188
999 118.0296630859375
1000 104.24518585205078
1001 106.39901733398438
1002 106.39901733398438
