# Selection:resname AU POPC Restricted:name AUC AUL AUSL Radius:2.64 Start:0 End:-1
0 281.2897033691406
1 283.4435119628906
2 36.18427658081055
3 49.96876907348633
4 68.92243194580078
5 34.89198303222656
6 0.0
7 5.599947929382324
8 0.0
9 0.0
10 0.8615304231643677
11 0.43076521158218384
12 0.0
13 0.8615304231643677
14 0.0
15 1.7230608463287354
16 2.5845911502838135
17 0.0
18 0.0
19 0.43076521158218384
20 1.2922956943511963
21 1.7230608463287354
22 0.0
23 16.799842834472656
24 0.8615304231643677
25 0.8615304231643677
26 0.43076521158218384
27 2.1538262367248535
28 0.43076521158218384
29 1.2922956943511963
30 0.43076521158218384
31 1.2922956943511963
32 3.4461216926574707
33 2.5845911502838135
34 1.2922956943511963
35 7.7537736892700195
36 0.8615304231643677
37 0.8615304231643677
38 0.8615304231643677
39 0.8615304231643677
40 0.8615304231643677
41 4.307651996612549
42 0.43076521158218384
43 0.0
44 0.0
45 0.0
46 0.43076521158218384
47 0.0
48 1.7230608463287354
49 0.0
50 2.1538259983062744
51 3.8768868446350098
52 14.646017074584961
53 14.646017074584961
54 15.938312530517578
55 26.707443237304688
56 55.99947738647461
57 24.55361557006836
58 62.03019714355469
59 89.16840362548828
60 57.722537994384766
61 64.18401336669922
62 99.93753051757813
63 58.15330505371094
64 26.707443237304688
65 82.70692443847656
66 29.722797393798828
67 65.476318359375
68 69.35321044921875
69 62.030189514160156
70 56.86100769042969
71 74.09162139892578
72 90.0299301147461
73 91.75298309326172
74 77.968505859375
75 34.030452728271484
76 44.36881637573242
77 84.42997741699219
78 97.35293579101563
79 52.12259292602539
80 68.4916763305664
81 46.09187698364258
82 37.9073371887207
83 77.968505859375
84 68.92243957519531
85 74.52238464355469
86 54.27641296386719
87 90.460693359375
88 15.507546424865723
89 90.89146423339844
90 79.69156646728516
91 34.030452728271484
92 69.78396606445313
93 12.061426162719727
94 47.814937591552734
95 38.33810043334961
96 33.59968566894531
97 43.50728988647461
98 59.44560241699219
99 62.030189514160156
100 75.3839111328125
101 69.78396606445313
102 29.29203224182129
103 62.03019714355469
104 20.24596405029297
105 74.95315551757813
106 86.15304565429688
107 43.938053131103516
108 0.0
109 0.0
110 0.8615304231643677
111 2.1538262367248535
112 3.8768868446350098
113 0.43076521158218384
114 0.0
115 0.0
116 0.8615304231643677
117 1.7230608463287354
118 0.0
119 0.0
120 0.8615304231643677
121 0.0
122 0.43076521158218384
123 1.2922956943511963
124 0.0
125 0.0
126 3.8768868446350098
127 1.2922956943511963
128 0.0
129 1.7230608463287354
130 0.0
131 1.2922956943511963
132 0.0
133 0.8615304231643677
134 0.0
135 0.0
136 0.0
137 0.8615304231643677
138 1.2922956943511963
139 0.0
140 2.1538262367248535
141 3.8768868446350098
142 0.0
143 0.0
144 4.307652473449707
145 17.230607986450195
146 0.0
147 0.43076521158218384
148 0.0
149 1.2922956943511963
150 0.8615304231643677
151 0.0
152 1.2922956943511963
153 0.0
154 0.43076521158218384
155 0.0
156 0.43076521158218384
157 0.0
158 9.907599449157715
159 0.0
160 0.0
161 0.0
162 0.0
163 0.43076521158218384
164 0.43076521158218384
165 0.0
166 0.43076521158218384
167 0.43076521158218384
168 0.0
169 0.0
170 0.43076521158218384
171 2.1538259983062744
172 0.0
173 0.8615304231643677
174 0.43076521158218384
175 0.8615304231643677
176 0.0
177 0.0
178 0.0
179 0.43076521158218384
180 1.2922956943511963
181 0.43076521158218384
182 2.5845911502838135
183 0.0
184 1.7230608463287354
185 2.5845913887023926
186 3.0153565406799316
187 2.1538259983062744
188 0.0
189 2.1538259983062744
190 1.2922956943511963
191 0.0
192 0.0
193 1.7230608463287354
194 0.0
195 4.738417148590088
196 0.43076521158218384
197 0.8615304231643677
198 0.43076521158218384
199 0.0
200 0.8615304231643677
201 0.0
202 0.0
203 0.43076521158218384
204 0.8615304231643677
205 0.0
206 4.307651996612549
207 0.0
208 3.4461216926574707
209 0.0
210 6.461478233337402
211 0.0
212 0.43076521158218384
213 2.1538259983062744
214 0.0
215 0.0
216 0.0
217 8.615304946899414
218 2.5845913887023926
219 1.2922956943511963
220 0.0
221 0.43076521158218384
222 0.0
223 4.307651996612549
224 0.0
225 0.0
226 0.8615304231643677
227 0.43076521158218384
228 4.307651996612549
229 3.0153565406799316
230 0.0
231 0.0
232 0.0
233 0.0
234 0.0
235 0.8615304231643677
236 0.0
237 0.8615304231643677
238 0.8615304231643677
239 0.0
240 0.0
241 0.0
242 0.0
243 9.476834297180176
244 0.0
245 0.0
246 1.7230608463287354
247 0.43076521158218384
248 0.0
249 1.7230608463287354
250 0.8615304231643677
251 0.0
252 0.0
253 5.169182777404785
254 1.2922956943511963
255 0.8615304231643677
256 1.2922956943511963
257 0.43076521158218384
258 0.0
259 2.5845913887023926
260 0.0
261 2.1538259983062744
262 2.1538259983062744
263 8.184538841247559
264 0.0
265 0.0
266 0.0
267 0.0
268 5.599947929382324
269 0.8615304231643677
270 0.0
271 0.0
272 0.0
273 0.43076521158218384
274 0.0
275 3.4461216926574707
276 0.0
277 0.0
278 0.8615304231643677
279 0.0
280 1.2922956943511963
281 0.0
282 0.0
283 0.8615304231643677
284 0.0
285 3.4461216926574707
286 0.0
287 3.8768868446350098
288 1.7230608463287354
289 0.8615304231643677
290 7.753774166107178
291 1.2922956943511963
292 0.43076521158218384
293 0.0
294 0.43076521158218384
295 0.0
296 0.0
297 1.2922956943511963
298 6.892242908477783
299 1.2922956943511963
300 0.0
301 0.0
302 0.43076521158218384
303 0.0
304 0.0
305 0.0
306 1.2922956943511963
307 0.8615304231643677
308 0.0
309 3.8768868446350098
310 0.0
311 0.0
312 0.0
313 0.8615304231643677
314 0.0
315 0.8615304231643677
316 0.0
317 3.8768868446350098
318 3.0153565406799316
319 2.5845913887023926
320 0.0
321 3.0153565406799316
322 0.0
323 0.0
324 1.7230608463287354
325 0.0
326 0.0
327 0.8615304231643677
328 3.4461216926574707
329 0.0
330 3.0153565406799316
331 0.43076521158218384
332 0.8615304231643677
333 0.0
334 0.0
335 0.43076521158218384
336 0.0
337 13.353721618652344
338 0.0
339 0.0
340 0.0
341 0.43076521158218384
342 1.2922956943511963
343 0.43076521158218384
344 0.0
345 0.0
346 0.0
347 0.0
348 0.0
349 0.0
350 0.0
351 1.7230608463287354
352 0.0
353 0.0
354 1.2922956943511963
355 1.7230608463287354
356 0.43076521158218384
357 0.0
358 0.8615304231643677
359 0.0
360 0.8615304231643677
361 2.1538262367248535
362 0.43076521158218384
363 0.0
364 5.599947929382324
365 0.0
366 6.030713081359863
367 0.43076521158218384
368 0.8615304231643677
369 0.0
370 3.8768868446350098
371 0.0
372 0.0
373 4.307652473449707
374 0.0
375 0.0
376 0.0
377 1.2922956943511963
378 0.8615304231643677
379 0.0
380 0.43076521158218384
381 0.43076521158218384
382 0.0
383 1.2922956943511963
384 0.0
385 0.0
386 3.0153565406799316
387 0.0
388 0.0
389 0.43076521158218384
390 2.5845913887023926
391 0.0
392 0.0
393 0.0
394 3.8768868446350098
395 0.0
396 1.7230608463287354
397 3.0153565406799316
398 1.2922956943511963
399 4.307651996612549
400 15.507547378540039
401 0.0
402 0.43076521158218384
403 0.43076521158218384
404 0.0
405 5.599947929382324
406 1.2922956943511963
407 3.0153565406799316
408 0.0
409 0.0
410 0.0
411 0.0
412 0.0
413 3.4461216926574707
414 0.8615304231643677
415 1.2922956943511963
416 0.43076521158218384
417 0.0
418 0.0
419 0.0
420 0.43076521158218384
421 0.0
422 0.0
423 0.0
424 0.8615304231643677
425 0.43076521158218384
426 0.43076521158218384
427 0.0
428 0.0
429 0.0
430 0.0
431 3.4461216926574707
432 0.0
433 0.43076521158218384
434 0.0
435 0.43076521158218384
436 0.0
437 0.0
438 0.43076521158218384
439 0.8615304231643677
440 0.0
441 0.43076521158218384
442 0.43076521158218384
443 0.8615304231643677
444 0.0
445 1.7230608463287354
446 0.8615304231643677
447 1.2922956943511963
448 0.43076521158218384
449 0.0
450 6.030713081359863
451 1.2922956943511963
452 1.7230608463287354
453 4.307651996612549
454 0.43076521158218384
455 0.8615304231643677
456 0.0
457 0.8615304231643677
458 1.2922956943511963
459 0.0
460 0.43076521158218384
461 0.43076521158218384
462 0.43076521158218384
463 0.0
464 3.4461216926574707
465 2.1538262367248535
466 0.0
467 0.0
468 4.307651996612549
469 0.43076521158218384
470 0.0
471 12.492191314697266
472 0.0
473 1.2922956943511963
474 3.0153565406799316
475 2.1538259983062744
476 1.2922956943511963
477 0.0
478 0.8615304231643677
479 0.43076521158218384
480 0.0
481 0.0
482 1.7230608463287354
483 0.43076521158218384
484 0.0
485 0.0
486 0.0
487 0.0
488 1.2922956943511963
489 1.7230608463287354
490 8.184538841247559
491 0.0
492 0.0
493 0.0
494 2.5845913887023926
495 0.43076521158218384
496 0.0
497 0.43076521158218384
498 0.43076521158218384
499 0.8615304231643677
500 0.0
501 0.43076521158218384
502 0.0
503 0.0
504 0.0
505 0.8615304231643677
506 0.43076521158218384
507 0.0
508 0.43076521158218384
509 0.0
510 2.5845913887023926
511 0.43076521158218384
512 1.2922956943511963
513 0.0
514 0.0
515 3.876887083053589
516 0.0
517 1.7230608463287354
518 0.0
519 0.8615304231643677
520 0.43076521158218384
521 0.43076521158218384
522 0.0
523 0.0
524 0.0
525 0.0
526 0.0
527 2.1538259983062744
528 0.43076521158218384
529 0.0
530 6.030712604522705
531 2.5845911502838135
532 0.0
533 0.0
534 0.43076521158218384
535 1.7230608463287354
536 0.0
537 2.1538259983062744
538 0.0
539 0.0
540 6.892243385314941
541 0.0
542 0.0
543 0.0
544 0.0
545 0.43076521158218384
546 0.0
547 0.0
548 5.169182777404785
549 0.43076521158218384
550 0.0
551 0.0
552 2.5845911502838135
553 0.0
554 0.43076521158218384
555 1.7230608463287354
556 0.0
557 0.0
558 0.0
559 2.1538262367248535
560 0.0
561 0.0
562 1.2922956943511963
563 0.0
564 0.0
565 0.43076521158218384
566 6.030713081359863
567 1.2922956943511963
568 0.8615304231643677
569 2.5845911502838135
570 1.2922956943511963
571 1.2922956943511963
572 4.307651996612549
573 0.0
574 0.0
575 2.5845911502838135
576 0.0
577 0.0
578 3.876887083053589
579 0.0
580 0.0
581 6.030713081359863
582 0.0
583 0.0
584 2.1538259983062744
585 0.0
586 0.0
587 1.2922956943511963
588 2.5845913887023926
589 0.0
590 0.0
591 0.0
592 0.0
593 0.0
594 8.184538841247559
595 0.0
596 3.8768868446350098
597 0.0
598 3.0153565406799316
599 2.5845913887023926
600 1.7230608463287354
601 0.0
602 3.4461216926574707
603 0.43076521158218384
604 0.0
605 0.8615304231643677
606 0.8615304231643677
607 0.0
608 0.0
609 1.2922956943511963
610 7.3230085372924805
611 7.3230085372924805
612 0.43076521158218384
613 0.0
614 0.0
615 0.0
616 0.43076521158218384
617 0.43076521158218384
618 0.0
619 11.630661010742188
620 0.0
621 1.2922956943511963
622 1.7230608463287354
623 0.0
624 0.0
625 1.7230608463287354
626 1.2922956943511963
627 0.0
628 0.43076521158218384
629 0.0
630 0.0
631 0.43076521158218384
632 0.43076521158218384
633 1.2922956943511963
634 0.8615304231643677
635 0.8615304231643677
636 0.0
637 1.7230608463287354
638 0.0
639 4.738417148590088
640 0.0
641 11.630661010742188
642 0.0
643 0.0
644 2.5845913887023926
645 1.7230608463287354
646 0.0
647 0.0
648 2.5845913887023926
649 0.0
650 9.046069145202637
651 0.0
652 1.7230608463287354
653 0.0
654 0.43076521158218384
655 0.0
656 0.0
657 0.0
658 0.8615304231643677
659 9.907600402832031
660 2.5845913887023926
661 0.0
662 0.43076521158218384
663 1.2922956943511963
664 0.0
665 0.0
666 3.0153565406799316
667 0.0
668 0.0
669 0.0
670 0.0
671 3.0153563022613525
672 0.0
673 0.43076521158218384
674 1.2922956943511963
675 0.8615304231643677
676 0.0
677 0.0
678 0.0
679 4.307651996612549
680 0.8615304231643677
681 0.0
682 0.8615304231643677
683 0.0
684 0.0
685 0.8615304231643677
686 0.0
687 0.0
688 0.0
689 0.8615304231643677
690 6.8922438621521
691 0.8615304231643677
692 0.0
693 0.8615304231643677
694 0.8615304231643677
695 0.0
696 0.0
697 1.7230608463287354
698 2.1538262367248535
699 3.0153565406799316
700 1.2922956943511963
701 0.0
702 9.046069145202637
703 0.0
704 0.43076521158218384
705 0.0
706 1.2922956943511963
707 0.0
708 3.0153563022613525
709 0.43076521158218384
710 0.43076521158218384
711 2.1538262367248535
712 2.5845913887023926
713 5.169182300567627
714 11.199895858764648
715 0.0
716 5.599947929382324
717 2.5845913887023926
718 0.0
719 0.43076521158218384
720 0.0
721 2.1538262367248535
722 0.0
723 0.0
724 4.738417148590088
725 1.2922956943511963
726 0.0
727 0.0
728 0.0
729 0.8615304231643677
730 1.2922956943511963
731 0.43076521158218384
732 5.169182777404785
733 0.0
734 0.0
735 0.8615304231643677
736 0.43076521158218384
737 0.0
738 0.43076521158218384
739 0.43076521158218384
740 0.43076521158218384
741 0.8615304231643677
742 0.0
743 0.43076521158218384
744 0.0
745 13.353721618652344
746 12.061426162719727
747 9.476834297180176
748 0.0
749 1.7230608463287354
750 2.1538259983062744
751 0.0
752 0.0
753 0.8615304231643677
754 1.7230608463287354
755 1.2922956943511963
756 1.2922956943511963
757 0.0
758 0.0
759 0.0
760 3.4461216926574707
761 0.43076521158218384
762 0.8615304231643677
763 0.0
764 0.0
765 0.0
766 0.8615304231643677
767 0.0
768 0.0
769 1.7230608463287354
770 4.738417148590088
771 1.7230608463287354
772 0.0
773 0.0
774 3.8768868446350098
775 0.0
776 1.7230608463287354
777 0.0
778 0.0
779 0.0
780 0.0
781 0.8615304231643677
782 0.43076521158218384
783 0.0
784 0.0
785 2.1538259983062744
786 0.0
787 0.43076521158218384
788 0.0
789 0.8615304231643677
790 0.8615304231643677
791 0.43076521158218384
792 0.0
793 0.8615304231643677
794 0.0
795 1.7230608463287354
796 0.0
797 0.8615304231643677
798 0.43076521158218384
799 0.0
800 9.046070098876953
801 5.169182300567627
802 0.0
803 0.8615304231643677
804 0.0
805 1.7230608463287354
806 0.0
807 6.030713081359863
808 2.5845913887023926
809 0.43076521158218384
810 0.0
811 7.3230085372924805
812 8.184538841247559
813 0.0
814 3.8768868446350098
815 0.0
816 3.44612193107605
817 1.7230608463287354
818 2.1538259983062744
819 2.1538259983062744
820 0.43076521158218384
821 0.0
822 0.0
823 0.8615304231643677
824 2.1538259983062744
825 1.2922956943511963
826 0.43076521158218384
827 0.8615304231643677
828 0.43076521158218384
829 0.0
830 0.0
831 0.0
832 1.7230608463287354
833 0.0
834 0.43076521158218384
835 0.0
836 13.784486770629883
837 0.0
838 1.2922956943511963
839 3.0153563022613525
840 0.0
841 0.0
842 0.43076521158218384
843 0.43076521158218384
844 0.8615304231643677
845 0.0
846 12.922956466674805
847 0.43076521158218384
848 0.0
849 0.0
850 2.1538262367248535
851 0.8615304231643677
852 2.1538259983062744
853 0.0
854 0.0
855 0.0
856 1.2922956943511963
857 1.7230608463287354
858 41.35346221923828
859 29.292034149169922
860 8.184538841247559
861 37.045806884765625
862 0.8615304231643677
863 0.0
864 0.8615304231643677
865 0.0
866 8.615303993225098
867 0.8615304231643677
868 0.0
869 0.0
870 0.43076521158218384
871 0.0
872 0.0
873 0.43076521158218384
874 0.43076521158218384
875 0.0
876 0.0
877 1.2922956943511963
878 0.0
879 0.0
880 0.43076521158218384
881 0.43076521158218384
882 2.1538259983062744
883 0.43076521158218384
884 1.7230608463287354
885 0.43076521158218384
886 0.0
887 2.1538259983062744
888 0.0
889 0.8615304231643677
890 0.0
891 6.461478233337402
892 0.0
893 1.2922956943511963
894 0.0
895 0.43076521158218384
896 0.8615304231643677
897 13.353721618652344
898 0.0
899 2.1538259983062744
900 0.0
901 1.7230608463287354
902 1.2922956943511963
903 4.738417148590088
904 0.0
905 0.43076521158218384
906 0.0
907 0.0
908 1.2922956943511963
909 0.0
910 0.0
911 0.43076521158218384
912 0.8615304231643677
913 0.43076521158218384
914 27.568973541259766
915 4.738417625427246
916 1.7230608463287354
917 2.5845913887023926
918 0.0
919 9.046069145202637
920 0.43076521158218384
921 4.738417148590088
922 1.2922956943511963
923 4.307652473449707
924 0.0
925 0.43076521158218384
926 0.0
927 5.169182777404785
928 0.0
929 0.8615304231643677
930 0.0
931 0.0
932 0.43076521158218384
933 0.0
934 0.43076521158218384
935 4.738417148590088
936 0.0
937 0.0
938 1.2922956943511963
939 1.7230608463287354
940 0.0
941 0.0
942 2.5845913887023926
943 1.2922956943511963
944 0.8615304231643677
945 0.0
946 3.8768868446350098
947 0.0
948 4.307651996612549
949 0.8615304231643677
950 0.0
951 0.0
952 2.1538259983062744
953 1.7230608463287354
954 9.476835250854492
955 53.41489028930664
956 37.045806884765625
957 45.230350494384766
958 0.0
959 8.615304946899414
960 0.0
961 1.2922956943511963
962 3.4461216926574707
963 0.0
964 0.0
965 1.2922956943511963
966 0.0
967 0.43076521158218384
968 0.43076521158218384
969 0.0
970 0.0
971 0.0
972 0.0
973 0.43076521158218384
974 1.7230608463287354
975 0.43076521158218384
976 13.784486770629883
977 0.0
978 0.43076521158218384
979 0.0
980 6.892243385314941
981 10.76913070678711
982 6.892243385314941
983 0.0
984 9.046070098876953
985 0.0
986 8.615303993225098
987 0.8615304231643677
988 0.0
989 0.0
990 0.8615304231643677
991 1.2922956943511963
992 0.0
993 0.8615304231643677
994 5.169182300567627
995 0.8615304231643677
996 6.892243385314941
997 0.0
998 2.1538259983062744
999 0.0
1000 0.0
1001 0.0
1002 0.0
