# Selection 1:name NC3 PO4 GL1 GL2 Selection 2:name AUC AUSL AUL Cutoff:8 Start:0 End:-1
0 0
1 0
2 0
3 3
4 1
5 6
6 0
7 1
8 3
9 1
10 7
11 9
12 5
13 3
14 1
15 1
16 3
17 0
18 5
19 2
20 0
21 1
22 5
23 3
24 5
25 7
26 3
27 0
28 1
29 1
30 0
31 1
32 0
33 2
34 2
35 0
36 3
37 4
38 1
39 0
40 4
41 0
42 2
43 8
44 6
45 3
46 7
47 0
48 3
49 1
50 4
51 0
52 2
53 3
54 6
55 4
56 5
57 2
58 9
59 1
60 3
61 3
62 0
63 3
64 3
65 3
66 0
67 3
68 1
69 1
70 2
71 1
72 1
73 3
74 1
75 8
76 3
77 5
78 3
79 5
80 9
81 6
82 1
83 5
84 2
85 2
86 1
87 6
88 1
89 0
90 1
91 3
92 0
93 5
94 1
95 5
96 3
97 8
98 2
99 4
100 6
101 4
102 1
103 0
104 1
105 1
106 4
107 4
108 0
109 5
110 5
111 2
112 8
113 3
114 5
115 0
116 8
117 0
118 1
119 3
120 0
121 4
122 7
123 4
124 4
125 6
126 3
127 1
128 5
129 0
130 5
131 5
132 2
133 5
134 1
135 3
136 0
137 3
138 9
139 2
140 2
141 5
142 0
143 5
144 5
145 8
146 7
147 4
148 0
149 5
150 4
151 3
152 1
153 5
154 8
155 4
156 0
157 4
158 1
159 4
160 0
161 4
162 0
163 2
164 7
165 4
166 4
167 2
168 5
169 1
170 2
171 4
172 4
173 1
174 3
175 3
176 4
177 2
178 8
179 4
180 1
181 0
182 3
183 0
184 2
185 0
186 0
187 0
188 0
189 2
190 0
191 1
192 4
193 1
194 2
195 1
196 2
197 4
198 0
199 0
200 0
201 5
202 0
203 2
204 1
205 0
206 2
207 0
208 0
209 1
210 2
211 0
212 2
213 3
214 1
215 1
216 1
217 1
218 0
219 1
220 1
221 4
222 4
223 4
224 2
225 2
226 2
227 1
228 0
229 0
230 3
231 0
232 0
233 3
234 1
235 4
236 3
237 4
238 0
239 2
240 0
241 1
242 1
243 3
244 0
245 0
246 4
247 2
248 0
249 0
250 0
251 3
252 2
253 6
254 1
255 2
256 4
257 2
258 0
259 2
260 0
261 0
262 1
263 2
264 1
265 0
266 1
267 1
268 2
269 3
270 0
271 0
272 0
273 2
274 5
275 0
276 3
277 0
278 0
279 0
280 1
281 5
282 0
283 0
284 2
285 0
286 4
287 0
288 2
289 0
290 0
291 3
292 2
293 2
294 1
295 0
296 2
297 2
298 1
299 1
300 6
301 0
302 1
303 2
304 2
305 3
306 1
307 0
308 0
309 0
310 0
311 1
312 0
313 3
314 0
315 3
316 2
317 0
318 3
319 1
320 1
321 4
322 0
323 3
324 0
325 2
326 5
327 1
328 2
329 0
330 1
331 0
332 0
333 0
334 0
335 0
336 4
337 3
338 5
339 1
340 4
341 5
342 1
343 0
344 3
345 4
346 4
347 2
348 1
349 2
350 0
351 1
352 4
353 3
354 0
355 1
356 2
357 1
358 0
359 3
360 0
361 6
362 0
363 2
364 2
365 1
366 2
367 1
368 3
369 1
370 5
371 3
372 7
373 4
374 4
375 2
376 7
377 1
378 3
379 2
380 6
381 1
382 1
383 0
384 0
385 0
386 1
387 5
388 0
389 8
390 4
391 3
392 3
393 6
394 1
395 4
396 3
397 7
398 3
399 4
400 0
401 4
402 6
403 7
404 1
405 2
406 1
407 4
408 0
409 1
410 2
411 0
412 2
413 0
414 1
415 5
416 5
417 6
418 3
419 7
420 3
421 1
422 6
423 0
424 1
425 8
426 1
427 3
428 4
429 2
430 6
431 7
432 3
433 2
434 4
435 1
436 3
437 0
438 3
439 1
440 2
441 5
442 1
443 6
444 3
445 3
446 5
447 4
448 4
449 10
450 4
451 1
452 3
453 5
454 0
455 3
456 0
457 2
458 1
459 1
460 0
461 4
462 3
463 5
464 2
465 2
466 2
467 3
468 2
469 0
470 0
471 4
472 2
473 4
474 6
475 1
476 2
477 2
478 0
479 8
480 6
481 8
482 2
483 5
484 5
485 3
486 2
487 2
488 1
489 6
490 2
491 5
492 4
493 1
494 3
495 3
496 0
497 1
498 2
499 3
500 2
501 6
502 3
503 5
504 0
505 4
506 2
507 4
508 4
509 1
510 6
511 7
512 4
513 5
514 2
515 1
516 0
517 2
518 2
519 0
520 0
521 0
522 2
523 0
524 4
525 0
526 2
527 0
528 2
529 3
530 1
531 0
532 5
533 0
534 4
535 3
536 5
537 1
538 2
539 0
540 3
541 1
542 0
543 3
544 4
545 1
546 0
547 4
548 0
549 4
550 4
551 0
552 0
553 1
554 1
555 0
556 4
557 3
558 0
559 0
560 2
561 4
562 2
563 3
564 2
565 0
566 0
567 2
568 5
569 2
570 1
571 3
572 6
573 5
574 1
575 4
576 0
577 0
578 5
579 1
580 0
581 3
582 0
583 0
584 4
585 2
586 7
587 1
588 4
589 2
590 0
591 0
592 6
593 4
594 9
595 0
596 0
597 9
598 1
599 2
600 1
601 0
602 4
603 0
604 1
605 2
606 2
607 1
608 4
609 2
610 3
611 3
612 3
613 2
614 0
615 1
616 2
617 2
618 2
619 1
620 1
621 0
622 0
623 0
624 0
625 7
626 0
627 0
628 1
629 1
630 2
631 2
632 4
633 6
634 2
635 0
636 5
637 6
638 0
639 0
640 1
641 1
642 0
643 3
644 0
645 0
646 5
647 3
648 2
649 0
650 0
651 8
652 0
653 0
654 0
655 0
656 0
657 0
658 0
659 2
660 2
661 0
662 1
663 3
664 0
665 0
666 3
667 3
668 5
669 4
670 3
671 1
672 0
673 0
674 0
675 2
676 0
677 0
678 5
679 0
680 5
681 0
682 2
683 2
684 5
685 1
686 2
687 0
688 3
689 1
690 4
691 0
692 2
693 4
694 4
695 0
696 4
697 0
698 3
699 5
700 0
701 1
702 0
703 1
704 4
705 3
706 5
707 4
708 0
709 3
710 0
711 2
712 2
713 0
714 4
715 4
716 3
717 0
718 1
719 4
720 1
721 4
722 0
723 0
724 1
725 4
726 3
727 1
728 3
729 0
730 2
731 0
732 2
733 1
734 1
735 4
736 5
737 2
738 4
739 0
740 4
741 1
742 1
743 1
744 3
745 0
746 5
747 0
748 3
749 2
750 1
751 4
752 2
753 0
754 2
755 1
756 3
757 1
758 4
759 8
760 2
761 1
762 4
763 3
764 0
765 0
766 2
767 1
768 1
769 2
770 0
771 1
772 0
773 0
774 3
775 3
776 0
777 0
778 4
779 0
780 2
781 2
782 1
783 0
784 0
785 3
786 1
787 0
788 0
789 1
790 6
791 5
792 3
793 0
794 0
795 5
796 0
797 4
798 5
799 6
800 6
801 0
802 2
803 1
804 0
805 6
806 3
807 0
808 2
809 3
810 1
811 1
812 3
813 2
814 0
815 0
816 4
817 0
818 0
819 1
820 1
821 1
822 3
823 4
824 5
825 0
826 2
827 1
828 0
829 0
830 4
831 0
832 0
833 4
834 0
835 0
836 0
837 4
838 0
839 4
840 0
841 1
842 1
843 2
844 4
845 0
846 0
847 1
848 0
849 3
850 4
851 1
852 0
853 3
854 3
855 2
856 3
857 4
858 1
859 3
860 4
861 3
862 0
863 4
864 3
865 1
866 2
867 0
868 5
869 0
870 6
871 2
872 1
873 6
874 4
875 6
876 2
877 2
878 3
879 2
880 3
881 1
882 3
883 0
884 4
885 3
886 1
887 0
888 2
889 1
890 1
891 1
892 2
893 4
894 5
895 2
896 0
897 0
898 3
899 0
900 3
901 4
902 4
903 3
904 0
905 2
906 3
907 5
908 1
909 0
910 0
911 2
912 1
913 4
914 1
915 0
916 4
917 3
918 0
919 2
920 0
921 3
922 3
923 1
924 4
925 0
926 2
927 2
928 2
929 0
930 2
931 6
932 1
933 0
934 2
935 5
936 3
937 0
938 3
939 0
940 6
941 3
942 4
943 0
944 4
945 1
946 2
947 1
948 2
949 1
950 3
951 3
952 4
953 3
954 0
955 3
956 0
957 5
958 0
959 1
960 0
961 4
962 2
963 0
964 2
965 0
966 0
967 3
968 3
969 0
970 2
971 0
972 0
973 1
974 3
975 0
976 0
977 1
978 1
979 3
980 5
981 0
982 0
983 2
984 1
985 0
986 1
987 0
988 3
989 7
990 1
991 0
992 6
993 4
994 2
995 4
996 0
997 2
998 5
999 4
1000 1
1001 4
1002 4
