# Selection:resname AU W ION Restricted:name AUC AUL AUSL Radius:2.64 Start:0 End:-1
0 440.67279052734375
1 444.118896484375
2 92.18375396728516
3 75.8146743774414
4 87.01457977294922
5 96.92217254638672
6 81.84539031982422
7 93.0452880859375
8 59.01484298706055
9 80.98387145996094
10 88.73763275146484
11 93.0452880859375
12 121.47579193115234
13 101.2298355102539
14 71.93778991699219
15 90.0299301147461
16 73.23008728027344
17 81.41462707519531
18 98.64524841308594
19 20.676729202270508
20 112.86048889160156
21 110.7066650390625
22 129.22955322265625
23 60.30712890625
24 113.7220230102539
25 123.6296157836914
26 94.33759307861328
27 76.24544525146484
28 71.93779754638672
29 108.5528335571289
30 75.3839111328125
31 72.79932403564453
32 57.291770935058594
33 53.414886474609375
34 75.81468200683594
35 93.47605895996094
36 95.19911193847656
37 66.76860809326172
38 56.86100769042969
39 62.03019332885742
40 88.73764038085938
41 106.82978057861328
42 82.27615356445313
43 152.4908905029297
44 100.79905700683594
45 37.90734100341797
46 142.1525115966797
47 87.01457214355469
48 150.33705139160156
49 95.19911193847656
50 121.04502868652344
51 80.12232971191406
52 98.2144775390625
53 61.59942626953125
54 72.36856079101563
55 96.06065368652344
56 65.04554748535156
57 57.7225456237793
58 108.98360443115234
59 63.753257751464844
60 55.1379508972168
61 91.3222427368164
62 80.98387145996094
63 115.01432037353516
64 77.968505859375
65 106.39900207519531
66 104.67594146728516
67 62.460960388183594
68 60.737892150878906
69 96.06063842773438
70 118.89120483398438
71 46.52264404296875
72 59.445594787597656
73 76.24545288085938
74 53.84565734863281
75 69.35320281982422
76 96.92218017578125
77 102.95289611816406
78 118.89122009277344
79 107.6913070678711
80 92.6145248413086
81 104.24517822265625
82 59.014835357666016
83 158.95237731933594
84 54.27642059326172
85 72.36856079101563
86 105.53748321533203
87 66.76860809326172
88 93.90682983398438
89 28.43050193786621
90 81.41462707519531
91 84.42997741699219
92 49.538002014160156
93 78.39927673339844
94 91.32222747802734
95 84.42998504638672
96 94.33758544921875
97 142.5832977294922
98 72.79933166503906
99 105.5374755859375
100 78.83003997802734
101 123.1988754272461
102 59.87636947631836
103 136.55255126953125
104 74.09162139892578
105 86.58380889892578
106 86.58380889892578
107 94.33758544921875
108 71.93778991699219
109 57.72254180908203
110 82.27615356445313
111 64.61477661132813
112 106.82978057861328
113 118.89120483398438
114 94.33758544921875
115 60.307132720947266
116 128.79879760742188
117 93.4760513305664
118 83.99922180175781
119 122.7680892944336
120 72.3685531616211
121 104.24517822265625
122 74.09162902832031
123 52.98412322998047
124 65.47631072998047
125 82.27615356445313
126 53.84564971923828
127 83.5684585571289
128 156.36778259277344
129 52.55335998535156
130 79.6915512084961
131 59.876373291015625
132 126.64498138427734
133 57.29178237915039
134 148.1832275390625
135 92.61453247070313
136 52.984127044677734
137 80.98385620117188
138 97.35294342041016
139 81.84539794921875
140 93.04529571533203
141 71.07626342773438
142 115.01431274414063
143 46.95341873168945
144 94.33759307861328
145 99.93753814697266
146 101.22982025146484
147 109.84513092041016
148 53.84565353393555
149 56.86101531982422
150 55.56870651245117
151 136.9833526611328
152 73.23008728027344
153 113.7220230102539
154 119.32196807861328
155 82.27615356445313
156 61.599430084228516
157 99.93754577636719
158 51.26106262207031
159 49.538002014160156
160 99.07599639892578
161 72.79932403564453
162 83.99922180175781
163 81.41462707519531
164 84.86075592041016
165 68.06090545654297
166 79.26080322265625
167 87.8760986328125
168 71.50703430175781
169 19.38443374633789
170 90.89144897460938
171 99.07598876953125
172 100.36829376220703
173 61.168663024902344
174 95.1991195678711
175 102.52213287353516
176 132.67568969726563
177 71.93778991699219
178 96.92218017578125
179 101.22982025146484
180 116.3066177368164
181 91.75298309326172
182 79.26080322265625
183 100.79905700683594
184 154.6447296142578
185 83.99922943115234
186 110.70665740966797
187 146.02943420410156
188 67.19937896728516
189 62.891719818115234
190 92.18376159667969
191 98.2144775390625
192 133.53721618652344
193 102.09135437011719
194 87.44534301757813
195 103.38365173339844
196 100.36829376220703
197 121.47579956054688
198 58.58407974243164
199 84.86074829101563
200 106.39900970458984
201 94.33757781982422
202 61.168663024902344
203 32.30738830566406
204 33.59968566894531
205 52.984127044677734
206 70.21473693847656
207 81.84540557861328
208 74.09161376953125
209 52.55335998535156
210 73.23008728027344
211 64.18402099609375
212 99.50677490234375
213 104.67594909667969
214 107.6913070678711
215 89.16840362548828
216 131.81414794921875
217 67.19937133789063
218 83.5684585571289
219 153.78317260742188
220 107.6913070678711
221 83.99922180175781
222 108.55284118652344
223 130.95263671875
224 111.56819152832031
225 124.49115753173828
226 107.69129180908203
227 138.275634765625
228 94.76835632324219
229 87.01457977294922
230 79.69156646728516
231 83.99922180175781
232 87.01457977294922
233 133.1064453125
234 77.96852111816406
235 112.86048126220703
236 85.72227478027344
237 115.01431274414063
238 114.1528091430664
239 55.568721771240234
240 124.06036376953125
241 68.92243194580078
242 160.67543029785156
243 96.92217254638672
244 75.81468200683594
245 99.93753051757813
246 155.93699645996094
247 121.04503631591797
248 100.3683090209961
249 78.83003997802734
250 108.12207794189453
251 93.90682220458984
252 127.07573699951172
253 111.13744354248047
254 96.06063842773438
255 100.3683090209961
256 116.73737335205078
257 68.92244720458984
258 118.02967834472656
259 71.50703430175781
260 76.67620849609375
261 62.03019714355469
262 65.476318359375
263 95.19912719726563
264 65.04554748535156
265 70.64549255371094
266 107.6913070678711
267 71.50702667236328
268 93.4760513305664
269 77.53775024414063
270 139.1371612548828
271 67.19937133789063
272 68.49166870117188
273 68.49166870117188
274 127.50651550292969
275 92.18375396728516
276 111.99896240234375
277 87.87611389160156
278 55.1379508972168
279 65.476318359375
280 63.75325393676758
281 114.58356475830078
282 83.99922180175781
283 115.8758544921875
284 137.84487915039063
285 74.9531478881836
286 104.24519348144531
287 115.01432800292969
288 107.26055145263672
289 73.23009490966797
290 115.01431274414063
291 107.69129943847656
292 80.12232971191406
293 93.47606658935547
294 95.6298828125
295 70.21473693847656
296 126.64497375488281
297 97.35294342041016
298 82.70692443847656
299 119.75273132324219
300 146.460205078125
301 136.9833526611328
302 127.9372787475586
303 97.7837142944336
304 65.04554748535156
305 136.55258178710938
306 117.5988998413086
307 139.5679168701172
308 92.61454010009766
309 55.56871032714844
310 94.76834106445313
311 105.10671997070313
312 114.58354949951172
313 138.70640563964844
314 86.58381652832031
315 122.76808166503906
316 128.36802673339844
317 58.584075927734375
318 82.70692443847656
319 105.53749084472656
320 70.21473693847656
321 134.8295135498047
322 95.6298828125
323 93.90680694580078
324 89.16840362548828
325 119.75273132324219
326 159.81387329101563
327 103.81442260742188
328 153.3524169921875
329 112.42973327636719
330 115.87584686279297
331 85.29150390625
332 123.6296157836914
333 102.52212524414063
334 85.29151916503906
335 95.19911193847656
336 120.1834945678711
337 130.52186584472656
338 88.73764038085938
339 171.01380920410156
340 158.52162170410156
341 89.16838836669922
342 104.67594909667969
343 90.46068572998047
344 182.21368408203125
345 137.84487915039063
346 125.783447265625
347 150.33706665039063
348 128.79879760742188
349 121.90655517578125
350 89.59916687011719
351 100.3682861328125
352 100.799072265625
353 65.476318359375
354 62.03019714355469
355 113.7220230102539
356 131.3833770751953
357 94.76834869384766
358 97.78370666503906
359 87.44534301757813
360 149.0447540283203
361 114.58355712890625
362 114.15277862548828
363 106.39900207519531
364 62.46095275878906
365 68.49166870117188
366 85.29150390625
367 48.24570846557617
368 82.7069320678711
369 92.18375396728516
370 106.39901733398438
371 99.50675964355469
372 103.38365173339844
373 99.93753051757813
374 122.76809692382813
375 65.9070816040039
376 101.66059875488281
377 45.66111373901367
378 63.32249450683594
379 55.99948501586914
380 114.15277099609375
381 68.06090545654297
382 58.584068298339844
383 37.04581069946289
384 46.09188461303711
385 52.55335998535156
386 69.78396606445313
387 116.73736572265625
388 105.10670471191406
389 68.4916763305664
390 86.15304565429688
391 107.26054382324219
392 71.50703430175781
393 48.24570846557617
394 45.66111755371094
395 73.23009490966797
396 67.63014221191406
397 123.19886016845703
398 134.3987579345703
399 127.5064926147461
400 53.84565353393555
401 96.06063842773438
402 87.44536590576172
403 116.73738861083984
404 59.44559860229492
405 93.47605895996094
406 57.291778564453125
407 49.107234954833984
408 74.09161376953125
409 56.430240631103516
410 61.59942626953125
411 81.84538269042969
412 60.307125091552734
413 100.7990493774414
414 91.75299835205078
415 81.41463470458984
416 104.24518585205078
417 99.07601165771484
418 95.19913482666016
419 61.599430084228516
420 111.99895477294922
421 90.8914794921875
422 92.18375396728516
423 71.07625579833984
424 70.2147216796875
425 78.39926147460938
426 59.876365661621094
427 105.5374755859375
428 129.6603240966797
429 67.63013458251953
430 51.691829681396484
431 130.52186584472656
432 84.42998504638672
433 87.01456451416016
434 61.599430084228516
435 43.938053131103516
436 78.3992691040039
437 74.52238464355469
438 91.32223510742188
439 55.56871795654297
440 71.93779754638672
441 59.014835357666016
442 102.52212524414063
443 71.07626342773438
444 58.153316497802734
445 76.67620849609375
446 77.10697174072266
447 90.02993774414063
448 75.81468200683594
449 106.39901733398438
450 86.58380889892578
451 53.41488265991211
452 115.44507598876953
453 106.82977294921875
454 85.72228240966797
455 63.32248306274414
456 123.62962341308594
457 87.8760986328125
458 77.968505859375
459 35.322750091552734
460 67.6301498413086
461 92.6145248413086
462 80.9838638305664
463 132.6757049560547
464 73.66085052490234
465 92.6145248413086
466 147.75245666503906
467 107.26052856445313
468 58.15330505371094
469 133.96798706054688
470 86.1530532836914
471 78.83003234863281
472 38.338104248046875
473 106.39900970458984
474 133.53721618652344
475 70.21472930908203
476 90.89146423339844
477 54.70718765258789
478 44.36882019042969
479 132.67567443847656
480 111.13743591308594
481 98.6452407836914
482 108.55284118652344
483 103.81441497802734
484 95.62987518310547
485 43.07651901245117
486 64.61478424072266
487 104.24517822265625
488 70.21473693847656
489 68.06090545654297
490 71.50702667236328
491 67.63014221191406
492 108.1220703125
493 80.12232971191406
494 73.66085815429688
495 95.62987518310547
496 84.42998504638672
497 83.1376953125
498 61.16865921020508
499 68.92243957519531
500 55.999481201171875
501 111.99894714355469
502 99.50676727294922
503 120.18350219726563
504 67.63014221191406
505 102.95289611816406
506 135.2602996826172
507 123.19886779785156
508 75.3839340209961
509 46.09187698364258
510 78.83003234863281
511 131.8141632080078
512 96.92218017578125
513 115.87583923339844
514 53.84565734863281
515 29.292034149169922
516 83.99920654296875
517 77.10697174072266
518 71.93780517578125
519 80.55310821533203
520 80.55310821533203
521 77.96851348876953
522 131.38339233398438
523 111.99895477294922
524 95.62986755371094
525 151.6293487548828
526 147.3217010498047
527 155.93699645996094
528 183.93678283691406
529 135.69107055664063
530 138.27565002441406
531 99.50676727294922
532 119.32195281982422
533 135.26028442382813
534 142.15252685546875
535 77.968505859375
536 117.16814422607422
537 70.64550018310547
538 96.06066131591797
539 72.79932403564453
540 131.81417846679688
541 102.09136199951172
542 109.84514617919922
543 90.460693359375
544 119.32196044921875
545 69.35320281982422
546 37.045806884765625
547 109.41436767578125
548 102.09135437011719
549 207.62884521484375
550 127.07574462890625
551 152.92166137695313
552 116.30662536621094
553 127.50651550292969
554 87.87610626220703
555 113.29125213623047
556 76.24545288085938
557 81.84539794921875
558 98.21446990966797
559 70.64549255371094
560 73.66085815429688
561 67.19937133789063
562 75.3839111328125
563 62.03019714355469
564 72.36856842041016
565 156.79852294921875
566 73.23008728027344
567 166.27536010742188
568 120.6142578125
569 100.799072265625
570 111.56819152832031
571 74.09162139892578
572 117.59892272949219
573 141.29098510742188
574 134.3987579345703
575 51.26106262207031
576 40.4919319152832
577 97.35293579101563
578 108.12207794189453
579 109.41438293457031
580 90.46070861816406
581 43.07651901245117
582 49.96876525878906
583 77.968505859375
584 156.79856872558594
585 136.12181091308594
586 124.49115753173828
587 87.01457977294922
588 76.24544525146484
589 103.3836441040039
590 121.47579193115234
591 72.36856079101563
592 193.41357421875
593 125.3526840209961
594 103.81442260742188
595 84.86074829101563
596 165.413818359375
597 83.13768768310547
598 68.49166870117188
599 144.30633544921875
600 77.968505859375
601 96.92216491699219
602 95.19912719726563
603 82.27616119384766
604 115.01432800292969
605 57.291778564453125
606 89.16840362548828
607 110.2759017944336
608 110.27589416503906
609 82.70692443847656
610 91.75299072265625
611 91.32222747802734
612 70.64550018310547
613 118.89119720458984
614 117.16814422607422
615 123.6296157836914
616 144.3063507080078
617 120.1834945678711
618 109.41436767578125
619 121.4758071899414
620 80.55309295654297
621 85.29150390625
622 87.44534301757813
623 95.62987518310547
624 81.41463470458984
625 77.10697937011719
626 103.38365173339844
627 129.6603240966797
628 76.24542999267578
629 79.69155883789063
630 105.53748321533203
631 84.42998504638672
632 59.44560241699219
633 80.9838638305664
634 96.0606460571289
635 89.16840362548828
636 108.55284118652344
637 177.90603637695313
638 81.41462707519531
639 82.27616882324219
640 114.15278625488281
641 68.06090545654297
642 131.8141632080078
643 79.26079559326172
644 62.46095657348633
645 54.70718765258789
646 78.3992691040039
647 90.89147186279297
648 75.3839111328125
649 141.29100036621094
650 118.46044921875
651 96.92216491699219
652 114.15278625488281
653 90.46068572998047
654 93.90681457519531
655 133.9679718017578
656 70.21472930908203
657 87.8761215209961
658 62.89173126220703
659 98.21448516845703
660 105.53748321533203
661 69.35319519042969
662 130.09109497070313
663 75.38391876220703
664 107.6913070678711
665 74.9531478881836
666 115.87583923339844
667 81.84539794921875
668 108.55284118652344
669 115.44508361816406
670 101.66059112548828
671 98.21446228027344
672 108.55284881591797
673 62.46095657348633
674 82.70691680908203
675 115.87583923339844
676 151.6293487548828
677 71.0762710571289
678 58.1533088684082
679 85.29151916503906
680 72.79932403564453
681 78.3992691040039
682 111.13742065429688
683 119.75273895263672
684 189.10594177246094
685 130.95262145996094
686 166.70614624023438
687 122.33731842041016
688 112.8604736328125
689 116.73738098144531
690 174.8906707763672
691 105.9682388305664
692 136.55258178710938
693 149.9062957763672
694 122.7680892944336
695 137.4141082763672
696 120.18350219726563
697 177.04454040527344
698 120.1834945678711
699 116.30659484863281
700 93.90682983398438
701 58.1533088684082
702 90.89146423339844
703 76.24543762207031
704 92.18376159667969
705 93.90681457519531
706 94.33758544921875
707 94.76837158203125
708 41.35346221923828
709 65.9070816040039
710 95.62989044189453
711 76.67620849609375
712 115.01432037353516
713 84.42998504638672
714 80.55309295654297
715 139.5679473876953
716 111.99896240234375
717 105.96824645996094
718 84.8607406616211
719 103.81442260742188
720 118.89120483398438
721 161.53697204589844
722 71.50703430175781
723 92.18375396728516
724 65.90707397460938
725 75.8146743774414
726 134.8295135498047
727 110.2759017944336
728 72.3685531616211
729 111.99895477294922
730 83.56845092773438
731 93.47605895996094
732 90.0299301147461
733 79.26080322265625
734 117.16815185546875
735 101.2298355102539
736 76.24543762207031
737 91.32221984863281
738 106.82977294921875
739 99.07600402832031
740 110.27589416503906
741 98.6452407836914
742 120.1834945678711
743 75.38391876220703
744 163.69076538085938
745 96.92217254638672
746 93.04529571533203
747 109.84513854980469
748 73.23009490966797
749 102.52213287353516
750 136.9833526611328
751 125.35267639160156
752 91.3222427368164
753 94.76834869384766
754 110.27589416503906
755 56.43025207519531
756 57.722537994384766
757 87.44534301757813
758 53.84565734863281
759 61.59942626953125
760 115.0143051147461
761 78.83003234863281
762 111.13743591308594
763 169.7214813232422
764 109.84513092041016
765 69.35321044921875
766 73.23008728027344
767 77.53773498535156
768 102.09136199951172
769 89.16838836669922
770 111.13742065429688
771 113.7220230102539
772 111.99896240234375
773 117.59891510009766
774 118.89120483398438
775 92.18376159667969
776 74.09161376953125
777 112.86048889160156
778 108.1220703125
779 112.86048126220703
780 163.260009765625
781 138.70640563964844
782 116.30661010742188
783 96.49140930175781
784 74.52237701416016
785 65.476318359375
786 91.75299072265625
787 110.2759017944336
788 103.38365173339844
789 93.90682983398438
790 100.36829376220703
791 114.1528091430664
792 87.01457977294922
793 121.47578430175781
794 84.42998504638672
795 73.66085815429688
796 46.95341491699219
797 118.8912124633789
798 130.5218505859375
799 108.12207794189453
800 105.5374984741211
801 52.55336380004883
802 56.43024826049805
803 103.81442260742188
804 60.7379035949707
805 96.06065368652344
806 82.70692443847656
807 68.49166870117188
808 90.460693359375
809 126.64498901367188
810 90.0299301147461
811 135.26026916503906
812 120.61426544189453
813 102.95289611816406
814 84.86073303222656
815 48.24570846557617
816 83.13770294189453
817 36.61504364013672
818 58.58407211303711
819 89.16840362548828
820 131.38340759277344
821 107.26054382324219
822 130.95263671875
823 109.41436767578125
824 76.67621612548828
825 93.4760513305664
826 106.82978057861328
827 82.70692443847656
828 70.21473693847656
829 117.59890747070313
830 88.30687713623047
831 110.27588653564453
832 88.73764038085938
833 114.15279388427734
834 91.75299072265625
835 112.86048889160156
836 65.476318359375
837 78.39927673339844
838 96.92218780517578
839 120.61427307128906
840 92.18376159667969
841 204.61346435546875
842 108.98360443115234
843 78.39927673339844
844 169.7215118408203
845 96.92217254638672
846 136.55258178710938
847 79.26080322265625
848 73.66085815429688
849 123.19886016845703
850 94.76836395263672
851 105.10669708251953
852 83.56845092773438
853 140.8602294921875
854 121.04503631591797
855 110.27590942382813
856 46.09187698364258
857 105.10672760009766
858 74.52239227294922
859 92.18376159667969
860 96.49141693115234
861 117.16813659667969
862 94.76834106445313
863 84.8607406616211
864 95.6298828125
865 123.1988525390625
866 124.06038665771484
867 93.90682220458984
868 132.2449188232422
869 99.07598876953125
870 90.02993774414063
871 62.030189514160156
872 38.338104248046875
873 123.19886779785156
874 89.59917449951172
875 228.30557250976563
876 83.99921417236328
877 87.4453353881836
878 70.21473693847656
879 80.98385620117188
880 168.85997009277344
881 91.75299072265625
882 82.27616119384766
883 106.39901733398438
884 96.49140930175781
885 107.26054382324219
886 83.56845092773438
887 92.6145248413086
888 143.87562561035156
889 54.27641677856445
890 46.091880798339844
891 62.03019714355469
892 96.06065368652344
893 111.56819152832031
894 91.75299835205078
895 83.99922180175781
896 62.460960388183594
897 71.93779754638672
898 103.38365936279297
899 90.02993774414063
900 107.69132995605469
901 109.84515380859375
902 110.27589416503906
903 93.0452880859375
904 87.4453353881836
905 83.1376724243164
906 93.90682220458984
907 128.79881286621094
908 99.50678253173828
909 94.76835632324219
910 101.22982788085938
911 99.93753051757813
912 95.6298828125
913 121.90655517578125
914 69.35320281982422
915 65.476318359375
916 130.09112548828125
917 82.70691680908203
918 108.5528335571289
919 119.75273895263672
920 149.04476928710938
921 103.81442260742188
922 117.16815948486328
923 76.24545288085938
924 105.96824645996094
925 77.10697937011719
926 65.0455551147461
927 80.55309295654297
928 112.86048126220703
929 90.02994537353516
930 107.26054382324219
931 102.5221176147461
932 93.04528045654297
933 105.9682388305664
934 65.04554748535156
935 115.87586975097656
936 98.21446990966797
937 70.64550018310547
938 123.1988525390625
939 83.13768768310547
940 123.19886016845703
941 137.4141082763672
942 115.01431274414063
943 45.6611213684082
944 96.92218017578125
945 105.53748321533203
946 93.04529571533203
947 121.47579956054688
948 140.42945861816406
949 130.52186584472656
950 155.5062255859375
951 127.07573699951172
952 113.29125213623047
953 124.49114990234375
954 93.90682220458984
955 89.59917449951172
956 86.58380889892578
957 73.66085052490234
958 57.29177474975586
959 61.59942626953125
960 113.29124450683594
961 71.93779754638672
962 68.06090545654297
963 92.61453247070313
964 79.26080322265625
965 117.5988998413086
966 119.32195281982422
967 105.96825408935547
968 96.06065368652344
969 92.61451721191406
970 123.19884490966797
971 73.23008728027344
972 118.46044158935547
973 115.01432037353516
974 80.5531005859375
975 78.39927673339844
976 74.09162139892578
977 81.84539794921875
978 67.6301498413086
979 136.98333740234375
980 91.32222747802734
981 109.41436004638672
982 144.3063507080078
983 155.93701171875
984 99.93753814697266
985 100.36830139160156
986 66.33784484863281
987 89.16840362548828
988 129.2295684814453
989 112.86048889160156
990 126.21422576904297
991 123.6296157836914
992 179.6291046142578
993 112.86048889160156
994 98.21448516845703
995 127.93728637695313
996 134.8295135498047
997 100.36830139160156
998 93.0452880859375
999 62.46095275878906
1000 74.9531478881836
1001 126.64497375488281
1002 126.64497375488281
