# Selection 1:name C1A D2A C3A C4A C1B C2B C3B C4B Selection 2:name AUC AUSL AUL Cutoff:8 Start:0 End:-1
0 8
1 8
2 26
3 21
4 28
5 23
6 26
7 29
8 23
9 18
10 17
11 18
12 27
13 22
14 25
15 30
16 22
17 25
18 23
19 13
20 28
21 27
22 23
23 20
24 25
25 19
26 25
27 24
28 25
29 30
30 26
31 24
32 19
33 21
34 27
35 16
36 24
37 17
38 16
39 22
40 21
41 26
42 15
43 30
44 25
45 19
46 23
47 25
48 24
49 19
50 26
51 23
52 24
53 24
54 13
55 25
56 27
57 20
58 27
59 21
60 21
61 23
62 21
63 24
64 17
65 25
66 28
67 26
68 19
69 25
70 27
71 27
72 26
73 19
74 20
75 17
76 20
77 25
78 30
79 21
80 29
81 23
82 21
83 27
84 23
85 22
86 25
87 17
88 31
89 20
90 23
91 21
92 21
93 26
94 22
95 25
96 23
97 25
98 23
99 23
100 21
101 25
102 26
103 25
104 17
105 25
106 21
107 25
108 20
109 19
110 25
111 21
112 23
113 29
114 26
115 22
116 27
117 28
118 21
119 31
120 21
121 23
122 19
123 19
124 24
125 27
126 19
127 22
128 27
129 24
130 22
131 19
132 26
133 25
134 33
135 23
136 20
137 19
138 23
139 19
140 26
141 17
142 24
143 20
144 24
145 24
146 23
147 32
148 17
149 19
150 21
151 30
152 19
153 24
154 23
155 24
156 16
157 21
158 16
159 20
160 31
161 21
162 14
163 27
164 16
165 17
166 20
167 25
168 21
169 14
170 25
171 24
172 27
173 23
174 23
175 28
176 23
177 25
178 23
179 22
180 30
181 25
182 25
183 24
184 34
185 29
186 33
187 37
188 21
189 23
190 31
191 28
192 24
193 26
194 18
195 24
196 26
197 26
198 24
199 20
200 30
201 28
202 21
203 21
204 25
205 19
206 21
207 23
208 29
209 25
210 21
211 24
212 24
213 24
214 26
215 25
216 35
217 27
218 25
219 26
220 27
221 26
222 23
223 31
224 30
225 26
226 29
227 31
228 26
229 32
230 29
231 23
232 31
233 28
234 27
235 27
236 22
237 22
238 27
239 23
240 31
241 24
242 32
243 26
244 26
245 27
246 33
247 33
248 30
249 23
250 35
251 26
252 31
253 24
254 27
255 34
256 32
257 28
258 31
259 22
260 27
261 26
262 27
263 28
264 27
265 26
266 29
267 25
268 27
269 25
270 31
271 28
272 29
273 24
274 26
275 28
276 27
277 21
278 30
279 23
280 29
281 27
282 28
283 31
284 25
285 22
286 31
287 31
288 30
289 29
290 30
291 24
292 21
293 23
294 29
295 27
296 36
297 27
298 27
299 28
300 40
301 27
302 30
303 28
304 26
305 27
306 31
307 32
308 23
309 20
310 31
311 30
312 32
313 29
314 33
315 28
316 31
317 25
318 31
319 26
320 25
321 26
322 30
323 26
324 22
325 24
326 25
327 24
328 31
329 30
330 31
331 28
332 27
333 23
334 26
335 29
336 34
337 31
338 21
339 33
340 29
341 29
342 34
343 25
344 30
345 31
346 26
347 29
348 23
349 34
350 27
351 22
352 30
353 26
354 20
355 26
356 24
357 25
358 34
359 26
360 30
361 25
362 29
363 22
364 18
365 20
366 25
367 20
368 26
369 25
370 20
371 26
372 24
373 27
374 24
375 23
376 25
377 19
378 19
379 24
380 25
381 29
382 23
383 21
384 20
385 22
386 23
387 30
388 24
389 19
390 20
391 23
392 25
393 23
394 17
395 24
396 16
397 29
398 29
399 25
400 21
401 22
402 22
403 21
404 23
405 24
406 22
407 22
408 21
409 16
410 27
411 27
412 25
413 32
414 28
415 20
416 19
417 20
418 23
419 23
420 19
421 23
422 13
423 22
424 19
425 19
426 19
427 28
428 28
429 24
430 17
431 23
432 24
433 24
434 20
435 16
436 26
437 28
438 27
439 23
440 21
441 19
442 25
443 20
444 16
445 18
446 20
447 19
448 26
449 28
450 21
451 20
452 28
453 19
454 28
455 19
456 29
457 16
458 28
459 25
460 22
461 22
462 24
463 24
464 19
465 23
466 28
467 28
468 19
469 33
470 27
471 17
472 19
473 26
474 32
475 17
476 23
477 18
478 25
479 21
480 28
481 22
482 26
483 21
484 16
485 23
486 22
487 29
488 18
489 15
490 25
491 25
492 21
493 28
494 16
495 22
496 18
497 22
498 22
499 24
500 23
501 24
502 26
503 19
504 20
505 19
506 29
507 22
508 23
509 22
510 26
511 19
512 26
513 28
514 18
515 21
516 37
517 23
518 24
519 30
520 28
521 25
522 30
523 24
524 31
525 25
526 26
527 36
528 32
529 30
530 26
531 31
532 31
533 29
534 29
535 24
536 27
537 27
538 19
539 25
540 34
541 25
542 29
543 24
544 24
545 18
546 20
547 26
548 34
549 33
550 21
551 31
552 28
553 34
554 30
555 30
556 23
557 24
558 27
559 21
560 23
561 22
562 23
563 29
564 29
565 31
566 22
567 30
568 28
569 20
570 25
571 26
572 29
573 37
574 26
575 24
576 21
577 31
578 26
579 28
580 22
581 20
582 20
583 26
584 34
585 27
586 27
587 30
588 24
589 28
590 28
591 26
592 30
593 27
594 22
595 26
596 35
597 27
598 27
599 22
600 26
601 32
602 29
603 29
604 27
605 25
606 26
607 29
608 30
609 31
610 32
611 26
612 23
613 29
614 29
615 26
616 33
617 26
618 26
619 23
620 28
621 28
622 32
623 26
624 22
625 28
626 29
627 32
628 21
629 25
630 31
631 29
632 25
633 19
634 24
635 28
636 28
637 33
638 29
639 27
640 24
641 31
642 29
643 21
644 25
645 23
646 26
647 24
648 21
649 34
650 37
651 28
652 35
653 28
654 31
655 33
656 30
657 22
658 26
659 29
660 30
661 24
662 38
663 22
664 31
665 21
666 35
667 26
668 30
669 26
670 29
671 30
672 28
673 25
674 23
675 34
676 33
677 27
678 23
679 21
680 23
681 25
682 25
683 28
684 27
685 21
686 27
687 37
688 29
689 30
690 30
691 33
692 27
693 26
694 27
695 36
696 23
697 36
698 24
699 31
700 23
701 24
702 27
703 30
704 23
705 25
706 25
707 29
708 21
709 27
710 23
711 19
712 25
713 26
714 27
715 34
716 26
717 27
718 22
719 26
720 29
721 29
722 30
723 29
724 24
725 22
726 29
727 30
728 27
729 30
730 27
731 27
732 28
733 26
734 35
735 29
736 23
737 26
738 23
739 25
740 24
741 26
742 32
743 28
744 35
745 26
746 27
747 31
748 28
749 26
750 29
751 24
752 33
753 30
754 25
755 23
756 25
757 21
758 30
759 16
760 26
761 28
762 22
763 30
764 26
765 24
766 22
767 25
768 23
769 29
770 28
771 27
772 24
773 30
774 24
775 30
776 27
777 28
778 22
779 31
780 30
781 31
782 23
783 27
784 27
785 20
786 35
787 31
788 32
789 28
790 31
791 30
792 25
793 30
794 24
795 24
796 24
797 29
798 26
799 30
800 26
801 26
802 22
803 36
804 21
805 30
806 27
807 26
808 28
809 25
810 24
811 33
812 33
813 31
814 28
815 14
816 25
817 19
818 27
819 33
820 26
821 30
822 33
823 30
824 21
825 27
826 33
827 23
828 30
829 27
830 26
831 26
832 24
833 34
834 28
835 25
836 26
837 25
838 28
839 34
840 32
841 39
842 34
843 27
844 39
845 22
846 28
847 26
848 26
849 33
850 20
851 34
852 32
853 23
854 31
855 34
856 20
857 27
858 25
859 29
860 28
861 27
862 29
863 31
864 27
865 35
866 29
867 29
868 29
869 28
870 24
871 23
872 21
873 25
874 30
875 40
876 24
877 31
878 28
879 30
880 32
881 29
882 21
883 29
884 24
885 30
886 27
887 28
888 33
889 24
890 21
891 20
892 26
893 23
894 23
895 28
896 23
897 22
898 28
899 27
900 26
901 24
902 27
903 21
904 26
905 28
906 26
907 32
908 32
909 26
910 31
911 28
912 26
913 25
914 26
915 24
916 27
917 24
918 32
919 32
920 33
921 30
922 30
923 28
924 31
925 29
926 25
927 28
928 27
929 26
930 29
931 30
932 27
933 25
934 26
935 31
936 31
937 25
938 26
939 22
940 26
941 32
942 25
943 25
944 31
945 24
946 33
947 31
948 28
949 31
950 32
951 32
952 33
953 29
954 29
955 29
956 25
957 24
958 31
959 24
960 27
961 24
962 24
963 30
964 22
965 28
966 37
967 26
968 26
969 32
970 24
971 23
972 30
973 25
974 26
975 22
976 26
977 31
978 24
979 28
980 20
981 33
982 26
983 29
984 32
985 28
986 27
987 25
988 30
989 24
990 23
991 32
992 29
993 33
994 27
995 33
996 28
997 24
998 23
999 24
1000 27
1001 31
1002 31
