# Selection 1:name C1A D2A C3A C4A C1B C2B C3B C4B Selection 2:name AUC AUSL AUL Cutoff:8 Start:0 End:-1
0 7
1 6
2 36
3 33
4 31
5 26
6 29
7 35
8 27
9 42
10 25
11 26
12 39
13 22
14 31
15 32
16 23
17 23
18 32
19 22
20 28
21 21
22 23
23 25
24 19
25 32
26 23
27 34
28 24
29 27
30 28
31 28
32 29
33 30
34 40
35 26
36 30
37 34
38 31
39 30
40 20
41 29
42 24
43 26
44 31
45 31
46 23
47 32
48 20
49 21
50 25
51 30
52 26
53 21
54 24
55 27
56 21
57 24
58 24
59 31
60 32
61 23
62 27
63 25
64 33
65 39
66 23
67 28
68 28
69 26
70 26
71 28
72 30
73 29
74 20
75 34
76 24
77 22
78 28
79 25
80 27
81 23
82 18
83 26
84 26
85 25
86 26
87 23
88 25
89 38
90 33
91 27
92 30
93 30
94 29
95 30
96 24
97 21
98 24
99 31
100 34
101 23
102 31
103 26
104 25
105 23
106 20
107 29
108 25
109 27
110 31
111 35
112 32
113 32
114 28
115 35
116 21
117 27
118 30
119 22
120 34
121 29
122 26
123 33
124 31
125 25
126 26
127 31
128 26
129 28
130 32
131 27
132 23
133 30
134 30
135 24
136 21
137 27
138 27
139 25
140 27
141 25
142 27
143 30
144 31
145 32
146 23
147 33
148 31
149 27
150 24
151 25
152 28
153 30
154 26
155 27
156 26
157 28
158 27
159 27
160 25
161 25
162 39
163 31
164 27
165 15
166 27
167 19
168 27
169 30
170 26
171 31
172 20
173 32
174 25
175 27
176 35
177 30
178 27
179 24
180 29
181 38
182 26
183 27
184 20
185 34
186 36
187 28
188 27
189 33
190 27
191 27
192 24
193 26
194 29
195 33
196 24
197 30
198 30
199 27
200 23
201 25
202 28
203 27
204 29
205 32
206 26
207 32
208 39
209 27
210 28
211 30
212 29
213 29
214 28
215 23
216 23
217 26
218 22
219 32
220 33
221 25
222 22
223 27
224 23
225 29
226 31
227 22
228 28
229 29
230 29
231 33
232 23
233 37
234 22
235 28
236 28
237 20
238 32
239 28
240 28
241 26
242 25
243 23
244 32
245 28
246 39
247 31
248 24
249 27
250 32
251 27
252 36
253 32
254 26
255 24
256 22
257 24
258 25
259 33
260 27
261 26
262 21
263 29
264 28
265 28
266 31
267 29
268 26
269 23
270 33
271 28
272 33
273 27
274 26
275 25
276 28
277 29
278 33
279 26
280 26
281 25
282 25
283 18
284 35
285 35
286 23
287 24
288 24
289 29
290 20
291 24
292 30
293 21
294 33
295 27
296 22
297 26
298 27
299 26
300 35
301 27
302 25
303 24
304 32
305 29
306 28
307 31
308 27
309 28
310 25
311 28
312 25
313 26
314 31
315 22
316 21
317 22
318 28
319 27
320 25
321 30
322 27
323 30
324 23
325 29
326 26
327 22
328 23
329 24
330 30
331 30
332 31
333 29
334 27
335 22
336 28
337 28
338 31
339 28
340 33
341 33
342 39
343 30
344 21
345 25
346 26
347 22
348 28
349 19
350 19
351 35
352 33
353 27
354 24
355 33
356 36
357 17
358 22
359 24
360 34
361 27
362 29
363 31
364 26
365 26
366 26
367 30
368 28
369 30
370 30
371 29
372 27
373 24
374 27
375 23
376 27
377 26
378 28
379 29
380 35
381 31
382 29
383 29
384 25
385 23
386 33
387 29
388 22
389 24
390 29
391 29
392 29
393 20
394 32
395 18
396 28
397 32
398 25
399 31
400 32
401 23
402 23
403 40
404 15
405 25
406 29
407 23
408 26
409 28
410 31
411 28
412 21
413 26
414 30
415 19
416 27
417 26
418 28
419 27
420 21
421 32
422 35
423 22
424 24
425 23
426 30
427 31
428 23
429 24
430 25
431 32
432 30
433 31
434 31
435 28
436 28
437 24
438 26
439 32
440 27
441 32
442 26
443 27
444 26
445 26
446 25
447 32
448 35
449 34
450 36
451 26
452 29
453 31
454 33
455 24
456 23
457 20
458 25
459 24
460 22
461 31
462 19
463 31
464 28
465 25
466 30
467 25
468 20
469 27
470 31
471 26
472 29
473 27
474 22
475 28
476 24
477 29
478 21
479 31
480 25
481 25
482 24
483 26
484 26
485 26
486 39
487 28
488 21
489 29
490 21
491 26
492 26
493 28
494 27
495 29
496 21
497 26
498 24
499 20
500 31
501 30
502 32
503 29
504 25
505 33
506 25
507 35
508 31
509 22
510 27
511 21
512 30
513 34
514 26
515 22
516 26
517 24
518 25
519 24
520 27
521 34
522 27
523 33
524 27
525 26
526 23
527 24
528 33
529 23
530 31
531 24
532 29
533 20
534 28
535 24
536 22
537 24
538 20
539 30
540 31
541 31
542 26
543 28
544 26
545 30
546 27
547 24
548 25
549 20
550 26
551 32
552 27
553 21
554 29
555 24
556 24
557 31
558 30
559 27
560 27
561 36
562 24
563 33
564 28
565 32
566 22
567 24
568 30
569 26
570 22
571 26
572 32
573 29
574 25
575 26
576 17
577 22
578 25
579 22
580 31
581 27
582 31
583 25
584 32
585 24
586 30
587 26
588 27
589 29
590 31
591 22
592 23
593 16
594 27
595 18
596 31
597 29
598 28
599 22
600 32
601 25
602 28
603 31
604 24
605 23
606 33
607 26
608 28
609 24
610 28
611 24
612 28
613 30
614 23
615 26
616 29
617 28
618 24
619 31
620 32
621 24
622 31
623 29
624 24
625 31
626 22
627 28
628 26
629 29
630 29
631 21
632 20
633 28
634 31
635 25
636 28
637 28
638 28
639 23
640 29
641 23
642 32
643 20
644 24
645 25
646 24
647 27
648 27
649 27
650 24
651 26
652 27
653 32
654 28
655 31
656 20
657 20
658 27
659 21
660 21
661 22
662 29
663 25
664 29
665 28
666 31
667 29
668 26
669 29
670 29
671 27
672 22
673 21
674 28
675 31
676 26
677 31
678 32
679 23
680 25
681 28
682 27
683 28
684 28
685 29
686 27
687 30
688 27
689 34
690 23
691 23
692 26
693 22
694 32
695 28
696 26
697 34
698 30
699 39
700 31
701 28
702 25
703 32
704 26
705 26
706 23
707 25
708 25
709 26
710 26
711 29
712 27
713 21
714 32
715 39
716 22
717 19
718 28
719 30
720 31
721 29
722 30
723 29
724 25
725 39
726 24
727 25
728 24
729 29
730 29
731 28
732 28
733 30
734 27
735 30
736 30
737 34
738 31
739 26
740 36
741 28
742 32
743 22
744 24
745 21
746 19
747 25
748 27
749 23
750 26
751 29
752 26
753 20
754 27
755 32
756 23
757 26
758 29
759 25
760 30
761 31
762 35
763 22
764 30
765 32
766 28
767 35
768 33
769 31
770 27
771 27
772 32
773 29
774 22
775 19
776 30
777 34
778 33
779 34
780 24
781 29
782 28
783 25
784 30
785 33
786 24
787 25
788 26
789 26
790 27
791 23
792 35
793 23
794 27
795 25
796 28
797 26
798 26
799 34
800 30
801 32
802 27
803 29
804 28
805 21
806 33
807 26
808 26
809 26
810 25
811 24
812 28
813 29
814 26
815 25
816 27
817 33
818 30
819 32
820 29
821 29
822 31
823 36
824 30
825 26
826 30
827 27
828 32
829 24
830 31
831 31
832 36
833 30
834 24
835 27
836 30
837 25
838 29
839 31
840 21
841 26
842 27
843 22
844 31
845 24
846 28
847 26
848 25
849 28
850 30
851 32
852 23
853 30
854 36
855 40
856 29
857 31
858 28
859 27
860 28
861 28
862 29
863 22
864 19
865 33
866 28
867 33
868 21
869 27
870 22
871 27
872 25
873 33
874 33
875 26
876 32
877 32
878 21
879 26
880 26
881 23
882 20
883 22
884 25
885 26
886 33
887 26
888 26
889 27
890 22
891 30
892 25
893 22
894 33
895 33
896 27
897 29
898 26
899 26
900 26
901 27
902 22
903 34
904 29
905 27
906 27
907 32
908 25
909 25
910 28
911 24
912 30
913 24
914 23
915 27
916 28
917 24
918 31
919 27
920 31
921 23
922 29
923 23
924 30
925 28
926 27
927 33
928 28
929 32
930 23
931 20
932 37
933 44
934 25
935 25
936 23
937 32
938 27
939 27
940 23
941 24
942 27
943 26
944 24
945 30
946 27
947 30
948 27
949 26
950 36
951 28
952 23
953 31
954 30
955 29
956 36
957 25
958 30
959 30
960 28
961 18
962 22
963 23
964 28
965 28
966 30
967 26
968 20
969 20
970 28
971 21
972 27
973 16
974 26
975 27
976 25
977 24
978 24
979 24
980 23
981 24
982 25
983 28
984 32
985 28
986 23
987 28
988 25
989 29
990 29
991 23
992 30
993 26
994 25
995 34
996 33
997 26
998 24
999 30
1000 28
1001 25
1002 25
