# Selection:resname AU W ION Restricted:name AUC AUL AUSL Radius:2.64 Start:0 End:-1
0 146.0294189453125
1 149.9062957763672
2 68.4916763305664
3 113.72201538085938
4 68.92243194580078
5 110.27589416503906
6 130.5218505859375
7 144.73712158203125
8 126.64497375488281
9 109.84514617919922
10 93.90682220458984
11 118.89120483398438
12 189.5366973876953
13 125.783447265625
14 233.4747772216797
15 173.16763305664063
16 179.62908935546875
17 121.04503631591797
18 161.106201171875
19 166.275390625
20 117.59890747070313
21 94.76834869384766
22 189.10594177246094
23 189.9674835205078
24 118.89119720458984
25 80.9838638305664
26 111.137451171875
27 203.3211669921875
28 188.67515563964844
29 185.2290496826172
30 85.72228240966797
31 130.95263671875
32 75.81468200683594
33 192.55206298828125
34 200.73658752441406
35 98.64523315429688
36 115.445068359375
37 211.93650817871094
38 100.799072265625
39 128.3680419921875
40 189.5366973876953
41 163.26002502441406
42 155.0754852294922
43 76.24543762207031
44 150.76783752441406
45 97.78370666503906
46 161.5369415283203
47 217.53643798828125
48 115.87584686279297
49 139.56793212890625
50 183.93673706054688
51 188.24440002441406
52 181.3521728515625
53 133.1064453125
54 126.64496612548828
55 143.44483947753906
56 98.21446990966797
57 194.70587158203125
58 156.3677520751953
59 193.41360473632813
60 115.44507598876953
61 203.75196838378906
62 261.9052429199219
63 224.42868041992188
64 174.8907012939453
65 183.0752410888672
66 177.47528076171875
67 177.04454040527344
68 156.7985382080078
69 192.98281860351563
70 223.13636779785156
71 122.76809692382813
72 136.9833526611328
73 174.4599151611328
74 167.1368865966797
75 203.3212127685547
76 98.2144775390625
77 230.45941162109375
78 186.09059143066406
79 227.01329040527344
80 148.1832275390625
81 139.1371307373047
82 123.19886016845703
83 231.751708984375
84 74.52238464355469
85 137.41412353515625
86 160.6754150390625
87 153.78318786621094
88 108.98359680175781
89 187.8136444091797
90 157.6600799560547
91 148.614013671875
92 108.98359680175781
93 139.9987030029297
94 141.7217559814453
95 146.89096069335938
96 214.09033203125
97 62.030189514160156
98 161.53695678710938
99 132.2449188232422
100 129.2295684814453
101 190.3982391357422
102 161.96774291992188
103 109.41438293457031
104 71.07626342773438
105 134.82949829101563
106 120.1834945678711
107 118.89120483398438
108 126.64498901367188
109 181.78294372558594
110 182.6444549560547
111 181.35215759277344
112 105.5374755859375
113 133.1064453125
114 143.01405334472656
115 168.42919921875
116 103.81442260742188
117 199.8750762939453
118 187.38287353515625
119 276.9820556640625
120 105.5374755859375
121 146.8909454345703
122 174.89068603515625
123 164.55233764648438
124 139.13717651367188
125 173.16763305664063
126 115.0143051147461
127 99.50676727294922
128 194.70587158203125
129 155.93698120117188
130 182.21368408203125
131 115.01432037353516
132 113.2912368774414
133 167.99844360351563
134 174.89065551757813
135 130.52186584472656
136 109.84512329101563
137 201.1673583984375
138 239.07470703125
139 149.47557067871094
140 97.35294342041016
141 182.64447021484375
142 129.22958374023438
143 166.70614624023438
144 105.10671997070313
145 119.75274658203125
146 90.02993774414063
147 131.38339233398438
148 105.96824645996094
149 176.18299865722656
150 105.9682388305664
151 87.8760986328125
152 161.10618591308594
153 120.61427307128906
154 95.6298828125
155 155.0754852294922
156 142.5832977294922
157 250.7053680419922
158 278.7051086425781
159 274.82818603515625
160 202.02890014648438
161 144.73709106445313
162 203.75196838378906
163 183.50604248046875
164 214.09030151367188
165 111.99896240234375
166 98.6452407836914
167 77.10698699951172
168 160.24465942382813
169 180.0598907470703
170 152.49087524414063
171 184.79832458496094
172 173.1676025390625
173 143.87559509277344
174 134.39874267578125
175 141.29100036621094
176 164.12155151367188
177 177.9060516357422
178 108.5528335571289
179 167.56768798828125
180 185.65982055664063
181 152.92166137695313
182 233.47474670410156
183 176.61373901367188
184 137.84487915039063
185 112.86048889160156
186 174.4599151611328
187 183.936767578125
188 177.90603637695313
189 188.24441528320313
190 197.2904815673828
191 146.46017456054688
192 199.44430541992188
193 128.79879760742188
194 123.62962341308594
195 93.4760513305664
196 122.33731842041016
197 185.6597900390625
198 173.598388671875
199 115.8758544921875
200 148.61402893066406
201 158.95236206054688
202 135.26028442382813
203 97.78370666503906
204 105.9682388305664
205 156.7985382080078
206 142.58328247070313
207 179.62908935546875
208 187.8136444091797
209 151.19859313964844
210 183.93675231933594
211 200.73660278320313
212 176.61375427246094
213 220.98255920410156
214 183.07522583007813
215 181.35218811035156
216 285.59735107421875
217 98.64523315429688
218 161.96774291992188
219 213.6595458984375
220 224.85946655273438
221 210.64418029785156
222 180.0598907470703
223 167.13690185546875
224 127.07574462890625
225 137.84487915039063
226 164.12155151367188
227 111.56819915771484
228 203.751953125
229 166.70616149902344
230 121.04502868652344
231 191.25978088378906
232 234.3363037109375
233 180.92140197753906
234 125.35266876220703
235 162.8292694091797
236 181.78294372558594
237 270.95135498046875
238 150.33706665039063
239 194.27511596679688
240 87.8761215209961
241 144.3063507080078
242 80.5531005859375
243 123.62962341308594
244 129.22958374023438
245 106.39900970458984
246 130.09109497070313
247 202.8904266357422
248 216.244140625
249 149.47552490234375
250 270.5205383300781
251 186.95213317871094
252 192.12127685546875
253 155.50624084472656
254 198.1520233154297
255 135.26028442382813
256 124.06038665771484
257 192.5520477294922
258 143.87559509277344
259 126.64498138427734
260 138.7064208984375
261 139.56793212890625
262 204.61351013183594
263 215.38262939453125
264 178.7675323486328
265 90.02992248535156
266 145.59864807128906
267 187.8136444091797
268 180.05984497070313
269 201.59817504882813
270 101.22982788085938
271 108.1220703125
272 162.39849853515625
273 157.22933959960938
274 152.49090576171875
275 183.93675231933594
276 114.58354949951172
277 162.3984832763672
278 111.99896240234375
279 121.90656280517578
280 114.15279388427734
281 100.36830139160156
282 116.306640625
283 110.7066650390625
284 132.24493408203125
285 154.21395874023438
286 239.07470703125
287 210.2134246826172
288 163.69081115722656
289 118.4604263305664
290 66.33784484863281
291 140.42945861816406
292 193.4136505126953
293 201.59811401367188
294 255.87452697753906
295 185.22906494140625
296 229.16712951660156
297 270.9513244628906
298 200.30581665039063
299 190.82899475097656
300 224.85948181152344
301 125.78345489501953
302 125.78343963623047
303 165.41383361816406
304 205.90579223632813
305 193.41355895996094
306 97.35295104980469
307 139.99868774414063
308 43.0765266418457
309 90.89146423339844
310 177.90603637695313
311 103.3836669921875
312 82.27615356445313
313 142.58326721191406
314 170.15225219726563
315 202.02890014648438
316 172.7368621826172
317 214.9518585205078
318 139.1371612548828
319 106.82978057861328
320 77.5377426147461
321 180.4906005859375
322 170.5830535888672
323 170.58302307128906
324 230.02867126464844
325 189.10592651367188
326 104.24518585205078
327 67.63014221191406
328 71.50702667236328
329 186.95211791992188
330 224.85943603515625
331 119.32196807861328
332 302.3971862792969
333 91.32223510742188
334 121.90655517578125
335 208.92115783691406
336 116.73738861083984
337 148.18324279785156
338 159.81390380859375
339 122.76807403564453
340 132.24493408203125
341 201.16734313964844
342 103.8144302368164
343 148.1832275390625
344 130.0911102294922
345 68.06090545654297
346 201.16738891601563
347 118.0296630859375
348 176.61376953125
349 138.7064208984375
350 83.13768005371094
351 131.8141632080078
352 78.39925384521484
353 143.44483947753906
354 150.33706665039063
355 141.72177124023438
356 66.76860809326172
357 136.55258178710938
358 120.61427307128906
359 236.92086791992188
360 173.16758728027344
361 152.06015014648438
362 190.8290252685547
363 168.42921447753906
364 126.21420288085938
365 139.9987030029297
366 164.12155151367188
367 115.87584686279297
368 85.29151153564453
369 102.95289611816406
370 131.38339233398438
371 123.1988525390625
372 108.1220703125
373 264.05908203125
374 154.2139434814453
375 188.24440002441406
376 189.10592651367188
377 141.29100036621094
378 66.33784484863281
379 122.7680892944336
380 197.2904815673828
381 184.36752319335938
382 145.5986328125
383 140.86024475097656
384 135.69105529785156
385 139.99871826171875
386 79.26081085205078
387 90.02993774414063
388 168.85997009277344
389 190.8289794921875
390 147.3217010498047
391 162.39846801757813
392 195.56739807128906
393 232.61322021484375
394 102.95288848876953
395 128.36802673339844
396 195.56741333007813
397 212.36724853515625
398 133.96798706054688
399 143.44483947753906
400 162.3985137939453
401 170.58303833007813
402 209.35189819335938
403 210.21340942382813
404 169.7214813232422
405 106.82977294921875
406 161.9677276611328
407 194.27513122558594
408 149.0447540283203
409 116.73738098144531
410 140.42947387695313
411 84.86074829101563
412 144.7371063232422
413 158.95237731933594
414 158.95236206054688
415 136.98333740234375
416 98.6452407836914
417 81.41462707519531
418 135.26028442382813
419 101.66059112548828
420 123.1988525390625
421 146.46018981933594
422 138.70640563964844
423 124.92192077636719
424 120.18350982666016
425 113.29124450683594
426 172.73684692382813
427 166.70614624023438
428 205.0442352294922
429 211.074951171875
430 167.13690185546875
431 207.1980743408203
432 144.7371063232422
433 181.35218811035156
434 192.98280334472656
435 128.79879760742188
436 165.41384887695313
437 221.41329956054688
438 180.05987548828125
439 179.19833374023438
440 219.69027709960938
441 139.1371612548828
442 88.73763275146484
443 93.4760513305664
444 183.936767578125
445 130.5218505859375
446 175.7522430419922
447 57.291770935058594
448 133.96798706054688
449 124.49114990234375
450 210.6442108154297
451 140.42945861816406
452 189.53671264648438
453 163.26004028320313
454 94.33757781982422
455 186.95208740234375
456 124.49115753173828
457 140.8602294921875
458 137.84487915039063
459 190.39825439453125
460 152.92166137695313
461 194.70587158203125
462 67.63013458251953
463 136.12179565429688
464 102.52212524414063
465 241.6593017578125
466 180.49066162109375
467 97.35294342041016
468 151.19857788085938
469 167.13690185546875
470 142.5832977294922
471 138.275634765625
472 140.86024475097656
473 77.96851348876953
474 151.62936401367188
475 123.62960815429688
476 190.39820861816406
477 122.33732604980469
478 196.85971069335938
479 186.95208740234375
480 123.62960815429688
481 111.99897766113281
482 128.79879760742188
483 93.4760513305664
484 183.07521057128906
485 158.95237731933594
486 124.49113464355469
487 122.76809692382813
488 99.9375228881836
489 180.49063110351563
490 109.84513092041016
491 209.78265380859375
492 184.36753845214844
493 213.65956115722656
494 208.49034118652344
495 124.49115753173828
496 146.89093017578125
497 171.87535095214844
498 203.75196838378906
499 183.50599670410156
500 146.46018981933594
501 167.5676727294922
502 241.2285614013672
503 194.70587158203125
504 145.59864807128906
505 150.76783752441406
506 165.41384887695313
507 232.18243408203125
508 200.736572265625
509 128.3680419921875
510 179.62908935546875
511 142.15252685546875
512 107.26055145263672
513 246.8284912109375
514 54.27641677856445
515 293.7818908691406
516 178.76754760742188
517 113.7220230102539
518 118.46043395996094
519 203.32118225097656
520 154.64471435546875
521 157.6600799560547
522 165.41384887695313
523 188.24440002441406
524 147.32171630859375
525 175.3214569091797
526 105.53748321533203
527 122.76808166503906
528 138.70640563964844
529 90.89146423339844
530 109.84513092041016
531 109.84512329101563
532 129.2295684814453
533 165.84463500976563
534 154.2139434814453
535 161.9677276611328
536 207.19805908203125
537 87.44534301757813
538 169.72152709960938
539 96.49141693115234
540 146.46018981933594
541 176.1829833984375
542 97.35295104980469
543 197.72125244140625
544 81.41462707519531
545 161.96771240234375
546 111.56820678710938
547 167.99844360351563
548 137.84486389160156
549 126.21422576904297
550 253.72071838378906
551 209.78268432617188
552 224.42869567871094
553 164.12156677246094
554 133.10646057128906
555 91.75299072265625
556 206.76731872558594
557 232.61318969726563
558 175.75221252441406
559 167.99842834472656
560 99.50677490234375
561 203.3211669921875
562 174.8906707763672
563 145.16787719726563
564 148.61399841308594
565 145.5986328125
566 199.8750762939453
567 142.15252685546875
568 133.10646057128906
569 103.81441497802734
570 190.39822387695313
571 136.12181091308594
572 186.090576171875
573 108.98361206054688
574 139.99868774414063
575 182.6444549560547
576 226.15171813964844
577 134.3987579345703
578 101.22982788085938
579 135.6910400390625
580 65.47631072998047
581 115.87583923339844
582 201.5980987548828
583 202.0288848876953
584 165.8446044921875
585 174.02915954589844
586 98.64524841308594
587 148.61399841308594
588 226.5824737548828
589 91.32222747802734
590 135.26028442382813
591 114.15277862548828
592 144.3063507080078
593 130.52186584472656
594 130.0911102294922
595 103.38365173339844
596 151.62937927246094
597 130.09109497070313
598 131.3833770751953
599 181.35218811035156
600 90.0299301147461
601 214.52105712890625
602 277.84356689453125
603 239.07469177246094
604 238.64393615722656
605 119.32196044921875
606 161.9677276611328
607 225.7209930419922
608 177.04454040527344
609 198.58277893066406
610 167.5676727294922
611 86.15304565429688
612 116.30661010742188
613 172.73687744140625
614 81.84539794921875
615 119.32196807861328
616 214.9518585205078
617 158.95236206054688
618 105.5374755859375
619 181.35218811035156
620 113.29126739501953
621 116.3066177368164
622 170.58302307128906
623 106.39899444580078
624 171.444580078125
625 136.9833526611328
626 87.01457214355469
627 86.58379364013672
628 175.75221252441406
629 184.36752319335938
630 122.7680892944336
631 102.09136199951172
632 168.42921447753906
633 102.5221176147461
634 129.66033935546875
635 135.69105529785156
636 133.96798706054688
637 143.87557983398438
638 290.7664794921875
639 136.98333740234375
640 108.98359680175781
641 170.58302307128906
642 149.90631103515625
643 131.38339233398438
644 108.98360443115234
645 143.01405334472656
646 74.52237701416016
647 87.8760986328125
648 208.49041748046875
649 161.106201171875
650 163.6907958984375
651 144.3063507080078
652 172.73684692382813
653 196.42892456054688
654 134.8295135498047
655 93.90682983398438
656 191.25975036621094
657 144.30633544921875
658 135.26028442382813
659 142.5832977294922
660 79.69156646728516
661 152.92166137695313
662 128.79879760742188
663 131.8141632080078
664 136.98333740234375
665 178.3367919921875
666 77.5377426147461
667 167.56768798828125
668 125.3526840209961
669 59.876365661621094
670 129.22958374023438
671 211.93649291992188
672 69.78397369384766
673 135.2602996826172
674 103.81441497802734
675 216.244140625
676 159.3831329345703
677 55.999481201171875
678 139.1371612548828
679 108.55284118652344
680 145.59866333007813
681 112.86048889160156
682 170.58303833007813
683 216.67491149902344
684 147.3217010498047
685 187.8136749267578
686 214.9518280029297
687 134.3987579345703
688 168.42921447753906
689 158.5216064453125
690 115.8758544921875
691 99.9375228881836
692 91.75299072265625
693 117.59891510009766
694 109.84513092041016
695 74.09162139892578
696 110.7066650390625
697 81.84539031982422
698 111.99895477294922
699 136.98333740234375
700 136.98333740234375
701 128.7987823486328
702 154.2139434814453
703 155.07550048828125
704 115.8758544921875
705 127.93726348876953
706 111.13744354248047
707 142.5832977294922
708 82.70692443847656
709 123.62962341308594
710 150.76783752441406
711 114.58355712890625
712 158.5216064453125
713 186.9521026611328
714 153.78318786621094
715 97.7837142944336
716 143.44479370117188
717 171.44456481933594
718 139.13717651367188
719 121.4758071899414
720 138.7064208984375
721 103.8144302368164
722 167.5676727294922
723 183.93673706054688
724 206.767333984375
725 183.936767578125
726 164.98309326171875
727 150.767822265625
728 163.69078063964844
729 124.49114990234375
730 166.70611572265625
731 91.32223510742188
732 123.19884490966797
733 94.33758544921875
734 145.16787719726563
735 135.26026916503906
736 88.73763275146484
737 95.62989044189453
738 131.3834228515625
739 133.53721618652344
740 125.35266876220703
741 121.90654754638672
742 195.99818420410156
743 167.99842834472656
744 157.2293243408203
745 110.70667266845703
746 148.61398315429688
747 92.6145248413086
748 130.95263671875
749 126.21421813964844
750 102.09136962890625
751 133.10646057128906
752 115.01431274414063
753 121.04502868652344
754 108.1220703125
755 133.53721618652344
756 136.12181091308594
757 108.55284118652344
758 146.0294189453125
759 137.41409301757813
760 190.3982391357422
761 189.53672790527344
762 128.3680419921875
763 127.07573699951172
764 106.39901733398438
765 161.106201171875
766 115.87586212158203
767 125.78345489501953
768 162.82925415039063
769 91.32222747802734
770 131.3834228515625
771 191.69053649902344
772 149.90631103515625
773 143.44482421875
774 68.92243957519531
775 140.429443359375
776 84.42997741699219
777 113.72201538085938
778 101.22982788085938
779 137.41409301757813
780 162.82923889160156
781 115.87583923339844
782 107.26054382324219
783 120.18348693847656
784 188.24441528320313
785 171.87535095214844
786 119.75273895263672
787 115.8758544921875
788 93.0452880859375
789 152.49087524414063
790 119.32196807861328
791 122.33731842041016
792 100.36830139160156
793 98.64523315429688
794 200.30584716796875
795 157.66004943847656
796 97.78370666503906
797 161.96774291992188
798 138.70640563964844
799 183.5059814453125
800 186.95208740234375
801 135.6910400390625
802 124.92193603515625
803 114.15280151367188
804 145.59864807128906
805 70.21472930908203
806 164.12155151367188
807 161.9677276611328
808 149.90631103515625
809 144.30633544921875
810 87.87611389160156
811 111.99894714355469
812 94.76835632324219
813 132.67568969726563
814 80.9838638305664
815 127.07573699951172
816 117.5988998413086
817 249.8438262939453
818 133.53724670410156
819 60.73789596557617
820 109.84513854980469
821 153.78318786621094
822 143.44480895996094
823 88.30687713623047
824 180.0598907470703
825 83.56845092773438
826 91.32221984863281
827 146.0294189453125
828 151.62936401367188
829 134.3987579345703
830 188.2444305419922
831 162.8292694091797
832 162.3984832763672
833 125.783447265625
834 131.38340759277344
835 146.02940368652344
836 115.0143051147461
837 126.64497375488281
838 130.09109497070313
839 136.12181091308594
840 148.614013671875
841 162.82925415039063
842 131.38339233398438
843 191.69053649902344
844 101.66058349609375
845 146.8909454345703
846 144.30636596679688
847 154.64471435546875
848 97.35295104980469
849 73.23009490966797
850 141.72174072265625
851 72.79931640625
852 149.0447540283203
853 139.9987030029297
854 87.01457214355469
855 92.18375396728516
856 100.799072265625
857 171.0137939453125
858 110.70665740966797
859 127.93727111816406
860 173.1676025390625
861 150.33706665039063
862 130.95262145996094
863 178.76756286621094
864 146.0294189453125
865 118.0296630859375
866 83.13768005371094
867 132.67568969726563
868 101.22982788085938
869 131.38339233398438
870 186.52133178710938
871 98.21446228027344
872 172.7368621826172
873 191.69053649902344
874 117.16814422607422
875 167.99844360351563
876 150.33706665039063
877 72.79933166503906
878 117.16815185546875
879 65.476318359375
880 190.3982391357422
881 111.13741302490234
882 189.1059112548828
883 182.64443969726563
884 110.7066650390625
885 197.29046630859375
886 73.66085052490234
887 163.69076538085938
888 95.62987518310547
889 178.33680725097656
890 127.07574462890625
891 237.7823944091797
892 193.41358947753906
893 125.783447265625
894 156.79856872558594
895 115.8758544921875
896 100.799072265625
897 137.4141082763672
898 130.0911102294922
899 154.2139434814453
900 121.0450439453125
901 129.2295684814453
902 128.79879760742188
903 75.81468200683594
904 108.1220703125
905 154.2139434814453
906 136.9833526611328
907 132.2449188232422
908 89.16839599609375
909 112.86048126220703
910 123.62963104248047
911 120.61426544189453
912 143.87557983398438
913 177.04452514648438
914 158.52159118652344
915 144.3063507080078
916 139.9987030029297
917 180.0598602294922
918 175.752197265625
919 145.1678924560547
920 164.9830780029297
921 109.84512329101563
922 82.27616119384766
923 181.78292846679688
924 215.81333923339844
925 150.33705139160156
926 76.67621612548828
927 143.87557983398438
928 149.47552490234375
929 147.75245666503906
930 187.8136444091797
931 118.02967071533203
932 120.6142578125
933 162.3984832763672
934 142.5832977294922
935 142.15252685546875
936 174.8906707763672
937 112.86048889160156
938 200.73663330078125
939 111.13742065429688
940 131.38339233398438
941 136.121826171875
942 124.92192077636719
943 87.01457214355469
944 189.10595703125
945 218.39794921875
946 94.33757781982422
947 130.5218505859375
948 130.0911102294922
949 145.59864807128906
950 122.7680892944336
951 224.4286651611328
952 121.04502868652344
953 154.6446990966797
954 122.76809692382813
955 127.50650787353516
956 108.5528335571289
957 119.75272369384766
958 240.79776000976563
959 202.45968627929688
960 112.42972564697266
961 101.2298355102539
962 119.75273132324219
963 127.07574462890625
964 133.10646057128906
965 167.1369171142578
966 115.01432037353516
967 177.4752960205078
968 164.9830780029297
969 145.59866333007813
970 135.26026916503906
971 126.21421813964844
972 94.33757781982422
973 159.81393432617188
974 155.93701171875
975 97.35293579101563
976 187.3828582763672
977 100.36830139160156
978 115.87583923339844
979 110.70665740966797
980 164.5523223876953
981 179.1983184814453
982 160.24468994140625
983 143.01405334472656
984 197.2904815673828
985 138.27566528320313
986 162.39849853515625
987 72.79932403564453
988 103.38365936279297
989 182.6444549560547
990 190.39822387695313
991 158.95236206054688
992 162.3984832763672
993 158.5216064453125
994 139.1371612548828
995 127.50650787353516
996 192.55203247070313
997 124.92192077636719
998 152.49085998535156
999 140.42945861816406
1000 150.33706665039063
1001 126.64496612548828
1002 126.64496612548828
