# Selection 1:name C1A D2A C3A C4A C1B C2B C3B C4B Selection 2:name AUC AUSL AUL Cutoff:8 Start:0 End:-1
0 0
1 0
2 37
3 32
4 29
5 32
6 36
7 44
8 38
9 36
10 37
11 38
12 44
13 36
14 41
15 42
16 39
17 35
18 46
19 47
20 42
21 42
22 41
23 46
24 37
25 37
26 38
27 42
28 52
29 36
30 34
31 39
32 34
33 43
34 46
35 36
36 38
37 51
38 38
39 41
40 43
41 50
42 41
43 31
44 37
45 32
46 40
47 52
48 39
49 40
50 45
51 45
52 39
53 43
54 38
55 42
56 37
57 45
58 34
59 47
60 38
61 40
62 50
63 37
64 40
65 42
66 42
67 42
68 39
69 39
70 40
71 37
72 39
73 40
74 41
75 43
76 28
77 39
78 43
79 45
80 37
81 33
82 49
83 45
84 33
85 37
86 42
87 44
88 41
89 49
90 36
91 42
92 42
93 37
94 36
95 39
96 41
97 35
98 39
99 34
100 40
101 41
102 42
103 39
104 33
105 40
106 41
107 43
108 39
109 45
110 51
111 33
112 36
113 35
114 37
115 42
116 38
117 42
118 40
119 41
120 36
121 35
122 35
123 44
124 38
125 39
126 36
127 34
128 32
129 36
130 41
131 42
132 38
133 43
134 39
135 31
136 46
137 37
138 46
139 45
140 30
141 41
142 32
143 41
144 38
145 43
146 30
147 43
148 40
149 40
150 32
151 37
152 49
153 43
154 39
155 44
156 38
157 52
158 50
159 39
160 35
161 38
162 49
163 45
164 38
165 37
166 35
167 39
168 40
169 40
170 47
171 33
172 39
173 46
174 31
175 40
176 46
177 41
178 39
179 42
180 43
181 38
182 46
183 39
184 36
185 37
186 41
187 43
188 40
189 42
190 44
191 39
192 37
193 42
194 37
195 42
196 40
197 41
198 38
199 44
200 38
201 36
202 36
203 39
204 37
205 43
206 41
207 39
208 41
209 45
210 50
211 44
212 36
213 50
214 44
215 31
216 55
217 35
218 38
219 38
220 45
221 39
222 44
223 44
224 45
225 34
226 34
227 38
228 41
229 37
230 38
231 37
232 54
233 46
234 31
235 33
236 41
237 44
238 43
239 43
240 31
241 38
242 30
243 41
244 33
245 34
246 35
247 41
248 38
249 45
250 48
251 41
252 38
253 45
254 44
255 46
256 40
257 46
258 36
259 46
260 39
261 47
262 39
263 44
264 32
265 34
266 42
267 42
268 34
269 49
270 29
271 41
272 36
273 33
274 45
275 47
276 42
277 35
278 36
279 35
280 42
281 36
282 42
283 41
284 39
285 39
286 43
287 43
288 42
289 40
290 33
291 33
292 43
293 42
294 41
295 37
296 42
297 49
298 41
299 31
300 42
301 29
302 43
303 41
304 45
305 45
306 39
307 39
308 28
309 44
310 44
311 39
312 23
313 40
314 42
315 49
316 41
317 52
318 35
319 39
320 35
321 43
322 40
323 39
324 47
325 46
326 39
327 33
328 37
329 38
330 43
331 40
332 46
333 36
334 40
335 42
336 41
337 39
338 44
339 31
340 36
341 39
342 35
343 43
344 39
345 29
346 46
347 42
348 38
349 38
350 34
351 42
352 32
353 45
354 39
355 40
356 33
357 33
358 33
359 48
360 41
361 36
362 47
363 41
364 39
365 37
366 40
367 45
368 35
369 32
370 42
371 46
372 32
373 46
374 43
375 45
376 49
377 43
378 35
379 35
380 41
381 50
382 39
383 41
384 35
385 35
386 34
387 36
388 46
389 44
390 40
391 42
392 36
393 49
394 38
395 39
396 51
397 34
398 39
399 38
400 42
401 44
402 45
403 43
404 46
405 40
406 45
407 37
408 38
409 39
410 38
411 32
412 43
413 41
414 42
415 35
416 34
417 41
418 38
419 39
420 42
421 34
422 36
423 38
424 38
425 33
426 40
427 42
428 45
429 37
430 42
431 43
432 39
433 40
434 40
435 41
436 45
437 48
438 43
439 43
440 44
441 40
442 36
443 35
444 40
445 43
446 38
447 30
448 41
449 45
450 44
451 39
452 42
453 36
454 37
455 40
456 37
457 35
458 30
459 36
460 32
461 43
462 34
463 42
464 41
465 47
466 48
467 36
468 41
469 38
470 29
471 42
472 38
473 40
474 41
475 39
476 41
477 36
478 47
479 41
480 36
481 38
482 39
483 35
484 46
485 36
486 35
487 42
488 43
489 40
490 36
491 43
492 40
493 39
494 44
495 39
496 38
497 39
498 38
499 41
500 36
501 34
502 44
503 34
504 44
505 41
506 41
507 40
508 37
509 40
510 37
511 38
512 34
513 43
514 31
515 46
516 40
517 43
518 30
519 44
520 37
521 39
522 41
523 40
524 51
525 46
526 40
527 37
528 38
529 40
530 38
531 35
532 37
533 41
534 36
535 38
536 42
537 32
538 39
539 36
540 38
541 40
542 43
543 43
544 38
545 37
546 33
547 39
548 45
549 40
550 46
551 37
552 42
553 37
554 40
555 33
556 41
557 42
558 40
559 51
560 36
561 40
562 44
563 38
564 34
565 38
566 39
567 34
568 38
569 38
570 37
571 41
572 39
573 39
574 37
575 39
576 44
577 39
578 35
579 45
580 36
581 33
582 42
583 35
584 38
585 38
586 34
587 39
588 44
589 40
590 34
591 45
592 41
593 34
594 41
595 35
596 44
597 36
598 44
599 42
600 38
601 45
602 49
603 47
604 41
605 39
606 44
607 38
608 42
609 41
610 37
611 39
612 45
613 40
614 34
615 39
616 41
617 42
618 38
619 40
620 38
621 38
622 42
623 29
624 41
625 41
626 31
627 41
628 41
629 42
630 36
631 31
632 41
633 40
634 48
635 36
636 33
637 39
638 43
639 41
640 36
641 37
642 38
643 40
644 37
645 38
646 31
647 37
648 41
649 36
650 37
651 40
652 34
653 43
654 31
655 39
656 41
657 38
658 41
659 40
660 36
661 40
662 40
663 39
664 42
665 43
666 38
667 44
668 37
669 37
670 39
671 46
672 42
673 44
674 32
675 46
676 43
677 29
678 36
679 36
680 44
681 36
682 39
683 44
684 38
685 40
686 46
687 39
688 45
689 36
690 34
691 31
692 33
693 37
694 37
695 36
696 36
697 28
698 38
699 43
700 35
701 36
702 41
703 41
704 35
705 36
706 36
707 36
708 35
709 41
710 38
711 37
712 38
713 38
714 33
715 43
716 36
717 41
718 40
719 41
720 39
721 40
722 40
723 45
724 42
725 42
726 40
727 43
728 37
729 35
730 41
731 36
732 38
733 41
734 36
735 40
736 30
737 41
738 40
739 39
740 45
741 42
742 43
743 39
744 43
745 39
746 43
747 28
748 35
749 37
750 37
751 38
752 38
753 38
754 34
755 26
756 43
757 38
758 41
759 40
760 42
761 38
762 35
763 35
764 37
765 40
766 45
767 40
768 37
769 30
770 39
771 40
772 44
773 45
774 31
775 33
776 32
777 41
778 35
779 39
780 46
781 40
782 38
783 38
784 46
785 42
786 38
787 42
788 36
789 40
790 36
791 47
792 39
793 43
794 38
795 37
796 44
797 39
798 35
799 41
800 38
801 40
802 39
803 44
804 38
805 31
806 48
807 51
808 32
809 48
810 32
811 39
812 39
813 36
814 32
815 33
816 39
817 44
818 42
819 34
820 37
821 44
822 40
823 30
824 47
825 35
826 41
827 42
828 37
829 41
830 39
831 43
832 45
833 42
834 43
835 34
836 43
837 37
838 45
839 35
840 46
841 43
842 37
843 48
844 33
845 43
846 35
847 41
848 35
849 31
850 36
851 32
852 38
853 35
854 36
855 30
856 37
857 39
858 37
859 36
860 35
861 43
862 38
863 39
864 43
865 33
866 44
867 38
868 38
869 41
870 42
871 32
872 37
873 45
874 29
875 41
876 37
877 34
878 37
879 26
880 40
881 37
882 44
883 42
884 43
885 42
886 39
887 38
888 34
889 43
890 44
891 47
892 42
893 41
894 39
895 36
896 31
897 32
898 41
899 32
900 37
901 39
902 39
903 35
904 38
905 43
906 34
907 37
908 33
909 35
910 46
911 41
912 35
913 36
914 43
915 33
916 37
917 45
918 42
919 41
920 44
921 32
922 35
923 38
924 44
925 39
926 39
927 43
928 43
929 48
930 46
931 37
932 40
933 43
934 40
935 37
936 39
937 41
938 45
939 41
940 37
941 36
942 41
943 32
944 46
945 40
946 32
947 35
948 38
949 39
950 32
951 37
952 42
953 35
954 39
955 41
956 38
957 40
958 49
959 45
960 39
961 33
962 42
963 40
964 38
965 41
966 35
967 40
968 48
969 44
970 39
971 37
972 37
973 43
974 45
975 40
976 45
977 37
978 36
979 33
980 44
981 48
982 39
983 34
984 41
985 35
986 39
987 30
988 43
989 43
990 42
991 38
992 38
993 43
994 37
995 39
996 41
997 39
998 32
999 44
1000 32
1001 38
1002 38
