# Selection:resname AU POPC Restricted:name AUC AUL AUSL Radius:2.64 Start:0 End:-1
0 146.0294189453125
1 149.9062957763672
2 0.0
3 0.43076521158218384
4 0.0
5 0.43076521158218384
6 0.0
7 0.43076521158218384
8 0.0
9 0.0
10 0.0
11 0.8615304231643677
12 0.0
13 0.43076521158218384
14 3.0153563022613525
15 0.0
16 0.0
17 0.0
18 0.0
19 0.8615304231643677
20 0.0
21 3.0153565406799316
22 0.0
23 0.0
24 0.43076521158218384
25 0.0
26 0.0
27 1.2922956943511963
28 0.0
29 0.0
30 0.43076521158218384
31 0.0
32 0.0
33 0.0
34 0.0
35 0.0
36 0.43076521158218384
37 0.0
38 0.0
39 0.0
40 0.0
41 0.0
42 0.0
43 0.0
44 0.0
45 0.0
46 2.1538262367248535
47 0.0
48 0.0
49 0.0
50 0.0
51 0.0
52 1.7230608463287354
53 0.0
54 0.43076521158218384
55 2.5845913887023926
56 0.0
57 0.0
58 1.7230608463287354
59 0.0
60 0.0
61 0.0
62 0.0
63 5.169182777404785
64 0.0
65 1.7230608463287354
66 0.0
67 0.43076521158218384
68 0.43076521158218384
69 0.0
70 0.0
71 1.2922956943511963
72 0.0
73 0.0
74 0.43076521158218384
75 1.2922956943511963
76 0.0
77 0.0
78 0.0
79 0.43076521158218384
80 1.7230608463287354
81 0.0
82 3.0153565406799316
83 0.0
84 0.0
85 0.8615304231643677
86 0.0
87 0.0
88 0.0
89 0.0
90 0.0
91 2.5845913887023926
92 0.0
93 0.8615304231643677
94 0.0
95 0.43076521158218384
96 0.0
97 0.0
98 0.0
99 0.0
100 0.0
101 0.0
102 0.0
103 0.0
104 0.0
105 1.7230608463287354
106 0.43076521158218384
107 0.43076521158218384
108 0.43076521158218384
109 0.0
110 2.1538262367248535
111 3.0153565406799316
112 0.0
113 0.0
114 0.0
115 0.0
116 0.43076521158218384
117 0.0
118 0.0
119 0.0
120 0.43076521158218384
121 0.43076521158218384
122 0.0
123 0.0
124 0.0
125 0.0
126 0.43076521158218384
127 1.7230608463287354
128 0.43076521158218384
129 0.0
130 0.0
131 0.43076521158218384
132 0.0
133 0.0
134 0.0
135 0.0
136 0.0
137 0.0
138 0.0
139 0.0
140 0.0
141 0.0
142 0.0
143 0.43076521158218384
144 0.43076521158218384
145 0.43076521158218384
146 0.0
147 0.0
148 2.5845913887023926
149 0.0
150 0.8615304231643677
151 0.0
152 0.0
153 0.0
154 0.43076521158218384
155 0.0
156 1.7230608463287354
157 0.0
158 0.0
159 0.0
160 0.0
161 0.0
162 0.0
163 0.0
164 0.0
165 2.1538259983062744
166 0.0
167 0.0
168 0.0
169 0.0
170 0.0
171 2.1538259983062744
172 0.8615304231643677
173 0.0
174 0.0
175 0.43076521158218384
176 0.0
177 0.0
178 0.0
179 0.0
180 0.8615304231643677
181 0.0
182 0.0
183 0.0
184 0.0
185 0.0
186 0.0
187 0.0
188 0.0
189 0.8615304231643677
190 0.0
191 0.0
192 0.8615304231643677
193 0.0
194 0.0
195 0.0
196 0.0
197 0.0
198 0.0
199 0.0
200 3.8768868446350098
201 0.43076521158218384
202 0.0
203 0.0
204 0.0
205 0.0
206 0.43076521158218384
207 0.0
208 0.0
209 0.0
210 0.43076521158218384
211 0.0
212 0.0
213 0.0
214 0.0
215 0.8615304231643677
216 0.0
217 0.0
218 0.0
219 0.43076521158218384
220 0.0
221 0.0
222 0.0
223 0.0
224 0.43076521158218384
225 0.8615304231643677
226 0.0
227 0.0
228 0.0
229 0.0
230 0.0
231 0.0
232 0.0
233 0.0
234 0.0
235 0.0
236 0.0
237 0.0
238 0.0
239 0.8615304231643677
240 0.0
241 0.0
242 0.8615304231643677
243 0.0
244 0.0
245 1.2922956943511963
246 0.0
247 0.43076521158218384
248 0.0
249 0.0
250 0.0
251 0.0
252 0.0
253 0.0
254 0.0
255 0.43076521158218384
256 0.0
257 0.0
258 0.0
259 0.43076521158218384
260 0.0
261 0.0
262 0.0
263 1.7230608463287354
264 0.0
265 0.0
266 0.0
267 0.0
268 0.0
269 0.0
270 3.0153565406799316
271 0.0
272 2.5845913887023926
273 0.0
274 0.0
275 0.0
276 0.0
277 0.0
278 0.0
279 0.0
280 0.0
281 0.0
282 1.2922956943511963
283 0.0
284 0.0
285 0.43076521158218384
286 0.0
287 0.0
288 0.0
289 0.0
290 1.2922956943511963
291 0.0
292 0.8615304231643677
293 0.0
294 0.0
295 0.0
296 0.0
297 0.0
298 1.7230608463287354
299 0.43076521158218384
300 0.43076521158218384
301 1.7230608463287354
302 0.0
303 0.0
304 0.0
305 0.0
306 0.0
307 0.0
308 0.0
309 0.0
310 0.0
311 0.0
312 0.43076521158218384
313 0.0
314 0.0
315 0.8615304231643677
316 0.0
317 0.0
318 0.8615304231643677
319 0.0
320 0.0
321 0.0
322 8.615303993225098
323 0.0
324 0.0
325 0.0
326 0.0
327 0.0
328 0.0
329 0.0
330 0.0
331 0.0
332 0.0
333 0.0
334 0.0
335 0.0
336 0.0
337 0.0
338 0.0
339 0.0
340 0.0
341 0.0
342 0.0
343 0.0
344 2.1538262367248535
345 0.0
346 0.0
347 1.2922956943511963
348 0.0
349 0.0
350 0.0
351 0.0
352 0.0
353 0.43076521158218384
354 0.0
355 0.0
356 1.2922956943511963
357 3.8768868446350098
358 3.0153565406799316
359 0.0
360 0.0
361 0.0
362 0.8615304231643677
363 0.43076521158218384
364 0.43076521158218384
365 0.0
366 0.0
367 0.0
368 1.7230608463287354
369 0.0
370 0.0
371 1.7230608463287354
372 0.0
373 0.0
374 0.0
375 0.0
376 0.0
377 0.0
378 0.8615304231643677
379 0.0
380 1.2922956943511963
381 0.43076521158218384
382 0.0
383 0.0
384 0.0
385 1.7230608463287354
386 3.4461216926574707
387 0.43076521158218384
388 0.0
389 0.0
390 0.0
391 0.0
392 0.43076521158218384
393 0.0
394 0.0
395 1.7230608463287354
396 0.0
397 0.0
398 2.5845913887023926
399 0.0
400 0.0
401 0.43076521158218384
402 0.0
403 4.738417148590088
404 0.0
405 0.0
406 0.0
407 0.0
408 0.0
409 0.0
410 0.0
411 0.0
412 2.5845913887023926
413 0.0
414 0.0
415 0.0
416 0.0
417 0.8615304231643677
418 0.0
419 0.43076521158218384
420 0.0
421 0.0
422 0.8615304231643677
423 0.0
424 0.0
425 0.0
426 0.8615304231643677
427 0.43076521158218384
428 0.0
429 0.0
430 0.0
431 1.2922956943511963
432 0.0
433 0.8615304231643677
434 0.0
435 0.0
436 0.0
437 0.0
438 0.43076521158218384
439 0.0
440 1.7230608463287354
441 0.0
442 0.0
443 0.0
444 0.0
445 0.0
446 1.7230608463287354
447 0.0
448 0.0
449 0.0
450 0.43076521158218384
451 0.0
452 0.0
453 0.0
454 0.0
455 0.0
456 0.0
457 0.0
458 0.8615304231643677
459 0.0
460 0.0
461 0.0
462 0.0
463 0.0
464 0.0
465 0.0
466 0.0
467 0.0
468 0.0
469 0.0
470 0.43076521158218384
471 0.0
472 0.0
473 0.0
474 0.0
475 0.0
476 0.0
477 0.0
478 0.0
479 0.43076521158218384
480 0.0
481 0.0
482 0.0
483 1.7230608463287354
484 0.0
485 0.0
486 0.0
487 2.1538262367248535
488 0.43076521158218384
489 1.2922956943511963
490 0.0
491 0.0
492 0.43076521158218384
493 0.43076521158218384
494 0.0
495 0.43076521158218384
496 0.0
497 0.0
498 0.0
499 0.43076521158218384
500 0.8615304231643677
501 0.43076521158218384
502 0.0
503 0.0
504 0.0
505 0.43076521158218384
506 0.0
507 0.0
508 0.0
509 3.8768868446350098
510 0.0
511 0.0
512 0.8615304231643677
513 0.0
514 0.43076521158218384
515 0.0
516 0.0
517 0.0
518 0.8615304231643677
519 1.2922956943511963
520 0.43076521158218384
521 0.0
522 0.0
523 0.0
524 0.0
525 0.8615304231643677
526 0.0
527 2.5845913887023926
528 0.43076521158218384
529 0.0
530 0.0
531 0.0
532 0.0
533 0.43076521158218384
534 0.0
535 0.8615304231643677
536 0.8615304231643677
537 0.0
538 0.0
539 0.0
540 0.0
541 0.0
542 0.0
543 0.8615304231643677
544 0.0
545 0.0
546 0.0
547 0.43076521158218384
548 0.0
549 0.0
550 0.0
551 0.0
552 0.0
553 0.43076521158218384
554 0.0
555 0.0
556 0.0
557 0.0
558 0.8615304231643677
559 0.0
560 0.0
561 0.0
562 0.0
563 2.5845913887023926
564 0.0
565 0.43076521158218384
566 2.1538259983062744
567 3.4461216926574707
568 4.738417148590088
569 0.0
570 1.7230608463287354
571 0.0
572 0.0
573 0.0
574 0.0
575 0.0
576 0.0
577 0.43076521158218384
578 0.0
579 0.0
580 0.0
581 1.7230608463287354
582 0.0
583 0.0
584 0.0
585 0.0
586 2.5845913887023926
587 0.0
588 0.0
589 1.2922956943511963
590 0.8615304231643677
591 0.0
592 1.2922956943511963
593 0.0
594 0.0
595 1.2922956943511963
596 1.2922956943511963
597 0.43076521158218384
598 0.0
599 0.0
600 0.0
601 0.43076521158218384
602 0.0
603 0.0
604 0.0
605 0.0
606 0.0
607 0.0
608 0.0
609 0.8615304231643677
610 0.0
611 0.0
612 0.0
613 0.0
614 0.8615304231643677
615 0.0
616 1.2922956943511963
617 0.0
618 1.2922956943511963
619 0.0
620 0.0
621 0.0
622 0.0
623 3.8768868446350098
624 0.0
625 0.0
626 0.0
627 0.0
628 0.0
629 0.0
630 0.0
631 0.0
632 0.0
633 0.0
634 0.0
635 0.0
636 0.0
637 0.43076521158218384
638 3.8768868446350098
639 1.2922956943511963
640 0.0
641 0.0
642 0.0
643 0.0
644 0.0
645 0.0
646 0.0
647 0.0
648 0.43076521158218384
649 0.0
650 0.0
651 1.2922956943511963
652 0.43076521158218384
653 0.0
654 0.0
655 0.0
656 0.43076521158218384
657 0.0
658 2.1538259983062744
659 0.0
660 0.0
661 0.0
662 0.43076521158218384
663 0.0
664 0.43076521158218384
665 3.4461216926574707
666 1.2922956943511963
667 0.43076521158218384
668 0.0
669 0.43076521158218384
670 1.7230608463287354
671 0.0
672 0.0
673 0.0
674 0.0
675 0.0
676 3.0153563022613525
677 0.0
678 3.4461216926574707
679 0.0
680 4.307652473449707
681 0.43076521158218384
682 0.0
683 0.0
684 7.3230085372924805
685 0.0
686 1.7230608463287354
687 0.43076521158218384
688 0.0
689 0.8615304231643677
690 0.0
691 0.0
692 0.0
693 0.0
694 0.0
695 0.0
696 1.2922956943511963
697 0.0
698 0.43076521158218384
699 0.0
700 0.0
701 0.0
702 0.0
703 0.0
704 0.0
705 0.43076521158218384
706 0.0
707 0.0
708 0.0
709 1.7230608463287354
710 0.0
711 1.2922956943511963
712 0.0
713 0.0
714 0.0
715 1.2922956943511963
716 0.0
717 1.7230608463287354
718 0.0
719 0.43076521158218384
720 0.0
721 0.0
722 0.0
723 1.7230608463287354
724 0.0
725 0.0
726 0.0
727 0.0
728 0.0
729 0.0
730 6.892243385314941
731 0.0
732 0.0
733 0.43076521158218384
734 0.0
735 0.0
736 0.0
737 0.43076521158218384
738 0.0
739 0.0
740 0.8615304231643677
741 0.0
742 3.0153565406799316
743 0.0
744 0.43076521158218384
745 0.0
746 0.8615304231643677
747 0.0
748 0.0
749 0.0
750 0.0
751 0.0
752 0.0
753 0.0
754 0.0
755 0.0
756 0.0
757 3.8768868446350098
758 0.0
759 0.0
760 0.8615304231643677
761 0.0
762 0.0
763 0.0
764 0.8615304231643677
765 0.0
766 0.0
767 0.0
768 0.0
769 0.0
770 0.0
771 2.5845913887023926
772 0.0
773 0.0
774 0.0
775 0.0
776 0.0
777 0.0
778 0.0
779 0.0
780 1.7230608463287354
781 0.8615304231643677
782 0.43076521158218384
783 0.0
784 1.2922956943511963
785 0.8615304231643677
786 0.0
787 0.0
788 0.0
789 0.8615304231643677
790 0.0
791 0.0
792 0.0
793 0.0
794 0.0
795 0.0
796 0.0
797 0.0
798 4.738417625427246
799 0.0
800 1.2922956943511963
801 0.8615304231643677
802 4.307651996612549
803 0.0
804 0.8615304231643677
805 0.0
806 0.0
807 0.0
808 0.0
809 0.8615304231643677
810 0.43076521158218384
811 0.8615304231643677
812 0.0
813 0.0
814 2.1538259983062744
815 0.0
816 0.0
817 0.0
818 0.0
819 1.2922956943511963
820 0.0
821 0.0
822 0.0
823 0.43076521158218384
824 0.43076521158218384
825 0.8615304231643677
826 0.0
827 0.0
828 0.43076521158218384
829 0.0
830 0.0
831 0.0
832 0.0
833 0.0
834 0.0
835 0.0
836 0.0
837 0.0
838 0.43076521158218384
839 0.0
840 0.0
841 1.7230608463287354
842 0.0
843 0.0
844 0.0
845 0.43076521158218384
846 0.0
847 0.43076521158218384
848 0.0
849 0.43076521158218384
850 0.0
851 2.1538259983062744
852 0.0
853 0.8615304231643677
854 0.0
855 0.0
856 0.0
857 0.0
858 1.2922956943511963
859 3.8768868446350098
860 0.0
861 0.43076521158218384
862 0.0
863 0.0
864 0.0
865 0.0
866 0.0
867 0.0
868 0.8615304231643677
869 0.0
870 4.307651996612549
871 0.0
872 0.0
873 2.1538259983062744
874 0.43076521158218384
875 4.738417148590088
876 0.0
877 0.0
878 2.5845913887023926
879 0.0
880 0.43076521158218384
881 0.0
882 0.0
883 0.43076521158218384
884 0.0
885 0.43076521158218384
886 0.0
887 0.0
888 0.0
889 0.0
890 0.0
891 0.0
892 0.0
893 0.0
894 0.0
895 1.7230608463287354
896 0.0
897 0.0
898 0.0
899 2.1538259983062744
900 0.0
901 0.0
902 3.8768868446350098
903 0.0
904 0.0
905 3.8768868446350098
906 0.0
907 0.0
908 1.7230608463287354
909 0.0
910 0.0
911 0.43076521158218384
912 0.0
913 0.0
914 0.0
915 0.0
916 2.5845913887023926
917 0.0
918 0.8615304231643677
919 1.7230608463287354
920 0.43076521158218384
921 0.43076521158218384
922 0.0
923 0.43076521158218384
924 1.2922956943511963
925 0.43076521158218384
926 0.0
927 0.43076521158218384
928 0.43076521158218384
929 0.0
930 2.1538259983062744
931 0.43076521158218384
932 1.7230608463287354
933 2.1538262367248535
934 0.0
935 0.0
936 0.0
937 0.0
938 0.0
939 1.2922956943511963
940 1.7230608463287354
941 0.0
942 0.0
943 0.0
944 1.7230608463287354
945 0.43076521158218384
946 0.0
947 0.0
948 3.876887083053589
949 0.0
950 7.7537736892700195
951 0.8615304231643677
952 0.0
953 0.0
954 0.43076521158218384
955 0.0
956 0.0
957 0.0
958 0.8615304231643677
959 0.43076521158218384
960 3.4461216926574707
961 0.0
962 0.0
963 0.0
964 0.0
965 0.0
966 0.0
967 0.0
968 0.0
969 0.0
970 0.43076521158218384
971 0.0
972 0.43076521158218384
973 0.43076521158218384
974 3.0153565406799316
975 0.0
976 0.0
977 0.0
978 0.0
979 0.8615304231643677
980 0.0
981 0.0
982 0.0
983 0.0
984 0.0
985 0.8615304231643677
986 0.43076521158218384
987 0.0
988 1.2922956943511963
989 0.0
990 1.2922956943511963
991 0.0
992 0.0
993 0.0
994 3.4461216926574707
995 0.0
996 0.0
997 0.0
998 0.0
999 0.0
1000 0.0
1001 0.0
1002 0.0
