# Selection 1:name C1A D2A C3A C4A C1B C2B C3B C4B Selection 2:name AUC AUSL AUL Cutoff:8 Start:0 End:-1
0 7
1 7
2 38
3 40
4 37
5 30
6 33
7 43
8 23
9 34
10 39
11 38
12 37
13 36
14 29
15 36
16 36
17 42
18 32
19 29
20 38
21 35
22 44
23 45
24 23
25 33
26 32
27 46
28 40
29 52
30 37
31 41
32 40
33 49
34 45
35 39
36 37
37 44
38 43
39 34
40 45
41 38
42 36
43 44
44 42
45 39
46 47
47 40
48 37
49 38
50 40
51 35
52 23
53 29
54 37
55 34
56 42
57 44
58 35
59 40
60 40
61 38
62 43
63 41
64 43
65 33
66 46
67 40
68 41
69 44
70 40
71 43
72 42
73 33
74 44
75 41
76 45
77 43
78 43
79 35
80 41
81 45
82 38
83 53
84 39
85 49
86 37
87 55
88 43
89 35
90 41
91 45
92 39
93 43
94 45
95 43
96 36
97 33
98 34
99 40
100 43
101 32
102 33
103 38
104 43
105 44
106 39
107 43
108 45
109 44
110 40
111 44
112 36
113 40
114 48
115 43
116 43
117 36
118 43
119 41
120 41
121 33
122 38
123 39
124 42
125 40
126 37
127 42
128 42
129 48
130 42
131 39
132 45
133 46
134 48
135 39
136 43
137 41
138 41
139 44
140 46
141 41
142 42
143 45
144 37
145 39
146 43
147 39
148 40
149 42
150 38
151 51
152 32
153 43
154 45
155 39
156 42
157 41
158 44
159 47
160 50
161 40
162 39
163 35
164 46
165 44
166 38
167 42
168 39
169 39
170 40
171 43
172 41
173 45
174 50
175 38
176 44
177 44
178 40
179 36
180 45
181 39
182 47
183 37
184 36
185 52
186 42
187 42
188 49
189 39
190 42
191 39
192 34
193 35
194 35
195 36
196 36
197 45
198 42
199 44
200 45
201 40
202 43
203 42
204 34
205 43
206 50
207 43
208 46
209 49
210 43
211 39
212 46
213 47
214 37
215 44
216 44
217 38
218 37
219 40
220 42
221 41
222 42
223 42
224 35
225 46
226 41
227 35
228 47
229 36
230 39
231 40
232 44
233 43
234 33
235 37
236 42
237 37
238 42
239 35
240 41
241 45
242 44
243 38
244 35
245 46
246 37
247 37
248 46
249 37
250 36
251 40
252 42
253 44
254 50
255 44
256 35
257 36
258 39
259 31
260 40
261 42
262 38
263 43
264 43
265 45
266 34
267 44
268 37
269 39
270 40
271 43
272 37
273 44
274 48
275 40
276 36
277 46
278 44
279 39
280 41
281 38
282 45
283 38
284 36
285 39
286 37
287 43
288 39
289 44
290 40
291 48
292 37
293 43
294 45
295 46
296 37
297 44
298 40
299 42
300 49
301 40
302 48
303 33
304 37
305 36
306 41
307 49
308 45
309 34
310 37
311 25
312 30
313 32
314 22
315 38
316 27
317 35
318 36
319 29
320 42
321 42
322 31
323 35
324 31
325 30
326 38
327 36
328 48
329 48
330 42
331 36
332 48
333 37
334 38
335 46
336 33
337 33
338 42
339 40
340 42
341 45
342 42
343 40
344 42
345 42
346 43
347 37
348 42
349 40
350 41
351 37
352 39
353 46
354 36
355 35
356 43
357 39
358 41
359 45
360 34
361 36
362 24
363 32
364 25
365 27
366 38
367 39
368 37
369 36
370 25
371 32
372 32
373 39
374 35
375 28
376 31
377 37
378 25
379 29
380 33
381 31
382 27
383 40
384 32
385 33
386 32
387 32
388 32
389 36
390 38
391 39
392 43
393 45
394 37
395 40
396 36
397 40
398 34
399 32
400 41
401 41
402 43
403 41
404 37
405 45
406 35
407 38
408 42
409 38
410 42
411 41
412 42
413 41
414 43
415 39
416 36
417 41
418 45
419 41
420 41
421 42
422 40
423 38
424 41
425 42
426 41
427 41
428 33
429 30
430 34
431 39
432 25
433 29
434 39
435 44
436 39
437 45
438 37
439 41
440 37
441 34
442 38
443 42
444 45
445 37
446 33
447 45
448 42
449 37
450 37
451 35
452 46
453 46
454 41
455 33
456 44
457 49
458 40
459 42
460 45
461 39
462 37
463 45
464 42
465 40
466 36
467 42
468 45
469 42
470 36
471 33
472 44
473 32
474 44
475 42
476 42
477 32
478 47
479 39
480 37
481 46
482 46
483 40
484 48
485 41
486 43
487 37
488 40
489 36
490 36
491 36
492 44
493 45
494 46
495 33
496 42
497 41
498 47
499 39
500 42
501 38
502 39
503 47
504 44
505 38
506 34
507 37
508 34
509 46
510 48
511 43
512 42
513 38
514 51
515 42
516 38
517 39
518 37
519 41
520 35
521 39
522 41
523 42
524 40
525 44
526 32
527 30
528 32
529 39
530 35
531 23
532 23
533 38
534 35
535 31
536 33
537 35
538 38
539 38
540 43
541 43
542 42
543 42
544 47
545 34
546 47
547 38
548 44
549 40
550 37
551 36
552 38
553 36
554 29
555 27
556 29
557 32
558 39
559 32
560 30
561 38
562 36
563 44
564 45
565 37
566 35
567 34
568 20
569 33
570 26
571 31
572 32
573 31
574 24
575 35
576 48
577 41
578 38
579 40
580 37
581 45
582 38
583 47
584 45
585 38
586 41
587 46
588 42
589 43
590 36
591 45
592 48
593 42
594 42
595 42
596 42
597 45
598 44
599 38
600 44
601 39
602 47
603 39
604 41
605 44
606 40
607 38
608 44
609 45
610 47
611 38
612 43
613 39
614 39
615 42
616 47
617 41
618 44
619 41
620 39
621 38
622 41
623 39
624 39
625 47
626 41
627 38
628 44
629 37
630 37
631 33
632 36
633 40
634 39
635 43
636 49
637 42
638 44
639 42
640 42
641 35
642 41
643 41
644 37
645 45
646 39
647 44
648 45
649 38
650 36
651 39
652 42
653 40
654 45
655 44
656 38
657 43
658 39
659 40
660 39
661 45
662 37
663 44
664 38
665 36
666 34
667 42
668 39
669 38
670 43
671 47
672 33
673 42
674 38
675 38
676 39
677 46
678 35
679 32
680 48
681 42
682 46
683 36
684 33
685 45
686 43
687 43
688 35
689 42
690 41
691 36
692 44
693 35
694 41
695 43
696 37
697 44
698 41
699 35
700 32
701 40
702 47
703 43
704 49
705 34
706 38
707 31
708 37
709 42
710 48
711 43
712 48
713 32
714 33
715 25
716 29
717 35
718 33
719 35
720 43
721 38
722 38
723 34
724 34
725 40
726 45
727 44
728 44
729 50
730 41
731 40
732 41
733 36
734 41
735 40
736 45
737 35
738 41
739 41
740 47
741 42
742 40
743 38
744 40
745 41
746 38
747 42
748 43
749 43
750 42
751 38
752 37
753 44
754 46
755 41
756 32
757 42
758 41
759 34
760 44
761 41
762 49
763 39
764 27
765 28
766 43
767 39
768 39
769 34
770 36
771 41
772 47
773 28
774 32
775 37
776 26
777 37
778 26
779 39
780 33
781 31
782 27
783 33
784 29
785 39
786 38
787 43
788 40
789 38
790 33
791 47
792 41
793 45
794 39
795 41
796 48
797 40
798 42
799 44
800 44
801 44
802 41
803 44
804 41
805 42
806 37
807 32
808 31
809 27
810 33
811 44
812 31
813 34
814 31
815 31
816 37
817 30
818 35
819 42
820 36
821 40
822 40
823 45
824 40
825 46
826 40
827 34
828 38
829 44
830 40
831 40
832 36
833 38
834 41
835 39
836 42
837 41
838 35
839 48
840 38
841 44
842 41
843 44
844 39
845 41
846 40
847 50
848 36
849 40
850 43
851 44
852 51
853 35
854 35
855 34
856 32
857 30
858 32
859 38
860 37
861 29
862 25
863 36
864 25
865 29
866 28
867 36
868 48
869 47
870 39
871 36
872 35
873 46
874 49
875 42
876 38
877 41
878 50
879 43
880 46
881 44
882 33
883 46
884 26
885 30
886 30
887 30
888 38
889 36
890 22
891 24
892 31
893 38
894 36
895 35
896 45
897 40
898 42
899 53
900 41
901 38
902 35
903 43
904 40
905 45
906 42
907 45
908 32
909 42
910 48
911 42
912 39
913 45
914 40
915 40
916 43
917 44
918 42
919 40
920 41
921 42
922 42
923 45
924 46
925 44
926 46
927 41
928 38
929 42
930 42
931 40
932 40
933 35
934 36
935 28
936 41
937 42
938 44
939 40
940 43
941 42
942 40
943 31
944 38
945 46
946 44
947 42
948 34
949 32
950 47
951 38
952 43
953 44
954 41
955 36
956 39
957 38
958 40
959 32
960 42
961 44
962 42
963 45
964 40
965 50
966 39
967 44
968 46
969 31
970 37
971 33
972 33
973 24
974 37
975 33
976 28
977 34
978 39
979 32
980 35
981 39
982 45
983 40
984 47
985 39
986 36
987 37
988 37
989 37
990 43
991 40
992 40
993 34
994 44
995 39
996 45
997 42
998 38
999 43
1000 39
1001 42
1002 42
