# Selection:resname AU W ION Restricted:name AUC AUL AUSL Radius:2.64 Start:0 End:-1
0 398.45782470703125
1 395.44244384765625
2 72.79932403564453
3 105.10672760009766
4 46.52264404296875
5 39.630401611328125
6 31.015094757080078
7 42.645755767822266
8 42.21499252319336
9 59.876365661621094
10 35.32274627685547
11 15.0767822265625
12 107.69129180908203
13 42.64575958251953
14 65.04554748535156
15 66.33784484863281
16 55.99948501586914
17 38.76886749267578
18 46.09187698364258
19 35.75351333618164
20 27.568971633911133
21 44.799583435058594
22 47.814937591552734
23 73.23008728027344
24 56.86101531982422
25 48.245704650878906
26 65.90707397460938
27 92.18376922607422
28 25.41514778137207
29 37.4765739440918
30 80.1223373413086
31 31.015092849731445
32 10.76913070678711
33 19.38443374633789
34 100.79906463623047
35 49.107242584228516
36 53.414894104003906
37 29.72279930114746
38 101.66059875488281
39 76.67621612548828
40 56.86101531982422
41 60.73789978027344
42 86.1530532836914
43 21.107494354248047
44 55.99947738647461
45 45.230350494384766
46 63.32249069213867
47 94.33759307861328
48 69.35320281982422
49 62.030189514160156
50 38.33810043334961
51 17.661373138427734
52 64.61479187011719
53 53.84565734863281
54 57.722537994384766
55 50.83029556274414
56 59.876373291015625
57 57.29177474975586
58 85.29151916503906
59 44.36881637573242
60 88.3068618774414
61 31.015094757080078
62 25.41514778137207
63 34.030452728271484
64 43.07652282714844
65 36.615047454833984
66 56.43024826049805
67 26.707441329956055
68 29.72279930114746
69 58.1533088684082
70 31.015094757080078
71 79.26079559326172
72 50.83029556274414
73 138.70639038085938
74 84.86074829101563
75 48.245704650878906
76 11.199895858764648
77 50.399532318115234
78 37.90734100341797
79 94.33757019042969
80 59.87636947631836
81 77.53773498535156
82 52.122596740722656
83 26.707441329956055
84 34.030452728271484
85 43.93805694580078
86 30.584327697753906
87 27.138206481933594
88 31.015094757080078
89 33.59968566894531
90 22.399791717529297
91 45.66111373901367
92 77.10697937011719
93 68.06090545654297
94 13.353721618652344
95 33.168922424316406
96 52.98412322998047
97 38.338104248046875
98 30.153562545776367
99 46.522647857666016
100 36.18428039550781
101 20.24596405029297
102 118.0296630859375
103 36.18427658081055
104 28.430503845214844
105 55.999481201171875
106 38.338104248046875
107 61.599430084228516
108 52.122596740722656
109 32.30739212036133
110 80.1223373413086
111 36.61504364013672
112 60.73789596557617
113 49.96876525878906
114 28.861268997192383
115 47.81494140625
116 15.0767822265625
117 16.369077682495117
118 25.41514778137207
119 57.29177474975586
120 50.830299377441406
121 57.291778564453125
122 59.87636947631836
123 52.55335998535156
124 26.276676177978516
125 39.630401611328125
126 31.876623153686523
127 40.92269515991211
128 46.09187698364258
129 117.16814422607422
130 47.38418197631836
131 9.046069145202637
132 44.36881637573242
133 42.21499252319336
134 43.938053131103516
135 37.9073371887207
136 63.75325012207031
137 10.33836555480957
138 25.41514778137207
139 75.8146743774414
140 65.476318359375
141 63.32249069213867
142 71.50702667236328
143 105.1067123413086
144 74.52238464355469
145 57.29177474975586
146 74.52239227294922
147 74.09161376953125
148 72.36856079101563
149 77.5377426147461
150 95.19911193847656
151 31.876625061035156
152 68.06090545654297
153 54.70718765258789
154 22.830554962158203
155 21.969026565551758
156 25.845911026000977
157 23.261320114135742
158 29.292034149169922
159 36.18427658081055
160 44.36882019042969
161 35.322750091552734
162 60.73789978027344
163 14.215251922607422
164 105.10672760009766
165 27.999738693237305
166 94.33758544921875
167 38.76886749267578
168 94.76834106445313
169 58.584068298339844
170 100.36830139160156
171 37.045806884765625
172 35.32274627685547
173 56.430240631103516
174 71.93778991699219
175 39.19963836669922
176 29.72279930114746
177 83.99922180175781
178 21.538259506225586
179 70.21472930908203
180 59.876365661621094
181 9.907599449157715
182 24.12285041809082
183 27.999740600585938
184 21.107494354248047
185 44.36882019042969
186 60.73789596557617
187 48.245704650878906
188 65.9070816040039
189 108.98360443115234
190 51.691829681396484
191 58.15330505371094
192 65.04553985595703
193 37.4765739440918
194 27.138206481933594
195 58.58407211303711
196 50.3995246887207
197 49.53799819946289
198 90.0299301147461
199 36.615047454833984
200 43.07652282714844
201 24.9843807220459
202 65.47631072998047
203 64.61477661132813
204 22.399789810180664
205 65.0455551147461
206 25.84591293334961
207 47.81494140625
208 49.107234954833984
209 84.86074829101563
210 30.153562545776367
211 33.59968566894531
212 75.81468200683594
213 108.98360443115234
214 75.81468963623047
215 54.707183837890625
216 72.79932403564453
217 115.0143051147461
218 55.56871032714844
219 67.63014221191406
220 41.35346603393555
221 59.87636947631836
222 45.66111373901367
223 47.38417434692383
224 62.46096420288086
225 31.015092849731445
226 111.99895477294922
227 149.9062957763672
228 77.96849060058594
229 94.76834869384766
230 18.092140197753906
231 7.3230085372924805
232 115.8758544921875
233 108.55284118652344
234 82.27615356445313
235 58.15330505371094
236 31.876625061035156
237 37.045806884765625
238 111.99895477294922
239 67.63014221191406
240 65.9070816040039
241 38.76886749267578
242 70.64550018310547
243 111.13741302490234
244 48.245704650878906
245 43.50728988647461
246 33.59968566894531
247 59.876365661621094
248 13.353721618652344
249 40.92269515991211
250 22.399789810180664
251 59.876365661621094
252 73.23008728027344
253 77.968505859375
254 57.72254180908203
255 51.69183349609375
256 33.168922424316406
257 18.092138290405273
258 27.999738693237305
259 39.19963455200195
260 139.56793212890625
261 69.35320281982422
262 44.79958724975586
263 54.707183837890625
264 38.76887130737305
265 53.41489028930664
266 50.399532318115234
267 15.938313484191895
268 96.92217254638672
269 41.78422927856445
270 25.845911026000977
271 71.50703430175781
272 21.969026565551758
273 90.46070098876953
274 37.90734100341797
275 72.79931640625
276 111.56819152832031
277 4.307652473449707
278 63.75325393676758
279 57.29177474975586
280 53.84564971923828
281 74.52238464355469
282 93.4760513305664
283 70.21472930908203
284 53.84565353393555
285 52.984127044677734
286 60.73789978027344
287 84.86074829101563
288 51.69182205200195
289 78.39926147460938
290 75.3839111328125
291 99.93753051757813
292 72.79931640625
293 67.63014221191406
294 110.27589416503906
295 117.59891510009766
296 105.96824645996094
297 57.72254180908203
298 35.753509521484375
299 39.19963836669922
300 21.969026565551758
301 48.67647171020508
302 67.63014221191406
303 69.78396606445313
304 123.19884490966797
305 88.30686950683594
306 4.307651996612549
307 25.84591293334961
308 89.59916687011719
309 47.38417053222656
310 59.876365661621094
311 108.1220703125
312 113.72201538085938
313 62.460960388183594
314 59.87636947631836
315 92.18375396728516
316 40.06116485595703
317 93.90681457519531
318 62.03019332885742
319 31.015094757080078
320 40.92269515991211
321 125.78343963623047
322 42.21499252319336
323 45.2303466796875
324 63.322486877441406
325 90.89146423339844
326 69.78396606445313
327 96.92217254638672
328 84.42998504638672
329 92.18375396728516
330 42.21499252319336
331 30.584331512451172
332 32.30738830566406
333 52.984127044677734
334 17.661373138427734
335 33.59968566894531
336 18.95366859436035
337 12.922956466674805
338 69.78396606445313
339 105.1067123413086
340 70.2147216796875
341 66.33784484863281
342 101.22982788085938
343 34.46121597290039
344 25.41514778137207
345 63.75324630737305
346 45.66111755371094
347 37.9073371887207
348 41.78422546386719
349 82.2761459350586
350 108.5528335571289
351 38.76887130737305
352 3.4461216926574707
353 17.661375045776367
354 27.138206481933594
355 38.76886749267578
356 51.26106643676758
357 49.107234954833984
358 31.876623153686523
359 42.214988708496094
360 32.7381591796875
361 74.52238464355469
362 70.64549255371094
363 90.89147186279297
364 49.537994384765625
365 53.414886474609375
366 102.52213287353516
367 96.0606460571289
368 71.50702667236328
369 75.8146743774414
370 68.92243957519531
371 52.98412322998047
372 60.30712890625
373 53.84564971923828
374 55.1379508972168
375 50.399532318115234
376 90.460693359375
377 79.69156646728516
378 40.922698974609375
379 28.430503845214844
380 52.5533561706543
381 50.830291748046875
382 80.1223373413086
383 53.414886474609375
384 52.122589111328125
385 27.999736785888672
386 83.99921417236328
387 25.845911026000977
388 65.04554748535156
389 36.18427658081055
390 66.76860809326172
391 83.13768768310547
392 35.322750091552734
393 55.13794708251953
394 93.90680694580078
395 53.84565353393555
396 9.907600402832031
397 39.19963455200195
398 53.41489028930664
399 27.999736785888672
400 19.81519889831543
401 32.30739212036133
402 86.58379364013672
403 61.59942626953125
404 84.86074829101563
405 40.922698974609375
406 45.2303466796875
407 49.96876525878906
408 46.52264404296875
409 31.015094757080078
410 35.32274627685547
411 46.09187698364258
412 30.58432960510254
413 50.830291748046875
414 40.49192810058594
415 72.3685531616211
416 33.168922424316406
417 37.04581069946289
418 38.33810806274414
419 24.9843807220459
420 41.78422546386719
421 57.291778564453125
422 59.876373291015625
423 48.67646789550781
424 52.9841194152832
425 23.261322021484375
426 11.630661010742188
427 39.19963455200195
428 29.29203224182129
429 36.18427658081055
430 80.98385620117188
431 79.26079559326172
432 58.584068298339844
433 121.90656280517578
434 97.7837142944336
435 77.968505859375
436 59.44560241699219
437 9.907600402832031
438 49.107234954833984
439 57.29177474975586
440 29.722797393798828
441 59.87636947631836
442 40.922698974609375
443 50.399532318115234
444 87.01457214355469
445 82.27615356445313
446 84.86074829101563
447 57.7225456237793
448 18.522903442382813
449 43.07652282714844
450 43.50728988647461
451 49.107234954833984
452 38.338104248046875
453 38.338104248046875
454 116.30661010742188
455 53.414894104003906
456 37.90734100341797
457 59.876365661621094
458 70.64550018310547
459 40.06116485595703
460 58.1533088684082
461 17.661373138427734
462 43.0765266418457
463 28.43050193786621
464 40.0611686706543
465 36.18428039550781
466 27.999736785888672
467 25.41514778137207
468 102.952880859375
469 52.55335235595703
470 103.38365936279297
471 47.814945220947266
472 43.938053131103516
473 83.56844329833984
474 23.69208526611328
475 57.29177474975586
476 15.938312530517578
477 52.98412322998047
478 21.969026565551758
479 50.83029556274414
480 23.69208526611328
481 46.95341491699219
482 37.9073371887207
483 77.53773498535156
484 28.430503845214844
485 66.76861572265625
486 112.86048889160156
487 36.18427658081055
488 68.06090545654297
489 80.12232971191406
490 38.76887512207031
491 35.753509521484375
492 66.33783721923828
493 27.999738693237305
494 48.67647171020508
495 42.645755767822266
496 41.35346221923828
497 46.09187698364258
498 22.399789810180664
499 37.90734100341797
500 10.76913070678711
501 50.399532318115234
502 13.784486770629883
503 12.922956466674805
504 34.89198303222656
505 16.369077682495117
506 26.276676177978516
507 40.061161041259766
508 62.46096420288086
509 34.89198303222656
510 87.44535064697266
511 51.26106643676758
512 32.30738830566406
513 23.261320114135742
514 17.230607986450195
515 56.430240631103516
516 35.75351333618164
517 68.4916763305664
518 11.630660057067871
519 44.36882019042969
520 70.64549255371094
521 54.707191467285156
522 120.61426544189453
523 19.81519889831543
524 26.707443237304688
525 74.09162139892578
526 44.799583435058594
527 21.969024658203125
528 45.230350494384766
529 56.43024444580078
530 77.5377426147461
531 33.16891860961914
532 15.507547378540039
533 70.64550018310547
534 42.64575958251953
535 45.230350494384766
536 31.445859909057617
537 41.353458404541016
538 77.53773498535156
539 68.06090545654297
540 69.35319519042969
541 49.53799819946289
542 52.12259292602539
543 63.322486877441406
544 34.03045654296875
545 72.79932403564453
546 51.26106643676758
547 74.09162139892578
548 127.07574462890625
549 88.30686950683594
550 63.32248306274414
551 78.83003997802734
552 30.153564453125
553 48.67647171020508
554 37.9073371887207
555 82.27615356445313
556 50.83029556274414
557 15.076781272888184
558 117.16814422607422
559 57.291778564453125
560 16.369077682495117
561 53.84565353393555
562 80.55309295654297
563 47.81494140625
564 102.09135437011719
565 44.36882019042969
566 25.41514778137207
567 64.18402099609375
568 46.522647857666016
569 90.46070098876953
570 52.122589111328125
571 86.58381652832031
572 59.014835357666016
573 62.03019332885742
574 84.86074829101563
575 81.41462707519531
576 99.93753051757813
577 53.41489028930664
578 50.83030319213867
579 42.6457633972168
580 97.78369903564453
581 90.460693359375
582 52.984127044677734
583 65.47631072998047
584 20.24596405029297
585 25.415145874023438
586 12.922956466674805
587 76.24545288085938
588 65.04554748535156
589 56.43024444580078
590 49.10723114013672
591 62.03019332885742
592 14.215251922607422
593 84.86074829101563
594 104.24518585205078
595 99.93753051757813
596 140.8602294921875
597 14.646017074584961
598 29.292034149169922
599 9.476835250854492
600 31.876625061035156
601 47.38417053222656
602 40.49192810058594
603 69.35320281982422
604 57.29177474975586
605 69.78396606445313
606 70.6454849243164
607 110.27589416503906
608 109.41436004638672
609 163.6907958984375
610 50.83030319213867
611 67.19937133789063
612 121.04502868652344
613 77.5377426147461
614 85.29151153564453
615 38.76887130737305
616 34.46121597290039
617 20.2459659576416
618 5.169182777404785
619 37.045806884765625
620 47.38417434692383
621 28.86126708984375
622 25.84591293334961
623 79.69155883789063
624 44.36882019042969
625 77.10697937011719
626 145.1678924560547
627 71.07626342773438
628 61.599430084228516
629 62.46095657348633
630 37.47657012939453
631 106.82978057861328
632 49.53799819946289
633 38.338104248046875
634 56.86101531982422
635 34.030452728271484
636 41.78422927856445
637 21.969024658203125
638 23.692087173461914
639 59.014835357666016
640 30.58432960510254
641 59.44560623168945
642 26.276676177978516
643 49.10723876953125
644 75.3839111328125
645 49.96876525878906
646 57.291778564453125
647 99.9375228881836
648 97.78370666503906
649 84.42998504638672
650 88.73763275146484
651 23.69208526611328
652 87.44534301757813
653 23.261322021484375
654 46.52264404296875
655 64.61478424072266
656 80.5531005859375
657 134.3987579345703
658 53.84564971923828
659 77.53773498535156
660 146.46017456054688
661 69.78396606445313
662 88.73764038085938
663 60.307132720947266
664 83.13768005371094
665 84.42998504638672
666 108.5528335571289
667 27.138206481933594
668 53.84564971923828
669 29.292034149169922
670 51.26106643676758
671 42.21499252319336
672 105.1067123413086
673 3.0153565406799316
674 19.38443374633789
675 50.83029556274414
676 13.784486770629883
677 25.84591293334961
678 11.630661010742188
679 2.1538259983062744
680 39.630401611328125
681 31.876625061035156
682 72.79932403564453
683 41.353458404541016
684 74.09162139892578
685 25.415145874023438
686 57.29177474975586
687 57.7225456237793
688 79.26080322265625
689 89.59916687011719
690 51.69182586669922
691 57.722537994384766
692 40.49192810058594
693 40.922698974609375
694 24.122852325439453
695 53.84565353393555
696 30.584327697753906
697 44.799583435058594
698 40.06117248535156
699 20.24596405029297
700 83.99922180175781
701 94.76834869384766
702 55.56871795654297
703 124.06039428710938
704 20.676729202270508
705 24.9843807220459
706 65.47631072998047
707 30.58432960510254
708 99.93753051757813
709 100.79905700683594
710 103.81441497802734
711 48.24570083618164
712 20.2459659576416
713 81.41462707519531
714 90.02993774414063
715 29.292034149169922
716 110.70665740966797
717 70.21473693847656
718 48.24571228027344
719 148.614013671875
720 46.953407287597656
721 86.58380126953125
722 90.46070098876953
723 94.76834106445313
724 67.19937133789063
725 76.24544525146484
726 44.799591064453125
727 30.584327697753906
728 21.969024658203125
729 57.72254180908203
730 99.50676727294922
731 22.830554962158203
732 61.16865921020508
733 60.30713653564453
734 37.04581069946289
735 27.568971633911133
736 63.753257751464844
737 52.122596740722656
738 124.92191314697266
739 12.492191314697266
740 22.830554962158203
741 22.830554962158203
742 58.584068298339844
743 99.07599639892578
744 70.64549255371094
745 53.84564971923828
746 12.922956466674805
747 11.630661010742188
748 10.76913070678711
749 35.32274627685547
750 47.384178161621094
751 15.0767822265625
752 6.030713081359863
753 42.21499252319336
754 23.69208526611328
755 71.50702667236328
756 66.33784484863281
757 74.9531478881836
758 48.245704650878906
759 36.61504364013672
760 42.64575958251953
761 71.50702667236328
762 97.78369903564453
763 59.01483917236328
764 31.445859909057617
765 74.09161376953125
766 48.245704650878906
767 28.430503845214844
768 99.93753814697266
769 55.1379508972168
770 35.322750091552734
771 40.92269515991211
772 81.41462707519531
773 123.19886016845703
774 90.0299301147461
775 38.76886749267578
776 40.49192810058594
777 63.75325393676758
778 46.52264404296875
779 46.95341110229492
780 18.522903442382813
781 21.538259506225586
782 71.07626342773438
783 51.69182586669922
784 27.999738693237305
785 48.67646789550781
786 68.4916763305664
787 36.18428039550781
788 11.199895858764648
789 63.75325012207031
790 60.30712890625
791 39.19963455200195
792 23.261320114135742
793 36.18428039550781
794 61.168663024902344
795 133.10647583007813
796 51.691829681396484
797 50.399532318115234
798 64.61477661132813
799 107.26054382324219
800 81.41461944580078
801 63.32249069213867
802 46.09188461303711
803 48.67646789550781
804 49.538002014160156
805 78.83003997802734
806 40.0611686706543
807 29.292036056518555
808 98.64523315429688
809 67.19937896728516
810 63.322486877441406
811 66.76861572265625
812 71.93778991699219
813 27.999738693237305
814 43.07651901245117
815 42.21499252319336
816 115.445068359375
817 49.107234954833984
818 41.78422927856445
819 40.4919319152832
820 108.55284118652344
821 22.830554962158203
822 35.75351333618164
823 50.830299377441406
824 24.98438262939453
825 20.676729202270508
826 13.353720664978027
827 28.430503845214844
828 33.59968566894531
829 25.415145874023438
830 40.92269515991211
831 95.6298828125
832 41.353458404541016
833 17.661373138427734
834 27.568973541259766
835 59.014835357666016
836 46.09187698364258
837 18.95366859436035
838 44.36882019042969
839 115.01431274414063
840 74.09162139892578
841 41.353458404541016
842 83.1376953125
843 24.55361557006836
844 36.61504364013672
845 34.461219787597656
846 60.30713653564453
847 18.092138290405273
848 48.245704650878906
849 74.09161376953125
850 23.261322021484375
851 39.19963455200195
852 24.12285041809082
853 10.769129753112793
854 59.44559860229492
855 79.26080322265625
856 67.63013458251953
857 94.76834869384766
858 56.43024826049805
859 43.50728988647461
860 72.79932403564453
861 63.75325393676758
862 26.27667808532715
863 21.107494354248047
864 21.107494354248047
865 54.707183837890625
866 44.799583435058594
867 65.476318359375
868 83.56845092773438
869 71.93779754638672
870 90.46070098876953
871 85.29151153564453
872 103.38365173339844
873 47.814937591552734
874 31.876623153686523
875 73.66085815429688
876 79.69156646728516
877 15.507547378540039
878 89.16840362548828
879 67.63013458251953
880 62.03019332885742
881 62.03019332885742
882 38.338104248046875
883 76.24544525146484
884 31.015092849731445
885 59.014835357666016
886 110.2759017944336
887 53.41489028930664
888 68.49166870117188
889 67.63014221191406
890 98.21446228027344
891 72.79933166503906
892 40.92269515991211
893 35.32274627685547
894 69.35321044921875
895 75.81468200683594
896 67.19937133789063
897 30.584331512451172
898 26.707443237304688
899 55.13794708251953
900 87.44534301757813
901 96.49140930175781
902 56.86100769042969
903 59.876365661621094
904 75.81468200683594
905 82.7069320678711
906 82.70691680908203
907 139.56793212890625
908 74.52239227294922
909 65.04554748535156
910 91.3222427368164
911 30.58432960510254
912 43.938053131103516
913 56.430240631103516
914 44.799583435058594
915 19.38443374633789
916 33.168922424316406
917 74.52238464355469
918 68.92243194580078
919 65.476318359375
920 91.75299072265625
921 68.06090545654297
922 65.04554748535156
923 69.78396606445313
924 70.21473693847656
925 62.891727447509766
926 17.230607986450195
927 65.04554748535156
928 21.538259506225586
929 21.969024658203125
930 36.18428039550781
931 38.76887130737305
932 93.4760513305664
933 10.338364601135254
934 8.615303993225098
935 25.415145874023438
936 37.04581069946289
937 87.44534301757813
938 51.26106262207031
939 89.16840362548828
940 9.907600402832031
941 18.522903442382813
942 50.83029556274414
943 42.21499252319336
944 30.584327697753906
945 87.44534301757813
946 14.215251922607422
947 40.922698974609375
948 85.72229766845703
949 82.70692443847656
950 61.16866683959961
951 91.75299072265625
952 7.3230085372924805
953 28.43050193786621
954 146.46018981933594
955 42.64575958251953
956 68.49166870117188
957 54.707183837890625
958 58.1533088684082
959 29.722797393798828
960 80.98385620117188
961 30.584327697753906
962 94.33759307861328
963 17.661373138427734
964 20.676729202270508
965 32.738155364990234
966 39.19963836669922
967 52.98412322998047
968 83.99922180175781
969 63.75325012207031
970 43.938053131103516
971 44.79957962036133
972 38.76886749267578
973 34.030452728271484
974 19.81519889831543
975 102.09136199951172
976 75.3839111328125
977 96.92218780517578
978 62.460960388183594
979 65.476318359375
980 75.38390350341797
981 142.15252685546875
982 99.9375228881836
983 64.61478424072266
984 53.414886474609375
985 71.50701904296875
986 24.122852325439453
987 33.168922424316406
988 41.35346603393555
989 49.538002014160156
990 38.76887512207031
991 148.61399841308594
992 100.36829376220703
993 98.21446990966797
994 24.12285041809082
995 52.984127044677734
996 84.42997741699219
997 93.0452880859375
998 114.15278625488281
999 57.722537994384766
1000 37.47657775878906
1001 87.01459503173828
1002 87.01459503173828
