0 32.84748458862305
1 31.881383895874023
2 0.0
3 0.0
4 0.0
5 18.355947494506836
6 0.0
7 0.0
8 0.0
9 1.932205080986023
10 7.728820323944092
11 19.322050094604492
12 14.491538047790527
13 1.932205080986023
14 0.9661025404930115
15 0.9661025404930115
16 5.796615123748779
17 0.0
18 0.9661025404930115
19 0.0
20 52.16953659057617
21 7.728820323944092
22 16.423742294311523
23 0.9661025404930115
24 19.322050094604492
25 26.084768295288086
26 97.57635498046875
27 41.54240798950195
28 33.8135871887207
29 46.372920989990234
30 6.7627177238464355
31 4.830512523651123
32 11.593230247497559
33 34.77968978881836
34 5.796615123748779
35 89.8475341796875
36 60.86445617675781
37 15.457640647888184
38 15.457640647888184
39 14.491538047790527
40 19.322050094604492
41 18.355947494506836
42 51.203433990478516
43 0.0
44 14.491538047790527
45 25.11866569519043
46 22.22035789489746
47 0.9661025404930115
48 13.525435447692871
49 12.559332847595215
50 46.372920989990234
51 0.0
52 50.23733139038086
53 14.491538047790527
54 5.796615123748779
55 54.101741790771484
56 38.644100189208984
57 10.627127647399902
58 62.796661376953125
59 24.152563095092773
60 44.44071578979492
61 24.152563095092773
62 25.11866569519043
63 0.9661025404930115
64 27.050870895385742
65 10.627127647399902
66 3.864410161972046
67 54.101741790771484
68 68.59327697753906
69 53.13563919067383
70 36.71189498901367
71 1.932205080986023
72 23.186460494995117
73 0.0
74 14.491537094116211
75 44.44071578979492
76 50.23733139038086
77 65.6949691772461
78 6.7627177238464355
79 30.915281295776367
80 69.55937957763672
81 60.86445617675781
82 40.5763053894043
83 41.54240798950195
84 30.915279388427734
85 48.30512619018555
86 2.8983075618743896
87 24.152563095092773
88 128.49163818359375
89 180.66116333007813
90 13.525435447692871
91 39.61020278930664
92 55.067840576171875
93 34.77968978881836
94 25.11866569519043
95 26.084766387939453
96 102.40686798095703
97 71.49158477783203
98 24.152563095092773
99 10.627127647399902
100 19.322050094604492
101 0.0
102 0.0
103 22.22035789489746
104 15.457639694213867
105 42.50851058959961
106 14.491538047790527
107 1.932205080986023
108 48.30512619018555
109 117.86450958251953
110 29.94917869567871
111 20.28815269470215
112 56.0339469909668
113 12.559332847595215
114 25.11866569519043
115 42.50851058959961
116 57.00004959106445
117 1.932205080986023
118 2.8983075618743896
119 20.28815269470215
120 1.932205080986023
121 0.9661025404930115
122 28.983076095581055
123 33.8135871887207
124 64.72886657714844
125 33.8135871887207
126 35.745792388916016
127 29.94917869567871
128 59.89835739135742
129 31.881383895874023
130 52.169532775878906
131 60.86445617675781
132 8.69492244720459
133 27.050870895385742
134 27.050870895385742
135 31.88138198852539
136 83.0848159790039
137 108.20347595214844
138 87.91532897949219
139 52.169532775878906
140 8.69492244720459
141 22.22035789489746
142 3.864410161972046
143 26.084768295288086
144 51.203433990478516
145 37.67799758911133
146 23.186460494995117
147 0.9661025404930115
148 6.7627177238464355
149 18.355947494506836
150 19.322050094604492
151 8.69492244720459
152 62.79666519165039
153 34.77968978881836
154 56.03394317626953
155 2.8983075618743896
156 36.71189498901367
157 0.0
158 0.0
159 38.644100189208984
160 110.13568878173828
161 24.152563095092773
162 35.745792388916016
163 11.593230247497559
164 47.33902359008789
165 22.22035789489746
166 16.423742294311523
167 10.627127647399902
168 15.457640647888184
169 69.55937957763672
170 54.101741790771484
171 22.22035789489746
172 43.474613189697266
173 18.355947494506836
174 38.644100189208984
175 41.54240798950195
176 46.372920989990234
177 28.983076095581055
178 16.423742294311523
179 93.71194458007813
180 81.1526107788086
181 12.559332847595215
182 0.0
183 31.881383895874023
184 6.7627177238464355
185 2.8983075618743896
186 15.457639694213867
187 0.0
188 4.830512523651123
189 12.559332847595215
190 37.67799758911133
191 22.22035789489746
192 14.491538047790527
193 48.30512619018555
194 80.18650817871094
195 15.457640647888184
196 141.05096435546875
197 114.96620178222656
198 121.72891998291016
199 155.54249572753906
200 56.0339469909668
201 39.61020278930664
202 118.83060455322266
203 30.915281295776367
204 12.559332847595215
205 9.661025047302246
206 48.30512619018555
207 26.084768295288086
208 52.16953659057617
209 58.9322509765625
210 44.44071578979492
211 110.13568878173828
212 132.3560333251953
213 100.47466278076172
214 76.32209777832031
215 8.69492244720459
216 123.66111755371094
217 5.796615123748779
218 10.627127647399902
219 0.9661025404930115
220 0.9661025404930115
221 23.186460494995117
222 122.69502258300781
223 58.9322509765625
224 120.76280975341797
225 110.13568878173828
226 48.30512619018555
227 51.203433990478516
228 42.50851058959961
229 76.32209777832031
230 69.55937957763672
231 50.23733139038086
232 17.38984489440918
233 18.355947494506836
234 18.355947494506836
235 0.9661025404930115
236 51.203433990478516
237 39.61020278930664
238 1.932205080986023
239 6.7627177238464355
240 17.38984489440918
241 59.89835739135742
242 42.50851058959961
243 0.9661025404930115
244 1.932205080986023
245 59.898353576660156
246 0.9661025404930115
247 26.084768295288086
248 4.830512523651123
249 21.254255294799805
250 56.0339469909668
251 163.2713165283203
252 25.118663787841797
253 11.593230247497559
254 49.2712287902832
255 21.254255294799805
256 0.9661025404930115
257 36.71189498901367
258 11.593230247497559
259 31.88138198852539
260 46.372920989990234
261 13.525435447692871
262 11.593230247497559
263 28.016971588134766
264 6.7627177238464355
265 0.9661025404930115
266 0.0
267 6.7627177238464355
268 43.474613189697266
269 31.881383895874023
270 2.8983075618743896
271 24.152563095092773
272 60.86445999145508
273 90.81363677978516
274 3.864410161972046
275 0.0
276 35.745792388916016
277 52.16953659057617
278 76.32209777832031
279 73.42378997802734
280 72.45768737792969
281 108.20348358154297
282 98.5424575805664
283 27.050870895385742
284 66.66107177734375
285 37.67799758911133
286 61.830562591552734
287 67.6271743774414
288 46.372920989990234
289 73.42378997802734
290 36.71189498901367
291 17.38984489440918
292 13.525435447692871
293 50.23733139038086
294 33.8135871887207
295 47.339019775390625
296 38.644100189208984
297 18.355947494506836
298 24.152563095092773
299 34.77968978881836
300 18.355947494506836
301 39.61020278930664
302 3.864410161972046
303 37.67799758911133
304 28.016971588134766
305 41.54240798950195
306 0.0
307 1.932205080986023
308 9.661025047302246
309 6.7627177238464355
310 13.525435447692871
311 0.0
312 0.0
313 6.7627177238464355
314 0.9661025404930115
315 0.9661025404930115
316 39.61020278930664
317 12.559332847595215
318 0.0
319 12.559332847595215
320 20.28815269470215
321 11.593230247497559
322 0.0
323 1.932205080986023
324 16.423742294311523
325 19.322050094604492
326 18.355947494506836
327 40.5763053894043
328 3.864410161972046
329 1.932205080986023
330 7.728820323944092
331 1.932205080986023
332 0.0
333 23.186460494995117
334 18.355947494506836
335 0.0
336 10.627127647399902
337 0.0
338 17.38984489440918
339 3.864410161972046
340 33.8135871887207
341 2.8983075618743896
342 9.661025047302246
343 1.932205080986023
344 0.0
345 38.644100189208984
346 0.0
347 6.7627177238464355
348 2.8983075618743896
349 1.932205080986023
350 6.7627177238464355
351 28.983076095581055
352 27.050870895385742
353 19.322050094604492
354 5.796615123748779
355 2.8983075618743896
356 34.77968978881836
357 81.1526107788086
358 18.355947494506836
359 0.0
360 21.254255294799805
361 12.559332847595215
362 5.796615123748779
363 0.0
364 0.0
365 3.864410161972046
366 30.915281295776367
367 0.0
368 28.983076095581055
369 16.423742294311523
370 25.11866569519043
371 15.457640647888184
372 26.084768295288086
373 28.016971588134766
374 16.423742294311523
375 5.796615123748779
376 47.33902359008789
377 6.7627177238464355
378 20.28815269470215
379 21.254255294799805
380 12.559332847595215
381 23.186460494995117
382 16.423742294311523
383 63.76276397705078
384 11.593230247497559
385 4.830512523651123
386 67.6271743774414
387 81.1526107788086
388 23.186460494995117
389 31.881383895874023
390 17.38984489440918
391 34.77968978881836
392 70.52548217773438
393 115.93229675292969
394 70.52548217773438
395 139.11875915527344
396 116.89840698242188
397 2.8983075618743896
398 24.152563095092773
399 37.67799758911133
400 27.050870895385742
401 31.881383895874023
402 12.559332847595215
403 26.084766387939453
404 15.457640647888184
405 70.52548217773438
406 28.0169734954834
407 43.474613189697266
408 41.54240798950195
409 22.22035789489746
410 62.79666519165039
411 33.8135871887207
412 0.0
413 0.9661025404930115
414 14.491538047790527
415 0.9661025404930115
416 27.050870895385742
417 0.0
418 100.47466278076172
419 139.11875915527344
420 42.50851058959961
421 34.77968978881836
422 57.966148376464844
423 5.796615123748779
424 19.322050094604492
425 14.491538047790527
426 59.89835739135742
427 25.118663787841797
428 42.50851058959961
429 40.5763053894043
430 68.59327697753906
431 0.9661025404930115
432 5.796615123748779
433 97.57635498046875
434 21.254255294799805
435 18.355947494506836
436 0.9661025404930115
437 29.94917869567871
438 13.525435447692871
439 6.7627177238464355
440 0.0
441 13.525435447692871
442 11.593230247497559
443 28.983076095581055
444 0.0
445 0.0
446 9.661025047302246
447 21.254255294799805
448 39.61020278930664
449 20.28815269470215
450 3.864410161972046
451 87.91532897949219
452 35.745792388916016
453 17.38984489440918
454 20.28815269470215
455 52.16953659057617
456 3.864410161972046
457 9.661025047302246
458 104.33907318115234
459 5.796615123748779
460 44.44071578979492
461 4.830512523651123
462 35.745792388916016
463 12.559332847595215
464 20.28815269470215
465 9.661025047302246
466 6.7627177238464355
467 50.23733139038086
468 34.77968978881836
469 32.84748458862305
470 21.254255294799805
471 21.254255294799805
472 3.864410161972046
473 0.0
474 38.644100189208984
475 65.6949691772461
476 34.77968978881836
477 3.864410161972046
478 5.796615123748779
479 1.932205080986023
480 17.38984489440918
481 10.627127647399902
482 40.5763053894043
483 11.593230247497559
484 105.30517578125
485 15.457639694213867
486 12.559332847595215
487 53.13563919067383
488 27.050870895385742
489 16.423742294311523
490 2.8983075618743896
491 7.728820323944092
492 52.16953659057617
493 18.355947494506836
494 50.23733139038086
495 17.38984489440918
496 10.627127647399902
497 1.932205080986023
498 31.881383895874023
499 49.2712287902832
500 106.27127838134766
501 37.67799758911133
502 80.18650817871094
503 101.44076538085938
504 51.203433990478516
505 86.94922637939453
506 142.01705932617188
507 36.71189498901367
508 20.28815269470215
509 60.86445999145508
510 0.0
511 38.644100189208984
512 0.0
513 16.423742294311523
514 26.084768295288086
515 30.915279388427734
516 13.525435447692871
517 39.61020278930664
518 0.0
519 0.0
520 17.38984489440918
521 4.830512523651123
522 13.525435447692871
523 11.593230247497559
524 5.796615123748779
525 37.67799758911133
526 24.152563095092773
527 179.695068359375
528 74.389892578125
529 65.6949691772461
530 141.0509490966797
531 159.40692138671875
532 58.932254791259766
533 2.8983075618743896
534 7.728820323944092
535 29.949176788330078
536 58.932254791259766
537 20.28815269470215
538 75.35599517822266
539 31.881383895874023
540 25.118663787841797
541 12.559332847595215
542 40.5763053894043
543 3.864410161972046
544 49.2712287902832
545 36.71189498901367
546 16.423742294311523
547 10.627127647399902
548 39.61020278930664
549 37.67799758911133
550 32.84748458862305
551 42.50851058959961
552 45.40681838989258
553 74.389892578125
554 41.54240798950195
555 0.9661025404930115
556 28.983074188232422
557 120.7628173828125
558 46.372920989990234
559 36.71189498901367
560 12.559332847595215
561 12.559332847595215
562 4.830512523651123
563 0.0
564 0.9661025404930115
565 0.0
566 3.864410161972046
567 14.491538047790527
568 21.254255294799805
569 71.49158477783203
570 92.74584197998047
571 58.9322509765625
572 38.644100189208984
573 57.00004959106445
574 72.45768737792969
575 61.830562591552734
576 36.71189498901367
577 0.9661025404930115
578 69.55937957763672
579 27.05086898803711
580 43.474613189697266
581 15.457639694213867
582 43.474613189697266
583 8.69492244720459
584 14.491538047790527
585 8.69492244720459
586 24.152563095092773
587 14.491538047790527
588 32.84748458862305
589 12.559332847595215
590 24.152563095092773
591 81.1526107788086
592 51.203433990478516
593 28.983076095581055
594 39.61020278930664
595 55.067840576171875
596 97.57635498046875
597 1.932205080986023
598 90.81363677978516
599 68.59327697753906
600 49.2712287902832
601 57.00004959106445
602 34.77968978881836
603 46.372920989990234
604 9.661025047302246
605 30.915279388427734
606 14.491537094116211
607 22.22035789489746
608 20.28815269470215
609 11.593230247497559
610 2.8983075618743896
611 24.152563095092773
612 14.491538047790527
613 31.881383895874023
614 43.474613189697266
615 16.423742294311523
616 3.864410161972046
617 0.0
618 36.71189498901367
619 0.0
620 21.254255294799805
621 4.830512523651123
622 0.9661025404930115
623 8.69492244720459
624 16.423742294311523
625 1.932205080986023
626 26.084766387939453
627 36.71189498901367
628 81.1526107788086
629 16.423742294311523
630 0.0
631 16.423742294311523
632 28.983076095581055
633 40.5763053894043
634 2.8983075618743896
635 15.457640647888184
636 34.77968978881836
637 38.644100189208984
638 35.745792388916016
639 7.728820323944092
640 27.050870895385742
641 10.627127647399902
642 5.796615123748779
643 17.38984489440918
644 16.423742294311523
645 5.796615123748779
646 27.050870895385742
647 11.593230247497559
648 0.0
649 1.932205080986023
650 13.525435447692871
651 7.728820323944092
652 13.525435447692871
653 2.8983075618743896
654 11.593230247497559
655 0.0
656 11.593230247497559
657 8.69492244720459
658 1.932205080986023
659 17.38984489440918
660 11.593230247497559
661 23.186460494995117
662 5.796615123748779
663 36.71189498901367
664 8.69492244720459
665 11.593230247497559
666 19.322050094604492
667 8.69492244720459
668 4.830512523651123
669 22.22035789489746
670 1.932205080986023
671 21.254255294799805
672 31.88138198852539
673 6.7627177238464355
674 13.525435447692871
675 11.593230247497559
676 30.915281295776367
677 14.491538047790527
678 35.745792388916016
679 12.559332847595215
680 4.830512523651123
681 42.50851058959961
682 14.491537094116211
683 30.915281295776367
684 22.22035789489746
685 5.796615123748779
686 7.728820323944092
687 43.474613189697266
688 15.457639694213867
689 31.881383895874023
690 67.6271743774414
691 54.101741790771484
692 63.76276397705078
693 29.94917869567871
694 14.491538047790527
695 15.457640647888184
696 28.983076095581055
697 31.881383895874023
698 80.18650817871094
699 54.101741790771484
700 28.983076095581055
701 0.9661025404930115
702 65.6949691772461
703 68.59327697753906
704 10.627127647399902
705 0.9661025404930115
706 9.661025047302246
707 3.864410161972046
708 9.661025047302246
709 30.915279388427734
710 52.16953659057617
711 70.52548217773438
712 57.966148376464844
713 78.25430297851563
714 122.69502258300781
715 76.32209777832031
716 57.00004959106445
717 127.5255355834961
718 25.11866569519043
719 32.84748458862305
720 42.50851058959961
721 31.881383895874023
722 31.88138198852539
723 3.864410161972046
724 12.559332847595215
725 47.33902359008789
726 22.22035789489746
727 0.0
728 3.864410161972046
729 0.0
730 25.11866569519043
731 34.77968978881836
732 25.11866569519043
733 28.983074188232422
734 87.91532897949219
735 81.1526107788086
736 98.5424575805664
737 31.881383895874023
738 15.457640647888184
739 6.7627177238464355
740 75.35599517822266
741 19.322050094604492
742 26.084768295288086
743 28.983076095581055
744 10.627127647399902
745 30.915281295776367
746 8.69492244720459
747 18.355947494506836
748 3.864410161972046
749 11.593230247497559
750 25.11866569519043
751 0.0
752 2.8983075618743896
753 5.796615123748779
754 20.28815269470215
755 9.661025047302246
756 0.0
757 0.0
758 7.728820323944092
759 4.830512523651123
760 14.491538047790527
761 32.84748458862305
762 0.0
763 2.8983075618743896
764 40.5763053894043
765 2.8983075618743896
766 27.050870895385742
767 0.9661025404930115
768 17.38984489440918
769 4.830512523651123
770 0.0
771 3.864410161972046
772 7.728820323944092
773 4.830512523651123
774 23.186460494995117
775 3.864410161972046
776 45.40681838989258
777 6.7627177238464355
778 45.40681838989258
779 33.8135871887207
780 26.084768295288086
781 15.457640647888184
782 51.203433990478516
783 15.457640647888184
784 24.152563095092773
785 41.54240798950195
786 32.84748458862305
787 59.89835739135742
788 41.54240798950195
789 18.355947494506836
790 0.0
791 7.728820323944092
792 56.0339469909668
793 29.94917869567871
794 1.932205080986023
795 0.0
796 72.45768737792969
797 14.491538047790527
798 67.6271743774414
799 49.2712287902832
800 74.389892578125
801 9.661025047302246
802 32.84748458862305
803 0.0
804 37.67799758911133
805 33.8135871887207
806 30.915281295776367
807 7.728820323944092
808 1.932205080986023
809 14.491538047790527
810 0.9661025404930115
811 29.94917869567871
812 41.54240798950195
813 11.593230247497559
814 4.830512523651123
815 21.254255294799805
816 25.11866569519043
817 52.16953659057617
818 32.84748458862305
819 16.423742294311523
820 13.525435447692871
821 0.0
822 18.355947494506836
823 13.525435447692871
824 50.23733139038086
825 35.745792388916016
826 4.830512523651123
827 17.38984489440918
828 2.8983075618743896
829 16.423742294311523
830 0.0
831 0.9661025404930115
832 13.525435447692871
833 48.30512619018555
834 0.9661025404930115
835 0.0
836 3.864410161972046
837 6.7627177238464355
838 6.7627177238464355
839 0.0
840 4.830512523651123
841 0.0
842 18.355947494506836
843 23.186460494995117
844 2.8983075618743896
845 9.661025047302246
846 29.94917869567871
847 1.932205080986023
848 18.355947494506836
849 27.050870895385742
850 21.254255294799805
851 48.30512619018555
852 11.593230247497559
853 29.949176788330078
854 4.830512523651123
855 5.796615123748779
856 14.491538047790527
857 0.0
858 0.0
859 0.0
860 0.0
861 33.8135871887207
862 73.42378997802734
863 17.38984489440918
864 16.423742294311523
865 69.55937957763672
866 16.423742294311523
867 75.35599517822266
868 24.152563095092773
869 20.28815269470215
870 3.864410161972046
871 29.94917869567871
872 63.76276397705078
873 86.94922637939453
874 193.2205047607422
875 145.88148498535156
876 33.8135871887207
877 189.35609436035156
878 29.949176788330078
879 10.627127647399902
880 13.525435447692871
881 44.44071578979492
882 90.81363677978516
883 66.66107177734375
884 29.94917869567871
885 67.6271743774414
886 52.16953659057617
887 91.77973937988281
888 11.593230247497559
889 57.00004959106445
890 17.38984489440918
891 1.932205080986023
892 28.0169734954834
893 5.796615123748779
894 56.03394317626953
895 48.30512237548828
896 28.983076095581055
897 72.45768737792969
898 74.389892578125
899 114.96620178222656
900 63.76276779174805
901 24.152563095092773
902 34.77968978881836
903 104.33906555175781
904 32.84748458862305
905 17.38984489440918
906 15.457640647888184
907 33.8135871887207
908 1.932205080986023
909 0.0
910 0.0
911 43.474613189697266
912 103.37297058105469
913 18.355947494506836
914 10.627127647399902
915 16.423742294311523
916 14.491537094116211
917 43.474613189697266
918 157.4746856689453
919 81.1526107788086
920 0.0
921 10.627127647399902
922 2.8983075618743896
923 51.203433990478516
924 10.627127647399902
925 13.525435447692871
926 77.28820037841797
927 102.4068603515625
928 27.05086898803711
929 47.33902359008789
930 53.13563919067383
931 20.28815269470215
932 12.559332847595215
933 75.35599517822266
934 46.372920989990234
935 49.2712287902832
936 77.28820037841797
937 37.67799758911133
938 15.457640647888184
939 44.44071578979492
940 0.0
941 11.593230247497559
942 101.44076538085938
943 0.9661025404930115
944 133.3221435546875
945 13.525435447692871
946 13.525435447692871
947 74.389892578125
948 34.77968978881836
949 67.6271743774414
950 21.254255294799805
951 16.423742294311523
952 7.728820323944092
953 21.254255294799805
954 197.0849151611328
955 11.593230247497559
956 147.81369018554688
957 118.83061218261719
958 48.30512619018555
959 35.745792388916016
960 10.627127647399902
961 48.30512619018555
962 32.84748458862305
963 16.423742294311523
964 0.0
965 0.0
966 100.47466278076172
967 18.355947494506836
968 99.50856018066406
969 69.55937957763672
970 0.0
971 33.8135871887207
972 46.372920989990234
973 18.355947494506836
974 19.322050094604492
975 13.525435447692871
976 24.152563095092773
977 0.0
978 16.423742294311523
979 37.67799758911133
980 34.77968978881836
981 45.40681838989258
982 34.77968978881836
983 82.11871337890625
984 19.322050094604492
985 58.932254791259766
986 49.2712287902832
987 5.796615123748779
988 9.661025047302246
989 0.0
990 20.28815269470215
991 50.23733139038086
992 85.98312377929688
993 67.6271743774414
994 14.491538047790527
995 111.10179138183594
996 210.61033630371094
997 69.55937957763672
998 170.03404235839844
999 26.084768295288086
1000 31.881383895874023
1001 0.9661025404930115
1002 0.9661025404930115
