0 37.67799758911133
1 36.71189498901367
2 33.8135871887207
3 9.661025047302246
4 18.355947494506836
5 2.8983075618743896
6 13.525435447692871
7 19.322050094604492
8 21.254255294799805
9 38.644100189208984
10 19.322050094604492
11 6.7627177238464355
12 14.491538047790527
13 0.9661025404930115
14 15.457640647888184
15 1.932205080986023
16 13.525435447692871
17 37.67799758911133
18 22.22035789489746
19 5.796615123748779
20 20.28815269470215
21 24.152563095092773
22 8.69492244720459
23 11.593230247497559
24 12.559332847595215
25 7.728819847106934
26 0.9661025404930115
27 2.8983075618743896
28 10.627127647399902
29 9.661025047302246
30 7.728820323944092
31 24.152563095092773
32 0.0
33 1.932205080986023
34 4.830512523651123
35 15.457639694213867
36 17.38984489440918
37 53.13563919067383
38 10.627127647399902
39 5.796615123748779
40 56.0339469909668
41 17.38984489440918
42 15.457639694213867
43 39.61020278930664
44 19.322050094604492
45 7.728820323944092
46 0.0
47 19.322050094604492
48 23.186460494995117
49 0.0
50 14.491538047790527
51 0.0
52 1.932205080986023
53 23.186460494995117
54 3.864410161972046
55 26.084768295288086
56 57.00004959106445
57 11.593230247497559
58 61.830562591552734
59 27.050870895385742
60 13.525435447692871
61 26.084768295288086
62 6.7627177238464355
63 29.94917869567871
64 12.559332847595215
65 14.491537094116211
66 50.23733139038086
67 46.372920989990234
68 41.54240798950195
69 3.864410161972046
70 3.864410161972046
71 17.38984489440918
72 14.491538047790527
73 10.627127647399902
74 1.932205080986023
75 52.169532775878906
76 0.0
77 4.830512523651123
78 20.28815269470215
79 32.84748458862305
80 82.11871337890625
81 0.0
82 48.30512619018555
83 9.661025047302246
84 55.06784439086914
85 12.559332847595215
86 3.864410161972046
87 12.559332847595215
88 18.355947494506836
89 23.186460494995117
90 2.8983075618743896
91 15.457640647888184
92 0.0
93 16.423742294311523
94 2.8983075618743896
95 41.54240798950195
96 8.69492244720459
97 43.474613189697266
98 19.322050094604492
99 4.830512523651123
100 3.864410161972046
101 6.7627177238464355
102 49.27122497558594
103 10.627127647399902
104 20.28815269470215
105 46.372920989990234
106 18.355947494506836
107 15.457640647888184
108 14.491538047790527
109 11.593230247497559
110 2.8983075618743896
111 22.22035789489746
112 3.864410161972046
113 4.830512523651123
114 4.830512523651123
115 0.0
116 5.796615123748779
117 0.0
118 14.491538047790527
119 31.881383895874023
120 9.661025047302246
121 12.559332847595215
122 80.18650817871094
123 42.50851058959961
124 59.898353576660156
125 16.423742294311523
126 13.525435447692871
127 0.0
128 1.932205080986023
129 13.525435447692871
130 24.152563095092773
131 20.28815269470215
132 22.22035789489746
133 7.728820323944092
134 38.644100189208984
135 3.864410161972046
136 27.05086898803711
137 80.18650817871094
138 23.186460494995117
139 4.830512523651123
140 18.355947494506836
141 0.9661025404930115
142 22.22035789489746
143 58.932254791259766
144 9.661025047302246
145 1.932205080986023
146 0.9661025404930115
147 0.9661025404930115
148 43.474613189697266
149 23.186460494995117
150 45.40681838989258
151 3.864410161972046
152 26.084766387939453
153 52.16953659057617
154 0.9661025404930115
155 3.864410161972046
156 6.7627177238464355
157 0.0
158 1.932205080986023
159 7.728820323944092
160 12.559332847595215
161 0.0
162 14.491538047790527
163 1.932205080986023
164 5.796615123748779
165 0.0
166 22.22035789489746
167 28.016971588134766
168 2.8983075618743896
169 14.491538047790527
170 4.830512523651123
171 52.16953659057617
172 10.627127647399902
173 4.830512523651123
174 10.627127647399902
175 69.55937957763672
176 8.69492244720459
177 14.491538047790527
178 25.11866569519043
179 13.525435447692871
180 22.22035789489746
181 0.0
182 7.728820323944092
183 14.491538047790527
184 17.38984489440918
185 16.423742294311523
186 46.372920989990234
187 2.8983075618743896
188 14.491538047790527
189 28.983076095581055
190 1.932205080986023
191 5.796615123748779
192 0.0
193 24.152563095092773
194 18.355947494506836
195 92.74584197998047
196 17.38984489440918
197 12.559332847595215
198 5.796615123748779
199 0.9661025404930115
200 0.0
201 2.8983075618743896
202 37.67799758911133
203 6.7627177238464355
204 23.186460494995117
205 15.457640647888184
206 39.61020278930664
207 1.932205080986023
208 5.796615123748779
209 0.0
210 57.966148376464844
211 0.9661025404930115
212 4.830512523651123
213 0.0
214 5.796615123748779
215 41.54240798950195
216 33.8135871887207
217 8.69492244720459
218 0.9661025404930115
219 3.864410161972046
220 18.355947494506836
221 12.559332847595215
222 9.661025047302246
223 33.8135871887207
224 10.627127647399902
225 32.84748458862305
226 7.728819847106934
227 20.28815269470215
228 1.932205080986023
229 31.88138198852539
230 17.38984489440918
231 7.728820323944092
232 9.661025047302246
233 2.8983075618743896
234 3.864410161972046
235 13.525435447692871
236 8.69492244720459
237 16.423742294311523
238 12.559332847595215
239 13.525435447692871
240 8.69492244720459
241 7.728820323944092
242 41.54240798950195
243 19.322050094604492
244 20.28815269470215
245 29.94917869567871
246 1.932205080986023
247 15.457640647888184
248 11.593230247497559
249 31.88138198852539
250 5.796615123748779
251 6.7627177238464355
252 3.864410161972046
253 0.9661025404930115
254 14.491538047790527
255 11.593230247497559
256 18.355947494506836
257 0.0
258 0.0
259 0.0
260 41.54240798950195
261 37.67799758911133
262 15.457639694213867
263 3.864410161972046
264 7.728820323944092
265 20.28815269470215
266 0.9661025404930115
267 12.559332847595215
268 2.8983075618743896
269 7.728820323944092
270 25.11866569519043
271 63.76276397705078
272 27.050870895385742
273 23.186460494995117
274 32.84748458862305
275 8.69492244720459
276 23.186460494995117
277 4.830512523651123
278 15.457640647888184
279 31.88138198852539
280 0.0
281 58.932254791259766
282 8.69492244720459
283 14.491538047790527
284 0.0
285 23.186460494995117
286 14.491537094116211
287 7.728819847106934
288 8.69492244720459
289 8.69492244720459
290 13.525435447692871
291 7.728820323944092
292 6.7627177238464355
293 40.5763053894043
294 58.932254791259766
295 7.728819847106934
296 0.9661025404930115
297 7.728820323944092
298 16.423742294311523
299 5.796615123748779
300 11.593230247497559
301 27.050870895385742
302 14.491537094116211
303 8.69492244720459
304 0.0
305 9.661025047302246
306 20.28815269470215
307 28.983076095581055
308 3.864410161972046
309 49.2712287902832
310 0.0
311 1.932205080986023
312 0.0
313 17.38984489440918
314 9.661025047302246
315 10.627127647399902
316 10.627127647399902
317 0.9661025404930115
318 7.728820323944092
319 12.559332847595215
320 8.69492244720459
321 1.932205080986023
322 3.864410161972046
323 18.355947494506836
324 40.5763053894043
325 0.0
326 73.42378997802734
327 7.728820323944092
328 35.745792388916016
329 8.69492244720459
330 19.322050094604492
331 0.0
332 16.423742294311523
333 119.79670715332031
334 12.559332847595215
335 18.355947494506836
336 4.830512523651123
337 18.355947494506836
338 39.61020278930664
339 46.372920989990234
340 5.796615123748779
341 5.796615123748779
342 0.9661025404930115
343 5.796615123748779
344 22.22035789489746
345 113.03399658203125
346 15.457640647888184
347 36.71189498901367
348 0.9661025404930115
349 0.9661025404930115
350 5.796615123748779
351 19.322050094604492
352 29.949176788330078
353 20.28815269470215
354 23.186460494995117
355 41.54240798950195
356 50.23733139038086
357 0.0
358 27.050870895385742
359 17.38984489440918
360 10.627127647399902
361 17.38984489440918
362 25.11866569519043
363 5.796615123748779
364 21.254255294799805
365 32.84748458862305
366 12.559332847595215
367 23.186460494995117
368 0.9661025404930115
369 19.322050094604492
370 25.11866569519043
371 6.7627177238464355
372 28.983076095581055
373 14.491537094116211
374 42.50851058959961
375 1.932205080986023
376 5.796615123748779
377 26.084768295288086
378 2.8983075618743896
379 40.5763053894043
380 19.322050094604492
381 2.8983075618743896
382 17.38984489440918
383 7.728820323944092
384 20.28815269470215
385 0.0
386 4.830512523651123
387 29.949176788330078
388 16.423742294311523
389 7.728820323944092
390 34.77968978881836
391 0.0
392 0.9661025404930115
393 51.203433990478516
394 57.96615219116211
395 0.0
396 101.44076538085938
397 85.98312377929688
398 0.0
399 18.355947494506836
400 3.864410161972046
401 18.355947494506836
402 0.0
403 7.728819847106934
404 15.457640647888184
405 14.491538047790527
406 4.830512523651123
407 5.796615123748779
408 11.593230247497559
409 28.983076095581055
410 37.67799758911133
411 15.457640647888184
412 12.559332847595215
413 26.084766387939453
414 91.77973937988281
415 11.593230247497559
416 11.593230247497559
417 56.0339469909668
418 1.932205080986023
419 27.050870895385742
420 11.593230247497559
421 11.593230247497559
422 5.796615123748779
423 30.915281295776367
424 0.9661025404930115
425 29.94917869567871
426 29.94917869567871
427 18.355947494506836
428 17.38984489440918
429 0.9661025404930115
430 4.830512523651123
431 16.423742294311523
432 21.254255294799805
433 67.6271743774414
434 26.084768295288086
435 17.38984489440918
436 4.830512523651123
437 41.54240798950195
438 29.94917869567871
439 0.9661025404930115
440 44.44071578979492
441 17.38984489440918
442 9.661025047302246
443 40.5763053894043
444 1.932205080986023
445 0.0
446 0.9661025404930115
447 42.50851058959961
448 1.932205080986023
449 70.52548217773438
450 36.71189498901367
451 86.94922637939453
452 8.69492244720459
453 15.457640647888184
454 12.559332847595215
455 40.5763053894043
456 2.8983075618743896
457 2.8983075618743896
458 2.8983075618743896
459 34.77968978881836
460 0.0
461 8.69492244720459
462 4.830512523651123
463 0.0
464 79.22040557861328
465 7.728820323944092
466 10.627127647399902
467 6.7627177238464355
468 0.9661025404930115
469 2.8983075618743896
470 9.661025047302246
471 20.28815269470215
472 13.525434494018555
473 28.983074188232422
474 28.983076095581055
475 10.627127647399902
476 30.915281295776367
477 52.16953659057617
478 0.9661025404930115
479 5.796615123748779
480 15.457639694213867
481 22.22035789489746
482 34.77968978881836
483 15.457640647888184
484 6.7627177238464355
485 4.830512523651123
486 45.40681838989258
487 46.372920989990234
488 1.932205080986023
489 17.38984489440918
490 10.627127647399902
491 2.8983075618743896
492 17.38984489440918
493 15.457639694213867
494 29.94917869567871
495 2.8983075618743896
496 3.864410161972046
497 0.0
498 11.593230247497559
499 9.661025047302246
500 13.525435447692871
501 8.69492244720459
502 23.186460494995117
503 60.86445999145508
504 4.830512523651123
505 51.203433990478516
506 3.864410161972046
507 34.77968978881836
508 5.796615123748779
509 5.796615123748779
510 10.627127647399902
511 32.84748458862305
512 24.152563095092773
513 0.0
514 0.0
515 38.644100189208984
516 42.50851058959961
517 15.457640647888184
518 5.796615123748779
519 13.525435447692871
520 8.69492244720459
521 22.22035789489746
522 16.423742294311523
523 5.796615123748779
524 6.7627177238464355
525 0.0
526 0.0
527 7.728819847106934
528 30.915279388427734
529 7.728819847106934
530 51.203433990478516
531 43.474613189697266
532 35.745792388916016
533 49.2712287902832
534 23.186460494995117
535 11.593230247497559
536 38.644100189208984
537 28.983076095581055
538 27.050870895385742
539 3.864410161972046
540 21.254255294799805
541 19.322050094604492
542 8.69492244720459
543 3.864410161972046
544 25.11866569519043
545 13.525435447692871
546 22.22035789489746
547 12.559332847595215
548 4.830512523651123
549 0.0
550 25.11866569519043
551 1.932205080986023
552 53.13563919067383
553 25.11866569519043
554 12.559332847595215
555 19.322050094604492
556 5.796615123748779
557 90.81363677978516
558 14.491538047790527
559 37.67799758911133
560 8.69492244720459
561 10.627127647399902
562 25.11866569519043
563 9.661025047302246
564 14.491538047790527
565 23.186460494995117
566 19.322050094604492
567 2.8983075618743896
568 17.38984489440918
569 5.796615123748779
570 2.8983075618743896
571 14.491538047790527
572 6.7627177238464355
573 23.186460494995117
574 3.864410161972046
575 3.864410161972046
576 10.627127647399902
577 16.423742294311523
578 16.423742294311523
579 0.0
580 16.423742294311523
581 0.9661025404930115
582 0.9661025404930115
583 4.830512523651123
584 9.661025047302246
585 11.593230247497559
586 0.0
587 7.728819847106934
588 14.491538047790527
589 3.864410161972046
590 6.7627177238464355
591 14.491538047790527
592 1.932205080986023
593 0.0
594 12.559332847595215
595 6.7627177238464355
596 0.9661025404930115
597 0.9661025404930115
598 0.0
599 3.864410161972046
600 6.7627177238464355
601 12.559332847595215
602 13.525435447692871
603 0.9661025404930115
604 0.0
605 8.69492244720459
606 7.728820323944092
607 17.38984489440918
608 0.0
609 19.322050094604492
610 32.84748458862305
611 38.644100189208984
612 15.457639694213867
613 10.627127647399902
614 13.525435447692871
615 17.38984489440918
616 29.94917869567871
617 13.525435447692871
618 10.627127647399902
619 43.474613189697266
620 2.8983075618743896
621 10.627127647399902
622 19.322050094604492
623 24.152563095092773
624 13.525435447692871
625 32.84748458862305
626 5.796615123748779
627 30.915281295776367
628 0.9661025404930115
629 17.38984489440918
630 5.796615123748779
631 13.525435447692871
632 22.22035789489746
633 8.69492244720459
634 11.593230247497559
635 41.54240798950195
636 8.69492244720459
637 47.33902359008789
638 36.71189498901367
639 2.8983075618743896
640 7.728819847106934
641 0.9661025404930115
642 51.20343017578125
643 8.69492244720459
644 20.28815269470215
645 26.084768295288086
646 52.16953659057617
647 25.11866569519043
648 68.59327697753906
649 26.084768295288086
650 11.593230247497559
651 0.0
652 8.69492244720459
653 15.457639694213867
654 33.8135871887207
655 15.457639694213867
656 0.9661025404930115
657 14.491537094116211
658 17.38984489440918
659 0.9661025404930115
660 5.796615123748779
661 28.0169734954834
662 1.932205080986023
663 18.355947494506836
664 19.322050094604492
665 9.661025047302246
666 22.22035789489746
667 23.186460494995117
668 0.0
669 1.932205080986023
670 9.661025047302246
671 51.203433990478516
672 0.9661025404930115
673 13.525434494018555
674 12.559332847595215
675 5.796615123748779
676 0.0
677 3.864410161972046
678 16.423742294311523
679 1.932205080986023
680 15.457640647888184
681 4.830512523651123
682 3.864410161972046
683 7.728820323944092
684 33.8135871887207
685 30.915281295776367
686 2.8983075618743896
687 25.118663787841797
688 2.8983075618743896
689 11.593230247497559
690 6.7627177238464355
691 13.525435447692871
692 6.7627177238464355
693 3.864410161972046
694 8.69492244720459
695 19.322050094604492
696 3.864410161972046
697 12.559332847595215
698 87.91532897949219
699 22.22035789489746
700 0.0
701 62.796661376953125
702 18.355947494506836
703 68.59327697753906
704 51.20343017578125
705 35.745792388916016
706 60.86445999145508
707 22.22035789489746
708 109.16958618164063
709 4.830512523651123
710 52.16953659057617
711 17.38984489440918
712 1.932205080986023
713 45.40681838989258
714 36.71189498901367
715 45.40681838989258
716 29.94917869567871
717 88.88143157958984
718 56.0339469909668
719 32.84748458862305
720 5.796615123748779
721 48.30512619018555
722 18.355947494506836
723 0.0
724 6.7627177238464355
725 17.38984489440918
726 6.7627177238464355
727 38.644100189208984
728 6.7627177238464355
729 28.0169734954834
730 3.864410161972046
731 19.322050094604492
732 11.593230247497559
733 6.7627177238464355
734 1.932205080986023
735 10.627127647399902
736 0.0
737 18.355947494506836
738 37.67799758911133
739 11.593230247497559
740 1.932205080986023
741 41.54240798950195
742 41.54240798950195
743 9.661025047302246
744 0.9661025404930115
745 3.864410161972046
746 6.7627177238464355
747 0.0
748 8.69492244720459
749 52.169532775878906
750 10.627127647399902
751 24.152563095092773
752 18.355947494506836
753 15.457640647888184
754 6.7627177238464355
755 19.322050094604492
756 2.8983075618743896
757 1.932205080986023
758 8.69492244720459
759 40.5763053894043
760 0.0
761 17.38984489440918
762 4.830512523651123
763 5.796615123748779
764 1.932205080986023
765 10.627127647399902
766 2.8983075618743896
767 8.69492244720459
768 5.796615123748779
769 16.423742294311523
770 19.322050094604492
771 0.0
772 50.23733139038086
773 28.983074188232422
774 5.796615123748779
775 25.11866569519043
776 7.728820323944092
777 0.0
778 2.8983075618743896
779 7.728820323944092
780 5.796615123748779
781 14.491538047790527
782 22.220355987548828
783 7.728820323944092
784 7.728820323944092
785 11.593230247497559
786 6.7627177238464355
787 0.0
788 3.864410161972046
789 14.491538047790527
790 14.491538047790527
791 1.932205080986023
792 28.0169734954834
793 29.94917869567871
794 4.830512523651123
795 1.932205080986023
796 26.084768295288086
797 2.8983075618743896
798 0.0
799 10.627127647399902
800 8.69492244720459
801 6.7627177238464355
802 12.559332847595215
803 1.932205080986023
804 2.8983075618743896
805 47.33902359008789
806 21.254255294799805
807 61.830562591552734
808 0.0
809 9.661025047302246
810 2.8983075618743896
811 46.372920989990234
812 11.593230247497559
813 5.796615123748779
814 22.22035789489746
815 29.94917869567871
816 78.25430297851563
817 14.491538047790527
818 12.559332847595215
819 4.830512523651123
820 23.186460494995117
821 0.0
822 66.66107177734375
823 74.389892578125
824 39.61020278930664
825 44.44071578979492
826 64.72886657714844
827 112.06788635253906
828 4.830512523651123
829 7.728820323944092
830 29.94917869567871
831 53.13563537597656
832 92.74584197998047
833 16.423742294311523
834 0.9661025404930115
835 2.8983075618743896
836 73.42378997802734
837 10.627127647399902
838 46.372920989990234
839 39.61020278930664
840 3.864410161972046
841 3.864410161972046
842 24.152563095092773
843 16.423742294311523
844 19.322050094604492
845 5.796615123748779
846 9.661025047302246
847 17.38984489440918
848 4.830512523651123
849 14.491538047790527
850 0.9661025404930115
851 0.0
852 0.0
853 17.38984489440918
854 47.33902359008789
855 12.559332847595215
856 7.728820323944092
857 1.932205080986023
858 14.491538047790527
859 1.932205080986023
860 29.94917869567871
861 4.830512523651123
862 16.423742294311523
863 63.76276397705078
864 28.983076095581055
865 96.6102523803711
866 24.152563095092773
867 18.355947494506836
868 19.322050094604492
869 16.423742294311523
870 68.59327697753906
871 14.491537094116211
872 23.186460494995117
873 14.491537094116211
874 66.66107177734375
875 9.661025047302246
876 1.932205080986023
877 9.661025047302246
878 10.627127647399902
879 0.9661025404930115
880 10.627127647399902
881 2.8983075618743896
882 4.830512523651123
883 0.0
884 0.9661025404930115
885 0.0
886 31.88138198852539
887 44.44071578979492
888 0.0
889 3.864410161972046
890 29.94917869567871
891 0.0
892 15.457639694213867
893 7.728820323944092
894 10.627127647399902
895 0.0
896 28.0169734954834
897 0.0
898 2.8983075618743896
899 10.627127647399902
900 8.69492244720459
901 6.7627177238464355
902 0.9661025404930115
903 17.38984489440918
904 0.0
905 20.28815269470215
906 0.0
907 12.559332847595215
908 25.11866569519043
909 16.423742294311523
910 44.44071578979492
911 26.084768295288086
912 2.8983075618743896
913 37.67799758911133
914 13.525435447692871
915 7.728820323944092
916 13.525435447692871
917 5.796615123748779
918 7.728820323944092
919 14.491538047790527
920 2.8983075618743896
921 6.7627177238464355
922 0.0
923 8.69492244720459
924 34.77968978881836
925 4.830512523651123
926 20.28815269470215
927 0.0
928 6.7627177238464355
929 0.9661025404930115
930 7.728820323944092
931 47.33902359008789
932 0.0
933 4.830512523651123
934 12.559332847595215
935 5.796615123748779
936 8.69492244720459
937 9.661025047302246
938 15.457640647888184
939 0.0
940 1.932205080986023
941 0.0
942 23.186460494995117
943 1.932205080986023
944 10.627127647399902
945 13.525435447692871
946 24.152563095092773
947 11.593230247497559
948 1.932205080986023
949 32.84748458862305
950 4.830512523651123
951 2.8983075618743896
952 6.7627177238464355
953 8.69492244720459
954 0.0
955 10.627127647399902
956 18.355947494506836
957 13.525435447692871
958 23.186460494995117
959 0.0
960 0.0
961 5.796615123748779
962 53.13563919067383
963 5.796615123748779
964 2.8983075618743896
965 11.593230247497559
966 0.0
967 0.0
968 8.69492244720459
969 6.7627177238464355
970 8.69492244720459
971 11.593230247497559
972 1.932205080986023
973 0.0
974 23.186460494995117
975 0.9661025404930115
976 6.7627177238464355
977 6.7627177238464355
978 41.54240798950195
979 21.254255294799805
980 8.69492244720459
981 53.13563537597656
982 29.949176788330078
983 7.728820323944092
984 17.38984489440918
985 0.0
986 0.9661025404930115
987 0.0
988 38.644100189208984
989 1.932205080986023
990 16.423742294311523
991 12.559332847595215
992 21.254255294799805
993 4.830512523651123
994 0.0
995 4.830512523651123
996 12.559332847595215
997 11.593230247497559
998 15.457640647888184
999 0.0
1000 25.11866569519043
1001 64.72886657714844
1002 64.72886657714844
