# Selection:resname AU W ION Restricted:name AUC AUL AUSL Radius:2.64 Start:0 End:-1
0 64.18401336669922
1 63.322486877441406
2 25.84591293334961
3 8.184538841247559
4 9.046069145202637
5 3.0153565406799316
6 22.830554962158203
7 0.0
8 3.4461216926574707
9 18.092138290405273
10 10.33836555480957
11 7.3230085372924805
12 6.030713081359863
13 3.4461216926574707
14 16.369077682495117
15 13.784486770629883
16 18.95366859436035
17 18.95366859436035
18 8.184538841247559
19 3.4461216926574707
20 4.738417148590088
21 20.24596405029297
22 19.38443374633789
23 5.169182777404785
24 18.953670501708984
25 21.538259506225586
26 6.030713081359863
27 7.3230085372924805
28 6.461478233337402
29 8.615303993225098
30 13.784486770629883
31 20.676729202270508
32 3.4461216926574707
33 7.3230085372924805
34 9.046069145202637
35 12.061426162719727
36 27.999736785888672
37 19.81519889831543
38 3.876887083053589
39 21.538259506225586
40 14.215251922607422
41 6.461478233337402
42 2.1538262367248535
43 12.922956466674805
44 3.8768868446350098
45 2.1538259983062744
46 7.3230085372924805
47 13.784486770629883
48 17.661373138427734
49 2.5845913887023926
50 10.769129753112793
51 9.907600402832031
52 0.0
53 7.3230085372924805
54 9.046069145202637
55 4.307651996612549
56 7.3230085372924805
57 3.0153565406799316
58 18.953670501708984
59 8.184538841247559
60 12.492191314697266
61 12.922956466674805
62 0.8615304231643677
63 2.5845911502838135
64 2.5845913887023926
65 25.415145874023438
66 20.24596405029297
67 6.030713081359863
68 0.0
69 6.892243385314941
70 16.799842834472656
71 9.907599449157715
72 9.907600402832031
73 15.507548332214355
74 25.845911026000977
75 11.199895858764648
76 17.230607986450195
77 9.476834297180176
78 18.522903442382813
79 13.353721618652344
80 14.215251922607422
81 6.461478233337402
82 3.0153565406799316
83 7.7537736892700195
84 13.353721618652344
85 16.799842834472656
86 9.907600402832031
87 15.0767822265625
88 6.030713081359863
89 5.169182300567627
90 6.461478233337402
91 2.5845913887023926
92 4.738417625427246
93 23.261320114135742
94 14.646017074584961
95 4.307651996612549
96 5.599947452545166
97 10.338364601135254
98 21.969024658203125
99 2.5845913887023926
100 6.892243385314941
101 11.199894905090332
102 10.769129753112793
103 5.169182777404785
104 2.5845913887023926
105 10.769129753112793
106 13.353721618652344
107 2.5845913887023926
108 3.0153565406799316
109 8.184539794921875
110 7.3230085372924805
111 0.0
112 1.7230608463287354
113 6.461478233337402
114 12.922956466674805
115 14.215251922607422
116 6.461477756500244
117 2.1538262367248535
118 6.461478233337402
119 5.599947452545166
120 10.33836555480957
121 5.599947929382324
122 9.907599449157715
123 6.030713081359863
124 19.38443374633789
125 6.461478233337402
126 6.892243385314941
127 8.615304946899414
128 5.599947452545166
129 7.753774166107178
130 0.43076521158218384
131 1.2922956943511963
132 3.4461216926574707
133 16.369077682495117
134 20.676729202270508
135 34.030452728271484
136 5.599947929382324
137 15.507547378540039
138 18.092138290405273
139 11.630661010742188
140 11.199895858764648
141 0.0
142 10.338364601135254
143 9.907599449157715
144 8.184538841247559
145 0.0
146 12.492191314697266
147 0.8615304231643677
148 23.261320114135742
149 7.7537736892700195
150 3.8768868446350098
151 27.999736785888672
152 2.1538259983062744
153 9.046069145202637
154 1.2922956943511963
155 1.7230608463287354
156 9.046069145202637
157 15.0767822265625
158 1.2922956943511963
159 12.492191314697266
160 6.030713081359863
161 2.5845913887023926
162 4.307651996612549
163 13.353721618652344
164 18.953670501708984
165 4.738417625427246
166 18.953670501708984
167 6.461478233337402
168 4.307652473449707
169 15.938312530517578
170 15.507547378540039
171 6.892243385314941
172 15.507547378540039
173 6.461478233337402
174 8.615303993225098
175 9.476834297180176
176 7.7537736892700195
177 9.476834297180176
178 5.599947929382324
179 7.7537736892700195
180 4.738417625427246
181 1.2922956943511963
182 4.738417148590088
183 21.107494354248047
184 11.199895858764648
185 4.307651996612549
186 7.7537736892700195
187 6.461478233337402
188 0.43076521158218384
189 9.476834297180176
190 4.738417148590088
191 13.784486770629883
192 19.81519889831543
193 14.646017074584961
194 10.769129753112793
195 9.476834297180176
196 5.169182777404785
197 27.568971633911133
198 5.169182777404785
199 17.661373138427734
200 24.55361557006836
201 15.507547378540039
202 24.122852325439453
203 13.784486770629883
204 9.476835250854492
205 15.938312530517578
206 5.169182300567627
207 0.8615304231643677
208 4.307651996612549
209 16.369077682495117
210 1.7230608463287354
211 6.030713081359863
212 6.461478233337402
213 9.046069145202637
214 12.492191314697266
215 6.030713081359863
216 21.53826141357422
217 2.1538259983062744
218 16.799842834472656
219 12.492191314697266
220 12.492191314697266
221 16.799842834472656
222 10.769129753112793
223 1.7230608463287354
224 16.369077682495117
225 27.13821029663086
226 0.0
227 24.553617477416992
228 14.646017074584961
229 17.230607986450195
230 24.55361557006836
231 13.784486770629883
232 13.784486770629883
233 11.199895858764648
234 15.0767822265625
235 3.0153565406799316
236 5.599947929382324
237 1.2922956943511963
238 14.215251922607422
239 0.43076521158218384
240 1.7230608463287354
241 3.0153565406799316
242 16.799842834472656
243 5.599947929382324
244 7.7537736892700195
245 3.4461216926574707
246 15.507547378540039
247 18.95366859436035
248 12.492191314697266
249 8.184538841247559
250 11.630661010742188
251 18.092138290405273
252 0.8615304231643677
253 11.199895858764648
254 4.307651996612549
255 9.476834297180176
256 7.323009014129639
257 15.0767822265625
258 15.507547378540039
259 28.430503845214844
260 4.307652473449707
261 26.707443237304688
262 20.676729202270508
263 3.0153565406799316
264 2.5845911502838135
265 25.41514778137207
266 25.845911026000977
267 11.199894905090332
268 29.722797393798828
269 29.292034149169922
270 16.799842834472656
271 9.907600402832031
272 5.599947929382324
273 4.738417625427246
274 10.76913070678711
275 0.0
276 21.538259506225586
277 20.24596405029297
278 1.2922956943511963
279 0.43076521158218384
280 21.969026565551758
281 8.615303993225098
282 10.33836555480957
283 5.169182300567627
284 6.461478233337402
285 5.599947929382324
286 6.030713081359863
287 14.215251922607422
288 0.43076521158218384
289 5.599947929382324
290 11.199895858764648
291 17.230607986450195
292 9.046069145202637
293 2.1538259983062744
294 11.630661010742188
295 18.95366859436035
296 11.630661010742188
297 4.738417625427246
298 13.784486770629883
299 18.522903442382813
300 19.38443374633789
301 11.630660057067871
302 6.892243385314941
303 9.907599449157715
304 16.36907958984375
305 3.0153565406799316
306 13.784486770629883
307 3.8768868446350098
308 13.353720664978027
309 7.7537736892700195
310 28.86126708984375
311 15.507547378540039
312 0.43076521158218384
313 14.646017074584961
314 11.630660057067871
315 5.169182777404785
316 12.061426162719727
317 20.676729202270508
318 10.769129753112793
319 21.538259506225586
320 12.492191314697266
321 10.338364601135254
322 12.06142520904541
323 6.461478233337402
324 32.30738830566406
325 6.030713081359863
326 17.661373138427734
327 12.492191314697266
328 0.43076521158218384
329 9.476835250854492
330 13.784485816955566
331 31.015094757080078
332 20.24596405029297
333 12.061426162719727
334 7.3230085372924805
335 4.738417148590088
336 5.599947929382324
337 3.8768868446350098
338 7.7537736892700195
339 16.799842834472656
340 9.907600402832031
341 2.1538259983062744
342 3.876887083053589
343 1.7230608463287354
344 6.461477756500244
345 11.630660057067871
346 9.907600402832031
347 6.461478233337402
348 6.892243385314941
349 5.599947929382324
350 17.661373138427734
351 3.0153565406799316
352 6.030713081359863
353 4.307651996612549
354 2.1538259983062744
355 4.307652473449707
356 16.369077682495117
357 3.4461216926574707
358 8.615303993225098
359 1.7230608463287354
360 1.2922956943511963
361 20.67673110961914
362 15.938312530517578
363 16.369077682495117
364 4.307652473449707
365 16.369077682495117
366 7.3230085372924805
367 14.646017074584961
368 4.307652473449707
369 7.3230085372924805
370 16.799842834472656
371 15.0767822265625
372 3.8768868446350098
373 8.184538841247559
374 5.169182300567627
375 8.615303993225098
376 0.0
377 12.922956466674805
378 15.0767822265625
379 1.2922956943511963
380 10.338364601135254
381 1.7230608463287354
382 13.353721618652344
383 1.2922956943511963
384 15.938312530517578
385 13.784486770629883
386 9.476834297180176
387 21.107494354248047
388 3.4461216926574707
389 18.522905349731445
390 4.307651996612549
391 6.030713081359863
392 4.738417148590088
393 7.7537736892700195
394 10.76913070678711
395 3.4461216926574707
396 8.615304946899414
397 3.4461216926574707
398 6.030713081359863
399 6.461478233337402
400 0.0
401 15.0767822265625
402 9.476835250854492
403 10.338364601135254
404 21.538259506225586
405 8.615304946899414
406 15.0767822265625
407 19.38443374633789
408 8.184538841247559
409 12.922956466674805
410 18.092138290405273
411 16.799842834472656
412 10.33836555480957
413 3.4461216926574707
414 8.615303993225098
415 6.892243385314941
416 6.461478233337402
417 3.0153565406799316
418 7.3230085372924805
419 6.461477756500244
420 2.1538262367248535
421 13.353721618652344
422 11.199895858764648
423 12.061426162719727
424 3.0153565406799316
425 3.8768868446350098
426 23.261320114135742
427 12.061426162719727
428 15.507547378540039
429 15.0767822265625
430 9.476835250854492
431 5.599947929382324
432 6.892243385314941
433 1.2922956943511963
434 0.0
435 4.307651996612549
436 9.046069145202637
437 9.046070098876953
438 7.3230085372924805
439 2.5845911502838135
440 11.630661010742188
441 3.0153565406799316
442 0.0
443 4.307651996612549
444 1.2922956943511963
445 4.738417625427246
446 7.7537736892700195
447 24.12285041809082
448 8.184538841247559
449 3.8768868446350098
450 3.8768868446350098
451 3.0153565406799316
452 0.8615304231643677
453 10.769129753112793
454 13.784486770629883
455 6.030713081359863
456 15.0767822265625
457 11.630661010742188
458 17.661373138427734
459 15.938312530517578
460 4.738417148590088
461 14.215251922607422
462 12.061426162719727
463 9.907599449157715
464 18.522903442382813
465 25.415145874023438
466 15.938311576843262
467 4.307651996612549
468 8.184539794921875
469 19.38443374633789
470 1.7230608463287354
471 20.67673110961914
472 18.092138290405273
473 17.661373138427734
474 24.9843807220459
475 5.599947929382324
476 0.0
477 18.092138290405273
478 9.907599449157715
479 9.907599449157715
480 9.476835250854492
481 20.24596405029297
482 21.969024658203125
483 5.599947929382324
484 10.76913070678711
485 19.38443374633789
486 7.3230085372924805
487 9.046070098876953
488 10.33836555480957
489 19.38443374633789
490 3.4461216926574707
491 9.476835250854492
492 2.5845913887023926
493 7.7537736892700195
494 10.76913070678711
495 22.399789810180664
496 8.615303993225098
497 4.738417625427246
498 17.661373138427734
499 13.784486770629883
500 3.8768868446350098
501 7.7537736892700195
502 4.738417148590088
503 10.769129753112793
504 5.599947929382324
505 4.738417148590088
506 0.8615304231643677
507 6.892243385314941
508 18.522903442382813
509 16.799842834472656
510 6.030713081359863
511 22.830554962158203
512 6.461478233337402
513 8.184538841247559
514 15.507547378540039
515 8.184539794921875
516 3.0153565406799316
517 7.3230085372924805
518 22.399789810180664
519 15.938312530517578
520 5.599947929382324
521 8.184539794921875
522 7.3230085372924805
523 8.184538841247559
524 23.261320114135742
525 0.0
526 1.2922956943511963
527 5.169182777404785
528 3.8768868446350098
529 7.7537736892700195
530 5.169182777404785
531 13.784486770629883
532 6.892243385314941
533 9.476835250854492
534 7.3230085372924805
535 14.646017074584961
536 1.7230608463287354
537 1.2922956943511963
538 13.784485816955566
539 11.630661010742188
540 12.922956466674805
541 18.092138290405273
542 6.030713081359863
543 1.2922956943511963
544 1.2922956943511963
545 6.030713081359863
546 5.599947929382324
547 16.799842834472656
548 5.169182300567627
549 1.2922956943511963
550 9.476835250854492
551 8.615303993225098
552 3.4461216926574707
553 6.461478233337402
554 1.7230608463287354
555 11.199895858764648
556 3.8768868446350098
557 7.7537736892700195
558 23.261320114135742
559 15.0767822265625
560 15.0767822265625
561 8.615303993225098
562 2.5845911502838135
563 7.3230085372924805
564 10.76913070678711
565 12.492191314697266
566 3.8768868446350098
567 14.646017074584961
568 3.0153565406799316
569 9.476834297180176
570 6.030713081359863
571 4.307651996612549
572 7.7537736892700195
573 0.8615304231643677
574 3.0153565406799316
575 0.8615304231643677
576 7.7537736892700195
577 0.43076521158218384
578 6.030713081359863
579 6.892243385314941
580 4.307651996612549
581 5.169182300567627
582 5.169182777404785
583 13.784486770629883
584 4.738417148590088
585 20.24596405029297
586 8.615304946899414
587 7.3230085372924805
588 1.7230608463287354
589 9.046070098876953
590 8.615303993225098
591 21.969024658203125
592 0.43076521158218384
593 11.199894905090332
594 5.599947929382324
595 12.492191314697266
596 15.507547378540039
597 13.784486770629883
598 13.784486770629883
599 2.1538262367248535
600 16.369077682495117
601 12.492191314697266
602 3.8768868446350098
603 14.646017074584961
604 0.8615304231643677
605 17.661373138427734
606 8.615304946899414
607 3.4461216926574707
608 0.8615304231643677
609 11.630661010742188
610 8.184538841247559
611 2.1538259983062744
612 16.799842834472656
613 10.338364601135254
614 14.646017074584961
615 6.892243385314941
616 16.799842834472656
617 5.599947929382324
618 1.7230608463287354
619 4.738417625427246
620 13.353721618652344
621 32.30739212036133
622 12.922956466674805
623 7.3230085372924805
624 10.76913070678711
625 15.938312530517578
626 12.061426162719727
627 4.738417625427246
628 13.353721618652344
629 9.476834297180176
630 18.522903442382813
631 4.738417625427246
632 9.046070098876953
633 8.615303993225098
634 12.061426162719727
635 17.661373138427734
636 6.030713081359863
637 8.184538841247559
638 14.215251922607422
639 2.5845913887023926
640 7.7537736892700195
641 17.661373138427734
642 8.615303993225098
643 14.215251922607422
644 4.307651996612549
645 3.4461216926574707
646 9.476834297180176
647 8.615303993225098
648 9.476835250854492
649 0.43076521158218384
650 5.599947452545166
651 8.615304946899414
652 12.922956466674805
653 20.676729202270508
654 12.922956466674805
655 17.230607986450195
656 14.215251922607422
657 16.799842834472656
658 10.33836555480957
659 5.599947929382324
660 6.461478233337402
661 2.5845913887023926
662 5.169182300567627
663 13.353721618652344
664 1.7230608463287354
665 4.738417148590088
666 6.461478233337402
667 42.64575958251953
668 10.33836555480957
669 8.615303993225098
670 12.922956466674805
671 6.8922438621521
672 3.4461216926574707
673 0.0
674 10.769129753112793
675 24.122852325439453
676 10.76913070678711
677 15.507547378540039
678 10.33836555480957
679 18.522903442382813
680 12.922956466674805
681 19.38443374633789
682 10.338364601135254
683 11.630661010742188
684 3.0153565406799316
685 9.907599449157715
686 15.507547378540039
687 18.95366859436035
688 12.492191314697266
689 13.784486770629883
690 10.338364601135254
691 19.38443374633789
692 4.738417148590088
693 15.0767822265625
694 6.461478233337402
695 5.169182777404785
696 2.5845913887023926
697 12.492191314697266
698 14.215251922607422
699 17.661373138427734
700 12.492191314697266
701 6.030713081359863
702 6.892243385314941
703 13.353721618652344
704 5.169182300567627
705 2.5845913887023926
706 9.046069145202637
707 3.876887083053589
708 12.492191314697266
709 5.599947929382324
710 3.8768868446350098
711 5.599947929382324
712 8.615303993225098
713 6.8922438621521
714 5.599947452545166
715 16.799842834472656
716 4.307651996612549
717 0.0
718 3.8768868446350098
719 6.461478233337402
720 2.5845913887023926
721 6.461478233337402
722 3.8768868446350098
723 8.184538841247559
724 4.307651996612549
725 12.922956466674805
726 18.092138290405273
727 5.599947929382324
728 21.538259506225586
729 6.461478233337402
730 5.599947929382324
731 14.646017074584961
732 2.5845913887023926
733 2.1538259983062744
734 6.030713081359863
735 28.861268997192383
736 9.907600402832031
737 9.046070098876953
738 10.769129753112793
739 7.7537736892700195
740 9.907599449157715
741 10.338364601135254
742 8.184539794921875
743 0.43076521158218384
744 7.7537736892700195
745 0.43076521158218384
746 0.8615304231643677
747 15.507547378540039
748 12.922956466674805
749 21.107494354248047
750 0.43076521158218384
751 6.030713081359863
752 8.184538841247559
753 11.630661010742188
754 8.615304946899414
755 4.738417625427246
756 15.507547378540039
757 12.922956466674805
758 9.907599449157715
759 3.4461216926574707
760 21.53826141357422
761 17.661373138427734
762 10.769129753112793
763 3.4461216926574707
764 5.169182300567627
765 5.169182300567627
766 6.892243385314941
767 8.184538841247559
768 13.353720664978027
769 11.199894905090332
770 16.799842834472656
771 19.81519889831543
772 5.169182777404785
773 3.0153565406799316
774 16.799842834472656
775 1.7230608463287354
776 2.5845913887023926
777 10.76913070678711
778 1.7230608463287354
779 16.369077682495117
780 17.661375045776367
781 8.615303993225098
782 23.261322021484375
783 2.1538262367248535
784 0.8615304231643677
785 11.630661010742188
786 9.046069145202637
787 1.7230608463287354
788 16.799842834472656
789 8.184538841247559
790 19.38443374633789
791 20.24596405029297
792 2.5845913887023926
793 9.046069145202637
794 9.907599449157715
795 4.307651996612549
796 4.307651996612549
797 6.461478233337402
798 13.784486770629883
799 3.0153565406799316
800 6.892243385314941
801 3.8768868446350098
802 12.492191314697266
803 7.7537736892700195
804 8.615303993225098
805 10.76913070678711
806 23.261322021484375
807 6.030713081359863
808 8.184539794921875
809 4.307651996612549
810 12.061426162719727
811 6.030713081359863
812 2.1538259983062744
813 13.784486770629883
814 27.568973541259766
815 12.492191314697266
816 18.092138290405273
817 15.0767822265625
818 1.7230608463287354
819 6.461478233337402
820 21.107494354248047
821 25.845911026000977
822 4.307651996612549
823 2.5845913887023926
824 20.24596405029297
825 4.738417148590088
826 5.169182300567627
827 24.12285041809082
828 22.399789810180664
829 6.461478233337402
830 1.2922956943511963
831 0.43076521158218384
832 4.307651996612549
833 19.38443374633789
834 11.630660057067871
835 12.922956466674805
836 15.938312530517578
837 12.922956466674805
838 12.922956466674805
839 24.553617477416992
840 24.55361557006836
841 6.461478233337402
842 25.84591293334961
843 0.43076521158218384
844 0.43076521158218384
845 2.5845913887023926
846 7.7537736892700195
847 12.49219036102295
848 10.338364601135254
849 20.676729202270508
850 3.4461216926574707
851 15.938312530517578
852 12.922956466674805
853 7.3230085372924805
854 21.969024658203125
855 12.492191314697266
856 8.184538841247559
857 6.461478233337402
858 5.599947929382324
859 1.2922956943511963
860 9.046069145202637
861 15.0767822265625
862 2.1538262367248535
863 14.646017074584961
864 17.230607986450195
865 8.184538841247559
866 4.738417625427246
867 22.399791717529297
868 9.476834297180176
869 10.33836555480957
870 1.7230608463287354
871 15.938312530517578
872 2.5845911502838135
873 9.476835250854492
874 6.892243385314941
875 4.307651996612549
876 6.030713081359863
877 17.661373138427734
878 5.599947929382324
879 13.784485816955566
880 3.4461216926574707
881 3.8768868446350098
882 9.907599449157715
883 15.0767822265625
884 15.0767822265625
885 7.7537736892700195
886 3.4461216926574707
887 18.95366859436035
888 8.615303993225098
889 14.215251922607422
890 2.1538262367248535
891 21.107494354248047
892 1.2922956943511963
893 18.092140197753906
894 8.615303993225098
895 7.7537736892700195
896 6.892243385314941
897 0.43076521158218384
898 6.892243385314941
899 4.307651996612549
900 11.630660057067871
901 3.4461216926574707
902 9.476835250854492
903 0.43076521158218384
904 7.3230085372924805
905 1.7230608463287354
906 7.3230085372924805
907 7.7537736892700195
908 3.8768868446350098
909 8.615303993225098
910 5.599947929382324
911 1.7230608463287354
912 15.0767822265625
913 2.5845913887023926
914 16.799842834472656
915 6.892243385314941
916 6.461478233337402
917 4.738417148590088
918 11.199894905090332
919 14.646017074584961
920 6.461478233337402
921 17.661373138427734
922 7.7537736892700195
923 7.3230085372924805
924 5.599947929382324
925 10.338364601135254
926 9.476834297180176
927 27.568971633911133
928 12.06142520904541
929 2.5845911502838135
930 15.076783180236816
931 13.784486770629883
932 16.369077682495117
933 9.046069145202637
934 13.784486770629883
935 21.969024658203125
936 15.938312530517578
937 4.307651996612549
938 3.8768868446350098
939 1.2922956943511963
940 15.938312530517578
941 6.892243385314941
942 8.184538841247559
943 5.599947929382324
944 5.169182777404785
945 9.046069145202637
946 12.922956466674805
947 1.2922956943511963
948 9.046069145202637
949 12.061426162719727
950 6.030713081359863
951 4.307652473449707
952 7.3230085372924805
953 3.4461216926574707
954 23.692087173461914
955 3.4461216926574707
956 2.5845913887023926
957 4.738417148590088
958 10.76913070678711
959 24.98438262939453
960 0.8615304231643677
961 1.7230608463287354
962 5.599947929382324
963 7.7537736892700195
964 12.922956466674805
965 0.43076521158218384
966 6.892243385314941
967 13.353721618652344
968 17.230607986450195
969 12.06142520904541
970 3.0153565406799316
971 10.76913070678711
972 18.522903442382813
973 23.692087173461914
974 6.030712604522705
975 27.568973541259766
976 20.24596405029297
977 3.0153565406799316
978 15.938312530517578
979 21.969024658203125
980 3.0153565406799316
981 31.015094757080078
982 19.38443374633789
983 14.215251922607422
984 7.7537736892700195
985 22.830554962158203
986 13.784486770629883
987 2.5845913887023926
988 13.784486770629883
989 17.230607986450195
990 3.4461216926574707
991 12.061426162719727
992 5.599947452545166
993 10.33836555480957
994 6.892243385314941
995 10.33836555480957
996 11.630661010742188
997 7.7537736892700195
998 9.476835250854492
999 8.184539794921875
1000 10.33836555480957
1001 9.907600402832031
1002 9.907600402832031
