# Selection:resname AU POPC Restricted:name AUC AUL AUSL Radius:2.64 Start:0 End:-1
0 64.18401336669922
1 63.322486877441406
2 1.7230608463287354
3 4.738417625427246
4 3.0153565406799316
5 0.8615304231643677
6 16.799842834472656
7 0.0
8 2.5845913887023926
9 0.0
10 4.307652473449707
11 6.030713081359863
12 4.307652473449707
13 3.0153565406799316
14 9.046070098876953
15 2.5845911502838135
16 3.4461216926574707
17 5.599947929382324
18 1.7230608463287354
19 0.0
20 0.0
21 3.4461216926574707
22 4.307651996612549
23 3.4461216926574707
24 2.5845911502838135
25 2.1538259983062744
26 0.43076521158218384
27 0.0
28 6.461478233337402
29 1.7230608463287354
30 2.1538262367248535
31 4.307651996612549
32 3.4461216926574707
33 1.2922956943511963
34 2.1538259983062744
35 6.030713081359863
36 12.922956466674805
37 5.599947452545166
38 3.876887083053589
39 0.43076521158218384
40 3.4461216926574707
41 0.0
42 1.2922956943511963
43 0.8615304231643677
44 3.8768868446350098
45 1.7230608463287354
46 3.0153565406799316
47 0.43076521158218384
48 4.307651996612549
49 0.0
50 4.738417148590088
51 3.876887083053589
52 0.0
53 6.030713081359863
54 0.0
55 4.307651996612549
56 4.738417148590088
57 1.7230608463287354
58 0.8615304231643677
59 3.4461216926574707
60 1.7230608463287354
61 0.0
62 0.43076521158218384
63 0.8615304231643677
64 1.2922956943511963
65 3.876887083053589
66 13.353721618652344
67 0.0
68 0.0
69 2.1538262367248535
70 7.3230085372924805
71 5.599947452545166
72 0.0
73 4.738417148590088
74 12.49219036102295
75 0.0
76 0.43076521158218384
77 2.5845913887023926
78 5.599947452545166
79 0.43076521158218384
80 0.8615304231643677
81 3.0153565406799316
82 3.0153565406799316
83 0.0
84 6.892243385314941
85 0.43076521158218384
86 2.5845913887023926
87 0.43076521158218384
88 0.0
89 2.1538262367248535
90 2.1538259983062744
91 0.0
92 3.4461216926574707
93 13.784486770629883
94 2.5845913887023926
95 3.4461216926574707
96 4.738417148590088
97 7.3230085372924805
98 5.169182777404785
99 1.7230608463287354
100 0.8615304231643677
101 1.2922956943511963
102 1.2922956943511963
103 3.8768868446350098
104 1.7230608463287354
105 4.738417625427246
106 0.0
107 0.0
108 1.2922956943511963
109 1.7230608463287354
110 7.3230085372924805
111 0.0
112 0.43076521158218384
113 0.0
114 5.599947929382324
115 5.599947929382324
116 1.7230608463287354
117 0.43076521158218384
118 4.307652473449707
119 5.169182300567627
120 0.0
121 3.4461216926574707
122 3.0153565406799316
123 4.738417625427246
124 7.3230085372924805
125 0.0
126 1.2922956943511963
127 5.599947452545166
128 1.2922956943511963
129 7.753774166107178
130 0.0
131 1.2922956943511963
132 0.43076521158218384
133 12.061426162719727
134 2.5845913887023926
135 21.538259506225586
136 1.7230608463287354
137 0.0
138 4.738417625427246
139 1.7230608463287354
140 3.0153563022613525
141 0.0
142 9.476834297180176
143 0.0
144 0.0
145 0.0
146 1.2922956943511963
147 0.0
148 2.5845913887023926
149 3.0153565406799316
150 0.0
151 2.1538259983062744
152 0.0
153 0.0
154 1.2922956943511963
155 0.8615304231643677
156 4.307651996612549
157 3.4461216926574707
158 1.2922956943511963
159 2.5845913887023926
160 0.0
161 0.8615304231643677
162 0.0
163 3.8768868446350098
164 6.892243385314941
165 0.0
166 0.0
167 0.43076521158218384
168 3.4461216926574707
169 0.43076521158218384
170 0.0
171 5.599947929382324
172 2.5845911502838135
173 0.43076521158218384
174 0.0
175 7.7537736892700195
176 3.4461216926574707
177 1.7230608463287354
178 3.0153565406799316
179 3.4461216926574707
180 0.0
181 1.2922956943511963
182 1.2922956943511963
183 6.461478233337402
184 0.8615304231643677
185 1.7230608463287354
186 0.8615304231643677
187 0.8615304231643677
188 0.43076521158218384
189 3.8768868446350098
190 3.0153563022613525
191 0.8615304231643677
192 4.307651996612549
193 2.5845913887023926
194 6.892243385314941
195 4.738417625427246
196 2.1538259983062744
197 1.7230608463287354
198 0.0
199 3.4461216926574707
200 2.1538259983062744
201 0.0
202 10.76913070678711
203 2.1538259983062744
204 0.0
205 2.1538259983062744
206 0.0
207 0.8615304231643677
208 2.5845911502838135
209 2.1538262367248535
210 1.2922956943511963
211 0.43076521158218384
212 0.0
213 0.8615304231643677
214 0.0
215 0.43076521158218384
216 8.615303993225098
217 0.0
218 7.7537736892700195
219 1.2922956943511963
220 1.2922956943511963
221 0.0
222 2.5845913887023926
223 0.0
224 3.8768868446350098
225 0.0
226 0.0
227 0.0
228 1.7230608463287354
229 2.5845913887023926
230 0.8615304231643677
231 0.8615304231643677
232 0.0
233 0.43076521158218384
234 3.8768868446350098
235 0.43076521158218384
236 0.43076521158218384
237 0.0
238 0.0
239 0.0
240 0.0
241 2.5845913887023926
242 5.169182777404785
243 3.4461216926574707
244 5.169182300567627
245 0.43076521158218384
246 0.43076521158218384
247 0.0
248 5.169182777404785
249 4.738417148590088
250 2.5845911502838135
251 6.030712604522705
252 0.0
253 0.43076521158218384
254 3.0153563022613525
255 0.0
256 3.0153565406799316
257 4.738417148590088
258 0.43076521158218384
259 1.7230608463287354
260 1.2922956943511963
261 2.1538259983062744
262 2.5845913887023926
263 0.43076521158218384
264 0.8615304231643677
265 1.7230608463287354
266 9.476835250854492
267 0.0
268 4.738417625427246
269 6.892243385314941
270 8.615303993225098
271 2.5845911502838135
272 2.5845913887023926
273 4.738417625427246
274 6.030712604522705
275 0.0
276 2.5845913887023926
277 3.0153565406799316
278 0.0
279 0.0
280 6.892243385314941
281 0.43076521158218384
282 6.461478233337402
283 2.1538259983062744
284 4.307652473449707
285 2.1538262367248535
286 3.8768868446350098
287 0.43076521158218384
288 0.43076521158218384
289 0.0
290 0.0
291 1.2922956943511963
292 4.307651996612549
293 0.0
294 3.0153565406799316
295 1.2922956943511963
296 0.0
297 0.43076521158218384
298 9.476834297180176
299 4.307651996612549
300 6.8922438621521
301 2.5845913887023926
302 0.0
303 5.599947929382324
304 9.046070098876953
305 2.1538259983062744
306 0.8615304231643677
307 1.7230608463287354
308 2.1538262367248535
309 0.43076521158218384
310 4.307651996612549
311 3.4461216926574707
312 0.43076521158218384
313 2.5845913887023926
314 2.1538259983062744
315 3.4461216926574707
316 0.43076521158218384
317 3.0153565406799316
318 1.7230608463287354
319 16.369077682495117
320 7.3230085372924805
321 3.0153565406799316
322 2.1538259983062744
323 2.5845911502838135
324 11.630661010742188
325 2.5845911502838135
326 0.0
327 2.5845913887023926
328 0.43076521158218384
329 3.4461216926574707
330 2.1538262367248535
331 18.95366859436035
332 3.8768868446350098
333 0.0
334 0.43076521158218384
335 2.5845911502838135
336 3.4461216926574707
337 3.8768868446350098
338 0.43076521158218384
339 1.2922956943511963
340 0.0
341 0.8615304231643677
342 2.1538262367248535
343 0.0
344 2.1538259983062744
345 0.0
346 2.5845913887023926
347 2.1538262367248535
348 1.2922956943511963
349 0.43076521158218384
350 5.169182300567627
351 2.5845913887023926
352 0.0
353 3.4461216926574707
354 0.43076521158218384
355 2.5845913887023926
356 4.738417625427246
357 0.8615304231643677
358 0.0
359 0.8615304231643677
360 0.0
361 3.4461216926574707
362 7.7537736892700195
363 0.0
364 0.43076521158218384
365 0.0
366 1.2922956943511963
367 0.43076521158218384
368 1.7230608463287354
369 7.3230085372924805
370 3.0153565406799316
371 0.43076521158218384
372 0.8615304231643677
373 0.0
374 4.738417148590088
375 0.43076521158218384
376 0.0
377 4.738417625427246
378 3.4461216926574707
379 0.43076521158218384
380 1.7230608463287354
381 1.7230608463287354
382 0.0
383 0.0
384 3.0153565406799316
385 5.599947452545166
386 0.43076521158218384
387 2.5845913887023926
388 0.0
389 3.8768868446350098
390 0.0
391 3.4461216926574707
392 4.738417148590088
393 2.1538259983062744
394 8.184538841247559
395 0.8615304231643677
396 1.7230608463287354
397 2.1538259983062744
398 0.0
399 1.7230608463287354
400 0.0
401 8.615303993225098
402 6.461478233337402
403 0.0
404 0.8615304231643677
405 0.8615304231643677
406 0.0
407 11.199894905090332
408 2.5845913887023926
409 4.738417625427246
410 13.353721618652344
411 3.0153565406799316
412 3.0153565406799316
413 3.0153565406799316
414 1.2922956943511963
415 0.0
416 6.461478233337402
417 0.0
418 4.738417148590088
419 3.0153565406799316
420 0.0
421 2.5845911502838135
422 0.8615304231643677
423 5.169182777404785
424 0.0
425 3.8768868446350098
426 3.876887083053589
427 4.738417148590088
428 2.1538259983062744
429 0.43076521158218384
430 0.0
431 3.0153565406799316
432 0.43076521158218384
433 0.43076521158218384
434 0.0
435 3.4461216926574707
436 4.738417625427246
437 5.599947929382324
438 0.43076521158218384
439 2.1538259983062744
440 8.184538841247559
441 0.0
442 0.0
443 2.5845913887023926
444 0.0
445 2.1538259983062744
446 3.4461216926574707
447 6.030713081359863
448 2.1538262367248535
449 1.2922956943511963
450 0.0
451 0.8615304231643677
452 0.0
453 5.599947929382324
454 0.0
455 1.7230608463287354
456 3.8768868446350098
457 2.1538262367248535
458 11.630661010742188
459 0.0
460 0.43076521158218384
461 0.0
462 5.169182777404785
463 2.5845911502838135
464 3.4461216926574707
465 9.907600402832031
466 0.8615304231643677
467 4.307651996612549
468 8.184539794921875
469 0.0
470 0.8615304231643677
471 3.8768868446350098
472 1.2922956943511963
473 1.7230608463287354
474 3.8768868446350098
475 3.876887083053589
476 0.0
477 11.199894905090332
478 1.7230608463287354
479 0.43076521158218384
480 0.8615304231643677
481 1.2922956943511963
482 1.7230608463287354
483 3.8768868446350098
484 2.5845911502838135
485 7.7537736892700195
486 0.8615304231643677
487 5.599947929382324
488 4.307651996612549
489 1.2922956943511963
490 0.43076521158218384
491 9.476835250854492
492 1.2922956943511963
493 0.8615304231643677
494 0.0
495 1.7230608463287354
496 0.8615304231643677
497 4.307652473449707
498 9.476834297180176
499 1.2922956943511963
500 1.7230608463287354
501 7.3230085372924805
502 0.0
503 1.7230608463287354
504 4.738417625427246
505 4.307651996612549
506 0.8615304231643677
507 5.169182300567627
508 0.43076521158218384
509 1.2922956943511963
510 3.0153565406799316
511 2.1538262367248535
512 2.5845913887023926
513 0.0
514 8.615303993225098
515 1.2922956943511963
516 3.0153565406799316
517 0.0
518 4.307651996612549
519 12.492191314697266
520 0.0
521 4.307652473449707
522 0.43076521158218384
523 0.0
524 3.876887083053589
525 0.0
526 0.0
527 3.0153565406799316
528 1.7230608463287354
529 0.0
530 3.8768868446350098
531 6.892243385314941
532 2.5845911502838135
533 3.0153565406799316
534 2.5845913887023926
535 1.2922956943511963
536 0.0
537 0.43076521158218384
538 3.4461216926574707
539 4.307651996612549
540 4.738417625427246
541 3.8768868446350098
542 6.030713081359863
543 0.43076521158218384
544 1.2922956943511963
545 4.307651996612549
546 0.8615304231643677
547 11.199895858764648
548 2.1538259983062744
549 0.43076521158218384
550 3.0153565406799316
551 0.43076521158218384
552 6.030713081359863
553 0.0
554 0.0
555 7.7537736892700195
556 0.0
557 4.307651996612549
558 3.0153565406799316
559 6.030713081359863
560 6.892243385314941
561 1.2922956943511963
562 0.0
563 0.8615304231643677
564 0.0
565 5.169182777404785
566 3.8768868446350098
567 3.4461216926574707
568 0.43076521158218384
569 3.8768868446350098
570 6.030713081359863
571 1.2922956943511963
572 0.0
573 0.0
574 0.0
575 0.8615304231643677
576 4.738417148590088
577 0.0
578 6.030713081359863
579 0.43076521158218384
580 1.2922956943511963
581 3.4461216926574707
582 5.169182777404785
583 0.43076521158218384
584 4.307651996612549
585 11.630661010742188
586 4.738417625427246
587 7.3230085372924805
588 5.169182777404785
589 0.43076521158218384
590 3.0153565406799316
591 8.184538841247559
592 0.0
593 0.0
594 3.0153565406799316
595 5.169182777404785
596 2.5845911502838135
597 0.8615304231643677
598 1.7230608463287354
599 1.2922956943511963
600 0.0
601 0.43076521158218384
602 0.8615304231643677
603 2.1538262367248535
604 0.8615304231643677
605 12.061426162719727
606 6.892243385314941
607 0.0
608 0.8615304231643677
609 4.738417625427246
610 3.0153563022613525
611 2.1538259983062744
612 1.2922956943511963
613 2.5845911502838135
614 1.7230608463287354
615 1.7230608463287354
616 3.0153565406799316
617 2.5845913887023926
618 1.2922956943511963
619 3.0153565406799316
620 2.5845913887023926
621 1.7230608463287354
622 0.43076521158218384
623 1.2922956943511963
624 4.738417625427246
625 3.4461216926574707
626 1.7230608463287354
627 1.2922956943511963
628 0.0
629 7.7537736892700195
630 4.307651996612549
631 4.738417625427246
632 0.8615304231643677
633 2.1538259983062744
634 2.1538259983062744
635 11.630661010742188
636 0.43076521158218384
637 8.184538841247559
638 2.1538262367248535
639 0.0
640 2.5845913887023926
641 4.307651996612549
642 8.615303993225098
643 4.738417625427246
644 0.43076521158218384
645 3.4461216926574707
646 0.0
647 3.8768868446350098
648 2.5845913887023926
649 0.0
650 0.43076521158218384
651 0.0
652 5.169182777404785
653 1.2922956943511963
654 3.8768868446350098
655 8.615304946899414
656 1.7230608463287354
657 10.338364601135254
658 5.599947452545166
659 8.184538841247559
660 4.307651996612549
661 0.0
662 0.43076521158218384
663 3.4461216926574707
664 1.7230608463287354
665 4.738417148590088
666 3.0153565406799316
667 8.184538841247559
668 0.43076521158218384
669 2.1538262367248535
670 0.43076521158218384
671 3.4461216926574707
672 3.4461216926574707
673 0.0
674 0.43076521158218384
675 0.0
676 1.7230608463287354
677 7.3230085372924805
678 3.876887083053589
679 2.5845913887023926
680 0.43076521158218384
681 11.199894905090332
682 2.5845913887023926
683 7.3230085372924805
684 1.2922956943511963
685 3.4461216926574707
686 0.0
687 12.061426162719727
688 3.4461216926574707
689 3.8768868446350098
690 3.0153565406799316
691 4.307651996612549
692 3.0153563022613525
693 2.1538259983062744
694 0.43076521158218384
695 3.4461216926574707
696 0.43076521158218384
697 0.43076521158218384
698 5.599947929382324
699 1.2922956943511963
700 4.738417148590088
701 3.4461216926574707
702 2.1538259983062744
703 4.738417148590088
704 0.8615304231643677
705 0.0
706 3.0153565406799316
707 2.5845913887023926
708 0.43076521158218384
709 0.43076521158218384
710 0.0
711 4.738417148590088
712 1.2922956943511963
713 2.5845913887023926
714 0.43076521158218384
715 0.0
716 0.0
717 0.0
718 1.7230608463287354
719 0.0
720 2.1538262367248535
721 3.0153565406799316
722 2.5845911502838135
723 2.5845911502838135
724 0.43076521158218384
725 0.0
726 3.4461216926574707
727 5.599947929382324
728 2.1538259983062744
729 2.5845911502838135
730 2.5845911502838135
731 7.3230085372924805
732 2.5845913887023926
733 0.0
734 1.2922956943511963
735 1.7230608463287354
736 3.8768868446350098
737 3.8768868446350098
738 7.3230085372924805
739 1.7230608463287354
740 0.8615304231643677
741 2.5845911502838135
742 1.2922956943511963
743 0.43076521158218384
744 2.1538259983062744
745 0.0
746 0.8615304231643677
747 0.43076521158218384
748 1.7230608463287354
749 13.784486770629883
750 0.43076521158218384
751 6.030713081359863
752 3.8768868446350098
753 1.7230608463287354
754 3.8768868446350098
755 0.0
756 0.0
757 12.922956466674805
758 3.0153565406799316
759 3.0153565406799316
760 3.876887083053589
761 17.661373138427734
762 2.1538262367248535
763 3.4461216926574707
764 5.169182300567627
765 0.43076521158218384
766 3.4461216926574707
767 0.0
768 2.1538259983062744
769 1.7230608463287354
770 12.061426162719727
771 3.0153565406799316
772 1.7230608463287354
773 3.0153565406799316
774 6.461478233337402
775 1.7230608463287354
776 0.0
777 10.33836555480957
778 1.7230608463287354
779 0.43076521158218384
780 2.5845913887023926
781 0.0
782 5.599947929382324
783 0.8615304231643677
784 0.43076521158218384
785 0.0
786 9.046069145202637
787 13.784486770629883
788 2.5845913887023926
789 0.43076521158218384
790 9.476834297180176
791 3.4461216926574707
792 2.5845913887023926
793 1.7230608463287354
794 5.169182777404785
795 0.8615304231643677
796 3.4461216926574707
797 5.599947929382324
798 1.7230608463287354
799 2.5845913887023926
800 0.0
801 1.7230608463287354
802 1.7230608463287354
803 0.43076521158218384
804 2.5845911502838135
805 1.7230608463287354
806 0.8615304231643677
807 4.738417625427246
808 0.0
809 1.7230608463287354
810 0.43076521158218384
811 3.8768868446350098
812 2.1538259983062744
813 4.307651996612549
814 9.046070098876953
815 0.0
816 5.169182300567627
817 4.307651996612549
818 0.43076521158218384
819 2.1538259983062744
820 7.3230085372924805
821 3.4461216926574707
822 0.0
823 0.43076521158218384
824 1.7230608463287354
825 0.8615304231643677
826 0.0
827 5.169182300567627
828 11.199895858764648
829 2.5845913887023926
830 0.43076521158218384
831 0.0
832 1.2922956943511963
833 1.2922956943511963
834 8.615303993225098
835 5.169182777404785
836 0.43076521158218384
837 12.922956466674805
838 4.307652473449707
839 0.8615304231643677
840 4.307652473449707
841 0.0
842 9.476835250854492
843 0.43076521158218384
844 0.43076521158218384
845 0.0
846 4.307652473449707
847 0.0
848 0.8615304231643677
849 2.1538259983062744
850 3.4461216926574707
851 3.8768868446350098
852 6.030713081359863
853 6.030713081359863
854 0.43076521158218384
855 3.8768868446350098
856 8.184538841247559
857 1.7230608463287354
858 3.0153565406799316
859 0.0
860 1.7230608463287354
861 0.0
862 2.1538262367248535
863 1.2922956943511963
864 5.599947929382324
865 0.8615304231643677
866 0.43076521158218384
867 8.615303993225098
868 1.2922956943511963
869 0.43076521158218384
870 0.43076521158218384
871 6.030713081359863
872 0.0
873 3.0153565406799316
874 5.169182777404785
875 1.7230608463287354
876 3.4461216926574707
877 4.307651996612549
878 0.0
879 6.461478233337402
880 3.4461216926574707
881 0.8615304231643677
882 0.43076521158218384
883 0.43076521158218384
884 4.307651996612549
885 5.599947929382324
886 1.2922956943511963
887 0.43076521158218384
888 2.5845911502838135
889 1.2922956943511963
890 1.2922956943511963
891 6.892243385314941
892 0.43076521158218384
893 0.43076521158218384
894 7.3230085372924805
895 6.461478233337402
896 0.0
897 0.0
898 3.8768868446350098
899 1.7230608463287354
900 9.907599449157715
901 0.8615304231643677
902 2.5845913887023926
903 0.0
904 0.43076521158218384
905 1.7230608463287354
906 3.876887083053589
907 2.5845911502838135
908 3.4461216926574707
909 5.169182777404785
910 1.7230608463287354
911 0.0
912 7.7537736892700195
913 1.2922956943511963
914 3.876887083053589
915 5.599947452545166
916 3.0153565406799316
917 0.43076521158218384
918 7.3230085372924805
919 0.8615304231643677
920 4.307652473449707
921 0.43076521158218384
922 0.0
923 0.0
924 4.307651996612549
925 3.0153565406799316
926 1.2922956943511963
927 2.1538259983062744
928 0.0
929 2.5845911502838135
930 5.169182777404785
931 0.0
932 2.1538259983062744
933 1.7230608463287354
934 6.030713081359863
935 9.046069145202637
936 0.8615304231643677
937 0.0
938 2.5845913887023926
939 1.2922956943511963
940 2.5845911502838135
941 6.030713081359863
942 1.2922956943511963
943 0.43076521158218384
944 4.738417625427246
945 5.599947929382324
946 1.7230608463287354
947 1.2922956943511963
948 3.0153565406799316
949 6.892243385314941
950 2.1538259983062744
951 0.0
952 1.7230608463287354
953 3.4461216926574707
954 0.0
955 1.2922956943511963
956 2.5845913887023926
957 2.1538259983062744
958 5.169182777404785
959 11.630661010742188
960 0.8615304231643677
961 1.2922956943511963
962 5.599947929382324
963 5.599947452545166
964 5.169182777404785
965 0.0
966 0.43076521158218384
967 0.0
968 0.0
969 4.307651996612549
970 2.1538262367248535
971 2.5845913887023926
972 6.892243385314941
973 0.0
974 0.8615304231643677
975 6.461478233337402
976 6.030712604522705
977 0.0
978 0.8615304231643677
979 5.599947929382324
980 0.0
981 0.43076521158218384
982 2.5845913887023926
983 3.0153565406799316
984 2.5845913887023926
985 0.43076521158218384
986 9.046069145202637
987 1.7230608463287354
988 1.7230608463287354
989 2.5845913887023926
990 3.0153565406799316
991 0.43076521158218384
992 1.2922956943511963
993 0.0
994 0.0
995 4.738417148590088
996 0.8615304231643677
997 3.0153565406799316
998 5.599947929382324
999 3.4461216926574707
1000 8.184538841247559
1001 0.43076521158218384
1002 0.43076521158218384
