# Selection:resname AU POPC Restricted:name AUC AUL AUSL Radius:2.64 Start:0 End:-1
0 258.0283508300781
1 257.59759521484375
2 0.0
3 0.0
4 1.7230608463287354
5 0.0
6 0.43076521158218384
7 0.0
8 0.0
9 0.0
10 0.0
11 0.0
12 0.0
13 0.0
14 0.0
15 0.43076521158218384
16 0.8615304231643677
17 0.0
18 0.0
19 0.8615304231643677
20 0.43076521158218384
21 0.0
22 0.0
23 0.0
24 0.0
25 0.0
26 0.43076521158218384
27 0.0
28 0.0
29 2.1538259983062744
30 0.0
31 0.0
32 0.0
33 0.0
34 0.43076521158218384
35 0.0
36 0.43076521158218384
37 0.0
38 0.8615304231643677
39 0.0
40 0.0
41 0.8615304231643677
42 1.7230608463287354
43 0.43076521158218384
44 0.43076521158218384
45 0.0
46 0.0
47 1.7230608463287354
48 0.0
49 0.0
50 4.738417148590088
51 0.43076521158218384
52 0.0
53 1.2922956943511963
54 0.8615304231643677
55 0.0
56 0.0
57 0.0
58 0.8615304231643677
59 2.1538259983062744
60 0.0
61 0.0
62 0.0
63 0.0
64 1.2922956943511963
65 0.8615304231643677
66 0.0
67 0.0
68 0.0
69 0.0
70 0.8615304231643677
71 1.7230608463287354
72 0.8615304231643677
73 0.0
74 0.43076521158218384
75 1.7230608463287354
76 1.2922956943511963
77 3.0153565406799316
78 0.0
79 0.43076521158218384
80 1.7230608463287354
81 0.0
82 2.1538259983062744
83 0.0
84 0.0
85 5.599947929382324
86 0.0
87 1.2922956943511963
88 0.0
89 0.0
90 0.8615304231643677
91 0.0
92 0.0
93 0.0
94 0.0
95 0.0
96 0.0
97 0.0
98 0.43076521158218384
99 0.0
100 0.0
101 0.0
102 0.8615304231643677
103 0.0
104 0.0
105 0.43076521158218384
106 0.0
107 6.461478233337402
108 0.8615304231643677
109 1.2922956943511963
110 0.8615304231643677
111 0.8615304231643677
112 0.0
113 0.0
114 0.8615304231643677
115 0.0
116 0.0
117 0.0
118 0.0
119 0.8615304231643677
120 1.7230608463287354
121 0.0
122 0.0
123 0.0
124 0.0
125 0.0
126 0.0
127 0.0
128 0.0
129 0.0
130 0.8615304231643677
131 1.2922956943511963
132 0.0
133 0.0
134 0.0
135 0.0
136 0.0
137 0.8615304231643677
138 0.0
139 0.0
140 0.43076521158218384
141 0.0
142 0.0
143 0.0
144 0.8615304231643677
145 1.2922956943511963
146 0.0
147 0.0
148 0.8615304231643677
149 0.0
150 0.0
151 0.0
152 1.2922956943511963
153 0.0
154 3.0153565406799316
155 0.0
156 0.0
157 0.0
158 0.0
159 0.0
160 0.0
161 0.8615304231643677
162 0.0
163 0.0
164 0.0
165 0.0
166 0.0
167 0.0
168 0.43076521158218384
169 0.0
170 1.2922956943511963
171 0.0
172 0.0
173 0.0
174 0.43076521158218384
175 0.8615304231643677
176 0.43076521158218384
177 0.0
178 0.0
179 1.7230608463287354
180 1.2922956943511963
181 0.0
182 2.1538259983062744
183 0.43076521158218384
184 0.0
185 0.0
186 0.0
187 0.0
188 0.0
189 3.0153565406799316
190 0.43076521158218384
191 0.0
192 0.0
193 0.0
194 0.0
195 0.8615304231643677
196 0.0
197 0.43076521158218384
198 0.0
199 0.0
200 0.8615304231643677
201 0.0
202 0.0
203 0.0
204 1.2922956943511963
205 0.0
206 1.2922956943511963
207 0.0
208 2.1538259983062744
209 0.8615304231643677
210 0.8615304231643677
211 1.2922956943511963
212 3.4461216926574707
213 0.8615304231643677
214 0.0
215 0.0
216 0.0
217 0.0
218 0.0
219 1.7230608463287354
220 0.43076521158218384
221 0.0
222 0.0
223 0.43076521158218384
224 0.8615304231643677
225 0.8615304231643677
226 2.1538259983062744
227 0.0
228 1.2922956943511963
229 0.0
230 0.0
231 2.1538262367248535
232 0.0
233 0.43076521158218384
234 0.0
235 0.0
236 0.0
237 0.0
238 2.1538259983062744
239 0.0
240 0.0
241 0.43076521158218384
242 0.0
243 0.8615304231643677
244 0.0
245 0.43076521158218384
246 0.0
247 0.0
248 0.0
249 0.0
250 4.307651996612549
251 0.0
252 0.0
253 0.43076521158218384
254 0.0
255 0.0
256 0.0
257 0.0
258 5.599947929382324
259 0.0
260 0.0
261 0.0
262 0.0
263 0.8615304231643677
264 0.0
265 0.0
266 0.0
267 0.43076521158218384
268 0.0
269 0.43076521158218384
270 0.0
271 0.0
272 0.0
273 0.0
274 4.307652473449707
275 0.0
276 1.2922956943511963
277 0.43076521158218384
278 0.0
279 1.7230608463287354
280 3.0153563022613525
281 0.8615304231643677
282 1.7230608463287354
283 4.307651996612549
284 1.7230608463287354
285 1.2922956943511963
286 1.7230608463287354
287 0.0
288 0.0
289 0.0
290 0.0
291 0.0
292 0.0
293 0.43076521158218384
294 0.43076521158218384
295 0.0
296 0.0
297 0.0
298 0.0
299 0.0
300 0.0
301 0.0
302 0.0
303 0.0
304 0.0
305 0.0
306 0.0
307 0.0
308 0.0
309 0.0
310 1.7230608463287354
311 2.1538262367248535
312 0.43076521158218384
313 0.8615304231643677
314 0.0
315 0.0
316 0.0
317 0.0
318 0.0
319 0.0
320 0.0
321 0.43076521158218384
322 0.0
323 0.0
324 0.0
325 0.0
326 0.0
327 5.169182777404785
328 0.43076521158218384
329 0.0
330 0.0
331 0.0
332 0.0
333 0.8615304231643677
334 0.8615304231643677
335 1.2922956943511963
336 0.0
337 0.0
338 0.0
339 0.0
340 0.0
341 0.0
342 3.0153565406799316
343 0.8615304231643677
344 0.0
345 3.4461216926574707
346 0.43076521158218384
347 0.0
348 1.7230608463287354
349 0.0
350 0.0
351 0.0
352 0.43076521158218384
353 0.0
354 0.43076521158218384
355 0.0
356 0.0
357 0.43076521158218384
358 0.0
359 1.2922956943511963
360 0.8615304231643677
361 0.0
362 0.0
363 0.0
364 0.0
365 0.43076521158218384
366 4.738417625427246
367 0.0
368 0.8615304231643677
369 1.2922956943511963
370 0.43076521158218384
371 6.030713081359863
372 0.43076521158218384
373 0.0
374 0.0
375 0.43076521158218384
376 0.0
377 2.1538262367248535
378 0.0
379 0.0
380 0.0
381 0.8615304231643677
382 0.0
383 12.492191314697266
384 0.0
385 0.0
386 0.43076521158218384
387 2.5845911502838135
388 0.0
389 0.0
390 0.0
391 0.0
392 0.0
393 0.0
394 0.0
395 0.0
396 0.0
397 0.0
398 0.8615304231643677
399 0.0
400 0.0
401 1.2922956943511963
402 0.0
403 0.0
404 0.0
405 0.0
406 0.43076521158218384
407 0.0
408 0.0
409 0.0
410 0.0
411 0.0
412 0.0
413 0.8615304231643677
414 1.2922956943511963
415 0.43076521158218384
416 3.8768868446350098
417 0.0
418 0.0
419 0.0
420 0.0
421 0.0
422 1.7230608463287354
423 0.0
424 0.0
425 0.0
426 0.8615304231643677
427 3.8768868446350098
428 1.2922956943511963
429 0.8615304231643677
430 0.0
431 1.7230608463287354
432 0.0
433 0.0
434 0.0
435 0.0
436 0.0
437 0.0
438 1.7230608463287354
439 1.2922956943511963
440 0.43076521158218384
441 3.0153565406799316
442 0.0
443 3.4461216926574707
444 0.8615304231643677
445 0.0
446 1.7230608463287354
447 1.7230608463287354
448 0.0
449 0.0
450 0.43076521158218384
451 0.0
452 1.7230608463287354
453 0.8615304231643677
454 0.0
455 0.0
456 0.8615304231643677
457 0.0
458 2.1538259983062744
459 0.0
460 1.7230608463287354
461 0.8615304231643677
462 0.0
463 0.0
464 0.0
465 0.0
466 0.0
467 0.0
468 0.0
469 2.5845913887023926
470 0.0
471 0.0
472 0.0
473 0.0
474 0.0
475 0.0
476 2.1538259983062744
477 0.0
478 0.0
479 0.43076521158218384
480 0.0
481 0.0
482 0.0
483 0.43076521158218384
484 0.0
485 0.0
486 0.0
487 0.0
488 0.0
489 0.0
490 0.8615304231643677
491 0.0
492 0.0
493 0.0
494 0.0
495 0.8615304231643677
496 0.0
497 0.0
498 1.2922956943511963
499 0.0
500 0.0
501 0.0
502 0.0
503 1.2922956943511963
504 0.0
505 0.0
506 0.43076521158218384
507 1.2922956943511963
508 0.0
509 0.0
510 0.0
511 0.0
512 0.8615304231643677
513 2.5845911502838135
514 0.0
515 0.43076521158218384
516 0.8615304231643677
517 1.7230608463287354
518 0.0
519 0.0
520 0.0
521 0.0
522 0.0
523 0.0
524 0.8615304231643677
525 0.0
526 0.43076521158218384
527 0.0
528 0.0
529 2.1538262367248535
530 0.8615304231643677
531 0.43076521158218384
532 1.2922956943511963
533 0.0
534 0.0
535 0.0
536 0.0
537 0.0
538 3.0153565406799316
539 0.0
540 2.1538259983062744
541 0.0
542 2.5845913887023926
543 1.7230608463287354
544 0.0
545 0.0
546 0.43076521158218384
547 1.7230608463287354
548 0.8615304231643677
549 0.0
550 0.0
551 0.43076521158218384
552 1.7230608463287354
553 0.43076521158218384
554 1.2922956943511963
555 0.43076521158218384
556 0.0
557 0.0
558 0.0
559 0.0
560 0.0
561 0.0
562 0.43076521158218384
563 0.8615304231643677
564 0.0
565 2.5845911502838135
566 0.0
567 2.5845913887023926
568 1.2922956943511963
569 0.0
570 1.2922956943511963
571 2.5845913887023926
572 0.0
573 0.0
574 0.0
575 0.0
576 0.0
577 0.0
578 0.0
579 0.0
580 0.0
581 0.8615304231643677
582 0.0
583 5.169182777404785
584 0.0
585 0.0
586 0.0
587 0.0
588 0.43076521158218384
589 0.43076521158218384
590 0.43076521158218384
591 0.0
592 0.0
593 0.0
594 0.43076521158218384
595 0.0
596 0.0
597 0.0
598 0.8615304231643677
599 0.43076521158218384
600 0.0
601 0.0
602 0.0
603 3.0153565406799316
604 0.0
605 0.0
606 0.0
607 0.43076521158218384
608 0.0
609 0.0
610 0.0
611 0.0
612 0.0
613 0.8615304231643677
614 0.0
615 0.0
616 0.0
617 0.0
618 2.1538259983062744
619 0.43076521158218384
620 0.0
621 0.0
622 0.43076521158218384
623 0.43076521158218384
624 0.43076521158218384
625 0.8615304231643677
626 0.0
627 0.43076521158218384
628 0.0
629 0.8615304231643677
630 0.0
631 0.43076521158218384
632 0.0
633 1.2922956943511963
634 0.0
635 0.0
636 0.8615304231643677
637 0.0
638 0.0
639 0.43076521158218384
640 0.0
641 0.0
642 0.0
643 0.0
644 0.0
645 0.43076521158218384
646 0.8615304231643677
647 0.0
648 0.0
649 0.43076521158218384
650 0.0
651 0.0
652 0.0
653 0.8615304231643677
654 0.0
655 0.43076521158218384
656 0.0
657 0.0
658 0.0
659 0.0
660 1.7230608463287354
661 0.0
662 0.0
663 0.0
664 1.2922956943511963
665 0.43076521158218384
666 1.7230608463287354
667 0.43076521158218384
668 1.2922956943511963
669 0.0
670 0.8615304231643677
671 0.0
672 0.0
673 0.0
674 2.1538259983062744
675 0.0
676 0.0
677 0.0
678 0.0
679 0.0
680 0.0
681 0.0
682 0.0
683 2.5845913887023926
684 0.0
685 0.0
686 0.0
687 0.0
688 4.307651996612549
689 0.0
690 0.0
691 0.43076521158218384
692 1.2922956943511963
693 0.0
694 0.8615304231643677
695 0.43076521158218384
696 0.0
697 0.0
698 0.43076521158218384
699 0.0
700 0.0
701 0.0
702 0.0
703 0.0
704 0.0
705 0.0
706 0.0
707 0.0
708 0.0
709 0.0
710 0.0
711 0.0
712 0.0
713 0.0
714 0.0
715 0.0
716 0.0
717 0.0
718 0.0
719 0.0
720 0.0
721 0.0
722 0.0
723 4.307651996612549
724 0.0
725 0.0
726 0.8615304231643677
727 0.0
728 0.0
729 0.0
730 1.7230608463287354
731 0.0
732 0.0
733 0.0
734 0.8615304231643677
735 1.2922956943511963
736 0.0
737 0.0
738 0.0
739 0.0
740 0.0
741 0.43076521158218384
742 1.7230608463287354
743 0.0
744 0.0
745 0.0
746 0.43076521158218384
747 1.2922956943511963
748 0.0
749 1.7230608463287354
750 0.0
751 0.43076521158218384
752 0.43076521158218384
753 0.0
754 0.8615304231643677
755 0.43076521158218384
756 0.0
757 0.0
758 4.738417625427246
759 0.0
760 1.7230608463287354
761 0.8615304231643677
762 0.0
763 0.0
764 0.0
765 0.0
766 4.307652473449707
767 0.0
768 0.0
769 0.0
770 0.0
771 0.0
772 0.0
773 0.43076521158218384
774 1.7230608463287354
775 1.7230608463287354
776 0.0
777 1.7230608463287354
778 0.0
779 0.43076521158218384
780 0.0
781 0.0
782 0.0
783 0.0
784 0.0
785 0.0
786 1.2922956943511963
787 0.0
788 0.0
789 1.2922956943511963
790 0.0
791 0.0
792 0.0
793 1.2922956943511963
794 0.0
795 0.0
796 2.1538259983062744
797 0.8615304231643677
798 0.0
799 0.8615304231643677
800 0.0
801 0.0
802 0.0
803 0.0
804 0.43076521158218384
805 0.0
806 0.0
807 0.0
808 0.0
809 0.0
810 0.0
811 0.0
812 6.461478233337402
813 2.1538262367248535
814 0.0
815 0.0
816 4.307652473449707
817 0.0
818 0.0
819 0.0
820 0.0
821 0.0
822 0.0
823 0.0
824 0.8615304231643677
825 0.43076521158218384
826 0.0
827 0.0
828 1.2922956943511963
829 0.0
830 0.8615304231643677
831 0.43076521158218384
832 1.2922956943511963
833 0.0
834 0.0
835 1.2922956943511963
836 3.4461216926574707
837 0.0
838 0.0
839 0.0
840 1.2922956943511963
841 0.43076521158218384
842 0.43076521158218384
843 0.0
844 2.5845913887023926
845 0.0
846 0.0
847 0.0
848 0.0
849 0.0
850 0.0
851 0.0
852 0.0
853 0.0
854 0.0
855 0.0
856 5.169182300567627
857 0.0
858 0.0
859 3.4461216926574707
860 0.0
861 0.0
862 0.0
863 1.2922956943511963
864 0.0
865 0.0
866 2.5845913887023926
867 0.0
868 0.0
869 0.43076521158218384
870 0.0
871 0.43076521158218384
872 0.0
873 0.0
874 0.0
875 0.0
876 0.0
877 0.0
878 0.0
879 0.0
880 0.8615304231643677
881 0.0
882 0.0
883 0.0
884 0.0
885 1.7230608463287354
886 0.43076521158218384
887 0.0
888 0.0
889 0.0
890 0.0
891 0.0
892 0.0
893 0.0
894 1.2922956943511963
895 0.8615304231643677
896 0.0
897 0.0
898 0.0
899 0.0
900 0.0
901 0.0
902 0.8615304231643677
903 0.0
904 0.0
905 0.0
906 0.0
907 0.0
908 0.0
909 0.0
910 0.0
911 5.169182777404785
912 0.0
913 0.0
914 1.2922956943511963
915 0.0
916 0.0
917 0.0
918 0.0
919 0.0
920 2.5845913887023926
921 0.0
922 0.8615304231643677
923 0.0
924 0.0
925 1.2922956943511963
926 0.8615304231643677
927 0.0
928 0.0
929 0.0
930 0.8615304231643677
931 0.0
932 0.8615304231643677
933 0.0
934 0.0
935 0.0
936 0.0
937 0.43076521158218384
938 0.0
939 0.0
940 0.0
941 0.0
942 2.1538262367248535
943 0.0
944 0.0
945 0.8615304231643677
946 0.0
947 0.43076521158218384
948 0.0
949 0.43076521158218384
950 0.8615304231643677
951 0.0
952 3.4461216926574707
953 0.8615304231643677
954 0.0
955 0.0
956 0.0
957 0.43076521158218384
958 0.8615304231643677
959 0.8615304231643677
960 0.0
961 0.8615304231643677
962 0.43076521158218384
963 0.0
964 0.0
965 0.0
966 0.0
967 0.0
968 0.0
969 0.0
970 3.8768868446350098
971 0.43076521158218384
972 0.0
973 0.43076521158218384
974 0.8615304231643677
975 0.43076521158218384
976 0.0
977 0.0
978 0.0
979 0.0
980 0.0
981 0.0
982 0.0
983 0.0
984 0.0
985 2.1538259983062744
986 0.0
987 0.0
988 0.0
989 0.0
990 0.0
991 0.43076521158218384
992 0.0
993 0.0
994 0.43076521158218384
995 0.0
996 1.2922956943511963
997 0.0
998 0.0
999 0.0
1000 0.8615304231643677
1001 0.0
1002 0.0
