# Selection 1:name NC3 PO4 GL1 GL2 Selection 2:name AUC AUSL AUL Cutoff:8 Start:0 End:-1
0 0
1 0
2 6
3 7
4 5
5 7
6 7
7 9
8 8
9 13
10 10
11 17
12 15
13 16
14 11
15 10
16 5
17 8
18 11
19 13
20 12
21 8
22 10
23 11
24 14
25 11
26 12
27 12
28 7
29 12
30 10
31 13
32 9
33 8
34 13
35 13
36 5
37 12
38 9
39 11
40 11
41 14
42 7
43 9
44 10
45 9
46 5
47 6
48 11
49 14
50 14
51 6
52 10
53 11
54 12
55 12
56 7
57 5
58 7
59 10
60 5
61 8
62 12
63 11
64 8
65 7
66 8
67 7
68 8
69 9
70 8
71 10
72 7
73 7
74 8
75 8
76 10
77 7
78 6
79 7
80 2
81 9
82 7
83 9
84 6
85 10
86 8
87 10
88 8
89 8
90 8
91 6
92 11
93 13
94 7
95 10
96 12
97 5
98 7
99 9
100 8
101 12
102 10
103 13
104 11
105 11
106 9
107 8
108 7
109 9
110 8
111 7
112 10
113 9
114 8
115 7
116 5
117 4
118 5
119 6
120 11
121 3
122 9
123 9
124 8
125 9
126 13
127 11
128 12
129 10
130 11
131 12
132 5
133 9
134 12
135 10
136 9
137 8
138 8
139 10
140 13
141 10
142 10
143 13
144 4
145 9
146 7
147 6
148 11
149 11
150 12
151 16
152 4
153 7
154 12
155 9
156 9
157 10
158 9
159 9
160 10
161 14
162 9
163 9
164 10
165 11
166 7
167 10
168 8
169 10
170 8
171 7
172 7
173 11
174 12
175 10
176 10
177 11
178 12
179 11
180 12
181 12
182 13
183 10
184 12
185 10
186 10
187 10
188 7
189 8
190 9
191 12
192 13
193 13
194 10
195 8
196 7
197 8
198 6
199 10
200 5
201 10
202 10
203 13
204 7
205 8
206 8
207 11
208 11
209 6
210 7
211 10
212 12
213 10
214 10
215 7
216 9
217 8
218 5
219 8
220 10
221 7
222 9
223 10
224 5
225 4
226 10
227 9
228 6
229 9
230 8
231 10
232 11
233 12
234 10
235 10
236 10
237 11
238 8
239 8
240 12
241 10
242 7
243 13
244 9
245 5
246 4
247 2
248 2
249 13
250 12
251 8
252 12
253 12
254 8
255 11
256 11
257 14
258 7
259 8
260 11
261 9
262 11
263 13
264 12
265 5
266 9
267 7
268 9
269 9
270 5
271 10
272 6
273 6
274 6
275 12
276 11
277 12
278 11
279 9
280 13
281 10
282 9
283 10
284 8
285 11
286 10
287 13
288 11
289 8
290 8
291 8
292 9
293 13
294 10
295 12
296 8
297 9
298 4
299 8
300 9
301 12
302 12
303 9
304 9
305 10
306 9
307 7
308 14
309 7
310 5
311 8
312 15
313 7
314 8
315 9
316 6
317 6
318 7
319 7
320 8
321 12
322 9
323 11
324 8
325 11
326 6
327 10
328 10
329 10
330 8
331 9
332 6
333 9
334 8
335 12
336 8
337 7
338 10
339 5
340 7
341 10
342 6
343 6
344 6
345 12
346 9
347 9
348 10
349 6
350 4
351 9
352 10
353 8
354 9
355 11
356 11
357 9
358 8
359 8
360 6
361 9
362 7
363 1
364 11
365 5
366 8
367 12
368 8
369 7
370 7
371 10
372 10
373 8
374 10
375 6
376 15
377 5
378 9
379 7
380 9
381 7
382 9
383 10
384 11
385 12
386 8
387 4
388 10
389 8
390 8
391 7
392 8
393 10
394 11
395 7
396 10
397 8
398 8
399 11
400 11
401 9
402 7
403 10
404 15
405 11
406 15
407 11
408 11
409 8
410 13
411 11
412 9
413 9
414 12
415 12
416 10
417 6
418 5
419 11
420 12
421 11
422 6
423 8
424 12
425 8
426 7
427 10
428 7
429 8
430 11
431 10
432 14
433 9
434 13
435 10
436 9
437 12
438 12
439 10
440 9
441 7
442 8
443 8
444 8
445 8
446 10
447 11
448 13
449 10
450 8
451 10
452 9
453 11
454 8
455 8
456 11
457 4
458 12
459 10
460 7
461 7
462 11
463 12
464 6
465 12
466 8
467 8
468 9
469 8
470 11
471 10
472 10
473 12
474 8
475 7
476 11
477 14
478 11
479 10
480 8
481 11
482 11
483 12
484 9
485 9
486 11
487 14
488 11
489 10
490 8
491 12
492 7
493 11
494 9
495 10
496 7
497 9
498 11
499 11
500 5
501 14
502 7
503 10
504 6
505 9
506 10
507 12
508 7
509 11
510 8
511 4
512 13
513 11
514 8
515 11
516 5
517 10
518 10
519 8
520 6
521 7
522 10
523 8
524 5
525 10
526 10
527 10
528 11
529 10
530 8
531 8
532 12
533 11
534 8
535 8
536 11
537 14
538 11
539 7
540 9
541 9
542 10
543 9
544 6
545 9
546 10
547 12
548 6
549 9
550 6
551 9
552 7
553 10
554 8
555 8
556 10
557 12
558 6
559 10
560 11
561 8
562 13
563 9
564 9
565 11
566 7
567 8
568 8
569 9
570 13
571 13
572 12
573 7
574 7
575 10
576 10
577 9
578 9
579 11
580 8
581 14
582 12
583 8
584 9
585 11
586 8
587 10
588 8
589 8
590 10
591 12
592 8
593 3
594 8
595 7
596 8
597 9
598 9
599 10
600 6
601 8
602 4
603 7
604 4
605 4
606 9
607 7
608 7
609 6
610 7
611 6
612 6
613 6
614 11
615 13
616 15
617 12
618 7
619 5
620 10
621 10
622 11
623 15
624 10
625 9
626 13
627 10
628 10
629 7
630 11
631 11
632 7
633 3
634 11
635 9
636 4
637 12
638 6
639 9
640 7
641 10
642 11
643 12
644 12
645 7
646 7
647 9
648 11
649 11
650 10
651 8
652 12
653 10
654 9
655 12
656 5
657 6
658 6
659 8
660 9
661 8
662 9
663 8
664 4
665 6
666 10
667 1
668 11
669 8
670 9
671 9
672 10
673 10
674 2
675 9
676 7
677 11
678 6
679 3
680 8
681 5
682 10
683 8
684 4
685 12
686 9
687 11
688 7
689 4
690 9
691 9
692 10
693 12
694 7
695 8
696 9
697 11
698 8
699 10
700 9
701 12
702 11
703 10
704 4
705 6
706 11
707 9
708 11
709 11
710 9
711 10
712 11
713 9
714 14
715 16
716 13
717 13
718 16
719 11
720 7
721 13
722 9
723 7
724 9
725 12
726 12
727 9
728 11
729 14
730 13
731 15
732 9
733 13
734 8
735 7
736 8
737 11
738 10
739 7
740 15
741 11
742 10
743 10
744 10
745 10
746 15
747 11
748 12
749 10
750 12
751 10
752 13
753 10
754 8
755 6
756 13
757 9
758 8
759 10
760 11
761 9
762 7
763 10
764 11
765 7
766 9
767 5
768 8
769 8
770 12
771 7
772 6
773 6
774 10
775 11
776 10
777 8
778 9
779 7
780 11
781 13
782 14
783 10
784 10
785 9
786 12
787 7
788 9
789 5
790 8
791 10
792 10
793 11
794 13
795 10
796 11
797 12
798 9
799 8
800 10
801 12
802 9
803 10
804 10
805 14
806 8
807 8
808 10
809 6
810 9
811 8
812 6
813 9
814 10
815 7
816 5
817 11
818 6
819 5
820 7
821 9
822 8
823 11
824 8
825 13
826 8
827 9
828 7
829 13
830 9
831 9
832 7
833 5
834 8
835 9
836 9
837 5
838 6
839 11
840 11
841 13
842 14
843 5
844 7
845 5
846 6
847 9
848 8
849 11
850 8
851 9
852 13
853 11
854 13
855 8
856 7
857 7
858 8
859 9
860 7
861 7
862 9
863 12
864 8
865 3
866 14
867 9
868 9
869 10
870 13
871 8
872 6
873 12
874 7
875 12
876 10
877 10
878 8
879 7
880 9
881 10
882 8
883 7
884 8
885 13
886 7
887 14
888 13
889 10
890 9
891 7
892 10
893 10
894 8
895 12
896 10
897 14
898 7
899 8
900 12
901 11
902 10
903 8
904 7
905 8
906 10
907 12
908 7
909 9
910 8
911 9
912 9
913 11
914 7
915 10
916 9
917 11
918 3
919 9
920 10
921 11
922 10
923 9
924 10
925 10
926 9
927 12
928 6
929 9
930 11
931 12
932 8
933 7
934 8
935 5
936 11
937 7
938 7
939 11
940 11
941 9
942 6
943 10
944 5
945 6
946 5
947 4
948 4
949 7
950 7
951 10
952 8
953 6
954 11
955 11
956 13
957 13
958 13
959 15
960 17
961 10
962 13
963 11
964 9
965 7
966 11
967 12
968 11
969 9
970 12
971 7
972 10
973 5
974 10
975 7
976 11
977 10
978 11
979 9
980 13
981 10
982 14
983 9
984 11
985 12
986 8
987 11
988 10
989 7
990 10
991 11
992 5
993 10
994 11
995 11
996 11
997 14
998 8
999 10
1000 8
1001 8
1002 8
