# Selection 1:name C1A D2A C3A C4A C1B C2B C3B C4B Selection 2:name AUC AUSL AUL Cutoff:8 Start:0 End:-1
0 0
1 0
2 24
3 23
4 41
5 32
6 31
7 29
8 29
9 25
10 29
11 24
12 32
13 32
14 30
15 24
16 43
17 32
18 31
19 35
20 39
21 30
22 31
23 38
24 35
25 31
26 28
27 34
28 36
29 31
30 40
31 26
32 27
33 23
34 34
35 36
36 34
37 29
38 32
39 36
40 30
41 37
42 34
43 42
44 37
45 39
46 27
47 34
48 24
49 39
50 35
51 30
52 30
53 33
54 36
55 34
56 32
57 34
58 29
59 32
60 32
61 29
62 29
63 33
64 38
65 36
66 31
67 30
68 31
69 38
70 30
71 32
72 30
73 32
74 33
75 29
76 34
77 35
78 36
79 26
80 32
81 31
82 26
83 26
84 30
85 37
86 36
87 31
88 33
89 40
90 38
91 36
92 27
93 32
94 25
95 31
96 34
97 31
98 35
99 36
100 39
101 28
102 31
103 31
104 34
105 27
106 37
107 25
108 37
109 39
110 31
111 31
112 38
113 38
114 30
115 31
116 32
117 30
118 38
119 28
120 29
121 35
122 27
123 30
124 27
125 35
126 31
127 35
128 36
129 34
130 32
131 33
132 35
133 34
134 36
135 41
136 35
137 27
138 34
139 34
140 38
141 31
142 34
143 29
144 39
145 33
146 41
147 37
148 30
149 31
150 30
151 41
152 31
153 33
154 31
155 33
156 29
157 27
158 36
159 32
160 31
161 27
162 24
163 38
164 35
165 34
166 29
167 28
168 40
169 37
170 32
171 29
172 30
173 30
174 29
175 26
176 28
177 39
178 33
179 27
180 35
181 34
182 33
183 31
184 32
185 37
186 40
187 36
188 33
189 30
190 29
191 29
192 26
193 28
194 42
195 37
196 31
197 36
198 23
199 30
200 28
201 35
202 30
203 36
204 34
205 34
206 30
207 29
208 34
209 31
210 25
211 35
212 33
213 35
214 31
215 34
216 33
217 43
218 38
219 26
220 35
221 33
222 38
223 36
224 30
225 34
226 35
227 28
228 31
229 34
230 42
231 37
232 26
233 29
234 31
235 37
236 40
237 37
238 31
239 27
240 28
241 30
242 35
243 33
244 33
245 38
246 30
247 32
248 34
249 31
250 28
251 36
252 36
253 34
254 30
255 41
256 45
257 38
258 32
259 27
260 33
261 42
262 29
263 32
264 29
265 36
266 29
267 27
268 33
269 31
270 28
271 30
272 31
273 36
274 30
275 31
276 31
277 40
278 34
279 40
280 28
281 36
282 32
283 32
284 26
285 32
286 30
287 32
288 35
289 33
290 26
291 39
292 27
293 33
294 32
295 34
296 30
297 35
298 40
299 35
300 34
301 26
302 37
303 37
304 45
305 28
306 34
307 31
308 34
309 34
310 34
311 32
312 29
313 39
314 35
315 32
316 30
317 28
318 38
319 36
320 35
321 36
322 26
323 33
324 31
325 31
326 28
327 35
328 39
329 33
330 38
331 36
332 32
333 35
334 32
335 31
336 37
337 37
338 31
339 28
340 27
341 39
342 39
343 32
344 24
345 31
346 30
347 35
348 30
349 30
350 21
351 35
352 38
353 35
354 30
355 33
356 37
357 37
358 40
359 29
360 37
361 38
362 39
363 33
364 36
365 35
366 35
367 33
368 36
369 34
370 30
371 30
372 32
373 42
374 30
375 30
376 33
377 25
378 26
379 30
380 25
381 31
382 36
383 34
384 34
385 20
386 27
387 40
388 39
389 31
390 32
391 45
392 29
393 31
394 25
395 30
396 32
397 37
398 38
399 32
400 30
401 31
402 37
403 29
404 19
405 36
406 27
407 25
408 26
409 41
410 19
411 33
412 35
413 26
414 33
415 42
416 32
417 29
418 37
419 37
420 43
421 40
422 27
423 27
424 38
425 34
426 30
427 27
428 38
429 31
430 31
431 32
432 32
433 30
434 39
435 36
436 27
437 33
438 33
439 37
440 29
441 34
442 27
443 36
444 28
445 32
446 39
447 28
448 38
449 29
450 33
451 38
452 27
453 30
454 36
455 34
456 42
457 27
458 32
459 25
460 35
461 34
462 34
463 35
464 37
465 33
466 35
467 27
468 39
469 29
470 28
471 34
472 29
473 35
474 39
475 26
476 29
477 32
478 31
479 28
480 32
481 31
482 26
483 30
484 32
485 35
486 29
487 38
488 33
489 42
490 27
491 29
492 35
493 35
494 32
495 36
496 33
497 30
498 31
499 31
500 31
501 29
502 37
503 34
504 29
505 27
506 30
507 32
508 26
509 34
510 36
511 35
512 35
513 38
514 32
515 39
516 36
517 38
518 32
519 40
520 33
521 31
522 35
523 38
524 27
525 32
526 35
527 31
528 32
529 26
530 30
531 42
532 25
533 35
534 30
535 31
536 42
537 37
538 29
539 30
540 35
541 35
542 35
543 23
544 36
545 36
546 35
547 33
548 25
549 25
550 26
551 35
552 30
553 29
554 29
555 26
556 36
557 35
558 35
559 24
560 31
561 38
562 27
563 34
564 38
565 32
566 26
567 29
568 45
569 31
570 36
571 34
572 27
573 28
574 35
575 40
576 40
577 33
578 29
579 31
580 34
581 37
582 21
583 32
584 32
585 28
586 26
587 35
588 39
589 41
590 32
591 30
592 37
593 34
594 25
595 41
596 36
597 30
598 25
599 36
600 28
601 30
602 32
603 31
604 30
605 30
606 36
607 32
608 45
609 35
610 35
611 27
612 29
613 32
614 32
615 42
616 40
617 30
618 38
619 43
620 40
621 38
622 40
623 35
624 39
625 24
626 36
627 31
628 31
629 34
630 32
631 45
632 38
633 30
634 39
635 30
636 37
637 30
638 30
639 30
640 27
641 30
642 33
643 37
644 32
645 40
646 26
647 27
648 28
649 31
650 32
651 36
652 30
653 38
654 30
655 33
656 30
657 30
658 30
659 38
660 33
661 36
662 35
663 35
664 38
665 34
666 36
667 22
668 37
669 31
670 31
671 32
672 38
673 29
674 29
675 32
676 37
677 28
678 27
679 27
680 36
681 36
682 38
683 32
684 26
685 29
686 23
687 27
688 23
689 32
690 34
691 29
692 28
693 38
694 34
695 28
696 38
697 34
698 38
699 33
700 27
701 24
702 31
703 29
704 22
705 36
706 30
707 28
708 27
709 34
710 31
711 35
712 33
713 35
714 29
715 30
716 20
717 26
718 37
719 40
720 29
721 34
722 32
723 33
724 23
725 22
726 32
727 18
728 37
729 32
730 30
731 33
732 31
733 40
734 29
735 32
736 32
737 30
738 28
739 35
740 37
741 37
742 35
743 41
744 32
745 36
746 30
747 36
748 28
749 38
750 24
751 37
752 29
753 30
754 31
755 38
756 25
757 31
758 35
759 34
760 28
761 33
762 28
763 41
764 27
765 36
766 32
767 34
768 38
769 32
770 35
771 36
772 39
773 28
774 28
775 31
776 22
777 32
778 25
779 27
780 24
781 34
782 32
783 28
784 29
785 38
786 28
787 26
788 44
789 40
790 30
791 34
792 32
793 31
794 32
795 32
796 37
797 39
798 33
799 24
800 32
801 30
802 35
803 33
804 36
805 27
806 39
807 31
808 32
809 36
810 31
811 32
812 30
813 32
814 35
815 32
816 24
817 39
818 27
819 35
820 37
821 34
822 39
823 37
824 29
825 28
826 34
827 32
828 40
829 39
830 38
831 31
832 31
833 32
834 29
835 30
836 29
837 27
838 36
839 35
840 34
841 32
842 27
843 28
844 25
845 32
846 39
847 30
848 41
849 29
850 25
851 33
852 31
853 35
854 27
855 32
856 31
857 34
858 23
859 26
860 34
861 24
862 34
863 30
864 31
865 29
866 31
867 38
868 34
869 31
870 35
871 29
872 35
873 28
874 23
875 32
876 35
877 40
878 30
879 27
880 28
881 41
882 37
883 30
884 30
885 37
886 33
887 42
888 27
889 29
890 31
891 35
892 25
893 33
894 42
895 32
896 35
897 36
898 33
899 30
900 34
901 33
902 30
903 33
904 42
905 27
906 33
907 40
908 27
909 30
910 29
911 33
912 41
913 37
914 31
915 30
916 27
917 40
918 35
919 36
920 38
921 33
922 30
923 38
924 31
925 32
926 35
927 33
928 28
929 26
930 30
931 37
932 28
933 39
934 36
935 40
936 31
937 25
938 34
939 38
940 31
941 27
942 29
943 31
944 34
945 34
946 30
947 30
948 30
949 43
950 30
951 35
952 30
953 27
954 32
955 30
956 33
957 34
958 41
959 35
960 31
961 29
962 30
963 35
964 32
965 33
966 29
967 25
968 26
969 29
970 31
971 37
972 25
973 31
974 29
975 34
976 37
977 34
978 34
979 40
980 43
981 30
982 27
983 35
984 29
985 31
986 26
987 30
988 40
989 33
990 34
991 36
992 32
993 29
994 32
995 32
996 27
997 34
998 38
999 36
1000 30
1001 29
1002 29
