# Selection:resname AU POPC Restricted:name AUC AUL AUSL Radius:2.64 Start:0 End:-1
0 333.412353515625
1 329.535400390625
2 9.476834297180176
3 4.307651996612549
4 0.0
5 0.0
6 0.43076521158218384
7 0.0
8 0.0
9 3.44612193107605
10 0.0
11 0.0
12 0.0
13 0.0
14 1.2922956943511963
15 0.0
16 0.0
17 0.0
18 0.43076521158218384
19 0.0
20 0.0
21 0.0
22 5.169182777404785
23 3.0153565406799316
24 7.3230085372924805
25 0.0
26 0.43076521158218384
27 1.2922956943511963
28 1.2922956943511963
29 1.2922956943511963
30 3.4461216926574707
31 30.153564453125
32 25.84591293334961
33 28.43050193786621
34 16.799842834472656
35 9.907599449157715
36 30.153564453125
37 15.0767822265625
38 0.0
39 11.199895858764648
40 9.907599449157715
41 30.153568267822266
42 8.615303993225098
43 6.030713081359863
44 0.0
45 0.0
46 0.0
47 15.507547378540039
48 9.907599449157715
49 4.738417625427246
50 13.353721618652344
51 10.76913070678711
52 9.476835250854492
53 10.338364601135254
54 10.33836555480957
55 14.215251922607422
56 20.24596405029297
57 17.661373138427734
58 25.84591293334961
59 10.769129753112793
60 5.169182777404785
61 12.061426162719727
62 10.33836555480957
63 12.922956466674805
64 13.353721618652344
65 12.922956466674805
66 18.092138290405273
67 4.307652473449707
68 14.646017074584961
69 7.3230085372924805
70 9.476834297180176
71 6.892243385314941
72 12.492191314697266
73 28.861268997192383
74 22.399791717529297
75 21.538259506225586
76 34.89198303222656
77 32.30739212036133
78 23.69208526611328
79 27.138206481933594
80 37.9073371887207
81 31.445859909057617
82 27.568973541259766
83 38.76886749267578
84 27.999736785888672
85 10.338364601135254
86 18.092138290405273
87 25.84591293334961
88 14.646017074584961
89 12.922956466674805
90 20.67673110961914
91 21.107494354248047
92 24.55361557006836
93 12.061426162719727
94 13.784486770629883
95 9.907599449157715
96 12.922955513000488
97 15.0767822265625
98 18.522903442382813
99 11.630660057067871
100 0.0
101 2.5845913887023926
102 6.892243385314941
103 0.0
104 3.0153565406799316
105 0.43076521158218384
106 2.1538262367248535
107 0.0
108 0.8615304231643677
109 0.0
110 6.461478233337402
111 13.784486770629883
112 11.630661010742188
113 7.3230085372924805
114 6.030713081359863
115 7.3230085372924805
116 18.522903442382813
117 21.969024658203125
118 18.95366859436035
119 15.507547378540039
120 18.95366859436035
121 22.830556869506836
122 11.630661010742188
123 6.461478233337402
124 45.230350494384766
125 15.938312530517578
126 14.215251922607422
127 7.7537736892700195
128 3.0153565406799316
129 0.0
130 0.0
131 0.0
132 5.169182777404785
133 19.38443374633789
134 12.922956466674805
135 18.092138290405273
136 0.0
137 0.0
138 0.43076521158218384
139 0.0
140 0.43076521158218384
141 9.907599449157715
142 8.615303993225098
143 9.046069145202637
144 6.030713081359863
145 8.615303993225098
146 15.076783180236816
147 8.615303993225098
148 22.830554962158203
149 9.907599449157715
150 14.646017074584961
151 7.3230085372924805
152 19.81519889831543
153 12.492191314697266
154 13.784485816955566
155 13.784486770629883
156 24.9843807220459
157 7.7537736892700195
158 23.261320114135742
159 0.43076521158218384
160 0.43076521158218384
161 6.030713081359863
162 21.969024658203125
163 37.4765739440918
164 9.476834297180176
165 23.261320114135742
166 22.399789810180664
167 6.030713081359863
168 20.676729202270508
169 15.507547378540039
170 8.615304946899414
171 4.307651996612549
172 13.353721618652344
173 12.922956466674805
174 17.230607986450195
175 18.95366859436035
176 21.107494354248047
177 18.522903442382813
178 13.353720664978027
179 30.584327697753906
180 12.492191314697266
181 23.69208526611328
182 11.630661010742188
183 21.10749626159668
184 7.3230085372924805
185 15.507547378540039
186 6.892243385314941
187 6.461478233337402
188 0.8615304231643677
189 6.892243385314941
190 4.307652473449707
191 0.8615304231643677
192 0.0
193 12.922956466674805
194 14.215251922607422
195 29.722801208496094
196 19.38443374633789
197 13.784486770629883
198 9.907599449157715
199 10.33836555480957
200 12.492191314697266
201 7.3230085372924805
202 20.24596405029297
203 32.738155364990234
204 15.507547378540039
205 22.399791717529297
206 12.492191314697266
207 15.938312530517578
208 10.76913070678711
209 7.7537736892700195
210 9.046070098876953
211 18.092138290405273
212 24.98438262939453
213 15.507547378540039
214 9.476834297180176
215 0.8615304231643677
216 0.43076521158218384
217 1.7230608463287354
218 0.43076521158218384
219 0.43076521158218384
220 0.0
221 3.4461216926574707
222 0.0
223 0.43076521158218384
224 3.0153565406799316
225 0.0
226 0.0
227 0.0
228 0.43076521158218384
229 0.43076521158218384
230 0.8615304231643677
231 0.8615304231643677
232 0.43076521158218384
233 8.184538841247559
234 7.7537736892700195
235 21.538259506225586
236 18.522903442382813
237 15.0767822265625
238 0.0
239 1.7230608463287354
240 0.0
241 2.1538259983062744
242 0.43076521158218384
243 0.0
244 2.1538259983062744
245 0.0
246 0.0
247 0.0
248 3.0153563022613525
249 0.0
250 0.8615304231643677
251 0.0
252 0.0
253 0.0
254 0.0
255 0.0
256 0.0
257 2.5845913887023926
258 0.0
259 0.8615304231643677
260 0.0
261 0.0
262 0.0
263 0.8615304231643677
264 2.5845913887023926
265 1.2922956943511963
266 1.7230608463287354
267 0.0
268 0.0
269 3.876887083053589
270 0.0
271 4.307651996612549
272 0.0
273 0.43076521158218384
274 1.2922956943511963
275 4.307651996612549
276 2.5845913887023926
277 2.1538259983062744
278 0.0
279 2.1538262367248535
280 0.0
281 0.0
282 0.43076521158218384
283 0.0
284 0.8615304231643677
285 9.907600402832031
286 3.0153565406799316
287 0.8615304231643677
288 1.2922956943511963
289 3.0153565406799316
290 0.8615304231643677
291 4.738417148590088
292 12.922956466674805
293 17.661373138427734
294 9.476834297180176
295 0.8615304231643677
296 3.0153565406799316
297 0.0
298 0.0
299 0.0
300 0.0
301 1.7230608463287354
302 4.307651996612549
303 0.0
304 0.43076521158218384
305 0.0
306 0.43076521158218384
307 0.0
308 0.0
309 2.1538259983062744
310 0.0
311 0.43076521158218384
312 4.307651996612549
313 1.7230608463287354
314 4.307651996612549
315 13.784486770629883
316 9.046069145202637
317 8.615303993225098
318 11.630661010742188
319 12.061426162719727
320 18.95366859436035
321 22.399789810180664
322 14.646017074584961
323 16.799842834472656
324 11.630661010742188
325 23.261320114135742
326 25.415145874023438
327 12.492191314697266
328 9.046069145202637
329 16.369077682495117
330 16.369077682495117
331 23.261322021484375
332 21.969026565551758
333 8.615303993225098
334 23.261322021484375
335 13.353721618652344
336 11.630661010742188
337 16.369077682495117
338 29.29203224182129
339 12.061426162719727
340 12.49219036102295
341 28.43050193786621
342 28.861268997192383
343 5.169182777404785
344 0.0
345 0.43076521158218384
346 0.0
347 1.2922956943511963
348 0.43076521158218384
349 0.43076521158218384
350 0.43076521158218384
351 5.599947452545166
352 0.0
353 1.2922956943511963
354 3.0153565406799316
355 0.8615304231643677
356 18.522903442382813
357 12.922956466674805
358 3.0153565406799316
359 0.0
360 0.0
361 1.7230608463287354
362 0.0
363 0.0
364 0.0
365 0.0
366 7.3230085372924805
367 6.892243385314941
368 19.384435653686523
369 8.184538841247559
370 10.769129753112793
371 9.907599449157715
372 15.938312530517578
373 39.19963836669922
374 20.24596405029297
375 11.630661010742188
376 19.81519889831543
377 18.092138290405273
378 16.799842834472656
379 0.0
380 0.43076521158218384
381 0.0
382 0.0
383 11.199895858764648
384 12.922955513000488
385 7.3230085372924805
386 9.046070098876953
387 1.2922956943511963
388 6.461478233337402
389 2.5845911502838135
390 4.738417625427246
391 8.184538841247559
392 3.8768868446350098
393 0.0
394 0.43076521158218384
395 0.43076521158218384
396 0.0
397 0.0
398 0.0
399 0.43076521158218384
400 0.43076521158218384
401 0.0
402 0.0
403 3.0153565406799316
404 0.0
405 0.0
406 10.33836555480957
407 1.2922956943511963
408 0.0
409 0.8615304231643677
410 0.43076521158218384
411 2.5845911502838135
412 0.8615304231643677
413 20.24596405029297
414 0.0
415 2.5845913887023926
416 2.5845911502838135
417 0.0
418 0.43076521158218384
419 0.0
420 0.0
421 0.43076521158218384
422 3.8768868446350098
423 0.43076521158218384
424 2.1538259983062744
425 1.2922956943511963
426 3.4461216926574707
427 18.522905349731445
428 2.1538259983062744
429 0.43076521158218384
430 0.8615304231643677
431 1.2922956943511963
432 1.2922956943511963
433 0.43076521158218384
434 5.599947929382324
435 7.3230085372924805
436 5.599947929382324
437 3.0153565406799316
438 3.0153565406799316
439 0.0
440 7.3230085372924805
441 15.0767822265625
442 14.215251922607422
443 10.33836555480957
444 19.38443374633789
445 14.215251922607422
446 14.215251922607422
447 8.615303993225098
448 13.784486770629883
449 6.461478233337402
450 19.81519889831543
451 6.892243385314941
452 14.215251922607422
453 15.507547378540039
454 11.199894905090332
455 6.030712604522705
456 0.0
457 15.0767822265625
458 24.55361557006836
459 15.938312530517578
460 8.184538841247559
461 12.492191314697266
462 0.0
463 0.0
464 0.0
465 0.0
466 0.0
467 0.0
468 0.0
469 0.43076521158218384
470 0.0
471 1.2922956943511963
472 1.7230608463287354
473 1.7230608463287354
474 1.7230608463287354
475 12.922956466674805
476 0.43076521158218384
477 0.0
478 0.8615304231643677
479 0.0
480 1.2922956943511963
481 0.0
482 0.43076521158218384
483 0.0
484 8.615303993225098
485 0.8615304231643677
486 0.8615304231643677
487 9.907599449157715
488 10.769129753112793
489 0.0
490 0.0
491 0.8615304231643677
492 0.43076521158218384
493 2.5845913887023926
494 0.8615304231643677
495 0.0
496 0.8615304231643677
497 5.169182777404785
498 9.907600402832031
499 21.107494354248047
500 18.092138290405273
501 18.522903442382813
502 0.43076521158218384
503 4.307652473449707
504 0.0
505 1.7230608463287354
506 0.0
507 0.0
508 6.030713081359863
509 3.4461216926574707
510 0.0
511 0.0
512 0.0
513 0.0
514 0.0
515 0.0
516 1.7230608463287354
517 8.615304946899414
518 6.461478233337402
519 12.061426162719727
520 0.0
521 11.630661010742188
522 7.7537736892700195
523 18.95366859436035
524 17.230607986450195
525 28.86126708984375
526 20.67673110961914
527 16.799842834472656
528 32.738155364990234
529 23.261320114135742
530 27.138206481933594
531 21.538259506225586
532 30.584331512451172
533 22.399789810180664
534 15.0767822265625
535 15.938312530517578
536 3.0153565406799316
537 5.169182300567627
538 6.461478233337402
539 7.3230085372924805
540 0.0
541 2.5845913887023926
542 20.67673110961914
543 13.353721618652344
544 20.676729202270508
545 20.67673110961914
546 6.892243385314941
547 11.199894905090332
548 21.53826141357422
549 39.19963836669922
550 45.2303466796875
551 17.230607986450195
552 31.876623153686523
553 27.999738693237305
554 15.0767822265625
555 28.86126708984375
556 7.7537736892700195
557 5.599947929382324
558 15.938312530517578
559 14.646017074584961
560 12.061426162719727
561 17.230607986450195
562 17.661373138427734
563 7.7537736892700195
564 31.445859909057617
565 20.676729202270508
566 20.676729202270508
567 25.41514778137207
568 21.538259506225586
569 13.784486770629883
570 14.215251922607422
571 12.492191314697266
572 21.10749626159668
573 28.430503845214844
574 18.95366859436035
575 22.830554962158203
576 18.522903442382813
577 32.738155364990234
578 23.69208526611328
579 31.445859909057617
580 10.338364601135254
581 11.199895858764648
582 14.646017074584961
583 6.892243385314941
584 4.738417625427246
585 19.81519889831543
586 0.43076521158218384
587 18.092138290405273
588 11.199895858764648
589 7.3230085372924805
590 8.184538841247559
591 35.75351333618164
592 21.969024658203125
593 19.81519889831543
594 17.230609893798828
595 14.215251922607422
596 14.215252876281738
597 8.184538841247559
598 27.999736785888672
599 35.753509521484375
600 24.122852325439453
601 22.830554962158203
602 3.0153565406799316
603 4.307652473449707
604 3.0153565406799316
605 0.0
606 0.0
607 0.0
608 0.0
609 0.43076521158218384
610 0.0
611 0.0
612 0.0
613 0.0
614 0.43076521158218384
615 0.43076521158218384
616 0.0
617 0.43076521158218384
618 0.8615304231643677
619 1.7230608463287354
620 0.0
621 0.0
622 0.43076521158218384
623 0.0
624 0.0
625 0.8615304231643677
626 0.0
627 0.8615304231643677
628 3.4461216926574707
629 6.892243385314941
630 13.353721618652344
631 2.1538259983062744
632 0.43076521158218384
633 3.8768868446350098
634 0.8615304231643677
635 5.169182777404785
636 9.476834297180176
637 12.922955513000488
638 2.1538259983062744
639 0.0
640 0.0
641 0.0
642 9.046069145202637
643 0.43076521158218384
644 1.2922956943511963
645 4.738417148590088
646 11.630661010742188
647 10.33836555480957
648 8.615303993225098
649 16.799842834472656
650 3.876887083053589
651 14.646016120910645
652 9.476835250854492
653 22.399789810180664
654 1.2922956943511963
655 5.169182300567627
656 0.0
657 0.0
658 32.30739212036133
659 0.0
660 0.0
661 0.0
662 9.907599449157715
663 0.0
664 0.0
665 2.5845913887023926
666 0.0
667 0.0
668 0.43076521158218384
669 0.0
670 0.43076521158218384
671 0.0
672 0.0
673 0.0
674 0.0
675 1.2922956943511963
676 4.738417148590088
677 8.615304946899414
678 0.8615304231643677
679 0.0
680 0.0
681 0.0
682 4.738417148590088
683 0.8615304231643677
684 0.43076521158218384
685 0.43076521158218384
686 10.33836555480957
687 11.630661010742188
688 0.0
689 0.0
690 0.0
691 1.2922956943511963
692 0.43076521158218384
693 0.0
694 0.8615304231643677
695 2.5845913887023926
696 4.738417148590088
697 0.0
698 0.0
699 0.43076521158218384
700 0.8615304231643677
701 4.738417625427246
702 4.738417625427246
703 0.43076521158218384
704 0.43076521158218384
705 0.43076521158218384
706 3.4461216926574707
707 0.0
708 0.43076521158218384
709 1.2922956943511963
710 0.0
711 8.615304946899414
712 15.938312530517578
713 5.169182300567627
714 9.907600402832031
715 14.215251922607422
716 12.922955513000488
717 10.33836555480957
718 5.169182300567627
719 22.399791717529297
720 14.646017074584961
721 18.95366859436035
722 16.799842834472656
723 14.215252876281738
724 14.646017074584961
725 15.938312530517578
726 16.799842834472656
727 22.399789810180664
728 24.55361557006836
729 18.522903442382813
730 6.461478233337402
731 25.415145874023438
732 11.199894905090332
733 9.907599449157715
734 6.892243385314941
735 6.892243385314941
736 4.738417148590088
737 9.046069145202637
738 22.830554962158203
739 7.3230085372924805
740 12.492191314697266
741 2.1538259983062744
742 12.061426162719727
743 12.061426162719727
744 2.1538259983062744
745 10.76913070678711
746 3.876887083053589
747 7.753774166107178
748 9.046070098876953
749 15.507546424865723
750 1.7230608463287354
751 0.0
752 3.0153565406799316
753 1.2922956943511963
754 0.0
755 3.4461216926574707
756 0.0
757 9.046070098876953
758 12.49219036102295
759 4.307651996612549
760 6.461478233337402
761 6.892243385314941
762 0.8615304231643677
763 2.1538259983062744
764 0.43076521158218384
765 1.7230608463287354
766 0.0
767 1.2922956943511963
768 0.0
769 0.43076521158218384
770 6.461478233337402
771 3.0153563022613525
772 0.0
773 0.0
774 26.707441329956055
775 22.830554962158203
776 11.630661010742188
777 22.399789810180664
778 15.0767822265625
779 9.476834297180176
780 24.122852325439453
781 24.55361557006836
782 19.81519889831543
783 52.12259292602539
784 34.030452728271484
785 35.753509521484375
786 8.615303993225098
787 18.95366859436035
788 10.76913070678711
789 3.0153565406799316
790 0.0
791 1.7230608463287354
792 1.2922956943511963
793 0.0
794 8.615303993225098
795 1.2922956943511963
796 1.2922956943511963
797 0.0
798 2.5845913887023926
799 8.184539794921875
800 28.86126708984375
801 16.36907958984375
802 11.630661010742188
803 19.81519889831543
804 1.2922956943511963
805 0.0
806 11.630661010742188
807 12.922956466674805
808 15.507547378540039
809 23.69208526611328
810 9.476834297180176
811 11.630661010742188
812 14.646016120910645
813 9.907600402832031
814 10.769129753112793
815 2.5845911502838135
816 0.0
817 0.0
818 1.2922956943511963
819 3.0153563022613525
820 0.0
821 3.0153565406799316
822 0.0
823 4.307652473449707
824 0.0
825 0.0
826 0.43076521158218384
827 9.046070098876953
828 0.0
829 3.876887083053589
830 7.7537736892700195
831 19.81519889831543
832 30.584327697753906
833 14.215251922607422
834 27.138206481933594
835 22.399789810180664
836 30.584327697753906
837 28.43050193786621
838 50.399532318115234
839 37.90734100341797
840 24.55361557006836
841 10.33836555480957
842 3.0153565406799316
843 15.0767822265625
844 23.692087173461914
845 22.399791717529297
846 24.9843807220459
847 0.43076521158218384
848 0.0
849 2.1538259983062744
850 0.0
851 0.43076521158218384
852 2.1538262367248535
853 1.2922956943511963
854 4.738417148590088
855 1.7230608463287354
856 0.0
857 2.5845913887023926
858 0.0
859 17.661373138427734
860 13.353721618652344
861 11.630661010742188
862 11.199895858764648
863 9.476834297180176
864 9.907599449157715
865 10.76913070678711
866 14.646016120910645
867 6.030713081359863
868 7.3230085372924805
869 6.461478233337402
870 15.938312530517578
871 17.661373138427734
872 7.7537736892700195
873 6.030713081359863
874 3.8768868446350098
875 18.092138290405273
876 15.0767822265625
877 9.476834297180176
878 6.461478233337402
879 14.646017074584961
880 11.630661010742188
881 16.799842834472656
882 14.646016120910645
883 8.615303993225098
884 22.399789810180664
885 13.353720664978027
886 17.661373138427734
887 10.338364601135254
888 16.799842834472656
889 0.0
890 0.0
891 0.43076521158218384
892 1.2922956943511963
893 0.0
894 0.43076521158218384
895 0.0
896 0.0
897 6.030713081359863
898 3.0153565406799316
899 5.169182300567627
900 0.43076521158218384
901 0.43076521158218384
902 0.0
903 0.0
904 0.0
905 8.184538841247559
906 13.784486770629883
907 12.061426162719727
908 19.384435653686523
909 1.7230608463287354
910 0.43076521158218384
911 0.43076521158218384
912 0.8615304231643677
913 0.43076521158218384
914 3.0153565406799316
915 9.046069145202637
916 1.2922956943511963
917 0.0
918 0.43076521158218384
919 0.0
920 2.1538259983062744
921 0.0
922 3.8768868446350098
923 3.0153565406799316
924 0.8615304231643677
925 0.0
926 0.0
927 0.43076521158218384
928 0.0
929 0.0
930 0.43076521158218384
931 0.0
932 5.169182777404785
933 0.8615304231643677
934 9.046070098876953
935 17.661373138427734
936 8.184539794921875
937 25.415145874023438
938 17.661373138427734
939 13.784485816955566
940 11.630660057067871
941 32.30739212036133
942 7.7537736892700195
943 5.599947929382324
944 0.0
945 0.43076521158218384
946 1.7230608463287354
947 3.8768868446350098
948 4.307651996612549
949 0.8615304231643677
950 1.2922956943511963
951 1.2922956943511963
952 0.0
953 0.43076521158218384
954 6.892243385314941
955 0.0
956 0.0
957 0.43076521158218384
958 0.0
959 0.0
960 4.738417625427246
961 2.5845913887023926
962 24.553617477416992
963 4.307651996612549
964 10.76913070678711
965 21.107494354248047
966 13.353721618652344
967 10.76913070678711
968 19.38443374633789
969 3.876887083053589
970 0.0
971 0.8615304231643677
972 0.0
973 0.0
974 0.0
975 0.0
976 0.0
977 0.43076521158218384
978 3.0153565406799316
979 0.0
980 0.0
981 1.7230608463287354
982 8.184538841247559
983 10.76913070678711
984 4.307651996612549
985 0.0
986 7.7537736892700195
987 0.0
988 0.8615304231643677
989 0.0
990 0.43076521158218384
991 0.8615304231643677
992 0.0
993 0.0
994 0.0
995 3.8768868446350098
996 0.0
997 0.0
998 1.2922956943511963
999 12.492191314697266
1000 27.568971633911133
1001 22.830554962158203
1002 22.830554962158203
