0 61.83055877685547
1 63.76276397705078
2 2.8983075618743896
3 0.9661025404930115
4 4.830512523651123
5 4.830512523651123
6 8.69492244720459
7 0.0
8 11.593230247497559
9 6.7627177238464355
10 6.7627177238464355
11 24.152563095092773
12 3.864410161972046
13 5.796615123748779
14 5.796615123748779
15 27.050870895385742
16 9.661025047302246
17 1.932205080986023
18 1.932205080986023
19 0.9661025404930115
20 11.593230247497559
21 10.627127647399902
22 3.864410161972046
23 2.8983075618743896
24 3.864410161972046
25 0.0
26 13.525435447692871
27 0.0
28 0.0
29 0.0
30 0.0
31 0.0
32 16.423742294311523
33 28.016971588134766
34 0.0
35 27.05086898803711
36 28.983076095581055
37 0.0
38 1.932205080986023
39 4.830512523651123
40 15.457639694213867
41 18.355947494506836
42 17.38984489440918
43 0.0
44 6.7627177238464355
45 0.0
46 0.0
47 17.38984489440918
48 15.457640647888184
49 0.0
50 0.0
51 0.9661025404930115
52 1.932205080986023
53 6.7627177238464355
54 26.084766387939453
55 0.0
56 37.67799758911133
57 10.627127647399902
58 4.830512523651123
59 0.0
60 0.9661025404930115
61 12.559332847595215
62 0.0
63 0.0
64 3.864410161972046
65 21.254255294799805
66 5.796615123748779
67 6.7627177238464355
68 37.67799758911133
69 4.830512523651123
70 39.61020278930664
71 0.0
72 0.0
73 41.54240798950195
74 27.050870895385742
75 0.0
76 6.7627177238464355
77 5.796615123748779
78 9.661025047302246
79 35.745792388916016
80 0.0
81 10.627127647399902
82 1.932205080986023
83 0.0
84 9.661025047302246
85 13.525434494018555
86 0.0
87 2.8983075618743896
88 16.423742294311523
89 2.8983075618743896
90 0.0
91 11.593230247497559
92 32.84748458862305
93 0.0
94 0.0
95 17.38984489440918
96 15.457639694213867
97 21.254255294799805
98 50.23733139038086
99 34.77968978881836
100 66.66107177734375
101 10.627127647399902
102 30.915281295776367
103 29.949176788330078
104 16.423742294311523
105 0.9661025404930115
106 0.0
107 19.322050094604492
108 6.7627177238464355
109 0.0
110 44.44071578979492
111 80.18650817871094
112 14.491538047790527
113 0.0
114 8.69492244720459
115 3.864410161972046
116 0.9661025404930115
117 10.627127647399902
118 7.728819847106934
119 33.8135871887207
120 84.05091857910156
121 69.55937957763672
122 1.932205080986023
123 0.0
124 0.0
125 1.932205080986023
126 16.423742294311523
127 0.9661025404930115
128 21.254255294799805
129 0.0
130 0.0
131 20.28815269470215
132 63.76276397705078
133 1.932205080986023
134 18.355947494506836
135 2.8983075618743896
136 0.0
137 0.0
138 0.0
139 19.322050094604492
140 30.915279388427734
141 37.67799758911133
142 43.474613189697266
143 21.254255294799805
144 9.661025047302246
145 8.69492244720459
146 5.796615123748779
147 0.0
148 0.0
149 3.864410161972046
150 17.38984489440918
151 45.40681838989258
152 50.23733139038086
153 28.983076095581055
154 15.457640647888184
155 0.0
156 0.0
157 6.7627177238464355
158 0.0
159 0.0
160 0.0
161 0.0
162 0.0
163 0.0
164 9.661025047302246
165 4.830512523651123
166 6.7627177238464355
167 0.9661025404930115
168 0.0
169 9.661025047302246
170 21.254255294799805
171 10.627127647399902
172 7.728820323944092
173 0.0
174 4.830512523651123
175 3.864410161972046
176 0.0
177 24.152563095092773
178 18.355947494506836
179 24.152563095092773
180 12.559332847595215
181 34.77968978881836
182 3.864410161972046
183 7.728820323944092
184 12.559332847595215
185 12.559332847595215
186 0.0
187 0.0
188 0.0
189 24.152563095092773
190 0.0
191 2.8983075618743896
192 9.661025047302246
193 7.728820323944092
194 11.593230247497559
195 0.0
196 17.38984489440918
197 54.101741790771484
198 0.9661025404930115
199 21.254255294799805
200 0.0
201 0.0
202 0.9661025404930115
203 0.0
204 0.0
205 0.0
206 0.0
207 0.0
208 0.9661025404930115
209 0.0
210 3.864410161972046
211 0.0
212 2.8983075618743896
213 17.38984489440918
214 17.38984489440918
215 28.983076095581055
216 7.728820323944092
217 32.84748458862305
218 0.0
219 3.864410161972046
220 3.864410161972046
221 6.7627177238464355
222 13.525435447692871
223 0.0
224 3.864410161972046
225 22.22035789489746
226 43.474613189697266
227 43.474613189697266
228 58.9322509765625
229 28.0169734954834
230 80.18650817871094
231 93.71194458007813
232 36.71189498901367
233 47.33902359008789
234 55.06784439086914
235 0.0
236 3.864410161972046
237 2.8983075618743896
238 0.0
239 23.186460494995117
240 0.0
241 1.932205080986023
242 1.932205080986023
243 0.0
244 0.0
245 1.932205080986023
246 0.0
247 0.0
248 0.0
249 0.0
250 2.8983075618743896
251 1.932205080986023
252 16.423742294311523
253 0.9661025404930115
254 14.491538047790527
255 11.593230247497559
256 12.559332847595215
257 0.0
258 14.491537094116211
259 28.983076095581055
260 0.0
261 21.254255294799805
262 18.355947494506836
263 0.0
264 0.0
265 0.0
266 0.0
267 26.084768295288086
268 7.728820323944092
269 0.0
270 15.457640647888184
271 24.152563095092773
272 20.28815269470215
273 8.69492244720459
274 28.983076095581055
275 0.0
276 11.593230247497559
277 0.0
278 24.152563095092773
279 22.22035789489746
280 0.0
281 17.38984489440918
282 7.728820323944092
283 0.0
284 0.0
285 3.864410161972046
286 19.322050094604492
287 0.0
288 29.949176788330078
289 8.69492244720459
290 11.593230247497559
291 45.40681838989258
292 18.355947494506836
293 0.0
294 1.932205080986023
295 0.9661025404930115
296 14.491537094116211
297 42.50851058959961
298 2.8983075618743896
299 5.796615123748779
300 3.864410161972046
301 6.7627177238464355
302 8.69492244720459
303 0.0
304 20.28815269470215
305 0.9661025404930115
306 21.254255294799805
307 11.593230247497559
308 24.152563095092773
309 34.77968978881836
310 17.38984489440918
311 0.0
312 0.0
313 4.830512523651123
314 2.8983075618743896
315 0.9661025404930115
316 0.0
317 0.0
318 0.0
319 0.0
320 0.0
321 0.0
322 2.8983075618743896
323 1.932205080986023
324 20.28815269470215
325 40.5763053894043
326 15.457640647888184
327 62.796661376953125
328 13.525435447692871
329 9.661025047302246
330 30.915279388427734
331 21.254255294799805
332 7.728819847106934
333 0.0
334 0.0
335 3.864410161972046
336 4.830512523651123
337 0.0
338 0.0
339 9.661025047302246
340 26.084768295288086
341 0.0
342 0.0
343 0.0
344 0.9661025404930115
345 0.0
346 0.0
347 3.864410161972046
348 8.69492244720459
349 27.050870895385742
350 1.932205080986023
351 0.0
352 8.69492244720459
353 0.0
354 0.0
355 0.0
356 3.864410161972046
357 12.559332847595215
358 22.22035789489746
359 0.0
360 0.9661025404930115
361 6.7627177238464355
362 0.0
363 19.322050094604492
364 56.03394317626953
365 15.457639694213867
366 14.491537094116211
367 0.0
368 0.9661025404930115
369 3.864410161972046
370 4.830512523651123
371 14.491538047790527
372 0.0
373 49.2712287902832
374 35.745792388916016
375 2.8983075618743896
376 22.22035789489746
377 27.050870895385742
378 29.94917869567871
379 10.627127647399902
380 6.7627177238464355
381 2.8983075618743896
382 6.7627177238464355
383 37.67799758911133
384 0.0
385 48.30512619018555
386 32.84748458862305
387 3.864410161972046
388 1.932205080986023
389 2.8983075618743896
390 0.0
391 0.0
392 0.0
393 23.186460494995117
394 5.796615123748779
395 18.355947494506836
396 2.8983075618743896
397 0.0
398 0.9661025404930115
399 12.559332847595215
400 15.457640647888184
401 0.0
402 6.7627177238464355
403 9.661025047302246
404 26.084768295288086
405 29.949176788330078
406 1.932205080986023
407 39.61020278930664
408 0.0
409 0.0
410 3.864410161972046
411 30.915279388427734
412 17.38984489440918
413 13.525435447692871
414 6.7627177238464355
415 3.864410161972046
416 5.796615123748779
417 0.0
418 9.661025047302246
419 11.593230247497559
420 0.0
421 0.0
422 29.94917869567871
423 16.423742294311523
424 13.525435447692871
425 0.0
426 9.661025047302246
427 0.0
428 0.0
429 1.932205080986023
430 5.796615123748779
431 0.0
432 0.0
433 0.0
434 0.0
435 0.0
436 6.7627177238464355
437 20.28815269470215
438 11.593230247497559
439 13.525435447692871
440 15.457640647888184
441 26.084768295288086
442 9.661025047302246
443 0.0
444 5.796615123748779
445 19.322050094604492
446 10.627127647399902
447 1.932205080986023
448 5.796615123748779
449 3.864410161972046
450 0.0
451 46.372920989990234
452 5.796615123748779
453 1.932205080986023
454 11.593230247497559
455 0.0
456 0.0
457 0.0
458 0.0
459 0.9661025404930115
460 0.0
461 0.0
462 3.864410161972046
463 0.0
464 3.864410161972046
465 24.152563095092773
466 13.525435447692871
467 0.9661025404930115
468 3.864410161972046
469 17.38984489440918
470 2.8983075618743896
471 19.322050094604492
472 24.152563095092773
473 4.830512523651123
474 48.30512619018555
475 34.77968978881836
476 17.38984489440918
477 0.0
478 6.7627177238464355
479 8.69492244720459
480 6.7627177238464355
481 21.254255294799805
482 4.830512523651123
483 0.0
484 0.0
485 16.423742294311523
486 0.9661025404930115
487 4.830512523651123
488 15.457640647888184
489 0.9661025404930115
490 0.0
491 0.0
492 0.0
493 21.254255294799805
494 61.83055877685547
495 0.0
496 14.491538047790527
497 3.864410161972046
498 8.69492244720459
499 1.932205080986023
500 7.728820323944092
501 0.0
502 0.0
503 5.796615123748779
504 2.8983075618743896
505 21.254255294799805
506 2.8983075618743896
507 16.423742294311523
508 16.423742294311523
509 0.0
510 5.796615123748779
511 8.69492244720459
512 1.932205080986023
513 0.9661025404930115
514 1.932205080986023
515 0.0
516 0.0
517 0.0
518 1.932205080986023
519 4.830512523651123
520 16.423742294311523
521 23.186460494995117
522 8.69492244720459
523 2.8983075618743896
524 3.864410161972046
525 0.0
526 7.728819847106934
527 25.11866569519043
528 16.423742294311523
529 3.864410161972046
530 0.0
531 33.8135871887207
532 0.0
533 0.9661025404930115
534 0.0
535 0.0
536 5.796615123748779
537 3.864410161972046
538 4.830512523651123
539 0.0
540 6.7627177238464355
541 19.322050094604492
542 23.186460494995117
543 17.38984489440918
544 13.525435447692871
545 0.9661025404930115
546 4.830512523651123
547 1.932205080986023
548 0.9661025404930115
549 0.0
550 2.8983075618743896
551 0.0
552 0.0
553 0.0
554 0.0
555 11.593230247497559
556 0.0
557 3.864410161972046
558 1.932205080986023
559 2.8983075618743896
560 1.932205080986023
561 0.9661025404930115
562 7.728820323944092
563 0.9661025404930115
564 0.0
565 0.0
566 2.8983075618743896
567 0.0
568 0.0
569 1.932205080986023
570 0.0
571 0.0
572 0.0
573 0.9661025404930115
574 0.0
575 0.0
576 0.0
577 0.0
578 0.0
579 0.0
580 7.728820323944092
581 3.864410161972046
582 0.0
583 0.0
584 0.0
585 1.932205080986023
586 1.932205080986023
587 3.864410161972046
588 15.457640647888184
589 15.457640647888184
