# Selection:resname AU W ION Restricted:name AUC AUL AUSL Radius:2.64 Start:0 End:-1
0 43.07652282714844
1 42.21499252319336
2 139.99868774414063
3 203.32119750976563
4 92.18375396728516
5 130.52186584472656
6 145.16787719726563
7 136.98333740234375
8 118.4604263305664
9 175.32144165039063
10 108.12207794189453
11 96.49141693115234
12 126.21422576904297
13 115.44507598876953
14 175.3214874267578
15 182.21368408203125
16 98.21446990966797
17 165.8446044921875
18 74.95315551757813
19 201.59814453125
20 92.18376922607422
21 149.04476928710938
22 149.04478454589844
23 103.81441497802734
24 68.92243957519531
25 143.44482421875
26 163.26002502441406
27 93.0452880859375
28 97.78369903564453
29 133.1064453125
30 129.6603240966797
31 109.84515380859375
32 136.55258178710938
33 100.36831665039063
34 142.15252685546875
35 193.41357421875
36 151.62936401367188
37 121.47579956054688
38 123.62962341308594
39 167.99842834472656
40 117.16815948486328
41 130.95262145996094
42 127.93728637695313
43 208.05958557128906
44 195.9982452392578
45 155.93699645996094
46 157.22930908203125
47 198.582763671875
48 114.1528091430664
49 99.9375228881836
50 174.02914428710938
51 102.95289611816406
52 174.4599151611328
53 163.69081115722656
54 104.24518585205078
55 115.01432037353516
56 114.58354949951172
57 180.49063110351563
58 118.89120483398438
59 179.1983642578125
60 84.42998504638672
61 183.93675231933594
62 169.72149658203125
63 191.25978088378906
64 112.42972564697266
65 153.78317260742188
66 160.67543029785156
67 108.5528335571289
68 93.4760513305664
69 124.49115753173828
70 139.13717651367188
71 128.3680419921875
72 144.3063507080078
73 152.921630859375
74 132.24490356445313
75 186.95213317871094
76 74.52239990234375
77 115.01431274414063
78 148.18324279785156
79 113.7220230102539
80 120.6142578125
81 155.93701171875
82 80.5531005859375
83 154.6447296142578
84 133.96798706054688
85 155.93702697753906
86 123.19884490966797
87 113.29125213623047
88 92.6145248413086
89 102.52212524414063
90 65.9070816040039
91 206.33656311035156
92 99.07598876953125
93 143.44482421875
94 204.18275451660156
95 135.26028442382813
96 138.27565002441406
97 94.33758544921875
98 175.32144165039063
99 146.02940368652344
100 114.58354949951172
101 144.30633544921875
102 182.64443969726563
103 160.6754150390625
104 148.18325805664063
105 183.07522583007813
106 105.96825408935547
107 63.32249069213867
108 106.82978057861328
109 109.84513092041016
110 154.2139434814453
111 123.1988525390625
112 100.36829376220703
113 144.3063507080078
114 130.52188110351563
115 125.35269165039063
116 102.52212524414063
117 208.0596160888672
118 135.69105529785156
119 174.02914428710938
120 95.62989044189453
121 171.44456481933594
122 83.99922943115234
123 149.04476928710938
124 150.76783752441406
125 91.75300598144531
126 133.10646057128906
127 164.55230712890625
128 102.95289611816406
129 105.1067123413086
130 155.5062255859375
131 126.64498138427734
132 116.30659484863281
133 152.92166137695313
134 154.6446990966797
135 122.33733367919922
136 94.76834106445313
137 160.24468994140625
138 139.5679168701172
139 121.04502868652344
140 179.19833374023438
141 149.47552490234375
142 158.95236206054688
143 127.50650787353516
144 92.18376159667969
145 121.90655517578125
146 151.1986083984375
147 178.767578125
148 202.89044189453125
149 136.55258178710938
150 105.10671997070313
151 101.22982788085938
152 82.27616119384766
153 158.09085083007813
154 154.21395874023438
155 118.02965545654297
156 127.50650787353516
157 167.13690185546875
158 76.24544525146484
159 152.06011962890625
160 209.7826385498047
161 170.58302307128906
162 168.42919921875
163 136.55258178710938
164 154.21395874023438
165 91.75299835205078
166 121.90655517578125
167 118.0296630859375
168 159.38314819335938
169 154.21395874023438
170 127.937255859375
171 157.2292938232422
172 78.39927673339844
173 123.19886779785156
174 161.96771240234375
175 107.26053619384766
176 119.32197570800781
177 134.82949829101563
178 230.8901824951172
179 100.36829376220703
180 124.06038665771484
181 124.49116516113281
182 126.21420288085938
183 127.50650024414063
184 156.79856872558594
185 224.85946655273438
186 54.27642059326172
187 176.61373901367188
188 113.72203063964844
189 127.9372787475586
190 65.0455551147461
191 133.10646057128906
192 230.02862548828125
193 108.5528335571289
194 124.92190551757813
195 171.44456481933594
196 148.61399841308594
197 136.55259704589844
198 224.85946655273438
199 87.4453353881836
200 161.96774291992188
201 107.26053619384766
202 176.18296813964844
203 182.2136688232422
204 158.52159118652344
205 109.41436767578125
206 171.44454956054688
207 216.67494201660156
208 131.8141632080078
209 136.5525665283203
210 104.24517822265625
211 118.46044921875
212 167.99842834472656
213 161.10617065429688
214 108.5528335571289
215 154.2139434814453
216 207.19805908203125
217 128.3680419921875
218 118.02967071533203
219 147.75245666503906
220 122.33732604980469
221 110.27588653564453
222 74.09162902832031
223 111.99894714355469
224 153.35243225097656
225 70.21473693847656
226 131.81414794921875
227 180.05987548828125
228 109.41436767578125
229 177.04449462890625
230 139.13719177246094
231 98.6452407836914
232 115.44508361816406
233 124.49114990234375
234 184.7982635498047
235 98.21446228027344
236 82.27616119384766
237 121.04502868652344
238 102.52212524414063
239 114.15277099609375
240 149.04478454589844
241 139.13714599609375
242 132.24493408203125
243 164.1215362548828
244 218.8287353515625
245 145.59866333007813
246 162.82925415039063
247 216.67491149902344
248 156.3677978515625
249 130.95262145996094
250 148.614013671875
251 171.01380920410156
252 81.41462707519531
253 89.16838836669922
254 53.84565734863281
255 121.4758071899414
256 124.49115753173828
257 155.93699645996094
258 149.0447540283203
259 147.7524871826172
260 161.10618591308594
261 86.15304565429688
262 195.56739807128906
263 171.0137939453125
264 155.50625610351563
265 184.36752319335938
266 55.999481201171875
267 121.0450210571289
268 146.0294189453125
269 86.15304565429688
270 105.1067123413086
271 137.41409301757813
272 122.33734130859375
273 163.6907958984375
274 113.29126739501953
275 192.98284912109375
276 107.69129943847656
277 67.63014221191406
278 76.67622375488281
279 119.75273132324219
280 119.75272369384766
281 61.168663024902344
282 127.07574462890625
283 143.44482421875
284 127.50650024414063
285 113.2912368774414
286 153.783203125
287 128.3680419921875
288 67.63014221191406
289 142.5832977294922
290 183.93673706054688
291 183.5059814453125
292 148.61399841308594
293 120.6142807006836
294 182.6444549560547
295 181.78292846679688
296 119.75273895263672
297 129.6603240966797
298 101.22982025146484
299 115.8758544921875
300 79.69157409667969
301 172.30609130859375
302 205.90576171875
303 87.44534301757813
304 184.36752319335938
305 205.04421997070313
306 92.18376159667969
307 129.66033935546875
308 94.33757781982422
309 178.33682250976563
310 74.09162902832031
311 150.76783752441406
312 162.39849853515625
313 141.7217559814453
314 87.87610626220703
315 128.79881286621094
316 140.4294891357422
317 91.75298309326172
318 196.85971069335938
319 125.783447265625
320 123.62962341308594
321 164.55230712890625
322 188.244384765625
323 108.98360443115234
324 119.32196807861328
325 160.24462890625
326 191.259765625
327 179.19833374023438
328 158.0908203125
329 76.24544525146484
330 134.8295135498047
331 110.27591705322266
332 167.1368865966797
333 186.090576171875
334 123.62962341308594
335 99.50675964355469
336 202.0288848876953
337 71.50701904296875
338 204.1827392578125
339 116.73737335205078
340 116.30661010742188
341 102.95289611816406
342 140.8602294921875
343 210.2134246826172
344 135.6910400390625
345 90.460693359375
346 101.66060638427734
347 135.6910400390625
348 207.6288299560547
349 156.36778259277344
350 161.9677276611328
351 125.783447265625
352 87.01457977294922
353 77.96852111816406
354 151.19859313964844
355 168.8599853515625
356 107.69129943847656
357 107.69131469726563
358 181.78292846679688
359 149.04476928710938
360 158.95236206054688
361 164.55230712890625
362 159.81390380859375
363 117.16815185546875
364 131.8141632080078
365 110.27589416503906
366 129.66033935546875
367 177.0445098876953
368 79.26080322265625
369 157.6600799560547
370 177.4752960205078
371 71.93778991699219
372 151.6293487548828
373 112.8604965209961
374 112.8604736328125
375 92.61453247070313
376 167.1368865966797
377 161.53695678710938
378 169.29074096679688
379 221.41334533691406
380 125.3526840209961
381 89.59918212890625
382 135.69105529785156
383 104.24519348144531
384 185.2290496826172
385 189.10595703125
386 142.5832977294922
387 141.29098510742188
388 85.29151916503906
389 161.96771240234375
390 118.89120483398438
391 151.1986083984375
392 161.96771240234375
393 97.35294342041016
394 143.87559509277344
395 115.87583923339844
396 158.5216064453125
397 233.90553283691406
398 124.06037139892578
399 140.86021423339844
400 129.22958374023438
401 118.46044158935547
402 204.1827392578125
403 96.92217254638672
404 50.83029556274414
405 96.49141693115234
406 114.58354949951172
407 173.59837341308594
408 176.18296813964844
409 166.70614624023438
410 142.1525115966797
411 109.84513092041016
412 85.29151916503906
413 121.04503631591797
414 151.19857788085938
415 177.90603637695313
416 147.7524871826172
417 155.0755157470703
418 198.58277893066406
419 77.10697174072266
420 86.15304565429688
421 139.56793212890625
422 123.629638671875
423 156.7985382080078
424 112.86051177978516
425 98.2144775390625
426 155.93702697753906
427 159.81390380859375
428 70.64550018310547
429 149.4755401611328
430 170.15225219726563
431 164.5523223876953
432 132.67567443847656
433 127.93726348876953
434 119.75273132324219
435 133.96800231933594
436 162.39849853515625
437 163.69078063964844
438 138.275634765625
439 173.16761779785156
440 177.90603637695313
441 147.3217010498047
442 129.6603240966797
443 116.30661010742188
444 120.61426544189453
445 148.614013671875
446 126.64495849609375
447 139.99871826171875
448 131.8141632080078
449 130.95262145996094
450 133.96798706054688
451 164.9830780029297
452 127.07574462890625
453 177.90602111816406
454 222.27487182617188
455 157.66006469726563
456 159.81390380859375
457 111.1374282836914
458 93.04529571533203
459 158.52162170410156
460 100.3683090209961
461 180.92140197753906
462 70.64550018310547
463 120.61424255371094
464 72.36856079101563
465 105.1067123413086
466 156.7985382080078
467 162.39849853515625
468 138.275634765625
469 161.106201171875
470 146.8909454345703
471 69.7839584350586
472 201.59811401367188
473 216.6748809814453
474 166.7061309814453
475 155.07546997070313
476 159.3831329345703
477 133.5372314453125
478 173.16763305664063
479 159.81390380859375
480 89.59915924072266
481 172.73687744140625
482 83.99922180175781
483 142.15252685546875
484 146.46017456054688
485 165.84461975097656
486 200.7366180419922
487 139.56796264648438
488 207.19808959960938
489 196.85971069335938
490 124.06039428710938
491 112.42971801757813
492 155.07546997070313
493 124.49114227294922
494 164.55230712890625
495 153.78318786621094
496 158.9523468017578
497 135.26028442382813
498 113.29125213623047
499 109.84512329101563
500 109.41436767578125
501 97.78370666503906
502 167.56765747070313
503 87.44534301757813
504 217.5364227294922
505 166.70616149902344
506 259.75140380859375
507 158.95236206054688
508 167.56765747070313
509 168.86000061035156
510 111.5682144165039
511 80.1223373413086
512 96.49140930175781
513 129.22955322265625
514 118.46043395996094
515 167.1369171142578
516 216.24412536621094
517 96.92217254638672
518 141.29098510742188
519 118.46043395996094
520 147.32171630859375
521 147.3217010498047
522 101.2298355102539
523 228.73635864257813
524 196.85971069335938
525 196.85972595214844
526 100.79905700683594
527 118.02967834472656
528 82.27615356445313
529 138.70639038085938
530 152.49087524414063
531 197.29043579101563
532 177.90603637695313
533 124.49114990234375
534 168.85997009277344
535 146.89096069335938
536 83.99922943115234
537 141.72174072265625
538 72.36856079101563
539 165.4138641357422
540 126.64496612548828
541 126.21421813964844
542 138.70640563964844
543 149.90631103515625
544 248.12074279785156
545 168.85997009277344
546 175.32144165039063
547 144.73709106445313
548 94.33758544921875
549 116.3066177368164
550 144.7371368408203
551 124.06037902832031
552 229.59788513183594
553 214.9518280029297
554 93.90682983398438
555 103.38365173339844
556 155.93701171875
557 76.67620849609375
558 152.0601348876953
559 214.52105712890625
560 177.0445098876953
561 211.07498168945313
562 117.59890747070313
563 124.06038665771484
564 92.18375396728516
565 130.95262145996094
566 127.07574462890625
567 107.6913070678711
568 130.95262145996094
569 142.58328247070313
570 152.92164611816406
571 172.30606079101563
572 105.53746795654297
573 103.3836669921875
574 103.38365173339844
575 181.35215759277344
576 131.38339233398438
577 152.92166137695313
578 144.73712158203125
579 240.79776000976563
580 124.06038665771484
581 130.95263671875
582 143.87557983398438
583 186.09059143066406
584 179.19833374023438
585 130.52186584472656
586 199.4442596435547
587 111.56818389892578
588 114.15279388427734
589 146.02940368652344
590 198.15199279785156
591 188.244384765625
592 90.89146423339844
593 164.12156677246094
594 149.47552490234375
595 93.90681457519531
596 97.78370666503906
597 95.62987518310547
598 204.6134796142578
599 111.56819152832031
600 166.70614624023438
601 205.47503662109375
602 134.39877319335938
603 197.29046630859375
604 160.6754150390625
605 191.69053649902344
606 116.73738098144531
607 171.0137939453125
608 126.21420288085938
609 144.3063507080078
610 149.47552490234375
611 75.3839111328125
612 185.22906494140625
613 119.32196044921875
614 174.89068603515625
615 164.55230712890625
616 96.06063842773438
617 132.67567443847656
618 74.52239227294922
619 91.75299835205078
620 174.89068603515625
621 96.49140930175781
622 140.86024475097656
623 161.9677276611328
624 148.18324279785156
625 211.50572204589844
626 124.92191314697266
627 179.19834899902344
628 220.98257446289063
629 126.21420288085938
630 112.42971801757813
631 169.72149658203125
632 125.35269165039063
633 125.35269165039063
634 69.35320281982422
635 116.73738861083984
636 164.55230712890625
637 108.1220703125
638 169.7215118408203
639 88.73764038085938
640 135.69105529785156
641 120.18350219726563
642 151.6293487548828
643 194.7058868408203
644 193.84434509277344
645 89.16840362548828
646 86.58381652832031
647 149.9062957763672
648 183.936767578125
649 68.92243957519531
650 123.1988525390625
651 102.09136199951172
652 126.2142105102539
653 190.8289794921875
654 126.64498138427734
655 168.42921447753906
656 204.18272399902344
657 187.81361389160156
658 190.82899475097656
659 104.24518585205078
660 227.87481689453125
661 124.0604019165039
662 83.56845092773438
663 84.42999267578125
664 169.2907257080078
665 94.76834106445313
666 112.86048126220703
667 102.52213287353516
668 175.75222778320313
669 184.36752319335938
670 148.18324279785156
671 161.5369415283203
672 101.66059875488281
673 191.6905059814453
674 189.5366668701172
675 76.67620849609375
676 159.8138885498047
677 158.09085083007813
678 138.275634765625
679 137.84486389160156
680 79.69157409667969
681 197.72122192382813
682 151.62936401367188
683 89.16839599609375
684 151.19859313964844
685 75.81468200683594
686 121.90655517578125
687 167.1369171142578
688 175.32144165039063
689 155.93701171875
690 109.41436767578125
691 126.21421813964844
692 129.2295684814453
693 151.62937927246094
694 134.82952880859375
695 95.62987518310547
696 185.2290496826172
697 139.56793212890625
698 147.32171630859375
699 142.58328247070313
700 154.6447296142578
701 121.04502868652344
702 109.41435241699219
703 126.21421813964844
704 111.1374282836914
705 211.50572204589844
706 140.42945861816406
707 139.13717651367188
708 101.66059875488281
709 195.99815368652344
710 165.84461975097656
711 74.09162139892578
712 149.0447540283203
713 103.3836441040039
714 109.84513092041016
715 150.76783752441406
716 114.15277862548828
717 204.18270874023438
718 145.59864807128906
719 103.81441497802734
720 115.01431274414063
721 106.82978057861328
722 115.87584686279297
723 106.39900207519531
724 146.46017456054688
725 134.39874267578125
726 106.39901733398438
727 64.18402099609375
728 109.84513092041016
729 115.01432037353516
730 166.70611572265625
731 117.59891510009766
732 177.4752960205078
733 146.8909454345703
734 209.35191345214844
735 127.07573699951172
736 128.79879760742188
737 146.46018981933594
738 80.55310821533203
739 131.81419372558594
740 189.96746826171875
741 176.18295288085938
742 150.76785278320313
743 143.87559509277344
744 155.07550048828125
745 123.1988525390625
746 139.99868774414063
747 146.46017456054688
748 128.79881286621094
749 138.70640563964844
750 139.13714599609375
751 164.5523223876953
752 185.65985107421875
753 108.55284118652344
754 142.58328247070313
755 163.260009765625
756 50.830299377441406
757 91.75298309326172
758 123.62960815429688
759 143.87559509277344
760 108.5528335571289
761 108.98359680175781
762 195.56739807128906
763 150.33706665039063
764 81.41462707519531
765 133.10646057128906
766 230.02862548828125
767 70.64550018310547
768 163.26004028320313
769 201.5980987548828
770 155.93701171875
771 75.3839111328125
772 169.29074096679688
773 93.47605895996094
774 160.67543029785156
775 93.90682220458984
776 158.95237731933594
777 125.78343963623047
778 176.1829833984375
779 149.4755401611328
780 162.39849853515625
781 70.64549255371094
782 119.75274658203125
783 197.72125244140625
784 219.69027709960938
785 88.30686950683594
786 120.18350219726563
787 180.92137145996094
788 101.22982788085938
789 142.15252685546875
790 143.44480895996094
791 71.93779754638672
792 230.45936584472656
793 140.8602294921875
794 140.8602294921875
795 192.55203247070313
796 139.9987030029297
797 117.16813659667969
798 137.84486389160156
799 192.5520477294922
800 96.49140930175781
801 181.3521728515625
802 200.73660278320313
803 70.21473693847656
804 85.29151916503906
805 86.15304565429688
806 125.3526840209961
807 85.29151916503906
808 155.50625610351563
809 119.32196044921875
810 152.49090576171875
811 185.22906494140625
812 91.32221984863281
813 167.99844360351563
814 126.2142105102539
815 93.0452880859375
816 171.0137939453125
817 80.9838638305664
818 115.87584686279297
819 157.2293243408203
820 127.07573699951172
821 102.52213287353516
822 178.33682250976563
823 119.75272369384766
824 118.0296630859375
825 71.07625579833984
826 126.64496612548828
827 136.98333740234375
828 204.61349487304688
829 153.3524169921875
830 93.90682983398438
831 77.53773498535156
832 250.2745819091797
833 131.38339233398438
834 162.39849853515625
835 143.44483947753906
836 174.02914428710938
837 158.52157592773438
838 133.96798706054688
839 99.93753051757813
840 175.3214569091797
841 173.598388671875
842 122.76809692382813
843 183.50599670410156
844 105.96824645996094
845 133.10647583007813
846 102.9529037475586
847 177.90602111816406
848 105.9682388305664
849 174.8906707763672
850 180.0598602294922
851 58.58407211303711
852 60.30713653564453
853 102.95288848876953
854 280.4281921386719
855 119.75272369384766
856 151.1986083984375
857 164.5523223876953
858 86.1530532836914
859 141.29100036621094
860 127.07574462890625
861 161.53697204589844
862 125.3526840209961
863 77.53775024414063
864 107.69129943847656
865 121.0450210571289
866 64.18402099609375
867 101.66059112548828
868 120.18348693847656
869 168.42918395996094
870 146.46017456054688
871 139.5679473876953
872 143.44480895996094
873 127.07574462890625
874 156.36778259277344
875 134.3987579345703
876 126.2142105102539
877 135.69105529785156
878 159.38311767578125
879 151.19859313964844
880 111.56819152832031
881 70.21472930908203
882 133.96800231933594
883 147.7524871826172
884 143.44482421875
885 109.41436004638672
886 123.62960815429688
887 88.73763275146484
888 117.5988998413086
889 118.46043395996094
890 102.09136199951172
891 134.8295135498047
892 156.36778259277344
893 242.52081298828125
894 129.2295684814453
895 138.70640563964844
896 209.7826690673828
897 140.42947387695313
898 130.52186584472656
899 151.19859313964844
900 116.3066177368164
901 176.18296813964844
902 164.12155151367188
903 150.33706665039063
904 87.01457977294922
905 81.84539794921875
906 84.86075592041016
907 86.1530532836914
908 129.2295684814453
909 161.10618591308594
910 168.85997009277344
911 106.39900970458984
912 191.25978088378906
913 59.87636947631836
914 139.13714599609375
915 146.46017456054688
916 139.56796264648438
917 127.07572937011719
918 118.89119720458984
919 114.58354949951172
920 91.32223510742188
921 183.07521057128906
922 82.27616882324219
923 115.44509887695313
924 217.5364532470703
925 155.07550048828125
926 132.6757049560547
927 99.50676727294922
928 167.56768798828125
929 224.8594512939453
930 147.3217010498047
931 123.62960815429688
932 161.5369873046875
933 134.39874267578125
934 84.86074829101563
935 122.7680892944336
936 161.10623168945313
937 102.52212524414063
938 156.3677978515625
939 138.27565002441406
940 148.1832275390625
941 105.53748321533203
942 152.9216766357422
943 126.2142105102539
944 104.67594146728516
945 171.87533569335938
946 86.15303802490234
947 109.84512329101563
948 155.07550048828125
949 223.13638305664063
950 100.36830139160156
951 146.89093017578125
952 146.46017456054688
953 198.58277893066406
954 137.4141082763672
955 144.7371368408203
956 144.3063507080078
957 180.49063110351563
958 211.50570678710938
959 96.49141693115234
960 102.09135437011719
961 128.3680419921875
962 101.66060638427734
963 168.85997009277344
964 119.75271606445313
965 92.6145248413086
966 127.07573699951172
967 136.55258178710938
968 161.10617065429688
969 87.01457977294922
970 104.67594909667969
971 201.59811401367188
972 139.13717651367188
973 106.82978057861328
974 128.79879760742188
975 132.2449188232422
976 99.50675964355469
977 204.6134796142578
978 130.09109497070313
979 121.90655517578125
980 97.7837142944336
981 196.428955078125
982 134.82952880859375
983 116.30662536621094
984 104.67594909667969
985 129.22958374023438
986 111.13743591308594
987 92.6145248413086
988 147.32171630859375
989 143.01406860351563
990 61.59943389892578
991 149.4755401611328
992 181.7829132080078
993 182.64447021484375
994 208.92112731933594
995 233.47474670410156
996 153.78321838378906
997 118.89120483398438
998 136.98333740234375
999 181.78294372558594
1000 105.10671997070313
1001 183.50599670410156
1002 183.50599670410156
