0 {1 2 3 4 5 6 7 8 9 10} {}
1 {1 2 3 4 5 6 7 8 9 10} {}
2 {2 3 4 5 7 8 9 10} {{1 0 0 0 0 6 0 0 0 0}}
3 {2 4 5 7 9 10} {{1 0 0 0 0 6 0 0 0 0} {0 0 3 0 0 0 0 8 0 0}}
4 {2 4 5 7 9 10} {{1 0 0 0 0 6 0 0 0 0} {0 0 3 0 0 0 0 8 0 0}}
5 {2 4 5 7 9 10} {{1 0 0 0 0 6 0 0 0 0} {0 0 3 0 0 0 0 8 0 0}}
6 {2 4 5 7 9 10} {{1 0 0 0 0 6 0 0 0 0} {0 0 3 0 0 0 0 8 0 0}}
7 {2 4 5 7 9 10} {{1 0 0 0 0 6 0 0 0 0} {0 0 3 0 0 0 0 8 0 0}}
8 {2 4 5 7 9 10} {{1 0 0 0 0 6 0 0 0 0} {0 0 3 0 0 0 0 8 0 0}}
9 {2 4 5 7 9 10} {{1 0 0 0 0 6 0 0 0 0} {0 0 3 0 0 0 0 8 0 0}}
10 {2 4 5 7 9 10} {{1 0 0 0 0 6 0 0 0 0} {0 0 3 0 0 0 0 8 0 0}}
11 {2 4 5 7 9 10} {{1 0 0 0 0 6 0 0 0 0} {0 0 3 0 0 0 0 8 0 0}}
12 {2 4 5 7 9 10} {{1 0 0 0 0 6 0 0 0 0} {0 0 3 0 0 0 0 8 0 0}}
13 {2 4 5 7 9 10} {{1 0 0 0 0 6 0 0 0 0} {0 0 3 0 0 0 0 8 0 0}}
14 {2 4 5 7 9 10} {{1 0 0 0 0 6 0 0 0 0} {0 0 3 0 0 0 0 8 0 0}}
15 {5 7 9 10} {{1 0 0 0 0 6 0 0 0 0} {0 2 0 4 0 0 0 0 0 0} {0 0 3 0 0 0 0 8 0 0}}
16 {5 7 9 10} {{1 0 0 0 0 6 0 0 0 0} {0 2 0 4 0 0 0 0 0 0} {0 0 3 0 0 0 0 8 0 0}}
17 {5 7 9 10} {{1 0 0 0 0 6 0 0 0 0} {0 2 0 4 0 0 0 0 0 0} {0 0 3 0 0 0 0 8 0 0}}
18 {5 7} {{1 0 0 0 0 6 0 0 0 0} {0 2 0 4 0 0 0 0 0 0} {0 0 3 0 0 0 0 8 0 0} {0 0 0 0 0 0 0 0 9 10}}
19 {5 7} {{1 0 0 0 0 6 0 0 0 0} {0 2 0 4 0 0 0 0 0 0} {0 0 3 0 0 0 0 8 0 0} {0 0 0 0 0 0 0 0 9 10}}
20 {5 7} {{1 0 0 0 0 6 0 0 0 0} {0 2 0 4 0 0 0 0 0 0} {0 0 3 0 0 0 0 8 0 0} {0 0 0 0 0 0 0 0 9 10}}
21 {5 7} {{1 0 0 0 0 6 0 0 0 0} {0 2 0 4 0 0 0 0 0 0} {0 0 3 0 0 0 0 8 0 0} {0 0 0 0 0 0 0 0 9 10}}
22 {5 7} {{1 0 0 0 0 6 0 0 0 0} {0 2 0 4 0 0 0 0 0 0} {0 0 3 0 0 0 0 8 0 0} {0 0 0 0 0 0 0 0 9 10}}
23 {5 7} {{1 0 0 0 0 6 0 0 0 0} {0 2 0 4 0 0 0 0 0 0} {0 0 3 0 0 0 0 8 0 0} {0 0 0 0 0 0 0 0 9 10}}
24 {5 7} {{1 0 0 0 0 6 0 0 0 0} {0 2 0 4 0 0 0 0 0 0} {0 0 3 0 0 0 0 8 0 0} {0 0 0 0 0 0 0 0 9 10}}
25 {5 7} {{1 0 0 0 0 6 0 0 0 0} {0 2 0 4 0 0 0 0 0 0} {0 0 3 0 0 0 0 8 0 0} {0 0 0 0 0 0 0 0 9 10}}
26 {5 7} {{1 0 0 0 0 6 0 0 0 0} {0 2 0 4 0 0 0 0 0 0} {0 0 3 0 0 0 0 8 0 0} {0 0 0 0 0 0 0 0 9 10}}
27 {5 7} {{1 0 0 0 0 6 0 0 0 0} {0 2 0 4 0 0 0 0 0 0} {0 0 3 0 0 0 0 8 0 0} {0 0 0 0 0 0 0 0 9 10}}
28 {5 7} {{1 0 0 0 0 6 0 0 0 0} {0 2 0 4 0 0 0 0 0 0} {0 0 3 0 0 0 0 8 0 0} {0 0 0 0 0 0 0 0 9 10}}
29 {5 7} {{1 0 0 0 0 6 0 0 0 0} {0 2 0 4 0 0 0 0 0 0} {0 0 3 0 0 0 0 8 0 0} {0 0 0 0 0 0 0 0 9 10}}
30 {5 7} {{1 0 0 0 0 6 0 0 0 0} {0 2 0 4 0 0 0 0 0 0} {0 0 3 0 0 0 0 8 0 0} {0 0 0 0 0 0 0 0 9 10}}
31 {5 7} {{1 0 0 0 0 6 0 0 0 0} {0 2 0 4 0 0 0 0 0 0} {0 0 3 0 0 0 0 8 0 0} {0 0 0 0 0 0 0 0 9 10}}
32 {5 7} {{1 0 0 0 0 6 0 0 0 0} {0 2 0 4 0 0 0 0 0 0} {0 0 3 0 0 0 0 8 0 0} {0 0 0 0 0 0 0 0 9 10}}
33 {5 7} {{1 0 0 0 0 6 0 0 0 0} {0 2 0 4 0 0 0 0 0 0} {0 0 3 0 0 0 0 8 0 0} {0 0 0 0 0 0 0 0 9 10}}
34 {5 7} {{1 0 0 0 0 6 0 0 0 0} {0 2 0 4 0 0 0 0 0 0} {0 0 3 0 0 0 0 8 0 0} {0 0 0 0 0 0 0 0 9 10}}
35 {5 7} {{1 0 0 0 0 6 0 0 0 0} {0 2 0 4 0 0 0 0 0 0} {0 0 3 0 0 0 0 8 0 0} {0 0 0 0 0 0 0 0 9 10}}
36 {5 7} {{1 0 0 0 0 6 0 0 0 0} {0 2 0 4 0 0 0 0 0 0} {0 0 3 0 0 0 0 8 0 0} {0 0 0 0 0 0 0 0 9 10}}
37 {5 7} {{1 0 0 0 0 6 0 0 0 0} {0 2 0 4 0 0 0 0 0 0} {0 0 3 0 0 0 0 8 0 0} {0 0 0 0 0 0 0 0 9 10}}
38 {5 7} {{1 0 0 0 0 6 0 0 0 0} {0 2 0 4 0 0 0 0 0 0} {0 0 3 0 0 0 0 8 0 0} {0 0 0 0 0 0 0 0 9 10}}
39 {5 7} {{1 0 0 0 0 6 0 0 0 0} {0 2 0 4 0 0 0 0 0 0} {0 0 3 0 0 0 0 8 0 0} {0 0 0 0 0 0 0 0 9 10}}
40 {5 7} {{1 0 0 0 0 6 0 0 0 0} {0 2 0 4 0 0 0 0 0 0} {0 0 3 0 0 0 0 8 0 0} {0 0 0 0 0 0 0 0 9 10}}
41 {5 7} {{1 0 0 0 0 6 0 0 0 0} {0 2 0 4 0 0 0 0 0 0} {0 0 3 0 0 0 0 8 0 0} {0 0 0 0 0 0 0 0 9 10}}
42 {5 7} {{1 0 0 0 0 6 0 0 0 0} {0 2 0 4 0 0 0 0 0 0} {0 0 3 0 0 0 0 8 0 0} {0 0 0 0 0 0 0 0 9 10}}
43 {5 7} {{1 0 0 0 0 6 0 0 0 0} {0 2 0 4 0 0 0 0 0 0} {0 0 3 0 0 0 0 8 0 0} {0 0 0 0 0 0 0 0 9 10}}
44 {5 7} {{1 0 0 0 0 6 0 0 0 0} {0 2 0 4 0 0 0 0 0 0} {0 0 3 0 0 0 0 8 0 0} {0 0 0 0 0 0 0 0 9 10}}
45 {5 7} {{1 0 0 0 0 6 0 0 0 0} {0 2 0 4 0 0 0 0 0 0} {0 0 3 0 0 0 0 8 0 0} {0 0 0 0 0 0 0 0 9 10}}
46 {5 7} {{1 0 0 0 0 6 0 0 0 0} {0 2 0 4 0 0 0 0 0 0} {0 0 3 0 0 0 0 8 0 0} {0 0 0 0 0 0 0 0 9 10}}
47 {5 7} {{1 0 0 0 0 6 0 0 0 0} {0 2 0 4 0 0 0 0 0 0} {0 0 3 0 0 0 0 8 0 0} {0 0 0 0 0 0 0 0 9 10}}
48 {5 7} {{1 0 0 0 0 6 0 0 0 0} {0 2 0 4 0 0 0 0 0 0} {0 0 3 0 0 0 0 8 0 0} {0 0 0 0 0 0 0 0 9 10}}
49 {5 7} {{1 0 0 0 0 6 0 0 0 0} {0 2 0 4 0 0 0 0 0 0} {0 0 3 0 0 0 0 8 0 0} {0 0 0 0 0 0 0 0 9 10}}
50 {5 7} {{1 0 0 0 0 6 0 0 0 0} {0 2 0 4 0 0 0 0 0 0} {0 0 3 0 0 0 0 8 0 0} {0 0 0 0 0 0 0 0 9 10}}
51 {5 7} {{1 0 0 0 0 6 0 0 0 0} {0 2 0 4 0 0 0 0 0 0} {0 0 3 0 0 0 0 8 0 0} {0 0 0 0 0 0 0 0 9 10}}
52 {5 7} {{1 0 0 0 0 6 0 0 0 0} {0 2 0 4 0 0 0 0 0 0} {0 0 3 0 0 0 0 8 0 0} {0 0 0 0 0 0 0 0 9 10}}
53 {5 7} {{1 0 0 0 0 6 0 0 0 0} {0 2 0 4 0 0 0 0 0 0} {0 0 3 0 0 0 0 8 0 0} {0 0 0 0 0 0 0 0 9 10}}
54 {5 7} {{1 0 0 0 0 6 0 0 0 0} {0 2 0 4 0 0 0 0 0 0} {0 0 3 0 0 0 0 8 0 0} {0 0 0 0 0 0 0 0 9 10}}
55 {5 7} {{1 0 0 0 0 6 0 0 0 0} {0 2 0 4 0 0 0 0 0 0} {0 0 3 0 0 0 0 8 0 0} {0 0 0 0 0 0 0 0 9 10}}
56 {5 7} {{1 0 0 0 0 6 0 0 0 0} {0 2 0 4 0 0 0 0 0 0} {0 0 3 0 0 0 0 8 0 0} {0 0 0 0 0 0 0 0 9 10}}
57 {5 7} {{1 0 0 0 0 6 0 0 0 0} {0 2 0 4 0 0 0 0 0 0} {0 0 3 0 0 0 0 8 0 0} {0 0 0 0 0 0 0 0 9 10}}
58 5 {{1 0 0 0 0 6 0 0 0 0} {0 2 0 4 0 0 7 0 0 0} {0 0 3 0 0 0 0 8 0 0} {0 0 0 0 0 0 0 0 9 10}}
59 5 {{1 0 0 0 0 6 0 0 0 0} {0 2 0 4 0 0 7 0 0 0} {0 0 3 0 0 0 0 8 0 0} {0 0 0 0 0 0 0 0 9 10}}
60 5 {{1 0 0 0 0 6 0 0 0 0} {0 2 0 4 0 0 7 0 0 0} {0 0 3 0 0 0 0 8 0 0} {0 0 0 0 0 0 0 0 9 10}}
61 5 {{1 0 0 0 0 6 0 0 0 0} {0 2 0 4 0 0 7 0 0 0} {0 0 3 0 0 0 0 8 0 0} {0 0 0 0 0 0 0 0 9 10}}
62 5 {{1 0 0 0 0 6 0 0 0 0} {0 2 0 4 0 0 7 0 0 0} {0 0 3 0 0 0 0 8 0 0} {0 0 0 0 0 0 0 0 9 10}}
63 5 {{1 0 0 0 0 6 0 0 0 0} {0 2 0 4 0 0 7 0 0 0} {0 0 3 0 0 0 0 8 0 0} {0 0 0 0 0 0 0 0 9 10}}
64 5 {{1 0 0 0 0 6 0 0 0 0} {0 2 0 4 0 0 7 0 0 0} {0 0 3 0 0 0 0 8 0 0} {0 0 0 0 0 0 0 0 9 10}}
65 5 {{1 0 0 0 0 6 0 0 0 0} {0 2 0 4 0 0 7 0 0 0} {0 0 3 0 0 0 0 8 0 0} {0 0 0 0 0 0 0 0 9 10}}
66 5 {{1 0 0 0 0 6 0 0 0 0} {0 2 0 4 0 0 7 0 0 0} {0 0 3 0 0 0 0 8 0 0} {0 0 0 0 0 0 0 0 9 10}}
67 5 {{1 0 0 0 0 6 0 0 0 0} {0 2 0 4 0 0 7 0 0 0} {0 0 3 0 0 0 0 8 0 0} {0 0 0 0 0 0 0 0 9 10}}
68 5 {{1 0 0 0 0 6 0 0 0 0} {0 2 0 4 0 0 7 0 0 0} {0 0 3 0 0 0 0 8 0 0} {0 0 0 0 0 0 0 0 9 10}}
69 5 {{1 0 0 0 0 6 0 0 0 0} {0 2 0 4 0 0 7 0 0 0} {0 0 3 0 0 0 0 8 0 0} {0 0 0 0 0 0 0 0 9 10}}
70 5 {{1 0 0 0 0 6 0 0 0 0} {0 2 0 4 0 0 7 0 0 0} {0 0 3 0 0 0 0 8 0 0} {0 0 0 0 0 0 0 0 9 10}}
71 5 {{1 0 0 0 0 6 0 0 0 0} {0 2 0 4 0 0 7 0 0 0} {0 0 3 0 0 0 0 8 0 0} {0 0 0 0 0 0 0 0 9 10}}
72 5 {{1 0 0 0 0 6 0 0 0 0} {0 2 0 4 0 0 7 0 0 0} {0 0 3 0 0 0 0 8 0 0} {0 0 0 0 0 0 0 0 9 10}}
73 5 {{1 0 0 0 0 6 0 0 0 0} {0 2 0 4 0 0 7 0 0 0} {0 0 3 0 0 0 0 8 0 0} {0 0 0 0 0 0 0 0 9 10}}
74 5 {{1 2 0 4 0 6 7 0 0 0} {0 0 3 0 0 0 0 8 0 0} {0 0 0 0 0 0 0 0 9 10}}
75 5 {{1 2 0 4 0 6 7 0 0 0} {0 0 3 0 0 0 0 8 0 0} {0 0 0 0 0 0 0 0 9 10}}
76 5 {{1 2 0 4 0 6 7 0 0 0} {0 0 3 0 0 0 0 8 0 0} {0 0 0 0 0 0 0 0 9 10}}
77 5 {{1 2 0 4 0 6 7 0 0 0} {0 0 3 0 0 0 0 8 0 0} {0 0 0 0 0 0 0 0 9 10}}
78 5 {{1 2 0 4 0 6 7 0 0 0} {0 0 3 0 0 0 0 8 0 0} {0 0 0 0 0 0 0 0 9 10}}
79 5 {{1 2 0 4 0 6 7 0 0 0} {0 0 3 0 0 0 0 8 0 0} {0 0 0 0 0 0 0 0 9 10}}
80 5 {{1 2 0 4 0 6 7 0 0 0} {0 0 3 0 0 0 0 8 0 0} {0 0 0 0 0 0 0 0 9 10}}
81 5 {{1 2 0 4 0 6 7 0 0 0} {0 0 3 0 0 0 0 8 0 0} {0 0 0 0 0 0 0 0 9 10}}
82 5 {{1 2 0 4 0 6 7 0 0 0} {0 0 3 0 0 0 0 8 0 0} {0 0 0 0 0 0 0 0 9 10}}
83 5 {{1 2 0 4 0 6 7 0 0 0} {0 0 3 0 0 0 0 8 0 0} {0 0 0 0 0 0 0 0 9 10}}
84 5 {{1 2 0 4 0 6 7 0 0 0} {0 0 3 0 0 0 0 8 0 0} {0 0 0 0 0 0 0 0 9 10}}
85 5 {{1 2 0 4 0 6 7 0 0 0} {0 0 3 0 0 0 0 8 0 0} {0 0 0 0 0 0 0 0 9 10}}
86 5 {{1 2 0 4 0 6 7 0 0 0} {0 0 3 0 0 0 0 8 0 0} {0 0 0 0 0 0 0 0 9 10}}
87 5 {{1 2 0 4 0 6 7 0 0 0} {0 0 3 0 0 0 0 8 0 0} {0 0 0 0 0 0 0 0 9 10}}
88 5 {{1 2 0 4 0 6 7 0 0 0} {0 0 3 0 0 0 0 8 0 0} {0 0 0 0 0 0 0 0 9 10}}
89 5 {{1 2 0 4 0 6 7 0 0 0} {0 0 3 0 0 0 0 8 0 0} {0 0 0 0 0 0 0 0 9 10}}
90 5 {{1 2 0 4 0 6 7 0 0 0} {0 0 3 0 0 0 0 8 0 0} {0 0 0 0 0 0 0 0 9 10}}
91 5 {{1 2 0 4 0 6 7 0 0 0} {0 0 3 0 0 0 0 8 0 0} {0 0 0 0 0 0 0 0 9 10}}
92 5 {{1 2 0 4 0 6 7 0 0 0} {0 0 3 0 0 0 0 8 0 0} {0 0 0 0 0 0 0 0 9 10}}
93 5 {{1 2 0 4 0 6 7 0 0 0} {0 0 3 0 0 0 0 8 0 0} {0 0 0 0 0 0 0 0 9 10}}
94 5 {{1 2 0 4 0 6 7 0 0 0} {0 0 3 0 0 0 0 8 0 0} {0 0 0 0 0 0 0 0 9 10}}
95 5 {{1 2 0 4 0 6 7 0 0 0} {0 0 3 0 0 0 0 8 0 0} {0 0 0 0 0 0 0 0 9 10}}
96 5 {{1 2 0 4 0 6 7 0 0 0} {0 0 3 0 0 0 0 8 0 0} {0 0 0 0 0 0 0 0 9 10}}
97 5 {{1 2 0 4 0 6 7 0 0 0} {0 0 3 0 0 0 0 8 0 0} {0 0 0 0 0 0 0 0 9 10}}
98 5 {{1 2 0 4 0 6 7 0 0 0} {0 0 3 0 0 0 0 8 0 0} {0 0 0 0 0 0 0 0 9 10}}
99 5 {{1 2 0 4 0 6 7 0 0 0} {0 0 3 0 0 0 0 8 0 0} {0 0 0 0 0 0 0 0 9 10}}
100 5 {{1 2 0 4 0 6 7 0 0 0} {0 0 3 0 0 0 0 8 0 0} {0 0 0 0 0 0 0 0 9 10}}
101 5 {{1 2 0 4 0 6 7 0 0 0} {0 0 3 0 0 0 0 8 0 0} {0 0 0 0 0 0 0 0 9 10}}
102 5 {{1 2 0 4 0 6 7 0 0 0} {0 0 3 0 0 0 0 8 0 0} {0 0 0 0 0 0 0 0 9 10}}
103 5 {{1 2 0 4 0 6 7 0 0 0} {0 0 3 0 0 0 0 8 0 0} {0 0 0 0 0 0 0 0 9 10}}
104 5 {{1 2 0 4 0 6 7 0 0 0} {0 0 3 0 0 0 0 8 0 0} {0 0 0 0 0 0 0 0 9 10}}
105 5 {{1 2 0 4 0 6 7 0 0 0} {0 0 3 0 0 0 0 8 0 0} {0 0 0 0 0 0 0 0 9 10}}
106 5 {{1 2 0 4 0 6 7 0 0 0} {0 0 3 0 0 0 0 8 0 0} {0 0 0 0 0 0 0 0 9 10}}
107 {} {{1 2 0 4 0 6 7 0 0 0} {0 0 3 0 5 0 0 8 0 0} {0 0 0 0 0 0 0 0 9 10}}
108 5 {{1 2 0 4 0 6 7 0 0 0} {0 0 3 0 0 0 0 8 0 0} {0 0 0 0 0 0 0 0 9 10}}
109 {} {{1 2 0 4 0 6 7 0 0 0} {0 0 3 0 5 0 0 8 0 0} {0 0 0 0 0 0 0 0 9 10}}
110 {} {{1 2 0 4 0 6 7 0 0 0} {0 0 3 0 5 0 0 8 0 0} {0 0 0 0 0 0 0 0 9 10}}
111 {} {{1 2 0 4 0 6 7 0 0 0} {0 0 3 0 5 0 0 8 0 0} {0 0 0 0 0 0 0 0 9 10}}
112 {} {{1 2 0 4 0 6 7 0 0 0} {0 0 3 0 5 0 0 8 0 0} {0 0 0 0 0 0 0 0 9 10}}
113 {} {{1 2 0 4 0 6 7 0 0 0} {0 0 3 0 5 0 0 8 0 0} {0 0 0 0 0 0 0 0 9 10}}
114 {} {{1 2 0 4 0 6 7 0 0 0} {0 0 3 0 5 0 0 8 0 0} {0 0 0 0 0 0 0 0 9 10}}
115 {} {{1 2 0 4 0 6 7 0 0 0} {0 0 3 0 5 0 0 8 0 0} {0 0 0 0 0 0 0 0 9 10}}
116 {} {{1 2 0 4 0 6 7 0 0 0} {0 0 3 0 5 0 0 8 0 0} {0 0 0 0 0 0 0 0 9 10}}
117 {} {{1 2 0 4 0 6 7 0 0 0} {0 0 3 0 5 0 0 8 0 0} {0 0 0 0 0 0 0 0 9 10}}
118 {} {{1 2 0 4 0 6 7 0 0 0} {0 0 3 0 5 0 0 8 0 0} {0 0 0 0 0 0 0 0 9 10}}
119 {} {{1 2 0 4 0 6 7 0 0 0} {0 0 3 0 5 0 0 8 0 0} {0 0 0 0 0 0 0 0 9 10}}
120 {} {{1 2 0 4 0 6 7 0 0 0} {0 0 3 0 5 0 0 8 0 0} {0 0 0 0 0 0 0 0 9 10}}
121 {} {{1 2 0 4 0 6 7 0 0 0} {0 0 3 0 5 0 0 8 0 0} {0 0 0 0 0 0 0 0 9 10}}
122 {} {{1 2 0 4 0 6 7 0 0 0} {0 0 3 0 5 0 0 8 0 0} {0 0 0 0 0 0 0 0 9 10}}
123 {} {{1 2 0 4 0 6 7 0 0 0} {0 0 3 0 5 0 0 8 0 0} {0 0 0 0 0 0 0 0 9 10}}
124 {} {{1 2 0 4 0 6 7 0 0 0} {0 0 3 0 5 0 0 8 0 0} {0 0 0 0 0 0 0 0 9 10}}
125 {} {{1 2 0 4 0 6 7 0 0 0} {0 0 3 0 5 0 0 8 0 0} {0 0 0 0 0 0 0 0 9 10}}
126 {} {{1 2 0 4 0 6 7 0 0 0} {0 0 3 0 5 0 0 8 0 0} {0 0 0 0 0 0 0 0 9 10}}
127 {} {{1 2 0 4 0 6 7 0 0 0} {0 0 3 0 5 0 0 8 0 0} {0 0 0 0 0 0 0 0 9 10}}
128 {} {{1 2 0 4 0 6 7 0 0 0} {0 0 3 0 5 0 0 8 0 0} {0 0 0 0 0 0 0 0 9 10}}
129 {} {{1 2 0 4 0 6 7 0 0 0} {0 0 3 0 5 0 0 8 0 0} {0 0 0 0 0 0 0 0 9 10}}
130 {} {{1 2 0 4 0 6 7 0 0 0} {0 0 3 0 5 0 0 8 0 0} {0 0 0 0 0 0 0 0 9 10}}
131 {} {{1 2 0 4 0 6 7 0 0 0} {0 0 3 0 5 0 0 8 0 0} {0 0 0 0 0 0 0 0 9 10}}
132 {} {{1 2 0 4 0 6 7 0 0 0} {0 0 3 0 5 0 0 8 0 0} {0 0 0 0 0 0 0 0 9 10}}
133 {} {{1 2 0 4 0 6 7 0 0 0} {0 0 3 0 5 0 0 8 0 0} {0 0 0 0 0 0 0 0 9 10}}
134 {} {{1 2 0 4 0 6 7 0 0 0} {0 0 3 0 5 0 0 8 0 0} {0 0 0 0 0 0 0 0 9 10}}
135 {} {{1 2 0 4 0 6 7 0 0 0} {0 0 3 0 5 0 0 8 0 0} {0 0 0 0 0 0 0 0 9 10}}
136 {} {{1 2 0 4 0 6 7 0 0 0} {0 0 3 0 5 0 0 8 0 0} {0 0 0 0 0 0 0 0 9 10}}
137 {} {{1 2 0 4 0 6 7 0 0 0} {0 0 3 0 5 0 0 8 0 0} {0 0 0 0 0 0 0 0 9 10}}
138 {} {{1 2 0 4 0 6 7 0 0 0} {0 0 3 0 5 0 0 8 0 0} {0 0 0 0 0 0 0 0 9 10}}
139 {} {{1 2 0 4 0 6 7 0 0 0} {0 0 3 0 5 0 0 8 0 0} {0 0 0 0 0 0 0 0 9 10}}
140 {} {{1 2 0 4 0 6 7 0 0 0} {0 0 3 0 5 0 0 8 0 0} {0 0 0 0 0 0 0 0 9 10}}
141 {} {{1 2 0 4 0 6 7 0 0 0} {0 0 3 0 5 0 0 8 0 0} {0 0 0 0 0 0 0 0 9 10}}
142 {} {{1 2 0 4 0 6 7 0 0 0} {0 0 3 0 5 0 0 8 0 0} {0 0 0 0 0 0 0 0 9 10}}
143 {} {{1 2 0 4 0 6 7 0 0 0} {0 0 3 0 5 0 0 8 0 0} {0 0 0 0 0 0 0 0 9 10}}
144 {} {{1 2 0 4 0 6 7 0 0 0} {0 0 3 0 5 0 0 8 0 0} {0 0 0 0 0 0 0 0 9 10}}
145 {} {{1 2 0 4 0 6 7 0 0 0} {0 0 3 0 5 0 0 8 0 0} {0 0 0 0 0 0 0 0 9 10}}
146 {} {{1 2 0 4 0 6 7 0 0 0} {0 0 3 0 5 0 0 8 0 0} {0 0 0 0 0 0 0 0 9 10}}
147 {} {{1 2 0 4 0 6 7 0 0 0} {0 0 3 0 5 0 0 8 0 0} {0 0 0 0 0 0 0 0 9 10}}
148 {} {{1 2 0 4 0 6 7 0 0 0} {0 0 3 0 5 0 0 8 0 0} {0 0 0 0 0 0 0 0 9 10}}
149 {} {{1 2 0 4 0 6 7 0 0 0} {0 0 3 0 5 0 0 8 0 0} {0 0 0 0 0 0 0 0 9 10}}
150 {} {{1 2 0 4 0 6 7 0 0 0} {0 0 3 0 5 0 0 8 0 0} {0 0 0 0 0 0 0 0 9 10}}
151 {} {{1 2 0 4 0 6 7 0 0 0} {0 0 3 0 5 0 0 8 0 0} {0 0 0 0 0 0 0 0 9 10}}
152 {} {{1 2 0 4 0 6 7 0 0 0} {0 0 3 0 5 0 0 8 0 0} {0 0 0 0 0 0 0 0 9 10}}
153 {} {{1 2 0 4 0 6 7 0 0 0} {0 0 3 0 5 0 0 8 0 0} {0 0 0 0 0 0 0 0 9 10}}
154 {} {{1 2 0 4 0 6 7 0 0 0} {0 0 3 0 5 0 0 8 0 0} {0 0 0 0 0 0 0 0 9 10}}
155 {} {{1 2 0 4 0 6 7 0 0 0} {0 0 3 0 5 0 0 8 0 0} {0 0 0 0 0 0 0 0 9 10}}
156 {} {{1 2 0 4 0 6 7 0 0 0} {0 0 3 0 5 0 0 8 0 0} {0 0 0 0 0 0 0 0 9 10}}
157 {} {{1 2 0 4 0 6 7 0 0 0} {0 0 3 0 5 0 0 8 0 0} {0 0 0 0 0 0 0 0 9 10}}
158 {} {{1 2 0 4 0 6 7 0 0 0} {0 0 3 0 5 0 0 8 0 0} {0 0 0 0 0 0 0 0 9 10}}
159 {} {{1 2 0 4 0 6 7 0 0 0} {0 0 3 0 5 0 0 8 0 0} {0 0 0 0 0 0 0 0 9 10}}
160 {} {{1 2 0 4 0 6 7 0 0 0} {0 0 3 0 5 0 0 8 0 0} {0 0 0 0 0 0 0 0 9 10}}
161 {} {{1 2 0 4 0 6 7 0 0 0} {0 0 3 0 5 0 0 8 0 0} {0 0 0 0 0 0 0 0 9 10}}
162 {} {{1 2 0 4 0 6 7 0 0 0} {0 0 3 0 5 0 0 8 0 0} {0 0 0 0 0 0 0 0 9 10}}
163 {} {{1 2 0 4 0 6 7 0 0 0} {0 0 3 0 5 0 0 8 0 0} {0 0 0 0 0 0 0 0 9 10}}
164 {} {{1 2 0 4 0 6 7 0 0 0} {0 0 3 0 5 0 0 8 0 0} {0 0 0 0 0 0 0 0 9 10}}
165 {} {{1 2 0 4 0 6 7 0 0 0} {0 0 3 0 5 0 0 8 0 0} {0 0 0 0 0 0 0 0 9 10}}
166 {} {{1 2 0 4 0 6 7 0 0 0} {0 0 3 0 5 0 0 8 0 0} {0 0 0 0 0 0 0 0 9 10}}
167 {} {{1 2 0 4 0 6 7 0 0 0} {0 0 3 0 5 0 0 8 0 0} {0 0 0 0 0 0 0 0 9 10}}
168 {} {{1 2 0 4 0 6 7 0 0 0} {0 0 3 0 5 0 0 8 0 0} {0 0 0 0 0 0 0 0 9 10}}
169 {} {{1 2 0 4 0 6 7 0 0 0} {0 0 3 0 5 0 0 8 0 0} {0 0 0 0 0 0 0 0 9 10}}
170 {} {{1 2 0 4 0 6 7 0 0 0} {0 0 3 0 5 0 0 8 0 0} {0 0 0 0 0 0 0 0 9 10}}
171 {} {{1 2 0 4 0 6 7 0 0 0} {0 0 3 0 5 0 0 8 0 0} {0 0 0 0 0 0 0 0 9 10}}
172 {} {{1 2 0 4 0 6 7 0 0 0} {0 0 3 0 5 0 0 8 0 0} {0 0 0 0 0 0 0 0 9 10}}
173 {} {{1 2 0 4 0 6 7 0 0 0} {0 0 3 0 5 0 0 8 0 0} {0 0 0 0 0 0 0 0 9 10}}
174 {} {{1 2 0 4 0 6 7 0 0 0} {0 0 3 0 5 0 0 8 0 0} {0 0 0 0 0 0 0 0 9 10}}
175 {} {{1 2 0 4 0 6 7 0 0 0} {0 0 3 0 5 0 0 8 0 0} {0 0 0 0 0 0 0 0 9 10}}
176 {} {{1 2 0 4 0 6 7 0 0 0} {0 0 3 0 5 0 0 8 0 0} {0 0 0 0 0 0 0 0 9 10}}
177 {} {{1 2 0 4 0 6 7 0 0 0} {0 0 3 0 5 0 0 8 0 0} {0 0 0 0 0 0 0 0 9 10}}
178 {} {{1 2 0 4 0 6 7 0 0 0} {0 0 3 0 5 0 0 8 0 0} {0 0 0 0 0 0 0 0 9 10}}
179 {} {{1 2 0 4 0 6 7 0 0 0} {0 0 3 0 5 0 0 8 0 0} {0 0 0 0 0 0 0 0 9 10}}
180 {} {{1 2 0 4 0 6 7 0 0 0} {0 0 3 0 5 0 0 8 0 0} {0 0 0 0 0 0 0 0 9 10}}
181 {} {{1 2 0 4 0 6 7 0 0 0} {0 0 3 0 5 0 0 8 0 0} {0 0 0 0 0 0 0 0 9 10}}
182 {} {{1 2 0 4 0 6 7 0 0 0} {0 0 3 0 5 0 0 8 0 0} {0 0 0 0 0 0 0 0 9 10}}
183 {} {{1 2 0 4 0 6 7 0 0 0} {0 0 3 0 5 0 0 8 0 0} {0 0 0 0 0 0 0 0 9 10}}
184 {} {{1 2 0 4 0 6 7 0 0 0} {0 0 3 0 5 0 0 8 0 0} {0 0 0 0 0 0 0 0 9 10}}
185 {} {{1 2 0 4 0 6 7 0 0 0} {0 0 3 0 5 0 0 8 0 0} {0 0 0 0 0 0 0 0 9 10}}
186 {} {{1 2 0 4 0 6 7 0 0 0} {0 0 3 0 5 0 0 8 0 0} {0 0 0 0 0 0 0 0 9 10}}
187 {} {{1 2 0 4 0 6 7 0 0 0} {0 0 3 0 5 0 0 8 0 0} {0 0 0 0 0 0 0 0 9 10}}
188 {} {{1 2 0 4 0 6 7 0 0 0} {0 0 3 0 5 0 0 8 0 0} {0 0 0 0 0 0 0 0 9 10}}
189 {} {{1 2 0 4 0 6 7 0 0 0} {0 0 3 0 5 0 0 8 0 0} {0 0 0 0 0 0 0 0 9 10}}
190 {} {{1 2 0 4 0 6 7 0 0 0} {0 0 3 0 5 0 0 8 0 0} {0 0 0 0 0 0 0 0 9 10}}
191 {} {{1 2 0 4 0 6 7 0 0 0} {0 0 3 0 5 0 0 8 0 0} {0 0 0 0 0 0 0 0 9 10}}
192 {} {{1 2 0 4 0 6 7 0 0 0} {0 0 3 0 5 0 0 8 0 0} {0 0 0 0 0 0 0 0 9 10}}
193 {} {{1 2 0 4 0 6 7 0 0 0} {0 0 3 0 5 0 0 8 0 0} {0 0 0 0 0 0 0 0 9 10}}
194 {} {{1 2 0 4 0 6 7 0 0 0} {0 0 3 0 5 0 0 8 0 0} {0 0 0 0 0 0 0 0 9 10}}
195 {} {{1 2 0 4 0 6 7 0 0 0} {0 0 3 0 5 0 0 8 0 0} {0 0 0 0 0 0 0 0 9 10}}
196 {} {{1 2 0 4 0 6 7 0 0 0} {0 0 3 0 5 0 0 8 0 0} {0 0 0 0 0 0 0 0 9 10}}
197 {} {{1 2 0 4 0 6 7 0 0 0} {0 0 3 0 5 0 0 8 0 0} {0 0 0 0 0 0 0 0 9 10}}
198 {} {{1 2 0 4 0 6 7 0 0 0} {0 0 3 0 5 0 0 8 0 0} {0 0 0 0 0 0 0 0 9 10}}
199 {} {{1 2 0 4 0 6 7 0 0 0} {0 0 3 0 5 0 0 8 0 0} {0 0 0 0 0 0 0 0 9 10}}
200 {} {{1 2 0 4 0 6 7 0 0 0} {0 0 3 0 5 0 0 8 0 0} {0 0 0 0 0 0 0 0 9 10}}
201 {} {{1 2 0 4 0 6 7 0 0 0} {0 0 3 0 5 0 0 8 0 0} {0 0 0 0 0 0 0 0 9 10}}
202 {} {{1 2 0 4 0 6 7 0 0 0} {0 0 3 0 5 0 0 8 0 0} {0 0 0 0 0 0 0 0 9 10}}
203 {} {{1 2 0 4 0 6 7 0 0 0} {0 0 3 0 5 0 0 8 0 0} {0 0 0 0 0 0 0 0 9 10}}
204 {} {{1 2 0 4 0 6 7 0 0 0} {0 0 3 0 5 0 0 8 0 0} {0 0 0 0 0 0 0 0 9 10}}
205 {} {{1 2 0 4 0 6 7 0 0 0} {0 0 3 0 5 0 0 8 0 0} {0 0 0 0 0 0 0 0 9 10}}
206 {} {{1 2 0 4 0 6 7 0 0 0} {0 0 3 0 5 0 0 8 0 0} {0 0 0 0 0 0 0 0 9 10}}
207 {} {{1 2 0 4 0 6 7 0 0 0} {0 0 3 0 5 0 0 8 0 0} {0 0 0 0 0 0 0 0 9 10}}
208 {} {{1 2 0 4 0 6 7 0 0 0} {0 0 3 0 5 0 0 8 0 0} {0 0 0 0 0 0 0 0 9 10}}
209 {} {{1 2 0 4 0 6 7 0 0 0} {0 0 3 0 5 0 0 8 0 0} {0 0 0 0 0 0 0 0 9 10}}
210 {} {{1 2 0 4 0 6 7 0 0 0} {0 0 3 0 5 0 0 8 0 0} {0 0 0 0 0 0 0 0 9 10}}
211 {} {{1 2 0 4 0 6 7 0 0 0} {0 0 3 0 5 0 0 8 0 0} {0 0 0 0 0 0 0 0 9 10}}
212 {} {{1 2 0 4 0 6 7 0 0 0} {0 0 3 0 5 0 0 8 0 0} {0 0 0 0 0 0 0 0 9 10}}
213 {} {{1 2 0 4 0 6 7 0 0 0} {0 0 3 0 5 0 0 8 0 0} {0 0 0 0 0 0 0 0 9 10}}
214 {} {{1 2 0 4 0 6 7 0 0 0} {0 0 3 0 5 0 0 8 0 0} {0 0 0 0 0 0 0 0 9 10}}
215 {} {{1 2 0 4 0 6 7 0 0 0} {0 0 3 0 5 0 0 8 0 0} {0 0 0 0 0 0 0 0 9 10}}
216 {} {{1 2 0 4 0 6 7 0 0 0} {0 0 3 0 5 0 0 8 0 0} {0 0 0 0 0 0 0 0 9 10}}
217 {} {{1 2 0 4 0 6 7 0 0 0} {0 0 3 0 5 0 0 8 0 0} {0 0 0 0 0 0 0 0 9 10}}
218 {} {{1 2 0 4 0 6 7 0 0 0} {0 0 3 0 5 0 0 8 0 0} {0 0 0 0 0 0 0 0 9 10}}
219 {} {{1 2 0 4 0 6 7 0 0 0} {0 0 3 0 5 0 0 8 0 0} {0 0 0 0 0 0 0 0 9 10}}
220 {} {{1 2 0 4 0 6 7 0 0 0} {0 0 3 0 5 0 0 8 0 0} {0 0 0 0 0 0 0 0 9 10}}
221 {} {{1 2 0 4 0 6 7 0 0 0} {0 0 3 0 5 0 0 8 0 0} {0 0 0 0 0 0 0 0 9 10}}
222 {} {{1 2 0 4 0 6 7 0 0 0} {0 0 3 0 5 0 0 8 0 0} {0 0 0 0 0 0 0 0 9 10}}
223 {} {{1 2 0 4 0 6 7 0 0 0} {0 0 3 0 5 0 0 8 0 0} {0 0 0 0 0 0 0 0 9 10}}
224 {} {{1 2 0 4 0 6 7 0 0 0} {0 0 3 0 5 0 0 8 0 0} {0 0 0 0 0 0 0 0 9 10}}
225 {} {{1 2 0 4 0 6 7 0 0 0} {0 0 3 0 5 0 0 8 0 0} {0 0 0 0 0 0 0 0 9 10}}
226 {} {{1 2 0 4 0 6 7 0 0 0} {0 0 3 0 5 0 0 8 0 0} {0 0 0 0 0 0 0 0 9 10}}
227 {} {{1 2 0 4 0 6 7 0 0 0} {0 0 3 0 5 0 0 8 0 0} {0 0 0 0 0 0 0 0 9 10}}
228 {} {{1 2 0 4 0 6 7 0 0 0} {0 0 3 0 5 0 0 8 0 0} {0 0 0 0 0 0 0 0 9 10}}
229 {} {{1 2 0 4 0 6 7 0 0 0} {0 0 3 0 5 0 0 8 0 0} {0 0 0 0 0 0 0 0 9 10}}
230 {} {{1 2 0 4 0 6 7 0 0 0} {0 0 3 0 5 0 0 8 0 0} {0 0 0 0 0 0 0 0 9 10}}
231 {} {{1 2 0 4 0 6 7 0 0 0} {0 0 3 0 5 0 0 8 0 0} {0 0 0 0 0 0 0 0 9 10}}
232 {} {{1 2 0 4 0 6 7 0 0 0} {0 0 3 0 5 0 0 8 0 0} {0 0 0 0 0 0 0 0 9 10}}
233 {} {{1 2 0 4 0 6 7 0 0 0} {0 0 3 0 5 0 0 8 0 0} {0 0 0 0 0 0 0 0 9 10}}
234 {} {{1 2 0 4 0 6 7 0 0 0} {0 0 3 0 5 0 0 8 0 0} {0 0 0 0 0 0 0 0 9 10}}
235 {} {{1 2 0 4 0 6 7 0 0 0} {0 0 3 0 5 0 0 8 0 0} {0 0 0 0 0 0 0 0 9 10}}
236 {} {{1 2 0 4 0 6 7 0 0 0} {0 0 3 0 5 0 0 8 0 0} {0 0 0 0 0 0 0 0 9 10}}
237 {} {{1 2 0 4 0 6 7 0 0 0} {0 0 3 0 5 0 0 8 0 0} {0 0 0 0 0 0 0 0 9 10}}
238 {} {{1 2 0 4 0 6 7 0 0 0} {0 0 3 0 5 0 0 8 0 0} {0 0 0 0 0 0 0 0 9 10}}
239 {} {{1 2 0 4 0 6 7 0 0 0} {0 0 3 0 5 0 0 8 0 0} {0 0 0 0 0 0 0 0 9 10}}
240 {} {{1 2 0 4 0 6 7 0 0 0} {0 0 3 0 5 0 0 8 0 0} {0 0 0 0 0 0 0 0 9 10}}
241 {} {{1 2 0 4 0 6 7 0 0 0} {0 0 3 0 5 0 0 8 0 0} {0 0 0 0 0 0 0 0 9 10}}
242 {} {{1 2 0 4 0 6 7 0 0 0} {0 0 3 0 5 0 0 8 0 0} {0 0 0 0 0 0 0 0 9 10}}
243 {} {{1 2 0 4 0 6 7 0 0 0} {0 0 3 0 5 0 0 8 0 0} {0 0 0 0 0 0 0 0 9 10}}
244 {} {{1 2 0 4 0 6 7 0 0 0} {0 0 3 0 5 0 0 8 0 0} {0 0 0 0 0 0 0 0 9 10}}
245 {} {{1 2 0 4 0 6 7 0 0 0} {0 0 3 0 5 0 0 8 0 0} {0 0 0 0 0 0 0 0 9 10}}
246 {} {{1 2 0 4 0 6 7 0 0 0} {0 0 3 0 5 0 0 8 0 0} {0 0 0 0 0 0 0 0 9 10}}
247 {} {{1 2 0 4 0 6 7 0 0 0} {0 0 3 0 5 0 0 8 0 0} {0 0 0 0 0 0 0 0 9 10}}
248 {} {{1 2 0 4 0 6 7 0 0 0} {0 0 3 0 5 0 0 8 0 0} {0 0 0 0 0 0 0 0 9 10}}
249 {} {{1 2 0 4 0 6 7 0 0 0} {0 0 3 0 5 0 0 8 0 0} {0 0 0 0 0 0 0 0 9 10}}
250 {} {{1 2 0 4 0 6 7 0 0 0} {0 0 3 0 5 0 0 8 0 0} {0 0 0 0 0 0 0 0 9 10}}
251 {} {{1 2 0 4 0 6 7 0 0 0} {0 0 3 0 5 0 0 8 0 0} {0 0 0 0 0 0 0 0 9 10}}
252 {} {{1 2 0 4 0 6 7 0 0 0} {0 0 3 0 5 0 0 8 0 0} {0 0 0 0 0 0 0 0 9 10}}
253 {} {{1 2 0 4 0 6 7 0 0 0} {0 0 3 0 5 0 0 8 0 0} {0 0 0 0 0 0 0 0 9 10}}
254 {} {{1 2 0 4 0 6 7 0 0 0} {0 0 3 0 5 0 0 8 0 0} {0 0 0 0 0 0 0 0 9 10}}
255 {} {{1 2 0 4 0 6 7 0 0 0} {0 0 3 0 5 0 0 8 0 0} {0 0 0 0 0 0 0 0 9 10}}
256 {} {{1 2 0 4 0 6 7 0 0 0} {0 0 3 0 5 0 0 8 0 0} {0 0 0 0 0 0 0 0 9 10}}
257 {} {{1 2 0 4 0 6 7 0 0 0} {0 0 3 0 5 0 0 8 0 0} {0 0 0 0 0 0 0 0 9 10}}
258 {} {{1 2 0 4 0 6 7 0 0 0} {0 0 3 0 5 0 0 8 0 0} {0 0 0 0 0 0 0 0 9 10}}
259 {} {{1 2 0 4 0 6 7 0 0 0} {0 0 3 0 5 0 0 8 0 0} {0 0 0 0 0 0 0 0 9 10}}
260 {} {{1 2 0 4 0 6 7 0 0 0} {0 0 3 0 5 0 0 8 0 0} {0 0 0 0 0 0 0 0 9 10}}
261 {} {{1 2 0 4 0 6 7 0 0 0} {0 0 3 0 5 0 0 8 0 0} {0 0 0 0 0 0 0 0 9 10}}
262 {} {{1 2 0 4 0 6 7 0 0 0} {0 0 3 0 5 0 0 8 0 0} {0 0 0 0 0 0 0 0 9 10}}
263 {} {{1 2 0 4 0 6 7 0 0 0} {0 0 3 0 5 0 0 8 0 0} {0 0 0 0 0 0 0 0 9 10}}
264 {} {{1 2 0 4 0 6 7 0 0 0} {0 0 3 0 5 0 0 8 0 0} {0 0 0 0 0 0 0 0 9 10}}
265 {} {{1 2 0 4 0 6 7 0 0 0} {0 0 3 0 5 0 0 8 0 0} {0 0 0 0 0 0 0 0 9 10}}
266 {} {{1 2 0 4 0 6 7 0 0 0} {0 0 3 0 5 0 0 8 0 0} {0 0 0 0 0 0 0 0 9 10}}
267 {} {{1 2 0 4 0 6 7 0 0 0} {0 0 3 0 5 0 0 8 0 0} {0 0 0 0 0 0 0 0 9 10}}
268 {} {{1 2 0 4 0 6 7 0 0 0} {0 0 3 0 5 0 0 8 0 0} {0 0 0 0 0 0 0 0 9 10}}
269 {} {{1 2 0 4 0 6 7 0 0 0} {0 0 3 0 5 0 0 8 0 0} {0 0 0 0 0 0 0 0 9 10}}
270 {} {{1 2 0 4 0 6 7 0 0 0} {0 0 3 0 5 0 0 8 0 0} {0 0 0 0 0 0 0 0 9 10}}
271 {} {{1 2 0 4 0 6 7 0 0 0} {0 0 3 0 5 0 0 8 0 0} {0 0 0 0 0 0 0 0 9 10}}
272 {} {{1 2 0 4 0 6 7 0 0 0} {0 0 3 0 5 0 0 8 0 0} {0 0 0 0 0 0 0 0 9 10}}
273 {} {{1 2 0 4 0 6 7 0 0 0} {0 0 3 0 5 0 0 8 0 0} {0 0 0 0 0 0 0 0 9 10}}
274 {} {{1 2 0 4 0 6 7 0 0 0} {0 0 3 0 5 0 0 8 0 0} {0 0 0 0 0 0 0 0 9 10}}
275 {} {{1 2 0 4 0 6 7 0 0 0} {0 0 3 0 5 0 0 8 0 0} {0 0 0 0 0 0 0 0 9 10}}
276 {} {{1 2 0 4 0 6 7 0 0 0} {0 0 3 0 5 0 0 8 0 0} {0 0 0 0 0 0 0 0 9 10}}
277 {} {{1 2 0 4 0 6 7 0 0 0} {0 0 3 0 5 0 0 8 0 0} {0 0 0 0 0 0 0 0 9 10}}
278 {} {{1 2 0 4 0 6 7 0 0 0} {0 0 3 0 5 0 0 8 0 0} {0 0 0 0 0 0 0 0 9 10}}
279 {} {{1 2 0 4 0 6 7 0 0 0} {0 0 3 0 5 0 0 8 0 0} {0 0 0 0 0 0 0 0 9 10}}
280 {} {{1 2 0 4 0 6 7 0 0 0} {0 0 3 0 5 0 0 8 0 0} {0 0 0 0 0 0 0 0 9 10}}
281 {} {{1 2 0 4 0 6 7 0 0 0} {0 0 3 0 5 0 0 8 0 0} {0 0 0 0 0 0 0 0 9 10}}
282 {} {{1 2 0 4 0 6 7 0 0 0} {0 0 3 0 5 0 0 8 0 0} {0 0 0 0 0 0 0 0 9 10}}
283 {} {{1 2 0 4 0 6 7 0 0 0} {0 0 3 0 5 0 0 8 0 0} {0 0 0 0 0 0 0 0 9 10}}
284 {} {{1 2 0 4 0 6 7 0 0 0} {0 0 3 0 5 0 0 8 0 0} {0 0 0 0 0 0 0 0 9 10}}
285 {} {{1 2 0 4 0 6 7 0 0 0} {0 0 3 0 5 0 0 8 0 0} {0 0 0 0 0 0 0 0 9 10}}
286 {} {{1 2 0 4 0 6 7 0 0 0} {0 0 3 0 5 0 0 8 0 0} {0 0 0 0 0 0 0 0 9 10}}
287 {} {{1 2 0 4 0 6 7 0 0 0} {0 0 3 0 5 0 0 8 0 0} {0 0 0 0 0 0 0 0 9 10}}
288 {} {{1 2 0 4 0 6 7 0 0 0} {0 0 3 0 5 0 0 8 0 0} {0 0 0 0 0 0 0 0 9 10}}
289 {} {{1 2 0 4 0 6 7 0 0 0} {0 0 3 0 5 0 0 8 0 0} {0 0 0 0 0 0 0 0 9 10}}
290 {} {{1 2 0 4 0 6 7 0 0 0} {0 0 3 0 5 0 0 8 0 0} {0 0 0 0 0 0 0 0 9 10}}
291 {} {{1 2 0 4 0 6 7 0 0 0} {0 0 3 0 5 0 0 8 0 0} {0 0 0 0 0 0 0 0 9 10}}
292 {} {{1 2 0 4 0 6 7 0 0 0} {0 0 3 0 5 0 0 8 0 0} {0 0 0 0 0 0 0 0 9 10}}
293 {} {{1 2 0 4 0 6 7 0 0 0} {0 0 3 0 5 0 0 8 0 0} {0 0 0 0 0 0 0 0 9 10}}
294 {} {{1 2 0 4 0 6 7 0 0 0} {0 0 3 0 5 0 0 8 0 0} {0 0 0 0 0 0 0 0 9 10}}
295 {} {{1 2 0 4 0 6 7 0 0 0} {0 0 3 0 5 0 0 8 0 0} {0 0 0 0 0 0 0 0 9 10}}
296 {} {{1 2 0 4 0 6 7 0 0 0} {0 0 3 0 5 0 0 8 0 0} {0 0 0 0 0 0 0 0 9 10}}
297 {} {{1 2 0 4 0 6 7 0 0 0} {0 0 3 0 5 0 0 8 0 0} {0 0 0 0 0 0 0 0 9 10}}
298 {} {{1 2 0 4 0 6 7 0 0 0} {0 0 3 0 5 0 0 8 0 0} {0 0 0 0 0 0 0 0 9 10}}
299 {} {{1 2 0 4 0 6 7 0 0 0} {0 0 3 0 5 0 0 8 0 0} {0 0 0 0 0 0 0 0 9 10}}
300 {} {{1 2 0 4 0 6 7 0 0 0} {0 0 3 0 5 0 0 8 0 0} {0 0 0 0 0 0 0 0 9 10}}
301 {} {{1 2 0 4 0 6 7 0 0 0} {0 0 3 0 5 0 0 8 0 0} {0 0 0 0 0 0 0 0 9 10}}
302 {} {{1 2 0 4 0 6 7 0 0 0} {0 0 3 0 5 0 0 8 0 0} {0 0 0 0 0 0 0 0 9 10}}
303 {} {{1 2 0 4 0 6 7 0 0 0} {0 0 3 0 5 0 0 8 0 0} {0 0 0 0 0 0 0 0 9 10}}
304 {} {{1 2 0 4 0 6 7 0 0 0} {0 0 3 0 5 0 0 8 0 0} {0 0 0 0 0 0 0 0 9 10}}
305 {} {{1 2 0 4 0 6 7 0 0 0} {0 0 3 0 5 0 0 8 0 0} {0 0 0 0 0 0 0 0 9 10}}
306 {} {{1 2 0 4 0 6 7 0 0 0} {0 0 3 0 5 0 0 8 0 0} {0 0 0 0 0 0 0 0 9 10}}
307 {} {{1 2 0 4 0 6 7 0 0 0} {0 0 3 0 5 0 0 8 0 0} {0 0 0 0 0 0 0 0 9 10}}
308 {} {{1 2 0 4 0 6 7 0 0 0} {0 0 3 0 5 0 0 8 0 0} {0 0 0 0 0 0 0 0 9 10}}
309 {} {{1 2 0 4 0 6 7 0 0 0} {0 0 3 0 5 0 0 8 0 0} {0 0 0 0 0 0 0 0 9 10}}
310 {} {{1 2 0 4 0 6 7 0 0 0} {0 0 3 0 5 0 0 8 0 0} {0 0 0 0 0 0 0 0 9 10}}
311 {} {{1 2 0 4 0 6 7 0 0 0} {0 0 3 0 5 0 0 8 0 0} {0 0 0 0 0 0 0 0 9 10}}
312 {} {{1 2 0 4 0 6 7 0 0 0} {0 0 3 0 5 0 0 8 0 0} {0 0 0 0 0 0 0 0 9 10}}
313 {} {{1 2 0 4 0 6 7 0 0 0} {0 0 3 0 5 0 0 8 0 0} {0 0 0 0 0 0 0 0 9 10}}
314 {} {{1 2 0 4 0 6 7 0 0 0} {0 0 3 0 5 0 0 8 0 0} {0 0 0 0 0 0 0 0 9 10}}
315 {} {{1 2 0 4 0 6 7 0 0 0} {0 0 3 0 5 0 0 8 0 0} {0 0 0 0 0 0 0 0 9 10}}
316 {} {{1 2 0 4 0 6 7 0 0 0} {0 0 3 0 5 0 0 8 0 0} {0 0 0 0 0 0 0 0 9 10}}
317 {} {{1 2 0 4 0 6 7 0 0 0} {0 0 3 0 5 0 0 8 0 0} {0 0 0 0 0 0 0 0 9 10}}
318 {} {{1 2 0 4 0 6 7 0 0 0} {0 0 3 0 5 0 0 8 0 0} {0 0 0 0 0 0 0 0 9 10}}
319 {} {{1 2 0 4 0 6 7 0 0 0} {0 0 3 0 5 0 0 8 0 0} {0 0 0 0 0 0 0 0 9 10}}
320 {} {{1 2 0 4 0 6 7 0 0 0} {0 0 3 0 5 0 0 8 0 0} {0 0 0 0 0 0 0 0 9 10}}
321 {} {{1 2 0 4 0 6 7 0 0 0} {0 0 3 0 5 0 0 8 0 0} {0 0 0 0 0 0 0 0 9 10}}
322 {} {{1 2 0 4 0 6 7 0 0 0} {0 0 3 0 5 0 0 8 0 0} {0 0 0 0 0 0 0 0 9 10}}
323 {} {{1 2 0 4 0 6 7 0 0 0} {0 0 3 0 5 0 0 8 0 0} {0 0 0 0 0 0 0 0 9 10}}
324 {} {{1 2 0 4 0 6 7 0 0 0} {0 0 3 0 5 0 0 8 0 0} {0 0 0 0 0 0 0 0 9 10}}
325 {} {{1 2 0 4 0 6 7 0 0 0} {0 0 3 0 5 0 0 8 0 0} {0 0 0 0 0 0 0 0 9 10}}
326 {} {{1 2 0 4 0 6 7 0 0 0} {0 0 3 0 5 0 0 8 0 0} {0 0 0 0 0 0 0 0 9 10}}
327 {} {{1 2 0 4 0 6 7 0 0 0} {0 0 3 0 5 0 0 8 0 0} {0 0 0 0 0 0 0 0 9 10}}
328 {} {{1 2 0 4 0 6 7 0 0 0} {0 0 3 0 5 0 0 8 0 0} {0 0 0 0 0 0 0 0 9 10}}
329 {} {{1 2 0 4 0 6 7 0 0 0} {0 0 3 0 5 0 0 8 0 0} {0 0 0 0 0 0 0 0 9 10}}
330 {} {{1 2 0 4 0 6 7 0 0 0} {0 0 3 0 5 0 0 8 0 0} {0 0 0 0 0 0 0 0 9 10}}
331 {} {{1 2 0 4 0 6 7 0 0 0} {0 0 3 0 5 0 0 8 0 0} {0 0 0 0 0 0 0 0 9 10}}
332 {} {{1 2 0 4 0 6 7 0 0 0} {0 0 3 0 5 0 0 8 0 0} {0 0 0 0 0 0 0 0 9 10}}
333 {} {{1 2 0 4 0 6 7 0 0 0} {0 0 3 0 5 0 0 8 0 0} {0 0 0 0 0 0 0 0 9 10}}
334 {} {{1 2 0 4 0 6 7 0 0 0} {0 0 3 0 5 0 0 8 0 0} {0 0 0 0 0 0 0 0 9 10}}
335 {} {{1 2 0 4 0 6 7 0 0 0} {0 0 3 0 5 0 0 8 0 0} {0 0 0 0 0 0 0 0 9 10}}
336 {} {{1 2 0 4 0 6 7 0 0 0} {0 0 3 0 5 0 0 8 0 0} {0 0 0 0 0 0 0 0 9 10}}
337 {} {{1 2 0 4 0 6 7 0 0 0} {0 0 3 0 5 0 0 8 0 0} {0 0 0 0 0 0 0 0 9 10}}
338 {} {{1 2 0 4 0 6 7 0 0 0} {0 0 3 0 5 0 0 8 0 0} {0 0 0 0 0 0 0 0 9 10}}
339 {} {{1 2 0 4 0 6 7 0 0 0} {0 0 3 0 5 0 0 8 0 0} {0 0 0 0 0 0 0 0 9 10}}
340 {} {{1 2 0 4 0 6 7 0 0 0} {0 0 3 0 5 0 0 8 0 0} {0 0 0 0 0 0 0 0 9 10}}
341 {} {{1 2 0 4 0 6 7 0 0 0} {0 0 3 0 5 0 0 8 0 0} {0 0 0 0 0 0 0 0 9 10}}
342 {} {{1 2 0 4 0 6 7 0 0 0} {0 0 3 0 5 0 0 8 0 0} {0 0 0 0 0 0 0 0 9 10}}
343 {} {{1 2 0 4 0 6 7 0 0 0} {0 0 3 0 5 0 0 8 0 0} {0 0 0 0 0 0 0 0 9 10}}
344 {} {{1 2 0 4 0 6 7 0 0 0} {0 0 3 0 5 0 0 8 0 0} {0 0 0 0 0 0 0 0 9 10}}
345 {} {{1 2 0 4 0 6 7 0 0 0} {0 0 3 0 5 0 0 8 0 0} {0 0 0 0 0 0 0 0 9 10}}
346 {} {{1 2 0 4 0 6 7 0 0 0} {0 0 3 0 5 0 0 8 0 0} {0 0 0 0 0 0 0 0 9 10}}
347 {} {{1 2 0 4 0 6 7 0 0 0} {0 0 3 0 5 0 0 8 0 0} {0 0 0 0 0 0 0 0 9 10}}
348 {} {{1 2 0 4 0 6 7 0 0 0} {0 0 3 0 5 0 0 8 0 0} {0 0 0 0 0 0 0 0 9 10}}
349 {} {{1 2 0 4 0 6 7 0 0 0} {0 0 3 0 5 0 0 8 0 0} {0 0 0 0 0 0 0 0 9 10}}
350 {} {{1 2 0 4 0 6 7 0 0 0} {0 0 3 0 5 0 0 8 0 0} {0 0 0 0 0 0 0 0 9 10}}
351 {} {{1 2 0 4 0 6 7 0 0 0} {0 0 3 0 5 0 0 8 0 0} {0 0 0 0 0 0 0 0 9 10}}
352 {} {{1 2 0 4 0 6 7 0 0 0} {0 0 3 0 5 0 0 8 0 0} {0 0 0 0 0 0 0 0 9 10}}
353 {} {{1 2 0 4 0 6 7 0 0 0} {0 0 3 0 5 0 0 8 0 0} {0 0 0 0 0 0 0 0 9 10}}
354 {} {{1 2 0 4 0 6 7 0 0 0} {0 0 3 0 5 0 0 8 0 0} {0 0 0 0 0 0 0 0 9 10}}
355 {} {{1 2 0 4 0 6 7 0 0 0} {0 0 3 0 5 0 0 8 0 0} {0 0 0 0 0 0 0 0 9 10}}
356 {} {{1 2 0 4 0 6 7 0 0 0} {0 0 3 0 5 0 0 8 0 0} {0 0 0 0 0 0 0 0 9 10}}
357 {} {{1 2 0 4 0 6 7 0 0 0} {0 0 3 0 5 0 0 8 0 0} {0 0 0 0 0 0 0 0 9 10}}
358 {} {{1 2 0 4 0 6 7 0 0 0} {0 0 3 0 5 0 0 8 0 0} {0 0 0 0 0 0 0 0 9 10}}
359 {} {{1 2 0 4 0 6 7 0 0 0} {0 0 3 0 5 0 0 8 0 0} {0 0 0 0 0 0 0 0 9 10}}
360 {} {{1 2 0 4 0 6 7 0 0 0} {0 0 3 0 5 0 0 8 0 0} {0 0 0 0 0 0 0 0 9 10}}
361 {} {{1 2 0 4 0 6 7 0 0 0} {0 0 3 0 5 0 0 8 0 0} {0 0 0 0 0 0 0 0 9 10}}
362 {} {{1 2 0 4 0 6 7 0 0 0} {0 0 3 0 5 0 0 8 0 0} {0 0 0 0 0 0 0 0 9 10}}
363 {} {{1 2 0 4 0 6 7 0 0 0} {0 0 3 0 5 0 0 8 0 0} {0 0 0 0 0 0 0 0 9 10}}
364 {} {{1 2 0 4 0 6 7 0 0 0} {0 0 3 0 5 0 0 8 0 0} {0 0 0 0 0 0 0 0 9 10}}
365 {} {{1 2 0 4 0 6 7 0 0 0} {0 0 3 0 5 0 0 8 0 0} {0 0 0 0 0 0 0 0 9 10}}
366 {} {{1 2 0 4 0 6 7 0 0 0} {0 0 3 0 5 0 0 8 0 0} {0 0 0 0 0 0 0 0 9 10}}
367 {} {{1 2 0 4 0 6 7 0 0 0} {0 0 3 0 5 0 0 8 0 0} {0 0 0 0 0 0 0 0 9 10}}
368 {} {{1 2 0 4 0 6 7 0 0 0} {0 0 3 0 5 0 0 8 0 0} {0 0 0 0 0 0 0 0 9 10}}
369 {} {{1 2 0 4 0 6 7 0 0 0} {0 0 3 0 5 0 0 8 0 0} {0 0 0 0 0 0 0 0 9 10}}
370 {} {{1 2 0 4 0 6 7 0 0 0} {0 0 3 0 5 0 0 8 0 0} {0 0 0 0 0 0 0 0 9 10}}
371 {} {{1 2 0 4 0 6 7 0 0 0} {0 0 3 0 5 0 0 8 0 0} {0 0 0 0 0 0 0 0 9 10}}
372 {} {{1 2 0 4 0 6 7 0 0 0} {0 0 3 0 5 0 0 8 0 0} {0 0 0 0 0 0 0 0 9 10}}
373 {} {{1 2 0 4 0 6 7 0 0 0} {0 0 3 0 5 0 0 8 0 0} {0 0 0 0 0 0 0 0 9 10}}
374 {} {{1 2 0 4 0 6 7 0 0 0} {0 0 3 0 5 0 0 8 0 0} {0 0 0 0 0 0 0 0 9 10}}
375 {} {{1 2 0 4 0 6 7 0 0 0} {0 0 3 0 5 0 0 8 0 0} {0 0 0 0 0 0 0 0 9 10}}
376 {} {{1 2 0 4 0 6 7 0 0 0} {0 0 3 0 5 0 0 8 0 0} {0 0 0 0 0 0 0 0 9 10}}
377 {} {{1 2 0 4 0 6 7 0 0 0} {0 0 3 0 5 0 0 8 0 0} {0 0 0 0 0 0 0 0 9 10}}
378 {} {{1 2 0 4 0 6 7 0 0 0} {0 0 3 0 5 0 0 8 0 0} {0 0 0 0 0 0 0 0 9 10}}
379 {} {{1 2 0 4 0 6 7 0 0 0} {0 0 3 0 5 0 0 8 0 0} {0 0 0 0 0 0 0 0 9 10}}
380 {} {{1 2 0 4 0 6 7 0 0 0} {0 0 3 0 5 0 0 8 0 0} {0 0 0 0 0 0 0 0 9 10}}
381 {} {{1 2 0 4 0 6 7 0 0 0} {0 0 3 0 5 0 0 8 0 0} {0 0 0 0 0 0 0 0 9 10}}
382 {} {{1 2 0 4 0 6 7 0 0 0} {0 0 3 0 5 0 0 8 0 0} {0 0 0 0 0 0 0 0 9 10}}
383 {} {{1 2 0 4 0 6 7 0 0 0} {0 0 3 0 5 0 0 8 0 0} {0 0 0 0 0 0 0 0 9 10}}
384 {} {{1 2 0 4 0 6 7 0 0 0} {0 0 3 0 5 0 0 8 0 0} {0 0 0 0 0 0 0 0 9 10}}
385 {} {{1 2 0 4 0 6 7 0 0 0} {0 0 3 0 5 0 0 8 0 0} {0 0 0 0 0 0 0 0 9 10}}
386 {} {{1 2 0 4 0 6 7 0 0 0} {0 0 3 0 5 0 0 8 0 0} {0 0 0 0 0 0 0 0 9 10}}
387 {} {{1 2 0 4 0 6 7 0 0 0} {0 0 3 0 5 0 0 8 0 0} {0 0 0 0 0 0 0 0 9 10}}
388 {} {{1 2 0 4 0 6 7 0 0 0} {0 0 3 0 5 0 0 8 0 0} {0 0 0 0 0 0 0 0 9 10}}
389 {} {{1 2 0 4 0 6 7 0 0 0} {0 0 3 0 5 0 0 8 0 0} {0 0 0 0 0 0 0 0 9 10}}
390 {} {{1 2 0 4 0 6 7 0 0 0} {0 0 3 0 5 0 0 8 0 0} {0 0 0 0 0 0 0 0 9 10}}
391 {} {{1 2 0 4 0 6 7 0 0 0} {0 0 3 0 5 0 0 8 0 0} {0 0 0 0 0 0 0 0 9 10}}
392 {} {{1 2 0 4 0 6 7 0 0 0} {0 0 3 0 5 0 0 8 0 0} {0 0 0 0 0 0 0 0 9 10}}
393 {} {{1 2 0 4 0 6 7 0 0 0} {0 0 3 0 5 0 0 8 0 0} {0 0 0 0 0 0 0 0 9 10}}
394 {} {{1 2 0 4 0 6 7 0 0 0} {0 0 3 0 5 0 0 8 0 0} {0 0 0 0 0 0 0 0 9 10}}
395 {} {{1 2 0 4 0 6 7 0 0 0} {0 0 3 0 5 0 0 8 0 0} {0 0 0 0 0 0 0 0 9 10}}
396 {} {{1 2 0 4 0 6 7 0 9 10} {0 0 3 0 5 0 0 8 0 0}}
397 {} {{1 2 0 4 0 6 7 0 9 10} {0 0 3 0 5 0 0 8 0 0}}
398 {} {{1 2 0 4 0 6 7 0 9 10} {0 0 3 0 5 0 0 8 0 0}}
399 {} {{1 2 0 4 0 6 7 0 9 10} {0 0 3 0 5 0 0 8 0 0}}
400 {} {{1 2 0 4 0 6 7 0 9 10} {0 0 3 0 5 0 0 8 0 0}}
401 {} {{1 2 0 4 0 6 7 0 9 10} {0 0 3 0 5 0 0 8 0 0}}
402 {} {{1 2 0 4 0 6 7 0 9 10} {0 0 3 0 5 0 0 8 0 0}}
403 {} {{1 2 0 4 0 6 7 0 9 10} {0 0 3 0 5 0 0 8 0 0}}
404 {} {{1 2 0 4 0 6 7 0 9 10} {0 0 3 0 5 0 0 8 0 0}}
405 {} {{1 2 0 4 0 6 7 0 9 10} {0 0 3 0 5 0 0 8 0 0}}
406 {} {{1 2 0 4 0 6 7 0 9 10} {0 0 3 0 5 0 0 8 0 0}}
407 {} {{1 2 0 4 0 6 7 0 9 10} {0 0 3 0 5 0 0 8 0 0}}
408 {} {{1 2 0 4 0 6 7 0 9 10} {0 0 3 0 5 0 0 8 0 0}}
409 {} {{1 2 0 4 0 6 7 0 9 10} {0 0 3 0 5 0 0 8 0 0}}
410 {} {{1 2 0 4 0 6 7 0 9 10} {0 0 3 0 5 0 0 8 0 0}}
411 {} {{1 2 0 4 0 6 7 0 9 10} {0 0 3 0 5 0 0 8 0 0}}
412 {} {{1 2 0 4 0 6 7 0 9 10} {0 0 3 0 5 0 0 8 0 0}}
413 {} {{1 2 0 4 0 6 7 0 9 10} {0 0 3 0 5 0 0 8 0 0}}
414 {} {{1 2 0 4 0 6 7 0 9 10} {0 0 3 0 5 0 0 8 0 0}}
415 {} {{1 2 0 4 0 6 7 0 9 10} {0 0 3 0 5 0 0 8 0 0}}
416 {} {{1 2 0 4 0 6 7 0 9 10} {0 0 3 0 5 0 0 8 0 0}}
417 {} {{1 2 0 4 0 6 7 0 9 10} {0 0 3 0 5 0 0 8 0 0}}
418 {} {{1 2 0 4 0 6 7 0 9 10} {0 0 3 0 5 0 0 8 0 0}}
419 {} {{1 2 0 4 0 6 7 0 9 10} {0 0 3 0 5 0 0 8 0 0}}
420 {} {{1 2 0 4 0 6 7 0 9 10} {0 0 3 0 5 0 0 8 0 0}}
421 {} {{1 2 0 4 0 6 7 0 9 10} {0 0 3 0 5 0 0 8 0 0}}
422 {} {{1 2 0 4 0 6 7 0 9 10} {0 0 3 0 5 0 0 8 0 0}}
423 {} {{1 2 0 4 0 6 7 0 9 10} {0 0 3 0 5 0 0 8 0 0}}
424 {} {{1 2 0 4 0 6 7 0 9 10} {0 0 3 0 5 0 0 8 0 0}}
425 {} {{1 2 0 4 0 6 7 0 9 10} {0 0 3 0 5 0 0 8 0 0}}
426 {} {{1 2 0 4 0 6 7 0 9 10} {0 0 3 0 5 0 0 8 0 0}}
427 {} {{1 2 0 4 0 6 7 0 9 10} {0 0 3 0 5 0 0 8 0 0}}
428 {} {{1 2 0 4 0 6 7 0 9 10} {0 0 3 0 5 0 0 8 0 0}}
429 {} {{1 2 0 4 0 6 7 0 9 10} {0 0 3 0 5 0 0 8 0 0}}
430 {} {{1 2 0 4 0 6 7 0 9 10} {0 0 3 0 5 0 0 8 0 0}}
431 {} {{1 2 0 4 0 6 7 0 9 10} {0 0 3 0 5 0 0 8 0 0}}
432 {} {{1 2 0 4 0 6 7 0 9 10} {0 0 3 0 5 0 0 8 0 0}}
433 {} {{1 2 0 4 0 6 7 0 9 10} {0 0 3 0 5 0 0 8 0 0}}
434 {} {{1 2 0 4 0 6 7 0 9 10} {0 0 3 0 5 0 0 8 0 0}}
435 {} {{1 2 0 4 0 6 7 0 9 10} {0 0 3 0 5 0 0 8 0 0}}
436 {} {{1 2 0 4 0 6 7 0 9 10} {0 0 3 0 5 0 0 8 0 0}}
437 {} {{1 2 0 4 0 6 7 0 9 10} {0 0 3 0 5 0 0 8 0 0}}
438 {} {{1 2 0 4 0 6 7 0 9 10} {0 0 3 0 5 0 0 8 0 0}}
439 {} {{1 2 0 4 0 6 7 0 9 10} {0 0 3 0 5 0 0 8 0 0}}
440 {} {{1 2 0 4 0 6 7 0 9 10} {0 0 3 0 5 0 0 8 0 0}}
441 {} {{1 2 0 4 0 6 7 0 9 10} {0 0 3 0 5 0 0 8 0 0}}
442 {} {{1 2 0 4 0 6 7 0 9 10} {0 0 3 0 5 0 0 8 0 0}}
443 {} {{1 2 0 4 0 6 7 0 9 10} {0 0 3 0 5 0 0 8 0 0}}
444 {} {{1 2 0 4 0 6 7 0 9 10} {0 0 3 0 5 0 0 8 0 0}}
445 {} {{1 2 0 4 0 6 7 0 9 10} {0 0 3 0 5 0 0 8 0 0}}
446 {} {{1 2 0 4 0 6 7 0 9 10} {0 0 3 0 5 0 0 8 0 0}}
447 {} {{1 2 0 4 0 6 7 0 9 10} {0 0 3 0 5 0 0 8 0 0}}
448 {} {{1 2 0 4 0 6 7 0 9 10} {0 0 3 0 5 0 0 8 0 0}}
449 {} {{1 2 0 4 0 6 7 0 9 10} {0 0 3 0 5 0 0 8 0 0}}
450 {} {{1 2 0 4 0 6 7 0 9 10} {0 0 3 0 5 0 0 8 0 0}}
451 {} {{1 2 0 4 0 6 7 0 9 10} {0 0 3 0 5 0 0 8 0 0}}
452 {} {{1 2 0 4 0 6 7 0 9 10} {0 0 3 0 5 0 0 8 0 0}}
453 {} {{1 2 0 4 0 6 7 0 9 10} {0 0 3 0 5 0 0 8 0 0}}
454 {} {{1 2 0 4 0 6 7 0 9 10} {0 0 3 0 5 0 0 8 0 0}}
455 {} {{1 2 0 4 0 6 7 0 9 10} {0 0 3 0 5 0 0 8 0 0}}
456 {} {{1 2 0 4 0 6 7 0 9 10} {0 0 3 0 5 0 0 8 0 0}}
457 {} {{1 2 0 4 0 6 7 0 9 10} {0 0 3 0 5 0 0 8 0 0}}
458 {} {{1 2 0 4 0 6 7 0 9 10} {0 0 3 0 5 0 0 8 0 0}}
459 {} {{1 2 0 4 0 6 7 0 9 10} {0 0 3 0 5 0 0 8 0 0}}
460 {} {{1 2 0 4 0 6 7 0 9 10} {0 0 3 0 5 0 0 8 0 0}}
461 {} {{1 2 0 4 0 6 7 0 9 10} {0 0 3 0 5 0 0 8 0 0}}
462 {} {{1 2 0 4 0 6 7 0 9 10} {0 0 3 0 5 0 0 8 0 0}}
463 {} {{1 2 0 4 0 6 7 0 9 10} {0 0 3 0 5 0 0 8 0 0}}
464 {} {{1 2 0 4 0 6 7 0 9 10} {0 0 3 0 5 0 0 8 0 0}}
465 {} {{1 2 0 4 0 6 7 0 9 10} {0 0 3 0 5 0 0 8 0 0}}
466 {} {{1 2 0 4 0 6 7 0 9 10} {0 0 3 0 5 0 0 8 0 0}}
467 {} {{1 2 0 4 0 6 7 0 9 10} {0 0 3 0 5 0 0 8 0 0}}
468 {} {{1 2 0 4 0 6 7 0 9 10} {0 0 3 0 5 0 0 8 0 0}}
469 {} {{1 2 0 4 0 6 7 0 9 10} {0 0 3 0 5 0 0 8 0 0}}
470 {} {{1 2 0 4 0 6 7 0 9 10} {0 0 3 0 5 0 0 8 0 0}}
471 {} {{1 2 0 4 0 6 7 0 9 10} {0 0 3 0 5 0 0 8 0 0}}
472 {} {{1 2 0 4 0 6 7 0 9 10} {0 0 3 0 5 0 0 8 0 0}}
473 {} {{1 2 0 4 0 6 7 0 9 10} {0 0 3 0 5 0 0 8 0 0}}
474 {} {{1 2 0 4 0 6 7 0 9 10} {0 0 3 0 5 0 0 8 0 0}}
475 {} {{1 2 0 4 0 6 7 0 9 10} {0 0 3 0 5 0 0 8 0 0}}
476 {} {{1 2 0 4 0 6 7 0 9 10} {0 0 3 0 5 0 0 8 0 0}}
477 {} {{1 2 0 4 0 6 7 0 9 10} {0 0 3 0 5 0 0 8 0 0}}
478 {} {{1 2 0 4 0 6 7 0 9 10} {0 0 3 0 5 0 0 8 0 0}}
479 {} {{1 2 0 4 0 6 7 0 9 10} {0 0 3 0 5 0 0 8 0 0}}
480 {} {{1 2 0 4 0 6 7 0 9 10} {0 0 3 0 5 0 0 8 0 0}}
481 {} {{1 2 0 4 0 6 7 0 9 10} {0 0 3 0 5 0 0 8 0 0}}
482 {} {{1 2 0 4 0 6 7 0 9 10} {0 0 3 0 5 0 0 8 0 0}}
483 {} {{1 2 0 4 0 6 7 0 9 10} {0 0 3 0 5 0 0 8 0 0}}
484 {} {{1 2 0 4 0 6 7 0 9 10} {0 0 3 0 5 0 0 8 0 0}}
485 {} {{1 2 0 4 0 6 7 0 9 10} {0 0 3 0 5 0 0 8 0 0}}
486 {} {{1 2 0 4 0 6 7 0 9 10} {0 0 3 0 5 0 0 8 0 0}}
487 {} {{1 2 0 4 0 6 7 0 9 10} {0 0 3 0 5 0 0 8 0 0}}
488 {} {{1 2 0 4 0 6 7 0 9 10} {0 0 3 0 5 0 0 8 0 0}}
489 {} {{1 2 0 4 0 6 7 0 9 10} {0 0 3 0 5 0 0 8 0 0}}
490 {} {{1 2 0 4 0 6 7 0 9 10} {0 0 3 0 5 0 0 8 0 0}}
491 {} {{1 2 0 4 0 6 7 0 9 10} {0 0 3 0 5 0 0 8 0 0}}
492 {} {{1 2 0 4 0 6 7 0 9 10} {0 0 3 0 5 0 0 8 0 0}}
493 {} {{1 2 0 4 0 6 7 0 9 10} {0 0 3 0 5 0 0 8 0 0}}
494 {} {{1 2 0 4 0 6 7 0 9 10} {0 0 3 0 5 0 0 8 0 0}}
495 {} {{1 2 0 4 0 6 7 0 9 10} {0 0 3 0 5 0 0 8 0 0}}
496 {} {{1 2 0 4 0 6 7 0 9 10} {0 0 3 0 5 0 0 8 0 0}}
497 {} {{1 2 0 4 0 6 7 0 9 10} {0 0 3 0 5 0 0 8 0 0}}
498 {} {{1 2 0 4 0 6 7 0 9 10} {0 0 3 0 5 0 0 8 0 0}}
499 {} {{1 2 0 4 0 6 7 0 9 10} {0 0 3 0 5 0 0 8 0 0}}
500 {} {{1 2 0 4 0 6 7 0 9 10} {0 0 3 0 5 0 0 8 0 0}}
501 {} {{1 2 0 4 0 6 7 0 9 10} {0 0 3 0 5 0 0 8 0 0}}
