# Selection:resname AU W ION Restricted:name AUC AUL AUSL Radius:2.64 Start:0 End:-1
0 214.52108764648438
1 124.92191314697266
2 120.1834945678711
3 70.64549255371094
4 101.66058349609375
5 77.10697937011719
6 108.1220703125
7 131.8141632080078
8 180.0598602294922
9 112.8604965209961
10 62.46095275878906
11 196.42893981933594
12 139.56793212890625
13 43.93805694580078
14 80.5531005859375
15 176.18299865722656
16 171.8753204345703
17 159.81387329101563
18 118.4604263305664
19 148.1832275390625
20 94.76834869384766
21 161.53695678710938
22 91.3222427368164
23 149.47552490234375
24 213.22879028320313
25 133.96798706054688
26 173.16761779785156
27 147.3217010498047
28 130.95263671875
29 170.1522674560547
30 186.9521484375
31 120.6142578125
32 109.41437530517578
33 58.1533088684082
34 158.09085083007813
35 121.90657043457031
36 146.89096069335938
37 82.7069320678711
38 69.35320281982422
39 128.3680419921875
40 145.5986328125
41 126.64498138427734
42 162.39852905273438
43 77.96849822998047
44 111.99896240234375
45 115.445068359375
46 51.69183349609375
47 49.9687614440918
48 87.87610626220703
49 112.86048889160156
50 108.12206268310547
51 122.76808166503906
52 154.21395874023438
53 125.3526840209961
54 100.3683090209961
55 79.26080322265625
56 135.6910400390625
57 152.06011962890625
58 150.767822265625
59 126.64498138427734
60 181.78294372558594
61 162.82925415039063
62 80.12234497070313
63 97.78369140625
64 248.98226928710938
65 181.35215759277344
66 97.35293579101563
67 72.36856079101563
68 141.72177124023438
69 152.4908905029297
70 77.96851348876953
71 109.41436004638672
72 153.3524169921875
73 128.3680419921875
74 78.39928436279297
75 98.21448516845703
76 69.35320281982422
77 168.85995483398438
78 81.41462707519531
79 150.76780700683594
80 127.07573699951172
81 106.39900970458984
82 90.89146423339844
83 124.06039428710938
84 178.767578125
85 120.6142578125
86 149.47552490234375
87 172.30606079101563
88 105.9682388305664
89 96.92218017578125
90 149.47552490234375
91 133.10646057128906
92 96.92218017578125
93 117.59890747070313
94 148.18324279785156
95 208.05960083007813
96 166.27537536621094
97 197.7212371826172
98 124.06038665771484
99 136.98333740234375
100 102.95289611816406
101 60.307132720947266
102 87.8760986328125
103 152.92166137695313
104 123.1988754272461
105 106.82977294921875
106 81.41463470458984
107 160.24465942382813
108 99.93753814697266
109 141.7217559814453
110 144.73712158203125
111 126.21421813964844
112 54.70718765258789
113 88.3068618774414
114 193.41360473632813
115 112.42972564697266
116 116.73738098144531
117 139.1371612548828
118 175.75222778320313
119 162.8292694091797
120 41.78422546386719
121 139.1371612548828
122 157.2292938232422
123 132.2449188232422
124 53.41488265991211
125 87.44534301757813
126 116.73737335205078
127 89.59916687011719
128 151.19859313964844
129 155.93702697753906
130 91.32223510742188
131 109.41436767578125
132 80.12232971191406
133 109.41437530517578
134 102.5221176147461
135 88.30686950683594
136 174.89068603515625
137 52.122596740722656
138 56.86101531982422
139 191.25975036621094
140 143.44482421875
141 181.35214233398438
142 108.55282592773438
143 170.1522674560547
144 227.0133056640625
145 81.84539031982422
146 159.8139190673828
147 114.15279388427734
148 103.38365173339844
149 193.41360473632813
150 104.67595672607422
151 129.22958374023438
152 91.75299072265625
153 191.259765625
154 119.75274658203125
155 148.18324279785156
156 133.10647583007813
157 152.49090576171875
158 102.52210998535156
159 123.62963104248047
160 150.33709716796875
161 182.2136993408203
162 114.58355712890625
163 201.59811401367188
164 105.9682388305664
165 137.4141082763672
166 182.21368408203125
167 143.87559509277344
168 135.26028442382813
169 141.29100036621094
170 114.15277862548828
171 127.93726348876953
172 118.0296630859375
173 163.26002502441406
174 95.6298828125
175 169.72149658203125
176 104.24519348144531
177 169.72152709960938
178 99.50675964355469
179 62.46095657348633
180 152.9216766357422
181 110.70667266845703
182 123.6296157836914
183 139.1371612548828
184 166.7061309814453
185 89.16840362548828
186 119.75273132324219
187 141.7217559814453
188 181.3521728515625
189 176.18301391601563
190 198.15199279785156
191 90.89144897460938
192 139.5679473876953
193 164.9830780029297
194 133.96798706054688
195 187.81362915039063
196 119.75273895263672
197 85.72228240966797
198 161.96771240234375
199 173.59837341308594
200 162.8292694091797
201 155.07550048828125
202 197.7212371826172
203 140.42947387695313
204 158.09085083007813
205 148.61398315429688
206 242.95159912109375
207 168.8599395751953
208 124.92191314697266
209 120.1834945678711
210 152.4909210205078
211 170.58303833007813
212 209.7826690673828
213 167.99842834472656
214 164.1215362548828
215 123.19884490966797
216 73.23009490966797
217 188.24440002441406
218 78.83003234863281
219 124.92191314697266
220 93.90681457519531
221 109.41436767578125
222 89.16841125488281
223 106.82977294921875
224 208.4903564453125
225 201.16737365722656
226 119.32196807861328
227 137.4141082763672
228 161.9677276611328
229 146.0294189453125
230 131.8141632080078
231 108.5528335571289
232 72.36856079101563
233 170.58302307128906
234 124.06037902832031
235 179.19834899902344
236 152.49090576171875
237 177.47528076171875
238 70.21472930908203
239 213.6595458984375
240 248.1207733154297
241 102.52214813232422
242 183.93675231933594
243 158.09083557128906
244 140.86026000976563
245 165.84463500976563
246 143.44483947753906
247 201.16737365722656
248 203.3211669921875
249 155.93702697753906
250 181.3521728515625
251 118.02967071533203
252 180.0598602294922
253 200.73660278320313
254 108.98361206054688
255 125.783447265625
256 134.39874267578125
257 168.42919921875
258 118.89118957519531
259 83.5684585571289
260 80.55309295654297
261 77.5377426147461
262 141.291015625
263 97.35293579101563
264 138.27565002441406
265 229.59786987304688
266 59.876365661621094
267 192.9828338623047
268 142.58328247070313
269 116.30661010742188
270 162.8292694091797
271 124.92191314697266
272 155.50624084472656
273 183.93675231933594
274 187.81361389160156
275 164.9830780029297
276 136.9833526611328
277 196.42893981933594
278 213.22879028320313
279 51.26105880737305
280 210.6442108154297
281 116.30661010742188
282 126.64498138427734
283 211.93649291992188
284 118.89122009277344
285 166.70614624023438
286 169.2907257080078
287 84.86074829101563
288 76.67620849609375
289 114.58354949951172
290 141.7217559814453
291 115.01431274414063
292 139.5679168701172
293 129.22955322265625
294 110.7066650390625
295 142.58328247070313
296 134.82952880859375
297 160.6754150390625
298 90.02992248535156
299 107.69129943847656
300 104.24519348144531
301 125.3526840209961
302 177.9060516357422
303 59.01483154296875
304 127.50650787353516
305 147.32171630859375
306 120.61426544189453
307 90.89146423339844
308 191.69052124023438
309 180.4906463623047
310 87.8760986328125
311 34.8919792175293
312 127.07572174072266
313 125.35266876220703
314 195.9981689453125
315 88.73763275146484
316 168.42919921875
317 129.66033935546875
318 163.6907958984375
319 134.82949829101563
320 176.61375427246094
321 152.92166137695313
322 101.66059112548828
323 142.15252685546875
324 169.72149658203125
325 156.36778259277344
326 94.76834106445313
327 155.0754852294922
328 268.7975158691406
329 228.30557250976563
330 111.99895477294922
331 237.35162353515625
332 225.2902069091797
333 215.3826141357422
334 82.70692443847656
335 167.56768798828125
336 198.58279418945313
337 197.29046630859375
338 180.05987548828125
339 137.84487915039063
340 174.8907012939453
341 147.3217010498047
342 124.92192077636719
343 242.95159912109375
344 97.35294342041016
345 133.1064453125
346 180.92140197753906
347 189.53668212890625
348 120.1834945678711
349 110.7066650390625
350 139.56796264648438
351 128.3680419921875
352 96.92217254638672
353 173.1676483154297
354 197.29046630859375
355 134.8295135498047
356 107.26055145263672
357 117.59890747070313
358 124.49113464355469
359 81.41461944580078
360 138.70640563964844
361 113.29124450683594
362 135.26031494140625
363 110.27588653564453
364 136.12179565429688
365 187.3828582763672
366 139.5679168701172
367 95.1991195678711
368 198.15200805664063
369 177.4752655029297
370 78.39927673339844
371 118.02967071533203
372 110.27588653564453
373 145.16787719726563
374 145.16787719726563
375 108.12208557128906
376 124.06037902832031
377 55.13794708251953
378 96.0606460571289
379 80.98385620117188
380 137.4141082763672
381 97.78370666503906
382 122.33732604980469
383 161.9677276611328
384 86.15303802490234
385 104.24518585205078
386 118.0296859741211
387 127.07574462890625
388 101.66059112548828
389 166.275390625
390 108.1220703125
391 93.0452880859375
392 112.86048126220703
393 188.6751708984375
394 78.39928436279297
395 169.7215118408203
396 141.72177124023438
397 81.41462707519531
398 109.84514617919922
399 115.87584686279297
400 137.41412353515625
401 121.90655517578125
402 113.291259765625
403 198.1520233154297
404 126.2142105102539
405 74.95314025878906
406 282.1512451171875
407 202.02886962890625
408 166.27537536621094
409 176.18296813964844
410 176.61373901367188
411 119.75273132324219
412 127.50650787353516
413 55.13795471191406
414 144.7371063232422
415 112.8604965209961
416 59.876365661621094
417 89.59916687011719
418 194.27511596679688
419 144.30636596679688
420 118.89119720458984
421 177.90603637695313
422 165.41387939453125
423 77.10697174072266
424 112.42972564697266
425 229.59786987304688
426 165.41384887695313
427 62.03019714355469
428 163.69078063964844
429 133.53720092773438
430 134.39877319335938
431 160.24465942382813
432 146.46018981933594
433 230.89015197753906
434 105.96824645996094
435 149.47555541992188
436 168.42919921875
437 152.49085998535156
438 176.6137237548828
439 90.460693359375
440 128.3680419921875
441 121.04503631591797
442 105.1067123413086
443 188.67515563964844
444 100.36830139160156
445 200.3058319091797
446 139.5679473876953
447 143.87557983398438
448 97.78370666503906
449 173.16761779785156
450 227.01329040527344
451 164.12158203125
452 149.4755401611328
453 173.59837341308594
454 149.4755401611328
455 139.99868774414063
456 174.45993041992188
457 117.5988998413086
458 127.93727111816406
459 178.33680725097656
460 148.18324279785156
461 191.259765625
462 192.12132263183594
463 185.65982055664063
464 87.01457214355469
465 127.50650787353516
466 156.7985382080078
467 113.29126739501953
468 131.38340759277344
469 192.12130737304688
470 124.49115753173828
471 138.7064208984375
472 113.291259765625
473 208.49032592773438
474 77.53775024414063
475 64.18402099609375
476 182.6444549560547
477 108.98361206054688
478 147.7524871826172
479 191.69052124023438
480 121.47579956054688
481 150.767822265625
482 55.5687141418457
483 161.53695678710938
484 87.87611389160156
485 178.33682250976563
486 119.32196044921875
487 72.79931640625
488 141.72177124023438
489 197.29051208496094
490 158.952392578125
491 185.22903442382813
492 146.460205078125
493 197.29049682617188
494 121.90655517578125
495 209.3518829345703
496 87.44535827636719
497 179.62913513183594
498 100.79905700683594
499 108.1220703125
500 97.7837142944336
501 100.79906463623047
502 108.98361206054688
503 166.70614624023438
504 155.07550048828125
505 118.0296630859375
506 187.38290405273438
507 175.752197265625
508 147.3217010498047
509 229.597900390625
510 167.5676727294922
511 116.73737335205078
512 139.13717651367188
513 177.04452514648438
514 199.8750762939453
515 105.5374755859375
516 178.767578125
517 183.07525634765625
518 136.9833526611328
519 156.7985382080078
520 153.7831573486328
521 173.16761779785156
522 133.10646057128906
523 42.64575958251953
524 96.92218780517578
525 87.87611389160156
526 63.32249450683594
527 136.98333740234375
528 166.27537536621094
529 79.26081085205078
530 104.24519348144531
531 145.1678924560547
532 163.6907958984375
533 159.38311767578125
534 93.90682220458984
535 70.64549255371094
536 84.42996978759766
537 78.3992691040039
538 219.69027709960938
539 146.46018981933594
540 95.6298828125
541 176.61373901367188
542 83.99922943115234
543 133.5372314453125
544 153.35243225097656
545 44.799591064453125
546 237.7824249267578
547 203.751953125
548 72.79931640625
549 139.5679473876953
550 147.7524871826172
551 131.81417846679688
552 110.27590942382813
553 127.07573699951172
554 91.32222747802734
555 135.6910400390625
556 139.13719177246094
557 98.6452407836914
558 143.44482421875
559 130.52188110351563
560 147.32171630859375
561 170.58302307128906
562 115.87584686279297
563 104.24519348144531
564 122.7680892944336
565 78.83003234863281
566 103.38365173339844
567 93.90682220458984
568 120.61425018310547
569 118.46044158935547
570 189.96746826171875
571 94.33758544921875
572 170.58303833007813
573 173.59840393066406
574 135.26028442382813
575 91.32223510742188
576 124.06038665771484
577 156.7985382080078
578 147.75250244140625
579 161.10618591308594
580 143.01405334472656
581 178.76756286621094
582 117.16814422607422
583 138.275634765625
584 236.92088317871094
585 149.90628051757813
586 118.02967071533203
587 126.64498138427734
588 49.96876525878906
589 98.21446990966797
590 139.99871826171875
591 176.61375427246094
592 176.18296813964844
593 182.64447021484375
594 153.3524169921875
595 78.39926147460938
596 93.4760513305664
597 94.76834106445313
598 139.13714599609375
599 211.93649291992188
600 78.83003997802734
601 144.7371063232422
602 111.99895477294922
603 148.61398315429688
604 149.0447540283203
605 62.891719818115234
606 51.26106262207031
607 186.5213623046875
608 114.58354949951172
609 194.70584106445313
610 152.92164611816406
611 138.70640563964844
612 143.87559509277344
613 187.8136444091797
614 65.47631072998047
615 180.92140197753906
616 135.26026916503906
617 181.3521728515625
618 109.84514617919922
619 77.10697937011719
620 177.90602111816406
621 97.35295104980469
622 134.39874267578125
623 205.04425048828125
624 132.67568969726563
625 140.42947387695313
626 170.58303833007813
627 114.58354949951172
628 103.38365173339844
629 91.32221984863281
630 128.3680419921875
631 171.44456481933594
632 79.26080322265625
633 68.49166870117188
634 149.9062957763672
635 121.90656280517578
636 149.47552490234375
637 131.81417846679688
638 111.99894714355469
639 136.98333740234375
640 189.10597229003906
641 110.27589416503906
642 79.69157409667969
643 153.78318786621094
644 221.84408569335938
645 186.95211791992188
646 67.63014221191406
647 119.75273132324219
648 201.16738891601563
649 153.35243225097656
650 136.55259704589844
651 102.95288848876953
652 139.13717651367188
653 141.29100036621094
654 219.25950622558594
655 113.72201538085938
656 128.79879760742188
657 127.07574462890625
658 167.13694763183594
659 114.15277862548828
660 124.92191314697266
661 66.76861572265625
662 166.27537536621094
663 163.6907958984375
664 106.82976531982422
665 127.93727111816406
666 152.06011962890625
667 132.2449188232422
668 121.04503631591797
669 104.67594909667969
670 207.62884521484375
671 72.3685531616211
672 171.8753204345703
673 243.3823699951172
674 109.41436767578125
675 81.41463470458984
676 104.67594909667969
677 84.86075592041016
678 117.16813659667969
679 107.69129943847656
680 114.15278625488281
681 82.27615356445313
682 100.79906463623047
683 163.26004028320313
684 102.52212524414063
685 189.9674530029297
686 136.12181091308594
687 161.9677276611328
688 54.276424407958984
689 97.35294342041016
690 117.59890747070313
691 121.04503631591797
692 152.0601043701172
693 181.78292846679688
694 164.12155151367188
695 78.83003997802734
696 144.30636596679688
697 92.18375396728516
698 121.90656280517578
699 133.5372314453125
700 114.58354949951172
701 102.52212524414063
702 148.61402893066406
703 141.7217559814453
704 92.18376159667969
705 130.52186584472656
706 226.15174865722656
707 82.27616882324219
708 101.66059112548828
709 116.73737335205078
710 124.92190551757813
711 85.29151153564453
712 150.76780700683594
713 66.76861572265625
714 153.7831573486328
715 80.1223373413086
716 40.4919319152832
717 155.50625610351563
718 206.33656311035156
719 146.02940368652344
720 115.44508361816406
721 108.98360443115234
722 149.0447540283203
723 95.1991195678711
724 193.8443603515625
725 171.87535095214844
726 218.3979949951172
727 111.56819152832031
728 191.25973510742188
729 99.50677490234375
730 71.50702667236328
731 122.33733367919922
732 118.0296630859375
733 136.121826171875
734 102.52213287353516
735 158.5216064453125
736 151.6293487548828
737 223.9979248046875
738 115.8758544921875
739 117.5988998413086
740 183.07522583007813
741 134.8295135498047
742 95.19911193847656
743 148.61399841308594
744 128.79881286621094
745 134.39877319335938
746 121.47579956054688
747 167.1369171142578
748 82.70692443847656
749 186.52134704589844
750 188.24440002441406
751 110.2759017944336
752 85.7222900390625
753 191.25979614257813
754 146.8909454345703
755 118.89120483398438
756 90.02992248535156
757 144.3063507080078
758 142.58328247070313
759 162.8292694091797
760 80.98385620117188
761 133.10646057128906
762 114.58355712890625
763 60.30712890625
764 109.41437530517578
765 108.5528335571289
766 153.783203125
767 189.10594177246094
768 155.93701171875
769 79.69156646728516
770 96.0606460571289
771 123.6296157836914
772 122.7680892944336
773 158.52159118652344
774 171.87533569335938
775 93.04529571533203
776 165.8446044921875
777 127.07572937011719
778 75.38390350341797
779 95.19912719726563
780 163.26004028320313
781 91.75299835205078
782 146.46017456054688
783 143.0140838623047
784 75.3839111328125
785 159.38311767578125
786 169.2907257080078
787 72.79932403564453
788 149.04476928710938
789 183.07522583007813
790 168.85997009277344
791 122.33734130859375
792 173.1676483154297
793 98.2144775390625
794 155.5062713623047
795 125.35267639160156
796 130.95263671875
797 148.61399841308594
798 177.04449462890625
799 56.43024826049805
800 130.0911102294922
801 104.67594909667969
802 92.61453247070313
803 107.6913070678711
804 155.93704223632813
805 134.82952880859375
806 175.75222778320313
807 166.70616149902344
808 181.3521728515625
809 210.2134246826172
810 161.53697204589844
811 62.030189514160156
812 111.56818389892578
813 70.64550018310547
814 105.96824645996094
815 134.8295135498047
816 121.47579193115234
817 163.69078063964844
818 169.2907257080078
819 130.52188110351563
820 192.98280334472656
821 141.72177124023438
822 119.32195281982422
823 118.0296859741211
824 155.50625610351563
825 171.0137939453125
826 164.1215362548828
827 130.09112548828125
828 125.783447265625
829 144.73712158203125
830 153.7831573486328
831 91.32222747802734
832 124.49115753173828
833 141.29100036621094
834 112.42971801757813
835 158.0908660888672
836 64.18402099609375
837 64.61478424072266
838 118.46043395996094
839 158.52162170410156
840 164.12156677246094
841 154.21392822265625
842 138.7064208984375
843 116.73737335205078
844 133.9679718017578
845 118.46043395996094
846 126.21422576904297
847 150.33706665039063
848 161.53697204589844
849 198.1520233154297
850 164.12155151367188
851 120.61425018310547
852 176.61375427246094
853 167.1369171142578
854 125.78343963623047
855 174.45994567871094
856 191.259765625
857 105.10672760009766
858 135.6910400390625
859 141.29098510742188
860 146.0294189453125
861 212.79806518554688
862 85.29151153564453
863 177.4752960205078
864 199.4442901611328
865 149.04478454589844
866 154.2139434814453
867 158.0908660888672
868 142.5832977294922
869 112.86048889160156
870 161.10618591308594
871 174.4599151611328
872 196.42893981933594
873 95.62986755371094
874 125.783447265625
875 117.59890747070313
876 90.02992248535156
877 141.72177124023438
878 86.58381652832031
879 116.30660247802734
880 174.0291290283203
881 130.52186584472656
882 130.52186584472656
883 155.07546997070313
884 84.42998504638672
885 178.76756286621094
886 141.72178649902344
887 166.27536010742188
888 143.44482421875
889 103.38365173339844
890 138.275634765625
891 205.04425048828125
892 93.47605895996094
893 116.73738098144531
894 108.98361206054688
895 164.12155151367188
896 133.53721618652344
897 154.2139434814453
898 127.07573699951172
899 170.58306884765625
900 87.01458740234375
901 195.56744384765625
902 118.46044158935547
903 161.53695678710938
904 126.21421813964844
905 130.95265197753906
906 129.6603240966797
907 159.8139190673828
908 97.3529281616211
909 109.84513092041016
910 108.12207794189453
911 93.0452880859375
912 124.92192077636719
913 189.1059112548828
914 145.59864807128906
915 109.84513092041016
916 195.56741333007813
917 129.66033935546875
918 156.36778259277344
919 209.35189819335938
920 128.79881286621094
921 148.18324279785156
922 165.84461975097656
923 159.8139190673828
924 117.16812896728516
925 164.12155151367188
926 146.02940368652344
927 184.7982940673828
928 134.8295135498047
929 103.81442260742188
930 139.56793212890625
931 132.24493408203125
932 130.0911102294922
933 156.79856872558594
934 104.24518585205078
935 115.44508361816406
936 149.4755401611328
937 142.5832977294922
938 69.78397369384766
939 201.16734313964844
940 125.78345489501953
941 129.66033935546875
942 193.8443603515625
943 161.53697204589844
944 201.16738891601563
945 72.79932403564453
946 109.84513092041016
947 123.629638671875
948 101.66059875488281
949 78.83003234863281
950 93.90682220458984
951 143.87557983398438
952 190.39822387695313
953 111.99897766113281
954 137.84487915039063
955 172.7368621826172
956 96.06063842773438
957 177.0445098876953
958 139.56793212890625
959 127.93726348876953
960 124.49114990234375
961 176.61370849609375
962 136.9833526611328
963 75.3839111328125
964 108.55282592773438
965 99.07600402832031
966 173.16761779785156
967 118.89118957519531
968 137.84487915039063
969 65.04554748535156
970 97.7837142944336
971 111.99896240234375
972 119.75273895263672
973 110.70667266845703
974 101.66059112548828
975 136.98333740234375
976 150.767822265625
977 124.06037902832031
978 132.67567443847656
979 131.38339233398438
980 112.42974090576172
981 51.26106262207031
982 103.38365173339844
983 193.8443603515625
984 143.01406860351563
985 236.05935668945313
986 124.92191314697266
987 76.24544525146484
988 93.90681457519531
989 119.32197570800781
990 107.26055145263672
991 118.02967834472656
992 124.06037902832031
993 80.98385620117188
994 136.5525665283203
995 159.81387329101563
996 95.62987518310547
997 136.12181091308594
998 106.82978057861328
999 86.58380889892578
1000 180.49063110351563
1001 111.56819915771484
1002 111.56819915771484
