# Selection:resname AU POPC Restricted:name AUC AUL AUSL Radius:2.64 Start:0 End:-1
0 214.52108764648438
1 124.92191314697266
2 50.83029556274414
3 76.24544525146484
4 37.4765739440918
5 39.630401611328125
6 31.015094757080078
7 31.876623153686523
8 23.261320114135742
9 56.86101150512695
10 62.030189514160156
11 15.0767822265625
12 13.353720664978027
13 52.9841194152832
14 46.953407287597656
15 0.0
16 0.8615304231643677
17 1.7230608463287354
18 71.50702667236328
19 33.16891860961914
20 87.01457977294922
21 58.15330505371094
22 38.338104248046875
23 16.369077682495117
24 13.784486770629883
25 72.79931640625
26 15.938312530517578
27 23.261320114135742
28 31.445859909057617
29 18.522903442382813
30 24.9843807220459
31 72.36856079101563
32 22.399789810180664
33 90.89147186279297
34 29.292034149169922
35 47.38417434692383
36 24.55361557006836
37 75.81468200683594
38 77.5377426147461
39 47.384178161621094
40 31.015094757080078
41 18.95366859436035
42 87.87611389160156
43 39.19963073730469
44 11.630661010742188
45 73.66084289550781
46 111.13742065429688
47 64.18401336669922
48 104.24517822265625
49 41.35346221923828
50 72.36856842041016
51 74.09162139892578
52 3.0153563022613525
53 66.33783721923828
54 60.73789978027344
55 79.69155883789063
56 12.492191314697266
57 2.1538262367248535
58 0.43076521158218384
59 16.369077682495117
60 34.461219787597656
61 48.67647171020508
62 62.46095275878906
63 60.73789978027344
64 1.7230608463287354
65 1.7230608463287354
66 28.430503845214844
67 58.584068298339844
68 16.369077682495117
69 0.0
70 0.0
71 0.0
72 0.0
73 9.046069145202637
74 12.492191314697266
75 7.3230085372924805
76 3.876887083053589
77 3.0153565406799316
78 0.0
79 9.046069145202637
80 0.8615304231643677
81 0.0
82 0.43076521158218384
83 0.43076521158218384
84 3.0153565406799316
85 7.7537736892700195
86 10.76913070678711
87 1.2922956943511963
88 0.0
89 0.0
90 0.0
91 0.43076521158218384
92 0.0
93 0.0
94 3.4461216926574707
95 1.2922956943511963
96 0.0
97 20.24596405029297
98 32.738155364990234
99 18.95366859436035
100 5.599947929382324
101 12.492191314697266
102 9.046070098876953
103 0.0
104 0.0
105 0.43076521158218384
106 2.1538262367248535
107 3.4461216926574707
108 12.922956466674805
109 34.89198303222656
110 8.615303993225098
111 0.0
112 0.0
113 0.0
114 0.0
115 0.8615304231643677
116 0.0
117 1.7230608463287354
118 0.43076521158218384
119 1.7230608463287354
120 1.2922956943511963
121 0.0
122 0.0
123 0.0
124 0.0
125 3.0153565406799316
126 0.0
127 0.43076521158218384
128 4.307651996612549
129 0.0
130 0.0
131 3.8768868446350098
132 9.046069145202637
133 9.907599449157715
134 12.492191314697266
135 1.2922956943511963
136 0.43076521158218384
137 4.307652473449707
138 1.2922956943511963
139 0.0
140 0.0
141 0.8615304231643677
142 0.0
143 2.1538262367248535
144 4.738417625427246
145 5.599947929382324
146 5.169182300567627
147 0.0
148 0.0
149 0.8615304231643677
150 1.2922956943511963
151 7.7537736892700195
152 0.43076521158218384
153 0.0
154 0.0
155 0.0
156 0.0
157 2.1538259983062744
158 0.43076521158218384
159 0.8615304231643677
160 0.0
161 0.0
162 1.7230608463287354
163 0.0
164 13.353721618652344
165 16.799842834472656
166 12.922956466674805
167 8.615303993225098
168 1.7230608463287354
169 0.0
170 20.676729202270508
171 7.7537736892700195
172 15.507546424865723
173 6.461478233337402
174 6.461478233337402
175 0.0
176 4.307651996612549
177 13.784486770629883
178 10.33836555480957
179 4.738417625427246
180 3.0153565406799316
181 12.492191314697266
182 3.0153565406799316
183 1.7230608463287354
184 2.5845913887023926
185 17.661373138427734
186 13.784486770629883
187 6.892243385314941
188 0.0
189 0.43076521158218384
190 2.5845913887023926
191 0.43076521158218384
192 2.1538259983062744
193 2.5845913887023926
194 0.8615304231643677
195 7.7537736892700195
196 10.338364601135254
197 8.184538841247559
198 9.476834297180176
199 2.1538262367248535
200 14.646017074584961
201 1.7230608463287354
202 0.0
203 0.8615304231643677
204 3.0153565406799316
205 6.892243385314941
206 2.1538262367248535
207 12.922956466674805
208 6.461478233337402
209 8.184538841247559
210 15.507547378540039
211 6.892243385314941
212 1.2922956943511963
213 0.0
214 0.43076521158218384
215 0.0
216 0.0
217 3.8768868446350098
218 0.8615304231643677
219 0.0
220 8.184538841247559
221 0.0
222 0.0
223 0.8615304231643677
224 2.1538262367248535
225 7.7537736892700195
226 0.0
227 2.5845913887023926
228 0.0
229 0.0
230 0.8615304231643677
231 0.0
232 0.0
233 0.8615304231643677
234 3.0153565406799316
235 5.169182777404785
236 11.199895858764648
237 11.199894905090332
238 3.4461216926574707
239 12.061426162719727
240 12.922956466674805
241 9.476835250854492
242 4.307651996612549
243 6.461478233337402
244 5.169182777404785
245 6.892243385314941
246 14.215251922607422
247 7.3230085372924805
248 9.046069145202637
249 1.7230608463287354
250 3.8768868446350098
251 7.7537736892700195
252 8.184538841247559
253 4.738417148590088
254 9.476834297180176
255 9.476834297180176
256 10.769129753112793
257 7.3230085372924805
258 14.215251922607422
259 6.461478233337402
260 9.476834297180176
261 1.7230608463287354
262 0.0
263 0.43076521158218384
264 0.0
265 0.43076521158218384
266 11.199895858764648
267 0.0
268 0.8615304231643677
269 0.43076521158218384
270 0.0
271 0.0
272 0.0
273 0.0
274 0.0
275 0.0
276 1.7230608463287354
277 2.5845913887023926
278 0.0
279 5.169182777404785
280 1.2922956943511963
281 1.7230608463287354
282 0.0
283 0.0
284 2.1538259983062744
285 0.0
286 1.2922956943511963
287 0.0
288 4.738417148590088
289 0.0
290 6.892243385314941
291 0.0
292 0.43076521158218384
293 0.0
294 22.399791717529297
295 0.0
296 0.0
297 16.369077682495117
298 6.892243385314941
299 0.0
300 0.0
301 0.0
302 0.0
303 0.0
304 0.0
305 6.892243385314941
306 0.0
307 0.43076521158218384
308 0.0
309 2.1538262367248535
310 1.7230608463287354
311 0.0
312 6.892243385314941
313 6.892243385314941
314 13.784486770629883
315 7.7537736892700195
316 9.907600402832031
317 15.0767822265625
318 10.76913070678711
319 6.892243385314941
320 1.7230608463287354
321 4.307652473449707
322 3.4461216926574707
323 2.5845913887023926
324 1.7230608463287354
325 0.0
326 1.7230608463287354
327 0.0
328 1.2922956943511963
329 0.8615304231643677
330 0.0
331 0.0
332 2.1538259983062744
333 8.615304946899414
334 3.4461216926574707
335 9.476834297180176
336 3.8768868446350098
337 2.1538259983062744
338 0.0
339 0.0
340 0.0
341 0.0
342 1.2922956943511963
343 0.0
344 0.43076521158218384
345 0.0
346 0.0
347 0.0
348 4.307651996612549
349 17.230607986450195
350 6.892243385314941
351 6.030713081359863
352 4.307651996612549
353 5.169182777404785
354 6.461478233337402
355 0.0
356 0.0
357 0.0
358 0.0
359 0.43076521158218384
360 0.0
361 0.43076521158218384
362 6.030713081359863
363 18.522903442382813
364 11.199895858764648
365 2.1538262367248535
366 7.7537736892700195
367 6.461478233337402
368 6.461478233337402
369 5.169182777404785
370 9.476835250854492
371 7.7537736892700195
372 5.169182300567627
373 4.307651996612549
374 8.615303993225098
375 5.169182777404785
376 13.353721618652344
377 5.599947929382324
378 15.938312530517578
379 2.1538259983062744
380 8.184538841247559
381 4.307651996612549
382 6.461478233337402
383 13.784486770629883
384 5.169182777404785
385 6.892243385314941
386 6.461478233337402
387 15.938312530517578
388 0.0
389 6.461478233337402
390 8.615303993225098
391 8.615303993225098
392 30.153562545776367
393 21.107494354248047
394 18.522903442382813
395 3.0153565406799316
396 33.59968566894531
397 16.369077682495117
398 13.353721618652344
399 14.646017074584961
400 12.061426162719727
401 6.461478233337402
402 12.06142520904541
403 3.4461216926574707
404 1.2922956943511963
405 0.0
406 3.8768868446350098
407 4.307651996612549
408 3.4461216926574707
409 14.215251922607422
410 1.2922956943511963
411 6.030713081359863
412 0.43076521158218384
413 0.0
414 0.0
415 2.1538259983062744
416 0.0
417 0.0
418 1.2922956943511963
419 0.0
420 0.0
421 0.0
422 0.0
423 0.43076521158218384
424 0.0
425 1.2922956943511963
426 0.0
427 0.0
428 0.0
429 0.8615304231643677
430 0.43076521158218384
431 0.0
432 2.1538259983062744
433 0.0
434 8.184538841247559
435 1.2922956943511963
436 0.0
437 1.2922956943511963
438 0.0
439 0.43076521158218384
440 0.0
441 0.0
442 1.7230608463287354
443 7.3230085372924805
444 14.215251922607422
445 3.0153565406799316
446 12.061426162719727
447 22.399789810180664
448 26.707441329956055
449 16.799842834472656
450 19.815200805664063
451 24.12285041809082
452 19.81519889831543
453 27.138206481933594
454 24.9843807220459
455 23.69208526611328
456 7.753774166107178
457 18.522903442382813
458 19.81519889831543
459 22.830554962158203
460 2.1538262367248535
461 6.892243385314941
462 0.0
463 12.492191314697266
464 9.907600402832031
465 3.8768868446350098
466 11.630661010742188
467 3.8768868446350098
468 0.0
469 1.2922956943511963
470 15.938312530517578
471 0.0
472 3.4461216926574707
473 0.8615304231643677
474 16.369077682495117
475 7.7537736892700195
476 21.538259506225586
477 9.907599449157715
478 15.507547378540039
479 3.0153565406799316
480 0.43076521158218384
481 0.0
482 3.0153565406799316
483 6.030713081359863
484 0.0
485 0.0
486 0.0
487 5.169182300567627
488 0.0
489 2.1538259983062744
490 0.43076521158218384
491 0.43076521158218384
492 0.0
493 3.4461216926574707
494 3.0153563022613525
495 1.2922956943511963
496 6.030713081359863
497 9.046069145202637
498 9.046070098876953
499 9.046069145202637
500 12.061426162719727
501 2.1538259983062744
502 0.0
503 0.0
504 0.43076521158218384
505 0.0
506 0.0
507 0.43076521158218384
508 0.0
509 3.4461216926574707
510 0.0
511 3.4461216926574707
512 3.4461216926574707
513 0.0
514 0.43076521158218384
515 0.0
516 9.907600402832031
517 0.0
518 0.0
519 0.0
520 9.476834297180176
521 0.0
522 0.0
523 0.43076521158218384
524 5.169182777404785
525 11.199895858764648
526 0.0
527 11.199894905090332
528 11.630661010742188
529 0.0
530 0.8615304231643677
531 3.8768868446350098
532 0.8615304231643677
533 0.0
534 1.7230608463287354
535 0.0
536 0.0
537 0.8615304231643677
538 1.7230608463287354
539 0.0
540 0.0
541 4.738417148590088
542 0.0
543 0.0
544 0.0
545 0.0
546 3.0153565406799316
547 6.892243385314941
548 6.461478233337402
549 0.0
550 0.43076521158218384
551 0.8615304231643677
552 1.2922956943511963
553 0.0
554 0.43076521158218384
555 5.169182777404785
556 18.522903442382813
557 13.784486770629883
558 18.522903442382813
559 16.369077682495117
560 21.107494354248047
561 13.353721618652344
562 10.769129753112793
563 18.092138290405273
564 17.230607986450195
565 11.630661010742188
566 25.415149688720703
567 15.507547378540039
568 8.615303993225098
569 12.49219036102295
570 12.922956466674805
571 7.3230085372924805
572 14.646017074584961
573 11.199895858764648
574 13.353721618652344
575 18.522903442382813
576 7.3230085372924805
577 11.199895858764648
578 9.476834297180176
579 14.646017074584961
580 15.076783180236816
581 11.630661010742188
582 11.630661010742188
583 30.584327697753906
584 5.599947929382324
585 12.492191314697266
586 0.43076521158218384
587 8.615303993225098
588 2.1538259983062744
589 4.738417625427246
590 15.938312530517578
591 21.969024658203125
592 22.830554962158203
593 22.830556869506836
594 16.369077682495117
595 21.538259506225586
596 14.215251922607422
597 16.799842834472656
598 18.95366859436035
599 5.169182300567627
600 3.0153565406799316
601 6.030713081359863
602 6.030713081359863
603 3.0153565406799316
604 7.3230085372924805
605 14.646017074584961
606 9.046070098876953
607 10.769129753112793
608 4.307651996612549
609 6.892243385314941
610 3.0153565406799316
611 5.169182777404785
612 2.5845911502838135
613 13.784486770629883
614 5.169182300567627
615 0.0
616 23.261320114135742
617 14.646017074584961
618 21.107494354248047
619 5.599947929382324
620 3.8768868446350098
621 8.184538841247559
622 9.476834297180176
623 4.307651996612549
624 1.7230608463287354
625 0.0
626 0.43076521158218384
627 12.492191314697266
628 10.33836555480957
629 14.215251922607422
630 5.599947929382324
631 4.738417625427246
632 3.4461216926574707
633 5.169182777404785
634 10.769129753112793
635 4.307651996612549
636 6.461478233337402
637 20.24596405029297
638 5.169182777404785
639 1.2922956943511963
640 0.43076521158218384
641 2.5845913887023926
642 10.33836555480957
643 2.1538262367248535
644 11.199895858764648
645 11.630660057067871
646 7.3230085372924805
647 12.061426162719727
648 3.44612193107605
649 11.199895858764648
650 20.2459659576416
651 27.999736785888672
652 17.661375045776367
653 15.0767822265625
654 6.461478233337402
655 14.646017074584961
656 7.7537736892700195
657 12.061426162719727
658 6.030713081359863
659 6.030713081359863
660 0.0
661 0.0
662 0.0
663 0.0
664 0.0
665 0.0
666 0.43076521158218384
667 7.3230085372924805
668 15.507547378540039
669 10.33836555480957
670 1.2922956943511963
671 0.0
672 0.43076521158218384
673 0.8615304231643677
674 0.0
675 0.8615304231643677
676 12.492191314697266
677 9.476834297180176
678 10.76913070678711
679 4.307651996612549
680 10.33836555480957
681 15.507547378540039
682 0.0
683 2.1538259983062744
684 0.0
685 3.876887083053589
686 0.0
687 0.0
688 1.2922956943511963
689 0.0
690 0.0
691 0.0
692 4.307651996612549
693 8.615303993225098
694 6.461478233337402
695 3.876887083053589
696 17.230607986450195
697 12.492191314697266
698 16.799842834472656
699 7.7537736892700195
700 6.892243385314941
701 16.799842834472656
702 16.799842834472656
703 0.43076521158218384
704 0.43076521158218384
705 0.0
706 2.1538259983062744
707 9.476835250854492
708 0.43076521158218384
709 0.0
710 1.7230608463287354
711 0.0
712 2.5845913887023926
713 0.0
714 0.0
715 0.43076521158218384
716 0.43076521158218384
717 1.7230608463287354
718 0.43076521158218384
719 2.1538259983062744
720 0.43076521158218384
721 0.43076521158218384
722 0.43076521158218384
723 1.2922956943511963
724 0.0
725 0.43076521158218384
726 1.2922956943511963
727 9.907599449157715
728 9.476835250854492
729 12.922955513000488
730 9.046069145202637
731 3.876887083053589
732 10.33836555480957
733 23.69208526611328
734 6.030713081359863
735 2.5845911502838135
736 11.199895858764648
737 5.599947452545166
738 8.184538841247559
739 2.5845913887023926
740 1.2922956943511963
741 6.030713081359863
742 19.815200805664063
743 24.12285041809082
744 24.12285041809082
745 21.538259506225586
746 31.445858001708984
747 14.646016120910645
748 15.0767822265625
749 33.168922424316406
750 19.38443374633789
751 12.492191314697266
752 9.907599449157715
753 14.215251922607422
754 15.507547378540039
755 15.0767822265625
756 30.153564453125
757 47.814937591552734
758 42.645755767822266
759 38.76887130737305
760 21.107494354248047
761 0.0
762 0.0
763 0.8615304231643677
764 0.0
765 0.0
766 0.0
767 15.938312530517578
768 7.3230085372924805
769 13.353721618652344
770 2.5845913887023926
771 4.738417625427246
772 9.046070098876953
773 9.476834297180176
774 0.0
775 0.0
776 0.43076521158218384
777 3.4461216926574707
778 0.8615304231643677
779 0.0
780 13.784486770629883
781 9.476835250854492
782 19.81519889831543
783 12.061426162719727
784 7.7537736892700195
785 14.215251922607422
786 10.76913070678711
787 2.1538259983062744
788 7.7537736892700195
789 2.5845913887023926
790 0.0
791 1.2922956943511963
792 2.5845913887023926
793 3.0153565406799316
794 0.43076521158218384
795 1.2922956943511963
796 8.615303993225098
797 3.4461216926574707
798 11.630661010742188
799 22.830554962158203
800 13.353721618652344
801 10.33836555480957
802 27.568973541259766
803 18.522903442382813
804 3.8768868446350098
805 7.3230085372924805
806 3.4461216926574707
807 1.7230608463287354
808 9.907600402832031
809 9.907599449157715
810 16.369077682495117
811 7.7537736892700195
812 0.8615304231643677
813 0.8615304231643677
814 7.3230085372924805
815 0.43076521158218384
816 0.43076521158218384
817 10.338364601135254
818 7.3230085372924805
819 4.738417625427246
820 4.307651996612549
821 0.0
822 0.0
823 0.0
824 0.0
825 0.8615304231643677
826 0.0
827 6.892243385314941
828 2.5845913887023926
829 4.738417148590088
830 6.461477756500244
831 18.95366859436035
832 12.492191314697266
833 11.630661010742188
834 5.169182777404785
835 6.461478233337402
836 7.7537736892700195
837 4.307652473449707
838 7.7537736892700195
839 4.738417625427246
840 9.046070098876953
841 4.738417625427246
842 1.2922956943511963
843 7.3230085372924805
844 6.461478233337402
845 3.0153565406799316
846 12.492191314697266
847 4.738417625427246
848 14.215251922607422
849 14.215251922607422
850 13.784486770629883
851 14.215251922607422
852 0.0
853 3.4461216926574707
854 16.369077682495117
855 6.892243385314941
856 0.0
857 0.0
858 0.8615304231643677
859 0.43076521158218384
860 1.7230608463287354
861 0.0
862 0.0
863 5.599947929382324
864 7.323009014129639
865 4.307651996612549
866 0.0
867 0.0
868 0.8615304231643677
869 10.33836555480957
870 12.061426162719727
871 18.522903442382813
872 8.615303993225098
873 22.399789810180664
874 15.938312530517578
875 22.830554962158203
876 24.122852325439453
877 21.107494354248047
878 28.861270904541016
879 4.307651996612549
880 0.8615304231643677
881 1.7230608463287354
882 1.2922956943511963
883 0.0
884 1.2922956943511963
885 0.8615304231643677
886 0.0
887 7.7537736892700195
888 14.215251922607422
889 7.3230085372924805
890 11.199895858764648
891 7.7537736892700195
892 15.0767822265625
893 9.476835250854492
894 13.7844877243042
895 21.538259506225586
896 12.492191314697266
897 18.95366859436035
898 26.27667999267578
899 15.507547378540039
900 6.892243385314941
901 6.892243385314941
902 0.8615304231643677
903 0.0
904 0.0
905 3.8768868446350098
906 0.0
907 0.8615304231643677
908 7.7537736892700195
909 3.4461216926574707
910 2.1538262367248535
911 0.0
912 0.43076521158218384
913 2.5845913887023926
914 13.353721618652344
915 6.030713081359863
916 7.7537736892700195
917 9.476835250854492
918 6.892243385314941
919 6.461478233337402
920 6.030713081359863
921 5.169182777404785
922 15.938312530517578
923 9.046070098876953
924 11.199895858764648
925 4.738417625427246
926 2.1538262367248535
927 3.4461216926574707
928 1.7230608463287354
929 6.030712604522705
930 10.76913070678711
931 3.4461216926574707
932 6.030713081359863
933 7.7537736892700195
934 6.892243385314941
935 9.907600402832031
936 8.615304946899414
937 2.1538259983062744
938 17.230607986450195
939 12.492191314697266
940 1.2922956943511963
941 4.738417625427246
942 7.3230085372924805
943 9.476834297180176
944 17.230607986450195
945 9.046069145202637
946 9.476834297180176
947 24.553617477416992
948 9.907600402832031
949 20.676729202270508
950 28.86126708984375
951 23.261320114135742
952 21.969024658203125
953 12.922956466674805
954 39.19963073730469
955 10.338364601135254
956 4.738417625427246
957 15.0767822265625
958 12.922956466674805
959 15.507547378540039
960 18.522903442382813
961 6.461478233337402
962 5.599947929382324
963 3.4461216926574707
964 0.43076521158218384
965 0.0
966 1.2922956943511963
967 0.0
968 0.8615304231643677
969 0.0
970 1.7230608463287354
971 1.7230608463287354
972 0.43076521158218384
973 0.0
974 0.0
975 10.338364601135254
976 0.0
977 0.0
978 0.43076521158218384
979 11.630661010742188
980 1.2922956943511963
981 0.0
982 0.0
983 0.0
984 2.5845913887023926
985 0.0
986 0.43076521158218384
987 1.7230608463287354
988 1.2922956943511963
989 0.43076521158218384
990 0.0
991 7.3230085372924805
992 9.907599449157715
993 3.44612193107605
994 0.0
995 2.5845913887023926
996 19.81519889831543
997 2.1538259983062744
998 2.1538259983062744
999 1.7230608463287354
1000 2.1538259983062744
1001 3.4461216926574707
1002 3.4461216926574707
