# Selection:resname AU W ION Restricted:name AUC AUL AUSL Radius:2.64 Start:0 End:-1
0 393.7193908691406
1 392.8579406738281
2 38.33810806274414
3 34.030452728271484
4 21.107494354248047
5 11.630661010742188
6 49.538002014160156
7 55.13795471191406
8 45.6611213684082
9 40.49193572998047
10 24.55361557006836
11 50.830299377441406
12 59.014835357666016
13 56.430240631103516
14 37.4765739440918
15 3.4461216926574707
16 12.922956466674805
17 50.83029556274414
18 132.67568969726563
19 47.384178161621094
20 37.4765739440918
21 37.4765739440918
22 59.87636947631836
23 45.2303466796875
24 72.79931640625
25 44.36882019042969
26 48.245704650878906
27 62.460960388183594
28 62.46095657348633
29 40.92269515991211
30 52.122589111328125
31 41.78422546386719
32 32.738155364990234
33 24.55361557006836
34 48.67646789550781
35 20.67673110961914
36 55.56871795654297
37 46.52264404296875
38 59.87636947631836
39 49.107234954833984
40 28.86126708984375
41 30.58432960510254
42 28.430503845214844
43 47.38417053222656
44 55.99947738647461
45 30.153562545776367
46 37.045806884765625
47 33.59968566894531
48 9.476834297180176
49 110.27589416503906
50 35.75351333618164
51 18.95366859436035
52 7.7537736892700195
53 18.092140197753906
54 43.938053131103516
55 43.07651901245117
56 34.89198303222656
57 22.830554962158203
58 27.138208389282227
59 37.9073371887207
60 46.09187698364258
61 61.599430084228516
62 50.399532318115234
63 61.168663024902344
64 79.26080322265625
65 49.96876525878906
66 53.84565734863281
67 59.44559860229492
68 42.21499252319336
69 68.06089782714844
70 32.7381591796875
71 59.01483917236328
72 49.96876525878906
73 20.67673110961914
74 7.7537736892700195
75 9.046069145202637
76 32.738155364990234
77 14.646017074584961
78 24.553617477416992
79 47.814937591552734
80 57.72254180908203
81 20.2459659576416
82 50.39952850341797
83 24.9843807220459
84 74.9531478881836
85 101.22981262207031
86 78.3992691040039
87 27.999738693237305
88 50.3995246887207
89 46.522640228271484
90 65.47631072998047
91 102.09136199951172
92 38.33810806274414
93 87.4453353881836
94 9.476835250854492
95 21.538259506225586
96 45.66111373901367
97 69.35320281982422
98 22.830554962158203
99 36.61503982543945
100 58.58407211303711
101 17.661373138427734
102 37.4765739440918
103 22.830556869506836
104 23.692087173461914
105 46.09187698364258
106 47.38417434692383
107 58.58407211303711
108 75.3839111328125
109 29.292034149169922
110 7.323009014129639
111 70.2147216796875
112 40.06116485595703
113 33.59968948364258
114 73.66085052490234
115 25.415145874023438
116 5.599947452545166
117 74.9531478881836
118 59.014835357666016
119 33.168922424316406
120 35.322750091552734
121 64.18402099609375
122 20.67673110961914
123 43.938053131103516
124 34.46121597290039
125 72.3685531616211
126 24.9843807220459
127 32.30739212036133
128 16.799842834472656
129 42.64575958251953
130 32.30739212036133
131 29.292034149169922
132 27.138208389282227
133 49.107234954833984
134 24.122852325439453
135 106.39901733398438
136 64.61478424072266
137 59.44559860229492
138 55.99947738647461
139 87.01457977294922
140 38.338104248046875
141 62.8917236328125
142 61.16866683959961
143 75.8146743774414
144 98.21446228027344
145 71.50703430175781
146 110.7066650390625
147 119.75273132324219
148 68.49166107177734
149 124.06037902832031
150 49.96876525878906
151 102.52213287353516
152 84.86074829101563
153 52.98412322998047
154 73.66084289550781
155 56.43024444580078
156 38.76887130737305
157 34.030452728271484
158 43.938053131103516
159 56.86101150512695
160 46.95341873168945
161 18.522903442382813
162 59.44559860229492
163 32.30739212036133
164 34.89198303222656
165 74.9531478881836
166 82.27616119384766
167 60.30712890625
168 97.78370666503906
169 44.799583435058594
170 119.32196807861328
171 128.3680419921875
172 62.8917236328125
173 36.18428039550781
174 70.2147216796875
175 41.353458404541016
176 63.75325012207031
177 41.78422546386719
178 33.59968566894531
179 29.292034149169922
180 18.95366859436035
181 31.44586181640625
182 30.153562545776367
183 57.722537994384766
184 76.24544525146484
185 79.26080322265625
186 71.93779754638672
187 47.81494140625
188 68.49166870117188
189 61.168663024902344
190 35.322750091552734
191 62.03019332885742
192 88.30686950683594
193 49.53800582885742
194 62.030189514160156
195 115.87583923339844
196 68.92243194580078
197 65.9070816040039
198 57.722537994384766
199 6.892242908477783
200 24.9843807220459
201 21.107494354248047
202 34.461219787597656
203 69.78396606445313
204 62.46095275878906
205 25.84591293334961
206 54.27641677856445
207 84.86074829101563
208 50.39952850341797
209 91.32222747802734
210 83.1376953125
211 32.738155364990234
212 41.78422164916992
213 99.50676727294922
214 90.0299301147461
215 96.06065368652344
216 136.5525665283203
217 69.35320281982422
218 63.32249069213867
219 88.73763275146484
220 72.79932403564453
221 12.492191314697266
222 55.5687141418457
223 34.89198303222656
224 98.6452407836914
225 45.230350494384766
226 70.21472930908203
227 34.03044891357422
228 40.922698974609375
229 52.12259292602539
230 48.67647171020508
231 33.59968566894531
232 48.24570846557617
233 42.214988708496094
234 83.1376953125
235 57.72254943847656
236 21.538259506225586
237 58.58407211303711
238 47.81493377685547
239 34.030452728271484
240 25.415145874023438
241 28.861270904541016
242 38.76887130737305
243 37.9073371887207
244 25.41514778137207
245 62.891719818115234
246 15.938312530517578
247 12.492191314697266
248 24.553619384765625
249 31.876625061035156
250 60.737892150878906
251 63.322486877441406
252 67.19937133789063
253 18.092140197753906
254 52.122589111328125
255 43.93804931640625
256 31.87662696838379
257 36.61504364013672
258 12.922956466674805
259 32.30739212036133
260 16.799842834472656
261 21.969024658203125
262 56.86101150512695
263 36.18427658081055
264 40.0611686706543
265 67.19937133789063
266 41.78422546386719
267 67.19937896728516
268 37.4765739440918
269 54.27642059326172
270 77.53773498535156
271 59.876365661621094
272 47.384178161621094
273 8.184539794921875
274 25.41514778137207
275 52.122589111328125
276 55.5687141418457
277 61.59943389892578
278 16.369077682495117
279 33.168922424316406
280 60.307132720947266
281 5.599947929382324
282 4.307652473449707
283 13.353721618652344
284 20.24596405029297
285 56.86100769042969
286 7.3230085372924805
287 37.9073371887207
288 6.892243385314941
289 21.969024658203125
290 51.691829681396484
291 56.86100769042969
292 14.215251922607422
293 87.01457214355469
294 68.92243194580078
295 5.599947929382324
296 45.66111373901367
297 16.369077682495117
298 10.33836555480957
299 41.353458404541016
300 14.646017074584961
301 38.338104248046875
302 33.59968566894531
303 38.33810806274414
304 47.81494140625
305 51.69182586669922
306 33.168922424316406
307 25.415145874023438
308 34.03045654296875
309 71.50703430175781
310 50.39952850341797
311 26.707443237304688
312 27.568973541259766
313 82.70692443847656
314 105.10671997070313
315 75.81468200683594
316 99.07600402832031
317 56.86100769042969
318 86.15304565429688
319 46.953407287597656
320 61.168663024902344
321 60.73789596557617
322 88.73763275146484
323 36.18428039550781
324 110.27590942382813
325 75.8146743774414
326 64.61478424072266
327 83.99921417236328
328 46.09188461303711
329 66.33783721923828
330 86.15303802490234
331 99.93753814697266
332 66.76860809326172
333 141.7217559814453
334 79.26079559326172
335 105.10671997070313
336 44.36882400512695
337 121.04503631591797
338 93.90682220458984
339 142.58328247070313
340 64.61478424072266
341 78.39926147460938
342 96.0606460571289
343 71.50702667236328
344 89.59916687011719
345 68.92243194580078
346 134.8295135498047
347 51.26106262207031
348 99.07600402832031
349 19.81519889831543
350 46.52264404296875
351 49.96876525878906
352 34.89198303222656
353 21.969026565551758
354 43.50728988647461
355 113.72203063964844
356 84.42998504638672
357 70.21473693847656
358 105.1067123413086
359 75.3839111328125
360 67.63014221191406
361 155.93702697753906
362 40.4919319152832
363 82.70692443847656
364 124.92191314697266
365 74.52238464355469
366 78.83003997802734
367 90.46070861816406
368 80.9838638305664
369 34.89198684692383
370 44.36881637573242
371 115.01432037353516
372 39.63039779663086
373 59.44560623168945
374 107.69129943847656
375 116.3066177368164
376 108.55284881591797
377 90.0299301147461
378 107.6913070678711
379 100.79906463623047
380 46.09188461303711
381 99.07599639892578
382 99.93753814697266
383 89.59916687011719
384 56.43024444580078
385 37.04581069946289
386 95.6298828125
387 35.75351333618164
388 59.445594787597656
389 64.18401336669922
390 108.98359680175781
391 127.50651550292969
392 100.79906463623047
393 75.81468200683594
394 0.8615304231643677
395 56.86100769042969
396 101.66058349609375
397 122.7680892944336
398 69.78397369384766
399 66.33784484863281
400 52.55335998535156
401 21.538259506225586
402 44.79957962036133
403 26.707441329956055
404 39.19963455200195
405 71.50703430175781
406 66.76860809326172
407 63.32248306274414
408 66.33784484863281
409 105.5374755859375
410 75.81468200683594
411 64.18401336669922
412 40.922698974609375
413 64.61478424072266
414 87.44534301757813
415 137.84486389160156
416 84.86074829101563
417 57.29177474975586
418 104.24517822265625
419 68.92243194580078
420 32.30738830566406
421 35.75351333618164
422 68.49166107177734
423 93.47605895996094
424 116.30660247802734
425 117.16814422607422
426 83.56844329833984
427 80.1223373413086
428 49.107234954833984
429 40.92269515991211
430 51.691829681396484
431 34.461219787597656
432 71.50704193115234
433 149.4755401611328
434 40.92269515991211
435 66.33784484863281
436 100.36829376220703
437 54.27641677856445
438 54.707191467285156
439 44.36881637573242
440 96.49140167236328
441 37.47657012939453
442 48.245704650878906
443 90.0299301147461
444 74.52237701416016
445 96.49140930175781
446 53.84565353393555
447 121.04503631591797
448 43.07651901245117
449 86.58380889892578
450 46.091880798339844
451 30.584327697753906
452 78.3992691040039
453 98.64523315429688
454 81.84539794921875
455 66.33784484863281
456 91.32225036621094
457 67.19937133789063
458 124.06039428710938
459 111.56819152832031
460 31.015094757080078
461 65.04554748535156
462 44.36881637573242
463 53.84565353393555
464 126.2142105102539
465 99.93753051757813
466 37.90734100341797
467 67.19937896728516
468 43.50728988647461
469 121.47579956054688
470 12.492191314697266
471 15.507547378540039
472 63.75325012207031
473 43.938053131103516
474 131.81414794921875
475 35.322750091552734
476 28.430503845214844
477 57.722537994384766
478 115.8758544921875
479 24.98438262939453
480 40.0611686706543
481 36.18428039550781
482 99.07600402832031
483 68.06090545654297
484 39.630401611328125
485 49.107234954833984
486 84.42996978759766
487 57.72254180908203
488 25.415145874023438
489 35.32274627685547
490 21.969024658203125
491 42.645755767822266
492 73.66085815429688
493 35.32274627685547
494 31.015094757080078
495 133.9679718017578
496 64.18401336669922
497 76.67620849609375
498 66.33784484863281
499 104.67594146728516
500 64.18402099609375
501 82.27616119384766
502 87.44535064697266
503 142.58326721191406
504 99.50676727294922
505 94.76834869384766
506 52.984127044677734
507 108.55284118652344
508 62.03019714355469
509 93.90682220458984
510 57.722537994384766
511 83.99921417236328
512 31.876625061035156
513 66.76861572265625
514 108.98359680175781
515 61.168663024902344
516 51.26106643676758
517 110.27589416503906
518 65.9070816040039
519 54.707183837890625
520 34.461219787597656
521 35.32274627685547
522 55.56871032714844
523 84.42997741699219
524 89.16841125488281
525 54.27642059326172
526 49.53801345825195
527 120.61426544189453
528 100.79905700683594
529 115.44507598876953
530 56.43025207519531
531 44.79958724975586
532 40.922691345214844
533 36.18427658081055
534 55.1379508972168
535 18.092138290405273
536 63.753257751464844
537 74.09162139892578
538 34.46121597290039
539 54.707183837890625
540 63.32249069213867
541 55.56871795654297
542 98.21446990966797
543 93.47605895996094
544 96.49140930175781
545 61.168663024902344
546 91.32221984863281
547 43.507286071777344
548 47.38417434692383
549 43.07652282714844
550 33.59968566894531
551 44.36881637573242
552 46.52264404296875
553 62.8917236328125
554 42.64575958251953
555 97.35293579101563
556 23.692087173461914
557 40.49192810058594
558 62.46095657348633
559 63.32249069213867
560 53.414886474609375
561 28.86126708984375
562 48.67647171020508
563 48.67646789550781
564 101.66058349609375
565 24.9843807220459
566 79.69156646728516
567 24.12285041809082
568 43.07651901245117
569 65.476318359375
570 22.399789810180664
571 16.369077682495117
572 23.692089080810547
573 17.661373138427734
574 91.75299072265625
575 70.21472930908203
576 90.46070098876953
577 23.261322021484375
578 117.16813659667969
579 58.15330505371094
580 124.06037902832031
581 49.538002014160156
582 55.13794708251953
583 26.707443237304688
584 69.35320281982422
585 46.52264404296875
586 90.8914566040039
587 93.47606658935547
588 31.015094757080078
589 72.36856079101563
590 114.58354949951172
591 52.9841194152832
592 64.61479187011719
593 36.18428039550781
594 30.58432960510254
595 43.50728988647461
596 52.9841194152832
597 132.67568969726563
598 61.168663024902344
599 86.15303802490234
600 52.12259292602539
601 16.369077682495117
602 77.10697937011719
603 125.78343963623047
604 60.30712890625
605 172.73683166503906
606 69.35319519042969
607 62.46096420288086
608 70.21473693847656
609 46.09187698364258
610 77.96851348876953
611 46.953407287597656
612 28.43050193786621
613 99.9375228881836
614 83.13768768310547
615 39.630401611328125
616 96.49141693115234
617 74.9531478881836
618 94.33758544921875
619 99.07598876953125
620 65.0455551147461
621 103.38365173339844
622 61.59942626953125
623 143.87557983398438
624 19.81519889831543
625 87.87610626220703
626 46.95341110229492
627 71.93778991699219
628 38.338104248046875
629 52.12259292602539
630 86.15304565429688
631 63.322486877441406
632 21.538259506225586
633 45.66111373901367
634 25.415149688720703
635 27.568971633911133
636 33.16891860961914
637 35.753509521484375
638 9.046070098876953
639 15.507547378540039
640 81.41462707519531
641 72.36856079101563
642 68.06090545654297
643 85.72227478027344
644 57.722537994384766
645 68.92243957519531
646 82.27615356445313
647 44.799583435058594
648 1.7230608463287354
649 80.98387145996094
650 52.5533561706543
651 31.015094757080078
652 44.36881637573242
653 55.13794708251953
654 49.10723114013672
655 36.18427658081055
656 61.16865921020508
657 23.69208526611328
658 24.12285041809082
659 46.09187698364258
660 77.10696411132813
661 71.50701904296875
662 55.56871795654297
663 118.46043395996094
664 122.33731842041016
665 78.83003997802734
666 59.014835357666016
667 61.599430084228516
668 85.72227478027344
669 66.76860809326172
670 62.891727447509766
671 40.922698974609375
672 34.461219787597656
673 22.399791717529297
674 67.63013458251953
675 69.78396606445313
676 118.4604263305664
677 173.16761779785156
678 164.1215362548828
679 149.90628051757813
680 59.87636947631836
681 139.13714599609375
682 118.46043395996094
683 65.0455551147461
684 81.41462707519531
685 77.53775024414063
686 41.78422927856445
687 35.753509521484375
688 58.15330123901367
689 135.69107055664063
690 25.845911026000977
691 49.538002014160156
692 48.24570846557617
693 139.13714599609375
694 104.24519348144531
695 123.62960815429688
696 121.47579193115234
697 52.55335998535156
698 98.64523315429688
699 90.46070098876953
700 40.49192810058594
701 23.69208526611328
702 45.2303466796875
703 35.75351333618164
704 46.52264404296875
705 36.615047454833984
706 11.630661010742188
707 70.2147216796875
708 49.96876525878906
709 145.59864807128906
710 103.38365173339844
711 89.16840362548828
712 53.414886474609375
713 98.6452407836914
714 32.30739212036133
715 89.16839599609375
716 47.814937591552734
717 55.13794708251953
718 61.599430084228516
719 7.7537736892700195
720 19.38443374633789
721 33.16891860961914
722 33.16891860961914
723 68.06090545654297
724 43.07652282714844
725 76.24543762207031
726 44.36881637573242
727 58.15330505371094
728 62.46095657348633
729 66.33785247802734
730 52.55335998535156
731 42.21499252319336
732 34.461219787597656
733 79.26079559326172
734 57.291778564453125
735 88.7376480102539
736 54.27641677856445
737 81.84539031982422
738 113.29125213623047
739 49.96876907348633
740 53.84565353393555
741 68.06089782714844
742 72.79931640625
743 88.73763275146484
744 76.24543762207031
745 129.66033935546875
746 138.27565002441406
747 117.16814422607422
748 73.23008728027344
749 37.045806884765625
750 34.03044891357422
751 106.39900970458984
752 30.58432960510254
753 22.399789810180664
754 51.69182586669922
755 79.26080322265625
756 49.107234954833984
757 8.615303993225098
758 83.13768768310547
759 46.953407287597656
760 47.38417434692383
761 65.04554748535156
762 68.06090545654297
763 51.691829681396484
764 19.38443374633789
765 82.70692443847656
766 8.184538841247559
767 62.46095657348633
768 140.8602294921875
769 63.75325393676758
770 62.891727447509766
771 22.830554962158203
772 9.907600402832031
773 70.64550018310547
774 51.69182205200195
775 27.138208389282227
776 54.707183837890625
777 30.153564453125
778 31.876623153686523
779 36.61504364013672
780 98.21446990966797
781 28.430503845214844
782 39.19963455200195
783 51.26106643676758
784 18.092138290405273
785 87.44534301757813
786 10.769129753112793
787 113.72203063964844
788 80.55309295654297
789 106.82977294921875
790 24.98438262939453
791 19.38443374633789
792 8.615303993225098
793 48.67646789550781
794 40.49192810058594
795 14.215251922607422
796 136.9833526611328
797 164.12155151367188
798 108.55281829833984
799 174.8906707763672
800 114.15277862548828
801 118.02967071533203
802 104.67594909667969
803 37.04581069946289
804 15.938312530517578
805 69.78396606445313
806 6.461478233337402
807 14.646017074584961
808 34.030452728271484
809 43.938053131103516
810 108.12206268310547
811 116.73736572265625
812 6.030713081359863
813 97.35293579101563
814 108.12206268310547
815 110.70665740966797
816 22.830554962158203
817 42.214988708496094
818 58.58407211303711
819 75.38391876220703
820 75.8146743774414
821 111.56820678710938
822 87.4453353881836
823 127.50650787353516
824 9.907599449157715
825 32.30739212036133
826 91.75299835205078
827 45.230350494384766
828 67.19937896728516
829 39.19963455200195
830 71.50701904296875
831 20.676729202270508
832 25.41514778137207
833 55.56871795654297
834 8.615303993225098
835 29.72279930114746
836 50.830299377441406
837 40.92269515991211
838 49.9687614440918
839 39.19963455200195
840 63.322486877441406
841 37.045806884765625
842 33.59968948364258
843 111.13742065429688
844 24.98438262939453
845 37.4765739440918
846 19.38443374633789
847 17.230607986450195
848 36.18428039550781
849 2.1538259983062744
850 40.06116485595703
851 27.13821029663086
852 13.784486770629883
853 43.07652282714844
854 15.0767822265625
855 18.95366859436035
856 15.0767822265625
857 2.1538259983062744
858 29.292034149169922
859 7.3230085372924805
860 22.830554962158203
861 48.24570846557617
862 25.41514778137207
863 21.969026565551758
864 16.799842834472656
865 55.99947738647461
866 24.9843807220459
867 60.30712890625
868 46.522647857666016
869 12.922956466674805
870 28.86126708984375
871 28.430503845214844
872 23.69208526611328
873 116.30660247802734
874 66.76860809326172
875 43.0765266418457
876 49.107234954833984
877 52.5533561706543
878 49.10723114013672
879 113.7220230102539
880 138.275634765625
881 105.1067123413086
882 55.5687141418457
883 91.75299072265625
884 84.86074829101563
885 125.35269165039063
886 74.52238464355469
887 83.13768768310547
888 118.89118957519531
889 66.76860809326172
890 171.0137939453125
891 45.661109924316406
892 48.24570846557617
893 43.50728988647461
894 56.43024444580078
895 44.799583435058594
896 24.98438262939453
897 31.445858001708984
898 84.42998504638672
899 54.27642059326172
900 23.69208526611328
901 19.38443374633789
902 77.10697174072266
903 39.19963455200195
904 90.89146423339844
905 66.76860809326172
906 50.83029556274414
907 100.79905700683594
908 59.01483154296875
909 76.67621612548828
910 93.4760513305664
911 91.32221984863281
912 40.06116485595703
913 37.045806884765625
914 75.81468200683594
915 94.76834106445313
916 44.799583435058594
917 31.015094757080078
918 36.61503982543945
919 74.9531478881836
920 43.507286071777344
921 125.78343963623047
922 140.42945861816406
923 77.10697174072266
924 120.18350219726563
925 78.83003234863281
926 37.90734100341797
927 79.26079559326172
928 65.476318359375
929 73.66085052490234
930 41.78422546386719
931 121.47579956054688
932 62.46095657348633
933 44.799583435058594
934 52.55335235595703
935 30.153564453125
936 64.18401336669922
937 93.90682220458984
938 94.76834869384766
939 55.999473571777344
940 98.64523315429688
941 108.98359680175781
942 146.8909454345703
943 151.1986083984375
944 92.6145248413086
945 33.168922424316406
946 81.41461944580078
947 45.2303466796875
948 84.86075592041016
949 102.5221176147461
950 57.72254180908203
951 42.214996337890625
952 99.50676727294922
953 137.4141082763672
954 49.107234954833984
955 74.52238464355469
956 110.27589416503906
957 64.18402099609375
958 82.70691680908203
959 93.90681457519531
960 109.84513854980469
961 125.35266876220703
962 134.39874267578125
963 28.430503845214844
964 83.13768005371094
965 68.49166870117188
966 62.8917236328125
967 52.9841194152832
968 20.24596405029297
969 122.33731842041016
970 122.33732604980469
971 108.12207794189453
972 85.72227478027344
973 51.26105880737305
974 63.75325012207031
975 108.5528335571289
976 45.66111373901367
977 62.030189514160156
978 92.61451721191406
979 67.63014221191406
980 50.830299377441406
981 24.9843807220459
982 37.9073371887207
983 21.969024658203125
984 25.415145874023438
985 31.015094757080078
986 43.93804931640625
987 102.09136199951172
988 54.27641677856445
989 44.36881637573242
990 74.9531478881836
991 64.61478424072266
992 56.430240631103516
993 43.938053131103516
994 56.86100769042969
995 71.50702667236328
996 34.89198303222656
997 92.61451721191406
998 38.33810806274414
999 71.93778991699219
1000 19.81519889831543
1001 45.66111373901367
1002 45.66111373901367
