# Selection:resname AU W ION Restricted:name AUC AUL AUSL Radius:2.64 Start:0 End:-1
0 28.861268997192383
1 29.29203224182129
2 6.030713081359863
3 9.907600402832031
4 0.43076521158218384
5 0.0
6 14.646017074584961
7 10.76913070678711
8 1.2922956943511963
9 3.4461216926574707
10 0.0
11 3.0153565406799316
12 3.0153565406799316
13 1.2922956943511963
14 2.5845911502838135
15 6.461478233337402
16 0.8615304231643677
17 4.307651996612549
18 3.8768868446350098
19 12.922956466674805
20 4.738417148590088
21 11.199895858764648
22 6.030713081359863
23 0.8615304231643677
24 2.1538262367248535
25 3.4461216926574707
26 6.892243385314941
27 13.353721618652344
28 8.615303993225098
29 1.2922956943511963
30 0.43076521158218384
31 3.8768868446350098
32 0.43076521158218384
33 4.738417148590088
34 2.5845913887023926
35 6.030713081359863
36 12.49219036102295
37 5.599947452545166
38 5.169182777404785
39 6.461478233337402
40 0.8615304231643677
41 2.5845913887023926
42 7.7537736892700195
43 6.030713081359863
44 1.7230608463287354
45 6.461478233337402
46 1.7230608463287354
47 6.892243385314941
48 7.3230085372924805
49 2.5845913887023926
50 4.738417625427246
51 0.0
52 4.307652473449707
53 1.2922956943511963
54 0.43076521158218384
55 3.876887083053589
56 7.3230085372924805
57 7.3230085372924805
58 8.184538841247559
59 6.030713081359863
60 0.0
61 0.0
62 6.892243385314941
63 6.892243385314941
64 2.1538262367248535
65 3.4461216926574707
66 4.307651996612549
67 3.4461216926574707
68 3.4461216926574707
69 3.876887083053589
70 11.630661010742188
71 4.307651996612549
72 5.599947929382324
73 9.907600402832031
74 2.1538259983062744
75 4.307651996612549
76 19.384435653686523
77 0.43076521158218384
78 2.5845911502838135
79 3.0153565406799316
80 2.1538259983062744
81 2.5845911502838135
82 6.030713081359863
83 2.5845913887023926
84 1.2922956943511963
85 5.599947929382324
86 10.769129753112793
87 0.0
88 4.738417625427246
89 6.892243385314941
90 4.738417148590088
91 6.461478233337402
92 9.476835250854492
93 7.7537736892700195
94 1.7230608463287354
95 1.7230608463287354
96 2.1538259983062744
97 3.0153565406799316
98 10.76913070678711
99 2.5845911502838135
100 13.784486770629883
101 6.461478233337402
102 0.8615304231643677
103 3.4461216926574707
104 5.599947929382324
105 4.738417148590088
106 0.0
107 8.184538841247559
108 5.599947929382324
109 0.43076521158218384
110 10.338364601135254
111 0.8615304231643677
112 3.8768868446350098
113 1.2922956943511963
114 3.876887083053589
115 3.8768868446350098
116 9.907599449157715
117 3.0153565406799316
118 1.7230608463287354
119 1.2922956943511963
120 1.2922956943511963
121 12.061426162719727
122 6.461478233337402
123 3.4461216926574707
124 2.5845913887023926
125 0.0
126 6.461478233337402
127 7.3230085372924805
128 0.0
129 9.046070098876953
130 3.4461216926574707
131 6.030713081359863
132 0.0
133 1.2922956943511963
134 9.476834297180176
135 2.1538259983062744
136 2.1538259983062744
137 7.7537736892700195
138 10.76913070678711
139 3.876887083053589
140 2.5845913887023926
141 5.599947452545166
142 3.876887083053589
143 9.476835250854492
144 0.43076521158218384
145 0.0
146 5.599947929382324
147 6.461478233337402
148 4.307652473449707
149 1.7230608463287354
150 4.738417148590088
151 0.43076521158218384
152 6.030713081359863
153 2.1538259983062744
154 0.0
155 1.2922956943511963
156 12.492191314697266
157 6.892243385314941
158 3.0153565406799316
159 7.7537736892700195
160 7.3230085372924805
161 2.5845913887023926
162 0.43076521158218384
163 4.307651996612549
164 0.0
165 0.0
166 1.2922956943511963
167 5.169182777404785
168 2.1538262367248535
169 17.230607986450195
170 5.169182300567627
171 3.0153565406799316
172 10.338364601135254
173 4.307651996612549
174 1.2922956943511963
175 1.2922956943511963
176 3.0153565406799316
177 15.507547378540039
178 9.907600402832031
179 9.046069145202637
180 20.24596405029297
181 3.8768868446350098
182 1.2922956943511963
183 0.0
184 6.030713081359863
185 4.738417148590088
186 0.43076521158218384
187 0.0
188 0.0
189 1.7230608463287354
190 0.43076521158218384
191 2.5845913887023926
192 7.3230085372924805
193 2.1538259983062744
194 7.7537736892700195
195 1.7230608463287354
196 3.0153565406799316
197 11.630661010742188
198 2.1538259983062744
199 5.599947452545166
200 3.8768868446350098
201 4.738417625427246
202 6.030713081359863
203 3.8768868446350098
204 10.338364601135254
205 3.876887083053589
206 12.922956466674805
207 4.738417625427246
208 1.7230608463287354
209 7.3230085372924805
210 3.8768868446350098
211 3.4461216926574707
212 4.307651996612549
213 4.738417148590088
214 7.3230085372924805
215 0.43076521158218384
216 1.7230608463287354
217 10.338364601135254
218 2.5845911502838135
219 7.3230085372924805
220 1.2922956943511963
221 2.5845911502838135
222 5.169182777404785
223 0.8615304231643677
224 10.338364601135254
225 4.738417148590088
226 2.5845913887023926
227 4.307651996612549
228 11.630661010742188
229 6.030713081359863
230 0.8615304231643677
231 7.7537736892700195
232 3.0153565406799316
233 3.4461216926574707
234 1.2922956943511963
235 3.4461216926574707
236 3.8768868446350098
237 3.8768868446350098
238 2.5845911502838135
239 6.461478233337402
240 6.892243385314941
241 1.7230608463287354
242 6.030713081359863
243 5.599947452545166
244 12.061426162719727
245 0.0
246 3.8768868446350098
247 5.169182777404785
248 0.8615304231643677
249 11.630661010742188
250 6.892243385314941
251 10.76913070678711
252 3.0153563022613525
253 9.046069145202637
254 3.0153565406799316
255 4.738417625427246
256 5.169182777404785
257 1.2922956943511963
258 0.43076521158218384
259 3.0153565406799316
260 8.184538841247559
261 6.030713081359863
262 4.738417148590088
263 3.8768868446350098
264 17.230607986450195
265 9.046070098876953
266 2.5845911502838135
267 2.1538262367248535
268 12.922956466674805
269 6.892243385314941
270 0.0
271 5.599947929382324
272 5.599947929382324
273 3.0153565406799316
274 5.599947929382324
275 0.0
276 9.907600402832031
277 3.0153565406799316
278 2.1538262367248535
279 2.5845913887023926
280 3.8768868446350098
281 3.8768868446350098
282 7.753774166107178
283 4.307652473449707
284 6.892243385314941
285 4.738417148590088
286 8.184538841247559
287 4.738417625427246
288 3.0153563022613525
289 0.43076521158218384
290 0.0
291 0.0
292 2.5845913887023926
293 0.8615304231643677
294 6.030713081359863
295 1.7230608463287354
296 12.922956466674805
297 1.2922956943511963
298 9.046069145202637
299 11.630661010742188
300 6.892243385314941
301 14.215251922607422
302 3.0153565406799316
303 4.307651996612549
304 18.953670501708984
305 0.43076521158218384
306 3.4461216926574707
307 8.184538841247559
308 11.630661010742188
309 11.630661010742188
310 2.1538259983062744
311 0.43076521158218384
312 0.0
313 5.169182777404785
314 6.461478233337402
315 10.769129753112793
316 9.476834297180176
317 2.1538259983062744
318 0.0
319 7.7537736892700195
320 5.599947929382324
321 3.8768868446350098
322 0.43076521158218384
323 8.184538841247559
324 2.5845911502838135
325 7.7537736892700195
326 12.492191314697266
327 2.5845913887023926
328 11.199895858764648
329 2.5845911502838135
330 0.0
331 0.0
332 7.3230085372924805
333 2.5845913887023926
334 1.7230608463287354
335 17.230609893798828
336 9.046069145202637
337 6.892243385314941
338 3.8768868446350098
339 12.922956466674805
340 1.7230608463287354
341 10.76913070678711
342 3.8768868446350098
343 9.476835250854492
344 0.0
345 6.030713081359863
346 7.7537736892700195
347 8.615303993225098
348 0.0
349 12.061426162719727
350 8.184539794921875
351 1.7230608463287354
352 5.599947929382324
353 3.4461216926574707
354 6.892243385314941
355 6.461478233337402
356 0.0
357 4.738417148590088
358 10.769129753112793
359 12.492191314697266
360 6.892243385314941
361 0.8615304231643677
362 4.307651996612549
363 3.0153565406799316
364 6.892243385314941
365 5.599947929382324
366 14.646017074584961
367 0.0
368 3.0153565406799316
369 15.938312530517578
370 0.0
371 2.5845911502838135
372 9.046069145202637
373 2.5845913887023926
374 1.2922956943511963
375 3.0153565406799316
376 0.8615304231643677
377 1.7230608463287354
378 15.507547378540039
379 1.7230608463287354
380 8.615303993225098
381 12.492191314697266
382 21.107494354248047
383 1.2922956943511963
384 9.046069145202637
385 5.599947929382324
386 1.7230608463287354
387 1.7230608463287354
388 0.0
389 0.8615304231643677
390 0.43076521158218384
391 0.8615304231643677
392 1.2922956943511963
393 2.5845913887023926
394 9.907599449157715
395 6.030713081359863
396 0.0
397 0.8615304231643677
398 10.33836555480957
399 3.0153565406799316
400 3.876887083053589
401 6.030713081359863
402 9.907599449157715
403 3.4461216926574707
404 0.8615304231643677
405 5.599947929382324
406 15.0767822265625
407 1.2922956943511963
408 0.8615304231643677
409 6.892243385314941
410 0.43076521158218384
411 4.307651996612549
412 10.338364601135254
413 6.461478233337402
414 1.2922956943511963
415 6.030713081359863
416 7.3230085372924805
417 12.061426162719727
418 3.44612193107605
419 10.338364601135254
420 0.0
421 3.8768868446350098
422 0.0
423 12.922956466674805
424 1.7230608463287354
425 0.43076521158218384
426 0.43076521158218384
427 15.0767822265625
428 3.8768868446350098
429 2.5845913887023926
430 8.184538841247559
431 1.2922956943511963
432 0.0
433 5.169182777404785
434 2.5845911502838135
435 0.0
436 3.8768868446350098
437 3.4461216926574707
438 6.892243385314941
439 6.030713081359863
440 3.0153565406799316
441 1.2922956943511963
442 0.0
443 1.7230608463287354
444 4.738417148590088
445 0.8615304231643677
446 11.199895858764648
447 5.169182777404785
448 8.615304946899414
449 11.630661010742188
450 0.0
451 0.8615304231643677
452 0.0
453 10.338364601135254
454 3.0153565406799316
455 1.2922956943511963
456 9.907600402832031
457 1.2922956943511963
458 1.2922956943511963
459 1.7230608463287354
460 3.8768868446350098
461 5.169182777404785
462 0.0
463 9.476834297180176
464 6.030713081359863
465 3.8768868446350098
466 0.8615304231643677
467 1.7230608463287354
468 12.061426162719727
469 6.030713081359863
470 9.476835250854492
471 1.2922956943511963
472 1.7230608463287354
473 11.630661010742188
474 3.0153565406799316
475 2.1538259983062744
476 4.307651996612549
477 6.461478233337402
478 5.599947929382324
479 3.876887083053589
480 9.476834297180176
481 3.8768868446350098
482 0.43076521158218384
483 4.307651996612549
484 8.615303993225098
485 10.338364601135254
486 1.7230608463287354
487 3.0153565406799316
488 3.0153565406799316
489 6.892243385314941
490 0.0
491 0.0
492 1.7230608463287354
493 11.199894905090332
494 11.199895858764648
495 4.738417625427246
496 0.8615304231643677
497 1.7230608463287354
498 1.7230608463287354
499 4.307651996612549
500 0.8615304231643677
501 0.8615304231643677
502 9.907600402832031
503 3.4461216926574707
504 9.046069145202637
505 9.476835250854492
506 0.43076521158218384
507 2.1538259983062744
508 3.4461216926574707
509 0.8615304231643677
510 9.046069145202637
511 0.8615304231643677
512 3.8768868446350098
513 6.892243385314941
514 2.1538259983062744
515 1.7230608463287354
516 4.738417148590088
517 8.184538841247559
518 5.169182300567627
519 15.0767822265625
520 4.738417148590088
521 4.738417625427246
522 4.307652473449707
523 6.892243385314941
524 2.1538259983062744
525 12.492191314697266
526 0.8615304231643677
527 2.1538259983062744
528 1.7230608463287354
529 6.892243385314941
530 6.030713081359863
531 6.030713081359863
532 3.4461216926574707
533 8.184538841247559
534 9.476834297180176
535 8.184538841247559
536 2.5845911502838135
537 2.5845913887023926
538 4.738417148590088
539 3.8768868446350098
540 4.307651996612549
541 0.8615304231643677
542 16.369077682495117
543 6.892243385314941
544 0.43076521158218384
545 3.8768868446350098
546 3.4461216926574707
547 0.0
548 4.307652473449707
549 7.3230085372924805
550 5.169182777404785
551 9.046069145202637
552 0.8615304231643677
553 2.1538262367248535
554 5.169182300567627
555 10.76913070678711
556 1.7230608463287354
557 6.030713081359863
558 5.169182300567627
559 8.615304946899414
560 6.030713081359863
561 4.738417625427246
562 3.8768868446350098
563 9.046069145202637
564 7.3230085372924805
565 5.599947929382324
566 6.030713081359863
567 3.4461216926574707
568 8.184538841247559
569 5.599947452545166
570 6.030713081359863
571 6.892243385314941
572 1.2922956943511963
573 3.0153565406799316
574 7.7537736892700195
575 2.5845913887023926
576 1.7230608463287354
577 6.892243385314941
578 2.1538259983062744
579 0.0
580 11.630661010742188
581 6.892243385314941
582 10.76913070678711
583 8.184538841247559
584 3.8768868446350098
585 1.7230608463287354
586 7.7537736892700195
587 1.2922956943511963
588 6.461478233337402
589 16.369077682495117
590 8.184538841247559
591 9.907599449157715
592 0.0
593 1.2922956943511963
594 8.615303993225098
595 0.8615304231643677
596 8.184539794921875
597 0.0
598 9.476835250854492
599 0.0
600 4.307651996612549
601 1.7230608463287354
602 3.4461216926574707
603 11.199895858764648
604 3.8768868446350098
605 3.4461216926574707
606 2.5845913887023926
607 7.7537736892700195
608 3.0153565406799316
609 5.169182777404785
610 4.738417625427246
611 13.353721618652344
612 1.2922956943511963
613 4.738417148590088
614 2.1538259983062744
615 11.630661010742188
616 3.4461216926574707
617 8.184538841247559
618 12.492191314697266
619 4.738417148590088
620 0.43076521158218384
621 3.8768868446350098
622 5.169182777404785
623 0.0
624 3.8768868446350098
625 2.1538259983062744
626 5.599947929382324
627 0.43076521158218384
628 1.7230608463287354
629 12.922956466674805
630 6.030713081359863
631 0.43076521158218384
632 0.8615304231643677
633 6.030713081359863
634 11.199894905090332
635 6.461478233337402
636 9.476834297180176
637 9.476835250854492
638 10.76913070678711
639 15.507547378540039
640 1.7230608463287354
641 0.43076521158218384
642 2.5845913887023926
643 4.738417148590088
644 7.7537736892700195
645 12.49219036102295
646 6.892243385314941
647 5.169182300567627
648 0.0
649 5.169182777404785
650 1.2922956943511963
651 1.2922956943511963
652 1.2922956943511963
653 4.738417625427246
654 8.184538841247559
655 3.4461216926574707
656 3.0153565406799316
657 0.0
658 2.1538259983062744
659 14.646017074584961
660 7.3230085372924805
661 0.43076521158218384
662 9.046069145202637
663 3.8768868446350098
664 7.3230085372924805
665 7.3230085372924805
666 12.922956466674805
667 2.1538259983062744
668 0.0
669 0.0
670 0.0
671 2.1538259983062744
672 0.0
673 10.769129753112793
674 4.738417625427246
675 1.7230608463287354
676 6.892243385314941
677 0.43076521158218384
678 3.8768868446350098
679 14.215251922607422
680 4.307652473449707
681 17.661373138427734
682 4.738417148590088
683 5.169182300567627
684 3.0153565406799316
685 4.307652473449707
686 5.599947929382324
687 8.615303993225098
688 2.1538259983062744
689 2.1538262367248535
690 0.43076521158218384
691 0.43076521158218384
692 1.2922956943511963
693 2.5845913887023926
694 0.0
695 0.43076521158218384
696 12.49219036102295
697 0.43076521158218384
698 9.046070098876953
699 7.753774166107178
700 7.7537736892700195
701 6.030712604522705
702 9.907600402832031
703 11.199895858764648
704 11.199895858764648
705 22.399791717529297
706 5.599947452545166
707 9.476835250854492
708 3.0153565406799316
709 5.599947452545166
710 3.4461216926574707
711 6.461478233337402
712 5.169182777404785
713 2.5845913887023926
714 6.030712604522705
715 3.8768868446350098
716 7.7537736892700195
717 9.476835250854492
718 5.599947452545166
719 1.2922956943511963
720 2.1538259983062744
721 3.876887083053589
722 6.461478233337402
723 9.046070098876953
724 1.2922956943511963
725 0.0
726 6.892243385314941
727 3.0153565406799316
728 4.738417148590088
729 9.907600402832031
730 12.492191314697266
731 2.1538259983062744
732 1.2922956943511963
733 0.0
734 0.0
735 3.4461216926574707
736 0.0
737 6.892243385314941
738 6.030713081359863
739 7.3230085372924805
740 4.307652473449707
741 3.0153565406799316
742 16.799842834472656
743 4.738417148590088
744 1.2922956943511963
745 2.1538259983062744
746 0.0
747 1.2922956943511963
748 6.461478233337402
749 0.0
750 5.599947929382324
751 9.476834297180176
752 4.738417625427246
753 5.599947929382324
754 0.43076521158218384
755 5.169182777404785
756 2.5845913887023926
757 0.0
758 7.7537736892700195
759 6.030713081359863
760 1.7230608463287354
761 5.169182777404785
762 5.169182777404785
763 3.0153565406799316
764 0.0
765 5.169182777404785
766 7.7537736892700195
767 14.215251922607422
768 6.892243385314941
769 2.1538259983062744
770 12.492191314697266
771 1.7230608463287354
772 7.3230085372924805
773 3.8768868446350098
774 0.8615304231643677
775 4.738417148590088
776 0.0
777 1.2922956943511963
778 1.2922956943511963
779 10.338364601135254
780 13.353721618652344
781 2.1538262367248535
782 5.169182777404785
783 4.307652473449707
784 4.307651996612549
785 11.630661010742188
786 2.5845913887023926
787 6.030713081359863
788 7.7537736892700195
789 15.507547378540039
790 7.753774166107178
791 2.5845913887023926
792 0.43076521158218384
793 3.8768868446350098
794 9.907599449157715
795 3.0153565406799316
796 2.5845913887023926
797 4.738417148590088
798 3.0153565406799316
799 2.1538259983062744
800 4.307652473449707
801 7.3230085372924805
802 2.5845913887023926
803 7.3230085372924805
804 2.1538259983062744
805 11.199894905090332
806 9.907599449157715
807 9.046070098876953
808 0.8615304231643677
809 1.7230608463287354
810 3.8768868446350098
811 2.5845913887023926
812 6.461478233337402
813 2.5845913887023926
814 3.8768868446350098
815 0.43076521158218384
816 0.43076521158218384
817 9.476835250854492
818 3.4461216926574707
819 1.2922956943511963
820 1.7230608463287354
821 14.215251922607422
822 1.7230608463287354
823 6.030713081359863
824 3.4461216926574707
825 2.5845913887023926
826 11.199895858764648
827 4.307651996612549
828 2.5845913887023926
829 12.492191314697266
830 8.184538841247559
831 9.476835250854492
832 12.922956466674805
833 15.938312530517578
834 2.5845913887023926
835 1.2922956943511963
836 1.7230608463287354
837 3.4461216926574707
838 12.922955513000488
839 4.738417148590088
840 0.8615304231643677
841 15.938312530517578
842 7.7537736892700195
843 7.323009014129639
844 0.0
845 5.169182777404785
846 10.33836555480957
847 9.046070098876953
848 10.76913070678711
849 2.1538259983062744
850 6.461478233337402
851 10.769129753112793
852 10.769129753112793
853 3.0153565406799316
854 2.5845911502838135
855 17.230607986450195
856 12.061426162719727
857 17.230607986450195
858 0.8615304231643677
859 15.507547378540039
860 14.215251922607422
861 10.769129753112793
862 0.43076521158218384
863 6.892243385314941
864 0.0
865 5.599947929382324
866 6.030713081359863
867 1.7230608463287354
868 3.0153565406799316
869 0.43076521158218384
870 0.43076521158218384
871 0.0
872 0.0
873 10.338364601135254
874 4.738417625427246
875 7.7537736892700195
876 4.738417625427246
877 5.169182777404785
878 9.907600402832031
879 2.1538259983062744
880 3.0153565406799316
881 3.0153565406799316
882 6.030713081359863
883 0.0
884 3.0153565406799316
885 6.461478233337402
886 3.8768868446350098
887 5.169182777404785
888 2.5845913887023926
889 1.2922956943511963
890 0.8615304231643677
891 1.7230608463287354
892 6.892243385314941
893 4.738417148590088
894 7.7537736892700195
895 9.476834297180176
896 0.0
897 3.4461214542388916
898 0.43076521158218384
899 8.184539794921875
900 12.922956466674805
901 11.199894905090332
902 6.892243385314941
903 1.2922956943511963
904 8.184538841247559
905 12.922956466674805
906 6.030713081359863
907 12.492191314697266
908 4.307652473449707
909 6.892243385314941
910 2.5845913887023926
911 0.43076521158218384
912 0.0
913 0.43076521158218384
914 0.8615304231643677
915 11.630660057067871
916 0.43076521158218384
917 2.1538259983062744
918 6.030713081359863
919 5.599947929382324
920 0.8615304231643677
921 2.5845913887023926
922 6.461478233337402
923 4.738417625427246
924 3.4461216926574707
925 0.8615304231643677
926 6.892243385314941
927 4.307652473449707
928 11.199895858764648
929 12.492191314697266
930 4.738417625427246
931 2.5845913887023926
932 6.892243385314941
933 3.876887083053589
934 9.907600402832031
935 0.0
936 5.599947452545166
937 0.0
938 0.43076521158218384
939 0.43076521158218384
940 11.630661010742188
941 2.5845913887023926
942 6.030713081359863
943 8.184538841247559
944 17.661373138427734
945 6.892243385314941
946 10.338364601135254
947 0.8615304231643677
948 0.0
949 1.7230608463287354
950 9.046070098876953
951 8.615303993225098
952 9.046069145202637
953 0.43076521158218384
954 1.7230608463287354
955 2.5845913887023926
956 8.615304946899414
957 2.5845913887023926
958 6.461478233337402
959 5.599947929382324
960 7.3230085372924805
961 13.784486770629883
962 7.3230085372924805
963 3.4461216926574707
964 4.307651996612549
965 1.2922956943511963
966 13.353721618652344
967 8.615304946899414
968 5.169182300567627
969 3.0153565406799316
970 2.1538259983062744
971 7.3230085372924805
972 3.4461216926574707
973 1.2922956943511963
974 0.0
975 4.307651996612549
976 3.4461216926574707
977 0.0
978 3.4461216926574707
979 2.1538262367248535
980 8.184539794921875
981 4.307652473449707
982 6.892243385314941
983 7.7537736892700195
984 0.0
985 6.461478233337402
986 4.738417625427246
987 2.1538259983062744
988 6.030713081359863
989 0.0
990 0.8615304231643677
991 0.8615304231643677
992 6.030713081359863
993 6.892243385314941
994 9.907599449157715
995 16.79984474182129
996 9.476835250854492
997 4.738417625427246
998 11.199895858764648
999 0.8615304231643677
1000 12.061426162719727
1001 8.184538841247559
1002 8.184538841247559
