# Selection 1:name C1A D2A C3A C4A C1B C2B C3B C4B Selection 2:name AUC AUSL AUL Cutoff:8 Start:0 End:-1
0 0
1 0
2 5
3 4
4 2
5 2
6 6
7 6
8 5
9 4
10 1
11 3
12 3
13 1
14 2
15 5
16 1
17 4
18 7
19 8
20 6
21 4
22 2
23 2
24 4
25 4
26 5
27 6
28 3
29 3
30 3
31 5
32 2
33 5
34 4
35 3
36 3
37 7
38 4
39 3
40 4
41 2
42 5
43 3
44 2
45 6
46 6
47 6
48 2
49 4
50 5
51 4
52 3
53 7
54 4
55 1
56 2
57 3
58 4
59 7
60 3
61 4
62 6
63 7
64 2
65 6
66 5
67 2
68 4
69 6
70 5
71 2
72 2
73 6
74 3
75 1
76 5
77 2
78 4
79 1
80 3
81 6
82 6
83 3
84 1
85 5
86 5
87 2
88 5
89 1
90 1
91 5
92 4
93 2
94 5
95 1
96 2
97 5
98 6
99 3
100 3
101 2
102 3
103 2
104 2
105 4
106 2
107 5
108 4
109 5
110 9
111 3
112 3
113 5
114 4
115 5
116 2
117 3
118 2
119 5
120 0
121 7
122 6
123 4
124 4
125 2
126 3
127 3
128 4
129 4
130 1
131 3
132 2
133 3
134 4
135 3
136 4
137 1
138 6
139 4
140 2
141 0
142 1
143 6
144 3
145 1
146 3
147 3
148 3
149 4
150 4
151 1
152 5
153 4
154 1
155 2
156 4
157 7
158 0
159 4
160 5
161 2
162 1
163 3
164 1
165 1
166 3
167 4
168 5
169 6
170 3
171 3
172 3
173 4
174 6
175 4
176 7
177 4
178 8
179 2
180 4
181 5
182 2
183 3
184 4
185 4
186 4
187 1
188 3
189 6
190 3
191 3
192 3
193 4
194 2
195 4
196 3
197 4
198 4
199 5
200 1
201 3
202 5
203 5
204 4
205 5
206 3
207 4
208 3
209 3
210 3
211 3
212 4
213 3
214 1
215 3
216 2
217 4
218 4
219 5
220 2
221 5
222 1
223 1
224 4
225 3
226 3
227 6
228 4
229 2
230 2
231 8
232 2
233 3
234 4
235 4
236 5
237 4
238 3
239 6
240 4
241 2
242 4
243 3
244 3
245 3
246 3
247 5
248 1
249 5
250 4
251 4
252 4
253 3
254 2
255 3
256 5
257 2
258 7
259 2
260 4
261 4
262 4
263 2
264 7
265 6
266 2
267 5
268 7
269 6
270 1
271 4
272 4
273 3
274 4
275 1
276 4
277 3
278 3
279 0
280 2
281 3
282 4
283 4
284 6
285 2
286 4
287 3
288 3
289 1
290 1
291 1
292 3
293 1
294 4
295 2
296 4
297 1
298 3
299 6
300 6
301 6
302 1
303 5
304 6
305 0
306 5
307 6
308 6
309 5
310 0
311 3
312 1
313 4
314 1
315 4
316 3
317 6
318 2
319 6
320 4
321 3
322 4
323 5
324 2
325 5
326 3
327 2
328 8
329 1
330 1
331 3
332 5
333 5
334 1
335 8
336 4
337 5
338 3
339 8
340 4
341 5
342 4
343 6
344 1
345 2
346 4
347 4
348 1
349 1
350 3
351 2
352 4
353 2
354 5
355 3
356 4
357 2
358 4
359 5
360 2
361 2
362 4
363 4
364 5
365 5
366 7
367 2
368 2
369 5
370 3
371 2
372 5
373 2
374 1
375 1
376 2
377 1
378 9
379 5
380 3
381 4
382 6
383 3
384 2
385 4
386 3
387 2
388 2
389 4
390 2
391 4
392 2
393 5
394 5
395 6
396 3
397 2
398 5
399 4
400 2
401 6
402 2
403 7
404 2
405 5
406 6
407 2
408 2
409 4
410 2
411 3
412 7
413 5
414 2
415 3
416 6
417 7
418 6
419 7
420 1
421 1
422 0
423 6
424 4
425 3
426 1
427 6
428 4
429 4
430 4
431 5
432 2
433 5
434 3
435 1
436 4
437 4
438 4
439 4
440 1
441 5
442 3
443 5
444 3
445 3
446 8
447 2
448 4
449 5
450 1
451 3
452 2
453 7
454 1
455 1
456 5
457 3
458 6
459 1
460 3
461 1
462 1
463 2
464 2
465 5
466 1
467 2
468 10
469 1
470 4
471 5
472 1
473 4
474 4
475 2
476 1
477 3
478 5
479 4
480 3
481 6
482 1
483 4
484 4
485 5
486 3
487 2
488 2
489 4
490 2
491 2
492 1
493 5
494 8
495 4
496 1
497 2
498 3
499 5
500 3
501 3
502 4
503 3
504 3
505 4
506 3
507 5
508 4
509 3
510 6
511 0
512 7
513 5
514 3
515 4
516 4
517 3
518 4
519 6
520 4
521 6
522 2
523 4
524 4
525 5
526 5
527 7
528 0
529 4
530 2
531 5
532 4
533 3
534 8
535 3
536 2
537 4
538 3
539 4
540 3
541 2
542 2
543 3
544 1
545 2
546 4
547 4
548 6
549 4
550 3
551 8
552 2
553 5
554 4
555 3
556 2
557 3
558 4
559 3
560 7
561 3
562 3
563 5
564 1
565 1
566 5
567 3
568 2
569 5
570 2
571 7
572 4
573 5
574 4
575 3
576 2
577 5
578 5
579 0
580 6
581 5
582 6
583 5
584 4
585 5
586 3
587 3
588 6
589 5
590 5
591 5
592 1
593 2
594 6
595 2
596 6
597 2
598 5
599 0
600 4
601 2
602 4
603 5
604 2
605 3
606 0
607 3
608 4
609 4
610 6
611 6
612 3
613 4
614 6
615 4
616 2
617 3
618 7
619 3
620 4
621 3
622 4
623 2
624 3
625 5
626 3
627 3
628 5
629 7
630 3
631 1
632 3
633 3
634 5
635 3
636 3
637 3
638 4
639 4
640 2
641 3
642 3
643 3
644 7
645 7
646 2
647 5
648 1
649 2
650 4
651 5
652 5
653 5
654 5
655 4
656 2
657 4
658 4
659 5
660 2
661 1
662 2
663 3
664 4
665 4
666 8
667 5
668 3
669 3
670 1
671 6
672 3
673 3
674 4
675 3
676 4
677 4
678 4
679 6
680 3
681 5
682 5
683 4
684 8
685 5
686 3
687 5
688 0
689 4
690 4
691 1
692 3
693 6
694 0
695 2
696 5
697 2
698 6
699 6
700 4
701 3
702 3
703 7
704 3
705 9
706 5
707 8
708 5
709 2
710 3
711 4
712 5
713 6
714 5
715 2
716 6
717 4
718 4
719 6
720 3
721 3
722 4
723 7
724 0
725 1
726 3
727 1
728 4
729 5
730 5
731 6
732 3
733 2
734 3
735 3
736 1
737 4
738 5
739 8
740 3
741 3
742 6
743 4
744 2
745 3
746 1
747 2
748 5
749 2
750 5
751 4
752 3
753 3
754 2
755 4
756 0
757 6
758 5
759 6
760 3
761 3
762 6
763 5
764 3
765 3
766 4
767 3
768 5
769 4
770 4
771 2
772 5
773 2
774 1
775 3
776 3
777 1
778 1
779 3
780 5
781 4
782 4
783 3
784 3
785 3
786 3
787 5
788 7
789 10
790 4
791 5
792 2
793 3
794 6
795 3
796 3
797 3
798 2
799 2
800 6
801 3
802 2
803 2
804 1
805 5
806 5
807 5
808 4
809 2
810 5
811 5
812 2
813 3
814 3
815 3
816 3
817 2
818 5
819 3
820 8
821 8
822 5
823 4
824 2
825 5
826 6
827 3
828 3
829 3
830 4
831 5
832 5
833 4
834 4
835 1
836 2
837 3
838 5
839 4
840 2
841 4
842 7
843 5
844 3
845 4
846 7
847 5
848 3
849 3
850 6
851 3
852 6
853 3
854 1
855 5
856 3
857 3
858 3
859 7
860 6
861 7
862 3
863 5
864 1
865 4
866 2
867 4
868 5
869 4
870 4
871 3
872 2
873 2
874 5
875 3
876 3
877 3
878 5
879 5
880 1
881 2
882 4
883 2
884 9
885 8
886 4
887 3
888 2
889 1
890 0
891 1
892 4
893 3
894 5
895 5
896 4
897 4
898 4
899 4
900 3
901 5
902 5
903 3
904 3
905 5
906 5
907 8
908 2
909 3
910 4
911 2
912 1
913 3
914 1
915 4
916 1
917 4
918 6
919 3
920 7
921 5
922 5
923 4
924 3
925 4
926 2
927 3
928 2
929 5
930 4
931 5
932 5
933 4
934 6
935 3
936 2
937 2
938 0
939 2
940 4
941 6
942 3
943 8
944 4
945 3
946 3
947 2
948 1
949 1
950 8
951 4
952 4
953 1
954 3
955 1
956 6
957 2
958 5
959 4
960 4
961 4
962 4
963 4
964 3
965 2
966 5
967 5
968 2
969 2
970 4
971 3
972 5
973 3
974 0
975 3
976 2
977 0
978 4
979 2
980 8
981 2
982 3
983 3
984 4
985 4
986 1
987 5
988 2
989 1
990 2
991 4
992 2
993 2
994 5
995 5
996 7
997 3
998 5
999 1
1000 4
1001 4
1002 4
