# Selection:resname AU POPC Restricted:name AUC AUL AUSL Radius:2.64 Start:0 End:-1
0 28.861268997192383
1 29.29203224182129
2 0.43076521158218384
3 1.7230608463287354
4 0.0
5 0.0
6 1.2922956943511963
7 0.0
8 0.0
9 0.43076521158218384
10 0.0
11 0.0
12 0.0
13 1.2922956943511963
14 0.43076521158218384
15 0.0
16 0.8615304231643677
17 0.0
18 0.0
19 0.8615304231643677
20 0.0
21 3.0153565406799316
22 3.0153565406799316
23 0.8615304231643677
24 0.8615304231643677
25 1.7230608463287354
26 1.2922956943511963
27 1.2922956943511963
28 1.2922956943511963
29 0.8615304231643677
30 0.43076521158218384
31 0.0
32 0.43076521158218384
33 0.8615304231643677
34 0.43076521158218384
35 3.0153565406799316
36 6.892243385314941
37 0.0
38 2.5845913887023926
39 1.7230608463287354
40 0.0
41 0.0
42 0.0
43 0.8615304231643677
44 0.8615304231643677
45 1.7230608463287354
46 0.0
47 0.0
48 0.43076521158218384
49 0.43076521158218384
50 2.5845913887023926
51 0.0
52 0.43076521158218384
53 0.43076521158218384
54 0.43076521158218384
55 2.5845913887023926
56 6.030713081359863
57 3.0153565406799316
58 2.5845913887023926
59 0.8615304231643677
60 0.0
61 0.0
62 2.5845913887023926
63 2.1538262367248535
64 2.1538262367248535
65 0.8615304231643677
66 4.307651996612549
67 0.0
68 0.0
69 1.2922956943511963
70 6.030713081359863
71 4.307651996612549
72 0.43076521158218384
73 0.43076521158218384
74 0.43076521158218384
75 1.7230608463287354
76 1.2922956943511963
77 0.43076521158218384
78 0.8615304231643677
79 0.0
80 0.0
81 0.0
82 0.8615304231643677
83 0.0
84 0.8615304231643677
85 1.2922956943511963
86 3.0153565406799316
87 0.0
88 2.1538259983062744
89 6.892243385314941
90 0.0
91 5.599947929382324
92 2.5845911502838135
93 5.599947929382324
94 0.0
95 1.7230608463287354
96 0.0
97 2.1538259983062744
98 0.0
99 2.5845911502838135
100 8.184538841247559
101 0.0
102 0.43076521158218384
103 0.0
104 1.7230608463287354
105 3.0153565406799316
106 0.0
107 5.599947452545166
108 0.0
109 0.43076521158218384
110 0.8615304231643677
111 0.43076521158218384
112 0.43076521158218384
113 0.43076521158218384
114 0.0
115 3.0153565406799316
116 8.615303993225098
117 0.0
118 1.2922956943511963
119 0.43076521158218384
120 1.2922956943511963
121 4.307652473449707
122 0.0
123 0.0
124 0.43076521158218384
125 0.0
126 0.8615304231643677
127 5.599947929382324
128 0.0
129 0.8615304231643677
130 3.4461216926574707
131 3.4461216926574707
132 0.0
133 0.8615304231643677
134 2.5845913887023926
135 0.8615304231643677
136 0.0
137 7.7537736892700195
138 0.0
139 0.0
140 0.0
141 5.599947452545166
142 0.0
143 0.43076521158218384
144 0.43076521158218384
145 0.0
146 5.599947929382324
147 0.43076521158218384
148 1.7230608463287354
149 0.0
150 0.43076521158218384
151 0.43076521158218384
152 0.0
153 0.0
154 0.0
155 0.43076521158218384
156 4.307651996612549
157 0.43076521158218384
158 3.0153565406799316
159 0.8615304231643677
160 1.2922956943511963
161 0.0
162 0.0
163 0.0
164 0.0
165 0.0
166 1.2922956943511963
167 2.1538259983062744
168 0.0
169 3.0153565406799316
170 0.8615304231643677
171 2.5845913887023926
172 6.030713081359863
173 0.8615304231643677
174 1.2922956943511963
175 0.0
176 1.2922956943511963
177 1.2922956943511963
178 0.0
179 6.892243385314941
180 3.4461216926574707
181 3.0153565406799316
182 0.8615304231643677
183 0.0
184 0.43076521158218384
185 0.0
186 0.8615304231643677
187 0.0
188 0.0
189 0.0
190 0.0
191 0.0
192 0.0
193 0.0
194 3.0153565406799316
195 0.8615304231643677
196 0.0
197 1.2922956943511963
198 0.8615304231643677
199 5.169182300567627
200 3.8768868446350098
201 3.0153565406799316
202 2.5845911502838135
203 3.4461216926574707
204 1.7230608463287354
205 0.43076521158218384
206 0.0
207 0.43076521158218384
208 0.43076521158218384
209 0.43076521158218384
210 0.0
211 0.43076521158218384
212 0.0
213 0.0
214 7.3230085372924805
215 0.0
216 0.43076521158218384
217 0.43076521158218384
218 0.43076521158218384
219 1.2922956943511963
220 0.0
221 0.0
222 0.0
223 0.8615304231643677
224 7.3230085372924805
225 0.0
226 0.0
227 2.1538262367248535
228 3.876887083053589
229 6.030713081359863
230 0.0
231 2.5845913887023926
232 3.0153565406799316
233 0.8615304231643677
234 0.8615304231643677
235 0.43076521158218384
236 0.0
237 0.0
238 0.43076521158218384
239 0.0
240 2.5845913887023926
241 1.7230608463287354
242 0.8615304231643677
243 5.169182300567627
244 1.2922956943511963
245 0.0
246 2.5845911502838135
247 0.0
248 0.8615304231643677
249 0.0
250 0.0
251 0.8615304231643677
252 0.43076521158218384
253 0.0
254 2.5845913887023926
255 0.8615304231643677
256 0.0
257 0.8615304231643677
258 0.0
259 0.8615304231643677
260 7.7537736892700195
261 0.0
262 4.738417148590088
263 0.0
264 0.0
265 0.0
266 2.1538259983062744
267 1.2922956943511963
268 0.8615304231643677
269 3.4461216926574707
270 0.0
271 0.0
272 2.5845911502838135
273 0.0
274 0.8615304231643677
275 0.0
276 0.0
277 1.2922956943511963
278 0.8615304231643677
279 2.5845913887023926
280 0.0
281 0.43076521158218384
282 0.43076521158218384
283 2.1538262367248535
284 1.2922956943511963
285 0.0
286 3.0153565406799316
287 2.5845913887023926
288 2.5845911502838135
289 0.43076521158218384
290 0.0
291 0.0
292 0.43076521158218384
293 0.0
294 0.0
295 1.7230608463287354
296 0.0
297 1.2922956943511963
298 0.43076521158218384
299 3.0153565406799316
300 0.43076521158218384
301 0.0
302 2.5845913887023926
303 0.0
304 1.7230608463287354
305 0.43076521158218384
306 0.0
307 0.43076521158218384
308 2.1538262367248535
309 0.0
310 2.1538259983062744
311 0.0
312 0.0
313 0.0
314 3.8768868446350098
315 0.0
316 0.8615304231643677
317 0.0
318 0.0
319 1.7230608463287354
320 0.0
321 0.0
322 0.43076521158218384
323 1.2922956943511963
324 2.5845911502838135
325 1.7230608463287354
326 4.738417148590088
327 2.5845913887023926
328 0.43076521158218384
329 0.43076521158218384
330 0.0
331 0.0
332 0.43076521158218384
333 0.8615304231643677
334 0.0
335 0.0
336 4.307651996612549
337 0.0
338 0.43076521158218384
339 2.1538259983062744
340 0.43076521158218384
341 0.43076521158218384
342 0.43076521158218384
343 0.0
344 0.0
345 6.030713081359863
346 1.2922956943511963
347 6.030713081359863
348 0.0
349 7.7537736892700195
350 0.43076521158218384
351 1.7230608463287354
352 2.5845913887023926
353 0.0
354 0.0
355 1.2922956943511963
356 0.0
357 0.43076521158218384
358 0.0
359 0.0
360 6.892243385314941
361 0.8615304231643677
362 0.0
363 1.2922956943511963
364 0.8615304231643677
365 0.0
366 6.461478233337402
367 0.0
368 0.43076521158218384
369 10.338364601135254
370 0.0
371 0.8615304231643677
372 0.0
373 0.0
374 0.0
375 3.0153565406799316
376 0.8615304231643677
377 1.7230608463287354
378 0.0
379 0.0
380 8.615303993225098
381 1.2922956943511963
382 5.169182300567627
383 0.0
384 0.0
385 0.8615304231643677
386 0.43076521158218384
387 1.7230608463287354
388 0.0
389 0.8615304231643677
390 0.0
391 0.8615304231643677
392 0.0
393 0.0
394 0.0
395 0.0
396 0.0
397 0.8615304231643677
398 0.43076521158218384
399 0.8615304231643677
400 0.8615304231643677
401 2.5845913887023926
402 2.5845913887023926
403 0.0
404 0.8615304231643677
405 1.2922956943511963
406 2.1538259983062744
407 1.2922956943511963
408 0.8615304231643677
409 0.0
410 0.0
411 0.8615304231643677
412 0.0
413 0.0
414 1.2922956943511963
415 0.0
416 3.8768868446350098
417 0.0
418 1.2922956943511963
419 3.0153565406799316
420 0.0
421 3.0153565406799316
422 1.7230608463287354
423 3.4461216926574707
424 0.0
425 0.43076521158218384
426 0.0
427 0.0
428 0.0
429 0.0
430 5.599947929382324
431 0.43076521158218384
432 0.0
433 3.0153565406799316
434 0.8615304231643677
435 0.0
436 0.0
437 3.4461216926574707
438 4.738417625427246
439 0.0
440 0.43076521158218384
441 0.0
442 0.0
443 0.8615304231643677
444 1.2922956943511963
445 0.43076521158218384
446 0.0
447 0.0
448 3.4461216926574707
449 2.5845913887023926
450 0.0
451 0.8615304231643677
452 0.0
453 0.8615304231643677
454 0.0
455 1.2922956943511963
456 0.43076521158218384
457 1.2922956943511963
458 0.0
459 0.8615304231643677
460 0.0
461 0.43076521158218384
462 3.0153565406799316
463 1.2922956943511963
464 1.7230608463287354
465 0.8615304231643677
466 0.0
467 0.43076521158218384
468 3.0153565406799316
469 0.8615304231643677
470 2.5845913887023926
471 0.0
472 1.7230608463287354
473 0.0
474 0.43076521158218384
475 0.0
476 0.0
477 3.8768868446350098
478 0.43076521158218384
479 1.2922956943511963
480 0.0
481 2.1538259983062744
482 0.43076521158218384
483 0.43076521158218384
484 0.0
485 2.5845913887023926
486 0.0
487 0.0
488 0.8615304231643677
489 2.1538259983062744
490 0.0
491 0.0
492 1.7230608463287354
493 1.7230608463287354
494 2.1538259983062744
495 0.0
496 0.0
497 0.0
498 0.0
499 1.2922956943511963
500 0.8615304231643677
501 0.43076521158218384
502 2.1538259983062744
503 0.0
504 0.0
505 6.461478233337402
506 0.43076521158218384
507 0.0
508 0.0
509 0.8615304231643677
510 0.43076521158218384
511 0.8615304231643677
512 1.2922956943511963
513 0.0
514 0.0
515 0.0
516 1.2922956943511963
517 2.5845913887023926
518 0.43076521158218384
519 5.599947929382324
520 0.8615304231643677
521 0.0
522 1.2922956943511963
523 1.2922956943511963
524 0.0
525 0.0
526 0.8615304231643677
527 0.43076521158218384
528 1.7230608463287354
529 0.43076521158218384
530 0.0
531 0.8615304231643677
532 0.0
533 0.8615304231643677
534 0.43076521158218384
535 0.0
536 2.5845911502838135
537 0.43076521158218384
538 0.0
539 3.8768868446350098
540 4.307651996612549
541 0.8615304231643677
542 0.0
543 0.43076521158218384
544 0.43076521158218384
545 0.8615304231643677
546 0.43076521158218384
547 0.0
548 0.0
549 2.5845913887023926
550 1.2922956943511963
551 0.43076521158218384
552 0.43076521158218384
553 0.0
554 1.2922956943511963
555 3.4461216926574707
556 1.2922956943511963
557 1.2922956943511963
558 0.43076521158218384
559 0.43076521158218384
560 0.8615304231643677
561 0.0
562 3.8768868446350098
563 4.738417148590088
564 6.892243385314941
565 4.307651996612549
566 3.0153565406799316
567 0.43076521158218384
568 4.738417625427246
569 0.0
570 4.307651996612549
571 1.2922956943511963
572 0.8615304231643677
573 1.2922956943511963
574 0.0
575 1.2922956943511963
576 0.0
577 3.0153565406799316
578 1.2922956943511963
579 0.0
580 3.876887083053589
581 0.0
582 7.7537736892700195
583 2.1538259983062744
584 0.8615304231643677
585 0.0
586 1.7230608463287354
587 0.0
588 0.0
589 0.0
590 0.0
591 0.0
592 0.0
593 0.0
594 0.8615304231643677
595 0.8615304231643677
596 2.1538262367248535
597 0.0
598 1.7230608463287354
599 0.0
600 2.1538259983062744
601 0.0
602 0.0
603 0.0
604 3.8768868446350098
605 0.0
606 2.5845913887023926
607 1.7230608463287354
608 0.0
609 3.4461216926574707
610 1.2922956943511963
611 0.0
612 0.0
613 2.5845911502838135
614 0.43076521158218384
615 3.4461216926574707
616 2.1538259983062744
617 1.7230608463287354
618 0.0
619 0.8615304231643677
620 0.0
621 2.1538259983062744
622 3.8768868446350098
623 0.0
624 0.0
625 0.43076521158218384
626 0.0
627 0.0
628 0.43076521158218384
629 0.0
630 0.8615304231643677
631 0.43076521158218384
632 0.0
633 5.599947929382324
634 1.2922956943511963
635 5.599947929382324
636 0.43076521158218384
637 0.0
638 0.8615304231643677
639 9.046069145202637
640 0.0
641 0.0
642 0.8615304231643677
643 3.4461216926574707
644 0.43076521158218384
645 4.307651996612549
646 1.7230608463287354
647 3.4461216926574707
648 0.0
649 2.1538262367248535
650 0.0
651 0.0
652 0.0
653 0.0
654 4.738417148590088
655 0.8615304231643677
656 2.1538259983062744
657 0.0
658 0.0
659 5.169182777404785
660 5.169182300567627
661 0.43076521158218384
662 0.0
663 0.0
664 0.0
665 2.5845913887023926
666 0.0
667 1.7230608463287354
668 0.0
669 0.0
670 0.0
671 1.2922956943511963
672 0.0
673 0.0
674 3.4461216926574707
675 1.7230608463287354
676 0.43076521158218384
677 0.0
678 0.43076521158218384
679 6.030713081359863
680 1.7230608463287354
681 8.184538841247559
682 0.0
683 0.8615304231643677
684 1.2922956943511963
685 0.0
686 1.7230608463287354
687 2.5845911502838135
688 2.1538259983062744
689 0.8615304231643677
690 0.0
691 0.0
692 0.0
693 0.0
694 0.0
695 0.0
696 0.0
697 0.0
698 0.8615304231643677
699 0.0
700 0.43076521158218384
701 1.2922956943511963
702 3.0153565406799316
703 0.43076521158218384
704 6.030713081359863
705 0.43076521158218384
706 9.907599449157715
707 0.0
708 0.0
709 1.7230608463287354
710 0.0
711 0.0
712 0.0
713 0.8615304231643677
714 0.0
715 3.0153565406799316
716 0.8615304231643677
717 0.0
718 0.0
719 0.43076521158218384
720 0.0
721 3.876887083053589
722 4.307651996612549
723 2.5845911502838135
724 1.2922956943511963
725 0.0
726 1.2922956943511963
727 1.2922956943511963
728 1.2922956943511963
729 0.8615304231643677
730 0.0
731 0.43076521158218384
732 1.2922956943511963
733 0.0
734 0.0
735 0.43076521158218384
736 0.0
737 0.0
738 0.43076521158218384
739 0.0
740 3.0153565406799316
741 0.0
742 10.338364601135254
743 2.1538259983062744
744 1.2922956943511963
745 0.0
746 0.0
747 0.0
748 0.43076521158218384
749 0.0
750 3.0153565406799316
751 0.8615304231643677
752 0.0
753 0.0
754 0.43076521158218384
755 2.5845913887023926
756 2.5845913887023926
757 0.0
758 0.43076521158218384
759 3.8768868446350098
760 0.8615304231643677
761 2.5845911502838135
762 0.43076521158218384
763 0.0
764 0.0
765 1.7230608463287354
766 2.5845913887023926
767 0.8615304231643677
768 2.1538259983062744
769 0.43076521158218384
770 10.338364601135254
771 1.2922956943511963
772 0.0
773 3.8768868446350098
774 0.43076521158218384
775 1.7230608463287354
776 0.0
777 1.2922956943511963
778 1.2922956943511963
779 2.1538259983062744
780 3.8768868446350098
781 0.0
782 2.1538259983062744
783 1.7230608463287354
784 0.8615304231643677
785 3.4461216926574707
786 0.43076521158218384
787 0.43076521158218384
788 0.8615304231643677
789 1.7230608463287354
790 0.8615304231643677
791 0.0
792 0.43076521158218384
793 0.0
794 0.0
795 1.2922956943511963
796 0.43076521158218384
797 0.0
798 3.0153565406799316
799 0.8615304231643677
800 0.8615304231643677
801 1.2922956943511963
802 0.8615304231643677
803 1.2922956943511963
804 0.43076521158218384
805 0.0
806 2.5845913887023926
807 0.43076521158218384
808 0.0
809 0.8615304231643677
810 0.0
811 0.0
812 1.2922956943511963
813 1.2922956943511963
814 0.8615304231643677
815 0.0
816 0.43076521158218384
817 5.169182777404785
818 0.8615304231643677
819 1.2922956943511963
820 0.0
821 3.876887083053589
822 0.0
823 0.43076521158218384
824 3.4461216926574707
825 0.0
826 0.8615304231643677
827 3.8768868446350098
828 0.8615304231643677
829 7.323008060455322
830 3.0153565406799316
831 2.1538259983062744
832 2.1538262367248535
833 0.43076521158218384
834 0.0
835 0.0
836 0.43076521158218384
837 2.5845913887023926
838 2.1538262367248535
839 0.43076521158218384
840 3.0153565406799316
841 1.7230608463287354
842 1.2922956943511963
843 0.43076521158218384
844 0.0
845 0.43076521158218384
846 0.0
847 2.5845913887023926
848 4.307651996612549
849 0.43076521158218384
850 4.307651996612549
851 5.599947929382324
852 0.0
853 0.0
854 2.1538259983062744
855 9.907600402832031
856 8.184538841247559
857 3.0153565406799316
858 0.8615304231643677
859 3.8768868446350098
860 1.7230608463287354
861 2.1538259983062744
862 0.0
863 0.0
864 0.0
865 5.169182777404785
866 0.0
867 1.7230608463287354
868 0.0
869 0.0
870 0.0
871 0.0
872 0.0
873 5.599947452545166
874 0.0
875 2.5845913887023926
876 0.8615304231643677
877 1.2922956943511963
878 2.5845911502838135
879 0.0
880 2.1538262367248535
881 2.5845913887023926
882 0.43076521158218384
883 0.0
884 0.0
885 0.0
886 0.0
887 1.2922956943511963
888 1.7230608463287354
889 1.2922956943511963
890 0.8615304231643677
891 1.2922956943511963
892 0.8615304231643677
893 3.0153565406799316
894 4.307651996612549
895 1.7230608463287354
896 0.0
897 0.8615304231643677
898 0.0
899 0.0
900 3.4461216926574707
901 0.0
902 3.8768868446350098
903 1.2922956943511963
904 1.2922956943511963
905 1.2922956943511963
906 0.0
907 2.1538262367248535
908 0.0
909 0.0
910 0.0
911 0.0
912 0.0
913 0.0
914 0.8615304231643677
915 1.2922956943511963
916 0.43076521158218384
917 0.0
918 1.7230608463287354
919 0.0
920 0.0
921 0.0
922 0.0
923 2.1538259983062744
924 3.0153565406799316
925 0.43076521158218384
926 6.892243385314941
927 1.2922956943511963
928 4.738417148590088
929 3.4461216926574707
930 0.0
931 0.0
932 3.4461216926574707
933 0.0
934 4.307651996612549
935 0.0
936 0.0
937 2.1538259983062744
938 0.43076521158218384
939 0.43076521158218384
940 1.2922956943511963
941 0.0
942 3.4461216926574707
943 0.0
944 1.7230608463287354
945 0.8615304231643677
946 1.2922956943511963
947 0.8615304231643677
948 0.0
949 0.0
950 0.0
951 0.8615304231643677
952 0.43076521158218384
953 0.0
954 0.0
955 2.5845913887023926
956 0.0
957 2.1538259983062744
958 0.0
959 0.8615304231643677
960 0.0
961 6.461478233337402
962 0.0
963 3.0153565406799316
964 1.7230608463287354
965 0.0
966 0.0
967 3.0153565406799316
968 0.0
969 2.5845913887023926
970 0.0
971 0.43076521158218384
972 0.43076521158218384
973 1.2922956943511963
974 0.0
975 0.0
976 0.0
977 0.0
978 0.0
979 0.0
980 2.1538259983062744
981 1.2922956943511963
982 2.1538259983062744
983 6.030713081359863
984 0.0
985 0.43076521158218384
986 3.0153565406799316
987 1.7230608463287354
988 0.43076521158218384
989 0.0
990 0.8615304231643677
991 0.0
992 3.4461216926574707
993 3.0153565406799316
994 1.7230608463287354
995 2.1538259983062744
996 2.5845913887023926
997 0.0
998 9.046070098876953
999 0.8615304231643677
1000 3.4461216926574707
1001 5.169182777404785
1002 5.169182777404785
