# Selection:resname AU W ION Restricted:name AUC AUL AUSL Radius:2.64 Start:0 End:-1
0 351.07366943359375
1 355.81207275390625
2 72.79932403564453
3 33.16891860961914
4 98.64523315429688
5 85.2915267944336
6 49.96876907348633
7 64.61479187011719
8 78.83003234863281
9 72.79933166503906
10 54.70718765258789
11 65.476318359375
12 124.49114227294922
13 59.876365661621094
14 54.27642059326172
15 39.19963836669922
16 47.814937591552734
17 38.338104248046875
18 133.10643005371094
19 102.95289611816406
20 55.99947738647461
21 118.89119720458984
22 49.10723114013672
23 100.79906463623047
24 69.7839584350586
25 61.16866683959961
26 90.02992248535156
27 37.045806884765625
28 62.891719818115234
29 92.18376159667969
30 61.16865921020508
31 61.168663024902344
32 87.87611389160156
33 62.8917236328125
34 164.55230712890625
35 131.3833770751953
36 130.52186584472656
37 185.65982055664063
38 90.0299301147461
39 81.84539031982422
40 56.86101531982422
41 113.29124450683594
42 96.0606460571289
43 99.07600402832031
44 77.53773498535156
45 60.307132720947266
46 170.58302307128906
47 72.79931640625
48 162.39849853515625
49 149.9062957763672
50 144.30633544921875
51 76.24543762207031
52 96.06063842773438
53 152.92166137695313
54 161.10618591308594
55 78.3992691040039
56 116.3066177368164
57 156.3677978515625
58 126.64497375488281
59 120.18350219726563
60 121.90655517578125
61 158.52162170410156
62 83.99922180175781
63 125.35267639160156
64 121.47579956054688
65 209.78268432617188
66 116.3066177368164
67 107.26054382324219
68 148.1832275390625
69 183.07522583007813
70 173.598388671875
71 138.70640563964844
72 132.2449188232422
73 134.82952880859375
74 156.36778259277344
75 69.35320281982422
76 87.8760986328125
77 96.49140930175781
78 114.15277099609375
79 131.38339233398438
80 97.3529281616211
81 96.92218017578125
82 142.1525115966797
83 146.02943420410156
84 129.66033935546875
85 77.968505859375
86 106.39901733398438
87 87.01456451416016
88 186.09059143066406
89 130.09109497070313
90 135.26028442382813
91 183.5059814453125
92 144.30636596679688
93 93.47606658935547
94 130.5218505859375
95 175.3214569091797
96 188.24441528320313
97 194.27513122558594
98 59.876365661621094
99 60.30712890625
100 127.937255859375
101 188.67515563964844
102 77.96851348876953
103 122.33731842041016
104 148.614013671875
105 191.69052124023438
106 139.1371612548828
107 137.84486389160156
108 201.59815979003906
109 176.6137237548828
110 115.4450912475586
111 174.02914428710938
112 120.1834945678711
113 183.07522583007813
114 127.93727111816406
115 197.7212371826172
116 138.70640563964844
117 145.59864807128906
118 185.65980529785156
119 188.24440002441406
120 218.82872009277344
121 115.01431274414063
122 124.06039428710938
123 95.6298828125
124 177.9060516357422
125 95.6298828125
126 152.0601043701172
127 109.41437530517578
128 188.67515563964844
129 154.2139434814453
130 86.58380889892578
131 104.24519348144531
132 124.92191314697266
133 110.70665740966797
134 64.18401336669922
135 110.27589416503906
136 86.58381652832031
137 72.3685531616211
138 83.99922180175781
139 118.0296630859375
140 123.62962341308594
141 107.26053619384766
142 69.35320281982422
143 155.07546997070313
144 66.76861572265625
145 43.50728988647461
146 133.1064453125
147 73.23008728027344
148 106.39900970458984
149 116.30660247802734
150 68.0609130859375
151 46.091880798339844
152 47.38417434692383
153 75.38391876220703
154 107.26053619384766
155 53.41489028930664
156 112.42972564697266
157 63.75325393676758
158 129.22955322265625
159 93.4760513305664
160 96.92216491699219
161 73.23008728027344
162 40.06116485595703
163 121.0450210571289
164 34.89198303222656
165 97.78370666503906
166 59.01483154296875
167 53.414886474609375
168 133.10646057128906
169 143.87557983398438
170 71.07626342773438
171 95.19912719726563
172 98.2144775390625
173 83.99921417236328
174 115.8758544921875
175 91.32222747802734
176 85.29151916503906
177 119.32195281982422
178 45.66111755371094
179 116.73738098144531
180 61.168663024902344
181 158.09083557128906
182 87.44534301757813
183 67.19937133789063
184 40.92269515991211
185 111.56819152832031
186 99.50676727294922
187 107.69131469726563
188 114.58354949951172
189 146.02940368652344
190 103.81443786621094
191 22.399789810180664
192 137.41412353515625
193 89.59915924072266
194 96.92217254638672
195 32.738155364990234
196 65.47631072998047
197 40.49192810058594
198 92.18376922607422
199 118.02967071533203
200 58.15330505371094
201 63.75325012207031
202 114.58354187011719
203 96.92217254638672
204 63.75325393676758
205 99.93753814697266
206 101.66059112548828
207 155.93701171875
208 102.52212524414063
209 115.44507598876953
210 147.3217010498047
211 87.44534301757813
212 86.15304565429688
213 122.33733367919922
214 55.999481201171875
215 84.86075592041016
216 113.72201538085938
217 162.82925415039063
218 186.9521026611328
219 165.8446044921875
220 99.50675964355469
221 68.06090545654297
222 99.50676727294922
223 147.75245666503906
224 53.84565353393555
225 128.79879760742188
226 99.50676727294922
227 180.49063110351563
228 195.56739807128906
229 182.21368408203125
230 208.05960083007813
231 90.8914794921875
232 65.476318359375
233 130.09109497070313
234 51.261070251464844
235 97.35293579101563
236 89.59915924072266
237 208.921142578125
238 151.62936401367188
239 195.56739807128906
240 138.70640563964844
241 134.82952880859375
242 101.66057586669922
243 105.96826171875
244 151.6293487548828
245 154.2139434814453
246 88.73764038085938
247 137.4141082763672
248 100.79906463623047
249 121.04502868652344
250 146.46018981933594
251 137.84486389160156
252 112.42972564697266
253 129.2295684814453
254 161.9677276611328
255 117.16815185546875
256 114.15277862548828
257 76.24544525146484
258 161.9677276611328
259 150.33706665039063
260 120.18350219726563
261 89.59916687011719
262 124.92191314697266
263 114.58354949951172
264 133.96800231933594
265 72.79931640625
266 115.44508361816406
267 73.66085052490234
268 55.13795471191406
269 67.19937896728516
270 152.4908905029297
271 191.69052124023438
272 172.30613708496094
273 121.47579193115234
274 135.6910400390625
275 97.7837142944336
276 128.36802673339844
277 190.82899475097656
278 205.47500610351563
279 133.53721618652344
280 192.9827880859375
281 163.69081115722656
282 155.0754852294922
283 124.92191314697266
284 125.783447265625
285 128.3680419921875
286 192.55203247070313
287 105.1067123413086
288 104.67595672607422
289 130.09107971191406
290 115.445068359375
291 120.61425018310547
292 68.06090545654297
293 93.90681457519531
294 80.12234497070313
295 116.73737335205078
296 179.62908935546875
297 132.2449188232422
298 115.87583923339844
299 134.3987579345703
300 206.76727294921875
301 99.9375228881836
302 149.47552490234375
303 166.27536010742188
304 137.41409301757813
305 82.27615356445313
306 109.41436767578125
307 85.2915267944336
308 150.33706665039063
309 104.24518585205078
310 161.53697204589844
311 76.24545288085938
312 112.42971801757813
313 64.18401336669922
314 92.18376159667969
315 96.49140930175781
316 103.38365936279297
317 176.1829833984375
318 121.47579956054688
319 133.96800231933594
320 152.4908905029297
321 192.9828338623047
322 164.98309326171875
323 130.52186584472656
324 107.26054382324219
325 209.35189819335938
326 110.2759017944336
327 159.38311767578125
328 204.18272399902344
329 167.99844360351563
330 111.99895477294922
331 93.47604370117188
332 152.4908905029297
333 102.5221176147461
334 102.09136199951172
335 111.56819915771484
336 183.50599670410156
337 184.36752319335938
338 150.76783752441406
339 157.6600799560547
340 31.87662696838379
341 18.95366859436035
342 179.19833374023438
343 111.13742065429688
344 108.55282592773438
345 224.4286651611328
346 205.0442657470703
347 237.3516082763672
348 228.30557250976563
349 137.41409301757813
350 112.42972564697266
351 115.87583923339844
352 90.89146423339844
353 74.9531478881836
354 119.75273132324219
355 137.4141082763672
356 149.9062957763672
357 96.92216491699219
358 87.8761215209961
359 121.90657043457031
360 45.23035430908203
361 111.99896240234375
362 147.32171630859375
363 114.58356475830078
364 72.3685531616211
365 106.82975769042969
366 111.1374282836914
367 128.36802673339844
368 102.5221176147461
369 129.66033935546875
370 75.81468200683594
371 122.76809692382813
372 75.8146743774414
373 101.22984313964844
374 54.707183837890625
375 119.75273132324219
376 75.38391876220703
377 44.36882019042969
378 81.84539031982422
379 73.23008728027344
380 119.32196044921875
381 86.58380889892578
382 90.0299301147461
383 208.92112731933594
384 100.36829376220703
385 99.50677490234375
386 167.99842834472656
387 88.3068618774414
388 144.7371368408203
389 147.32171630859375
390 176.18299865722656
391 144.30633544921875
392 153.35240173339844
393 208.05963134765625
394 106.39900970458984
395 76.24543762207031
396 144.7371063232422
397 173.16761779785156
398 183.0751953125
399 160.67544555664063
400 118.89120483398438
401 92.18376159667969
402 122.33733367919922
403 132.67568969726563
404 118.89120483398438
405 164.98306274414063
406 209.78268432617188
407 100.36829376220703
408 96.92218017578125
409 147.75247192382813
410 71.50703430175781
411 59.01483154296875
412 125.78345489501953
413 93.9068374633789
414 167.99844360351563
415 106.39900970458984
416 119.32197570800781
417 91.32223510742188
418 65.47631072998047
419 118.46044158935547
420 161.106201171875
421 161.10621643066406
422 121.90655517578125
423 61.168663024902344
424 51.69183349609375
425 131.8141632080078
426 117.16814422607422
427 98.64523315429688
428 85.72227478027344
429 107.6913070678711
430 107.6913070678711
431 87.87610626220703
432 64.18402099609375
433 111.99896240234375
434 136.9833526611328
435 207.62884521484375
436 87.4453353881836
437 67.19937896728516
438 138.70640563964844
439 199.4442901611328
440 169.7215118408203
441 192.98281860351563
442 128.36802673339844
443 162.3985137939453
444 132.24493408203125
445 68.06090545654297
446 146.8909454345703
447 105.1067123413086
448 148.18325805664063
449 169.2907257080078
450 84.86074829101563
451 140.42945861816406
452 154.21395874023438
453 190.39825439453125
454 102.95288848876953
455 111.13741302490234
456 184.3675079345703
457 239.50547790527344
458 154.6447296142578
459 173.598388671875
460 104.24517822265625
461 74.95315551757813
462 94.33757781982422
463 126.64498138427734
464 180.92140197753906
465 125.78345489501953
466 127.50650787353516
467 85.29151916503906
468 203.32118225097656
469 109.41436767578125
470 167.56768798828125
471 181.78289794921875
472 177.90603637695313
473 141.29100036621094
474 122.33732604980469
475 80.12232971191406
476 111.99896240234375
477 159.38314819335938
478 109.41437530517578
479 83.56845092773438
480 85.72228240966797
481 121.90656280517578
482 152.4908905029297
483 120.6142807006836
484 161.106201171875
485 73.23008728027344
486 89.59916687011719
487 68.06090545654297
488 66.76861572265625
489 126.2142105102539
490 112.86048889160156
491 128.3680419921875
492 77.96851348876953
493 106.39901733398438
494 55.13795471191406
495 90.46070098876953
496 143.01406860351563
497 107.69132232666016
498 162.39849853515625
499 128.3680419921875
500 44.36881637573242
501 56.43025207519531
502 94.76834106445313
503 100.799072265625
504 78.83003997802734
505 113.29124450683594
506 94.33757781982422
507 94.33757781982422
508 145.1678924560547
509 80.12232971191406
510 89.16839599609375
511 215.38259887695313
512 68.49166870117188
513 137.4141082763672
514 102.5221176147461
515 159.81390380859375
516 201.1673583984375
517 131.8141632080078
518 128.3680419921875
519 20.676729202270508
520 127.50651550292969
521 134.8295135498047
522 182.64447021484375
523 86.15304565429688
524 94.76834869384766
525 102.95288848876953
526 145.59869384765625
527 118.89120483398438
528 112.86048889160156
529 108.1220703125
530 42.64575958251953
531 101.22982025146484
532 156.79855346679688
533 102.52212524414063
534 87.87610626220703
535 188.244384765625
536 183.93678283691406
537 59.87636947631836
538 115.0143051147461
539 83.99922943115234
540 51.26106643676758
541 192.98284912109375
542 93.4760513305664
543 88.3068618774414
544 120.1834945678711
545 144.30636596679688
546 60.307125091552734
547 210.64418029785156
548 115.01431274414063
549 113.29125213623047
550 95.62987518310547
551 77.96849822998047
552 93.47605895996094
553 70.21472930908203
554 105.96824645996094
555 124.92191314697266
556 69.35320281982422
557 83.5684585571289
558 133.96800231933594
559 71.50702667236328
560 136.5525665283203
561 72.79932403564453
562 37.47657012939453
563 81.84538269042969
564 102.09136199951172
565 74.9531478881836
566 92.18376159667969
567 68.92243957519531
568 148.61399841308594
569 48.24571228027344
570 124.49115753173828
571 187.81365966796875
572 130.95263671875
573 134.8295135498047
574 149.0447540283203
575 138.275634765625
576 157.66004943847656
577 98.6452407836914
578 203.3212127685547
579 86.58380889892578
580 150.33705139160156
581 131.3833770751953
582 70.21472930908203
583 95.19911193847656
584 166.27537536621094
585 105.53748321533203
586 156.3677978515625
587 113.29124450683594
588 76.67621612548828
589 174.4599151611328
590 138.70640563964844
591 111.99896240234375
592 124.49113464355469
593 149.90631103515625
594 147.3217010498047
595 174.45989990234375
596 205.4750213623047
597 134.82952880859375
598 146.02940368652344
599 130.09109497070313
600 167.99844360351563
601 108.55282592773438
602 79.26080322265625
603 91.75299072265625
604 115.44507598876953
605 168.42919921875
606 102.95288848876953
607 122.76809692382813
608 111.56819915771484
609 129.6603240966797
610 182.21368408203125
611 112.8604736328125
612 147.3217010498047
613 134.8295135498047
614 94.76834106445313
615 94.33757019042969
616 55.5687141418457
617 51.69182586669922
618 50.399532318115234
619 35.322750091552734
620 34.89198303222656
621 33.59968948364258
622 20.676729202270508
623 77.53773498535156
624 135.26028442382813
625 40.92270278930664
626 53.84565353393555
627 66.76860809326172
628 53.41489028930664
629 46.09187698364258
630 62.03019332885742
631 57.291778564453125
632 57.72254943847656
633 24.553617477416992
634 33.59968566894531
635 87.44532775878906
636 52.12259292602539
637 83.56845092773438
638 61.59942626953125
639 74.9531478881836
640 52.12259292602539
641 48.67647171020508
642 72.79933166503906
643 130.95262145996094
644 103.38365173339844
645 66.33784484863281
646 59.014835357666016
647 69.35320281982422
648 99.50675964355469
649 60.7379035949707
650 48.24570083618164
651 88.306884765625
652 64.18402099609375
653 65.47631072998047
654 58.584075927734375
655 56.86101150512695
656 47.38417053222656
657 70.64550018310547
658 74.09162139892578
659 97.35293579101563
660 48.245704650878906
661 62.8917236328125
662 120.18350219726563
663 114.58354949951172
664 86.58380889892578
665 63.753257751464844
666 61.59942626953125
667 43.50728988647461
668 120.18348693847656
669 83.56845092773438
670 111.56820678710938
671 99.93754577636719
672 74.95315551757813
673 96.49142456054688
674 76.24543762207031
675 101.22982025146484
676 67.19937896728516
677 90.02994537353516
678 99.93753051757813
679 120.18350219726563
680 110.7066650390625
681 102.52212524414063
682 172.3061065673828
683 102.952880859375
684 113.72200775146484
685 74.09162902832031
686 71.93778991699219
687 81.41462707519531
688 121.47578430175781
689 104.24518585205078
690 98.21446228027344
691 46.091880798339844
692 52.9841194152832
693 133.1064453125
694 126.21421813964844
695 178.767578125
696 177.04452514648438
697 115.445068359375
698 204.6134796142578
699 175.75221252441406
700 161.5369415283203
701 177.04452514648438
702 175.7522430419922
703 110.70665740966797
704 158.52162170410156
705 133.53721618652344
706 116.30661010742188
707 141.29098510742188
708 135.6910400390625
709 93.47605895996094
710 126.2142105102539
711 144.3063507080078
712 141.29100036621094
713 154.64471435546875
714 107.69131469726563
715 129.2295684814453
716 131.38339233398438
717 111.56818389892578
718 160.24465942382813
719 74.09162139892578
720 209.3518829345703
721 158.95237731933594
722 166.27537536621094
723 153.78321838378906
724 118.89119720458984
725 208.4903564453125
726 120.1834945678711
727 228.3055877685547
728 228.736328125
729 211.9365234375
730 75.81468963623047
731 87.8761215209961
732 70.21472930908203
733 134.82952880859375
734 143.44482421875
735 64.18402099609375
736 96.92218017578125
737 133.5372314453125
738 94.76834869384766
739 145.59864807128906
740 192.12127685546875
741 70.21472930908203
742 105.5374755859375
743 72.79932403564453
744 62.46095275878906
745 124.49114227294922
746 87.44534301757813
747 99.07600402832031
748 144.3063507080078
749 95.1991195678711
750 71.50703430175781
751 160.67543029785156
752 195.9981689453125
753 145.1678924560547
754 154.64471435546875
755 165.41383361816406
756 73.23008728027344
757 193.84432983398438
758 118.46043395996094
759 114.15278625488281
760 146.02940368652344
761 93.04529571533203
762 92.18375396728516
763 108.12207794189453
764 175.32147216796875
765 127.07572937011719
766 66.33784484863281
767 132.6757049560547
768 162.39849853515625
769 116.73738098144531
770 167.56768798828125
771 202.4596405029297
772 183.50599670410156
773 220.5518035888672
774 187.38287353515625
775 256.3052978515625
776 163.260009765625
777 255.0130157470703
778 82.27616119384766
779 189.96742248535156
780 87.87610626220703
781 128.79879760742188
782 111.13742065429688
783 163.69078063964844
784 143.87559509277344
785 142.15252685546875
786 145.5986328125
787 143.44483947753906
788 172.3060760498047
789 126.2142105102539
790 175.32147216796875
791 49.53800964355469
792 148.18325805664063
793 199.44430541992188
794 139.13717651367188
795 111.99896240234375
796 105.53749084472656
797 122.76808166503906
798 98.21446990966797
799 191.25978088378906
800 124.06037902832031
801 75.38392639160156
802 167.99842834472656
803 100.36830139160156
804 112.86048126220703
805 129.6603240966797
806 98.6452407836914
807 82.27616119384766
808 156.7985382080078
809 99.50676727294922
810 189.5366973876953
811 93.90681457519531
812 105.5374755859375
813 135.69105529785156
814 167.99847412109375
815 99.07600402832031
816 178.76754760742188
817 186.090576171875
818 158.95236206054688
819 153.35243225097656
820 153.3524169921875
821 124.06038665771484
822 165.41384887695313
823 99.50676727294922
824 63.32249069213867
825 78.83003997802734
826 179.6291046142578
827 153.783203125
828 95.62989044189453
829 47.814937591552734
830 52.55335998535156
831 121.47579193115234
832 45.66111373901367
833 129.66033935546875
834 101.22982788085938
835 68.49168395996094
836 141.29098510742188
837 90.46070098876953
838 114.15279388427734
839 86.15303802490234
840 63.322486877441406
841 67.19937896728516
842 123.6296157836914
843 103.38365173339844
844 88.30687713623047
845 127.50650787353516
846 108.98360443115234
847 119.75273132324219
848 63.322486877441406
849 64.61478424072266
850 84.42998504638672
851 120.1834945678711
852 117.16814422607422
853 83.13768768310547
854 103.38365936279297
855 162.39849853515625
856 181.7829132080078
857 92.61451721191406
858 134.82949829101563
859 85.29151916503906
860 109.41437530517578
861 89.59916687011719
862 136.98333740234375
863 139.99868774414063
864 100.3682861328125
865 180.49063110351563
866 218.82875061035156
867 153.3524169921875
868 119.75275421142578
869 125.78343200683594
870 96.06063842773438
871 82.27616119384766
872 97.35294342041016
873 167.1368865966797
874 75.3839111328125
875 71.93779754638672
876 124.49113464355469
877 73.66085052490234
878 146.46018981933594
879 164.1215362548828
880 190.39822387695313
881 239.93621826171875
882 154.2139434814453
883 167.9984588623047
884 145.1678924560547
885 109.84513854980469
886 134.3987579345703
887 152.06011962890625
888 183.93675231933594
889 192.98281860351563
890 92.18376159667969
891 63.75325393676758
892 80.55308532714844
893 74.52238464355469
894 78.83003997802734
895 76.67620849609375
896 165.41383361816406
897 147.7524871826172
898 86.58382415771484
899 149.9062957763672
900 147.75247192382813
901 67.63014221191406
902 88.306884765625
903 127.50650024414063
904 184.79827880859375
905 182.21368408203125
906 111.1374282836914
907 158.9523468017578
908 121.47578430175781
909 83.1376953125
910 102.952880859375
911 233.90548706054688
912 137.4141082763672
913 144.73712158203125
914 79.69156646728516
915 107.26054382324219
916 108.1220703125
917 116.73738861083984
918 149.04478454589844
919 127.93727111816406
920 209.3519287109375
921 134.39874267578125
922 140.42945861816406
923 127.9372787475586
924 209.35189819335938
925 161.53695678710938
926 110.27589416503906
927 100.7990493774414
928 127.937255859375
929 102.09136199951172
930 156.36776733398438
931 140.42947387695313
932 112.42972564697266
933 88.30687713623047
934 122.7680892944336
935 142.1525115966797
936 94.33758544921875
937 152.0601043701172
938 134.3987579345703
939 67.63013458251953
940 151.19859313964844
941 25.415145874023438
942 117.16814422607422
943 122.76807403564453
944 74.95316314697266
945 50.830299377441406
946 179.6291046142578
947 144.3063507080078
948 100.36829376220703
949 115.44507598876953
950 189.1059112548828
951 122.33731842041016
952 148.614013671875
953 85.72228240966797
954 140.429443359375
955 111.56819915771484
956 150.33706665039063
957 148.18325805664063
958 176.18296813964844
959 123.62963104248047
960 96.06063842773438
961 202.89044189453125
962 83.5684585571289
963 107.26052856445313
964 166.27536010742188
965 91.75299072265625
966 158.95237731933594
967 106.82976531982422
968 112.86048889160156
969 160.24465942382813
970 80.55310821533203
971 128.79879760742188
972 32.738155364990234
973 110.27588653564453
974 105.53748321533203
975 94.33758544921875
976 163.69078063964844
977 141.29100036621094
978 135.69105529785156
979 187.81361389160156
980 89.16839599609375
981 145.59864807128906
982 80.98385620117188
983 86.15304565429688
984 68.0609130859375
985 114.58355712890625
986 67.63014221191406
987 186.9521026611328
988 121.04502868652344
989 94.76834106445313
990 37.90734100341797
991 202.0288848876953
992 137.84487915039063
993 175.75221252441406
994 190.39822387695313
995 138.70640563964844
996 133.96798706054688
997 170.15225219726563
998 87.87611389160156
999 130.0911102294922
1000 97.78370666503906
1001 118.02967834472656
1002 118.02967834472656
