# Selection:resname AU POPC Restricted:name AUC AUL AUSL Radius:2.64 Start:0 End:-1
0 351.07366943359375
1 355.81207275390625
2 10.338364601135254
3 15.0767822265625
4 21.10749626159668
5 9.907600402832031
6 19.38443374633789
7 16.369077682495117
8 10.76913070678711
9 10.338364601135254
10 6.461478233337402
11 9.476835250854492
12 26.707441329956055
13 13.784486770629883
14 5.599947929382324
15 12.922956466674805
16 11.199895858764648
17 0.0
18 0.0
19 0.43076521158218384
20 0.0
21 3.0153565406799316
22 0.43076521158218384
23 0.8615304231643677
24 3.4461216926574707
25 0.0
26 0.8615304231643677
27 6.030713081359863
28 0.0
29 14.215251922607422
30 0.0
31 0.43076521158218384
32 0.0
33 1.7230608463287354
34 1.2922956943511963
35 1.7230608463287354
36 0.43076521158218384
37 0.43076521158218384
38 0.0
39 4.307651996612549
40 0.0
41 0.8615304231643677
42 0.0
43 0.0
44 2.1538259983062744
45 3.0153565406799316
46 1.2922956943511963
47 0.0
48 0.0
49 0.43076521158218384
50 2.5845913887023926
51 4.307651996612549
52 1.7230608463287354
53 0.0
54 0.8615304231643677
55 0.0
56 0.8615304231643677
57 0.0
58 0.43076521158218384
59 0.8615304231643677
60 0.0
61 0.0
62 1.7230608463287354
63 0.43076521158218384
64 0.8615304231643677
65 0.43076521158218384
66 0.0
67 0.43076521158218384
68 1.7230608463287354
69 0.0
70 2.1538259983062744
71 0.0
72 6.030713081359863
73 0.0
74 5.169182777404785
75 0.0
76 1.7230608463287354
77 0.0
78 3.876887083053589
79 0.0
80 0.0
81 0.0
82 31.445859909057617
83 15.507547378540039
84 28.430503845214844
85 21.538259506225586
86 24.98438262939453
87 23.692087173461914
88 3.8768868446350098
89 9.046070098876953
90 8.615303993225098
91 0.0
92 3.0153565406799316
93 1.7230608463287354
94 19.81519889831543
95 0.0
96 0.0
97 0.43076521158218384
98 0.0
99 2.5845913887023926
100 8.184538841247559
101 0.43076521158218384
102 0.0
103 5.599947929382324
104 6.030713081359863
105 6.030713081359863
106 0.8615304231643677
107 3.4461216926574707
108 3.4461216926574707
109 0.0
110 1.2922956943511963
111 16.799842834472656
112 13.784486770629883
113 11.630661010742188
114 16.369077682495117
115 13.784486770629883
116 6.030713081359863
117 0.0
118 0.0
119 2.1538259983062744
120 0.0
121 2.1538262367248535
122 5.169182777404785
123 0.0
124 0.43076521158218384
125 0.0
126 0.0
127 9.476835250854492
128 10.33836555480957
129 13.353721618652344
130 27.138206481933594
131 31.015092849731445
132 27.999736785888672
133 27.138206481933594
134 32.30739212036133
135 43.07651901245117
136 51.26106262207031
137 26.276676177978516
138 24.98438262939453
139 43.07652282714844
140 37.04581069946289
141 36.18427658081055
142 22.830554962158203
143 18.95366859436035
144 21.969024658203125
145 23.261322021484375
146 25.845911026000977
147 22.399789810180664
148 30.58432960510254
149 25.84591293334961
150 32.738155364990234
151 21.10749626159668
152 21.538259506225586
153 15.938312530517578
154 21.969024658203125
155 18.522905349731445
156 28.43050193786621
157 37.04581069946289
158 19.81519889831543
159 23.261320114135742
160 31.015094757080078
161 21.969024658203125
162 12.922955513000488
163 28.430503845214844
164 8.615303993225098
165 7.753774166107178
166 6.892243385314941
167 11.630661010742188
168 13.353721618652344
169 11.199895858764648
170 14.215251922607422
171 16.369077682495117
172 10.769129753112793
173 10.33836555480957
174 15.938312530517578
175 6.461478233337402
176 13.784486770629883
177 19.81519889831543
178 5.599947929382324
179 12.922956466674805
180 12.061426162719727
181 18.092140197753906
182 9.476834297180176
183 11.630661010742188
184 18.95366859436035
185 20.676729202270508
186 0.43076521158218384
187 2.5845913887023926
188 4.307652473449707
189 8.184539794921875
190 17.230607986450195
191 18.95366859436035
192 22.830554962158203
193 23.69208526611328
194 19.81519889831543
195 16.369077682495117
196 24.9843807220459
197 6.892243385314941
198 5.599947929382324
199 10.76913070678711
200 22.830556869506836
201 11.199895858764648
202 14.215251922607422
203 27.138208389282227
204 31.876625061035156
205 18.95366859436035
206 14.646017074584961
207 25.415145874023438
208 10.76913070678711
209 31.445859909057617
210 11.630661010742188
211 15.507547378540039
212 11.199895858764648
213 6.892243385314941
214 11.199894905090332
215 12.922956466674805
216 14.646016120910645
217 10.33836555480957
218 8.615303993225098
219 6.892243385314941
220 10.76913070678711
221 11.630661010742188
222 15.938312530517578
223 10.76913070678711
224 9.046069145202637
225 18.092138290405273
226 3.0153565406799316
227 9.907599449157715
228 16.369077682495117
229 6.030713081359863
230 10.33836555480957
231 0.0
232 0.0
233 2.5845913887023926
234 0.0
235 0.43076521158218384
236 2.5845913887023926
237 1.2922956943511963
238 9.046070098876953
239 10.338364601135254
240 19.38443374633789
241 13.784486770629883
242 30.153562545776367
243 1.2922956943511963
244 5.169182777404785
245 6.892243385314941
246 13.784486770629883
247 15.0767822265625
248 10.76913070678711
249 15.0767822265625
250 9.476835250854492
251 3.8768868446350098
252 3.8768868446350098
253 4.738417625427246
254 3.4461216926574707
255 5.169182777404785
256 0.0
257 0.0
258 17.230607986450195
259 14.215251922607422
260 12.06142520904541
261 8.184538841247559
262 11.199895858764648
263 18.95366859436035
264 11.630661010742188
265 15.938312530517578
266 22.399789810180664
267 12.922955513000488
268 10.76913070678711
269 15.507547378540039
270 15.938312530517578
271 3.8768868446350098
272 6.030713081359863
273 11.630660057067871
274 6.461478233337402
275 6.030713081359863
276 9.907599449157715
277 14.215251922607422
278 0.0
279 6.461478233337402
280 6.461478233337402
281 0.0
282 15.0767822265625
283 15.507547378540039
284 6.892243385314941
285 5.169182777404785
286 15.507547378540039
287 3.8768868446350098
288 3.4461216926574707
289 13.353721618652344
290 7.7537736892700195
291 0.0
292 0.0
293 0.8615304231643677
294 0.0
295 1.7230608463287354
296 0.0
297 0.8615304231643677
298 0.0
299 15.507547378540039
300 1.2922956943511963
301 18.092138290405273
302 11.199895858764648
303 9.046069145202637
304 23.692087173461914
305 11.199895858764648
306 16.799842834472656
307 14.215251922607422
308 16.369077682495117
309 6.892243385314941
310 16.369077682495117
311 12.922955513000488
312 10.76913070678711
313 20.24596405029297
314 15.507547378540039
315 10.76913070678711
316 14.646017074584961
317 26.276676177978516
318 16.369077682495117
319 18.092138290405273
320 7.753774166107178
321 3.4461216926574707
322 2.1538259983062744
323 1.2922956943511963
324 0.0
325 1.7230608463287354
326 0.43076521158218384
327 0.0
328 0.8615304231643677
329 0.0
330 0.43076521158218384
331 0.0
332 0.0
333 1.2922956943511963
334 0.0
335 0.0
336 0.0
337 0.0
338 0.8615304231643677
339 0.0
340 0.0
341 0.8615304231643677
342 2.1538259983062744
343 0.0
344 1.2922956943511963
345 0.0
346 0.43076521158218384
347 2.5845913887023926
348 0.0
349 0.43076521158218384
350 15.0767822265625
351 10.76913070678711
352 13.784486770629883
353 33.59968566894531
354 0.0
355 1.2922956943511963
356 0.0
357 0.8615304231643677
358 0.0
359 7.7537736892700195
360 12.061426162719727
361 9.907599449157715
362 10.338364601135254
363 9.046069145202637
364 13.784486770629883
365 37.04581069946289
366 29.29203224182129
367 19.81519889831543
368 22.399789810180664
369 20.24596405029297
370 22.830554962158203
371 6.030713081359863
372 3.4461216926574707
373 8.615303993225098
374 0.0
375 5.169182300567627
376 0.0
377 0.43076521158218384
378 0.0
379 0.0
380 0.43076521158218384
381 0.0
382 0.43076521158218384
383 0.43076521158218384
384 1.7230608463287354
385 0.0
386 4.307651996612549
387 2.1538259983062744
388 1.7230608463287354
389 6.461477756500244
390 5.599947929382324
391 13.353721618652344
392 3.8768868446350098
393 0.0
394 0.0
395 6.461478233337402
396 3.8768868446350098
397 0.8615304231643677
398 0.0
399 1.7230608463287354
400 4.738417625427246
401 11.630661010742188
402 1.7230608463287354
403 1.2922956943511963
404 0.0
405 3.0153565406799316
406 0.0
407 3.0153565406799316
408 5.599947929382324
409 1.2922956943511963
410 12.922955513000488
411 18.522903442382813
412 5.599947929382324
413 30.153562545776367
414 27.568971633911133
415 19.38443374633789
416 1.7230608463287354
417 8.615303993225098
418 19.384435653686523
419 19.38443374633789
420 8.184539794921875
421 9.907599449157715
422 5.599947929382324
423 11.630661010742188
424 7.753774166107178
425 0.0
426 0.43076521158218384
427 0.0
428 7.7537736892700195
429 9.046069145202637
430 0.43076521158218384
431 0.43076521158218384
432 0.8615304231643677
433 1.2922956943511963
434 0.0
435 0.0
436 1.7230608463287354
437 0.8615304231643677
438 0.8615304231643677
439 1.7230608463287354
440 0.0
441 2.1538259983062744
442 0.0
443 1.2922956943511963
444 0.0
445 0.0
446 0.0
447 0.0
448 0.43076521158218384
449 2.5845913887023926
450 13.353721618652344
451 9.907600402832031
452 17.661373138427734
453 18.522903442382813
454 5.169182300567627
455 0.0
456 1.2922956943511963
457 0.0
458 0.0
459 0.0
460 1.2922956943511963
461 0.0
462 0.0
463 0.0
464 0.0
465 0.8615304231643677
466 0.43076521158218384
467 0.43076521158218384
468 3.0153565406799316
469 0.0
470 5.599947929382324
471 3.0153565406799316
472 0.8615304231643677
473 0.0
474 4.738417625427246
475 2.1538259983062744
476 0.0
477 0.0
478 0.0
479 0.0
480 0.43076521158218384
481 0.0
482 10.33836555480957
483 8.184538841247559
484 8.615303993225098
485 23.69208526611328
486 13.784486770629883
487 9.046069145202637
488 20.24596405029297
489 14.215251922607422
490 8.615303993225098
491 37.4765739440918
492 8.184538841247559
493 6.892243385314941
494 0.0
495 0.8615304231643677
496 1.2922956943511963
497 3.4461216926574707
498 3.0153565406799316
499 0.8615304231643677
500 6.892243385314941
501 6.892243385314941
502 14.646017074584961
503 7.3230085372924805
504 14.646017074584961
505 3.8768868446350098
506 1.2922956943511963
507 8.184538841247559
508 10.76913070678711
509 10.76913070678711
510 0.0
511 0.0
512 0.0
513 0.0
514 0.8615304231643677
515 0.8615304231643677
516 0.0
517 2.1538259983062744
518 0.0
519 0.0
520 2.5845913887023926
521 0.0
522 1.2922956943511963
523 5.599947929382324
524 13.353721618652344
525 15.507547378540039
526 21.538259506225586
527 27.138206481933594
528 12.061426162719727
529 15.507548332214355
530 16.799842834472656
531 22.830556869506836
532 13.353721618652344
533 11.630661010742188
534 9.907599449157715
535 0.0
536 0.0
537 0.0
538 0.43076521158218384
539 0.0
540 0.0
541 0.0
542 0.43076521158218384
543 0.43076521158218384
544 1.2922956943511963
545 11.199894905090332
546 13.353721618652344
547 6.892243385314941
548 14.646017074584961
549 5.599947929382324
550 15.076781272888184
551 6.892243385314941
552 19.38443374633789
553 18.522903442382813
554 21.107494354248047
555 33.59968948364258
556 18.092138290405273
557 15.0767822265625
558 24.12285041809082
559 21.107494354248047
560 28.86126708984375
561 17.230607986450195
562 14.646017074584961
563 21.107494354248047
564 19.81519889831543
565 34.89198303222656
566 20.2459659576416
567 8.184538841247559
568 26.707441329956055
569 23.69208526611328
570 22.399789810180664
571 16.36907958984375
572 22.399789810180664
573 12.922955513000488
574 8.184538841247559
575 11.630661010742188
576 10.33836555480957
577 1.2922956943511963
578 0.0
579 0.0
580 0.0
581 0.0
582 0.43076521158218384
583 0.0
584 4.738417148590088
585 0.0
586 0.43076521158218384
587 0.0
588 4.307651996612549
589 0.0
590 0.0
591 0.43076521158218384
592 0.0
593 0.8615304231643677
594 0.43076521158218384
595 0.0
596 0.0
597 0.0
598 0.0
599 0.43076521158218384
600 0.43076521158218384
601 0.43076521158218384
602 0.0
603 4.307651996612549
604 0.0
605 0.0
606 0.0
607 2.5845913887023926
608 0.43076521158218384
609 0.0
610 8.615303993225098
611 19.81519889831543
612 19.81519889831543
613 19.81519889831543
614 15.0767822265625
615 12.061426162719727
616 8.615303993225098
617 16.369077682495117
618 21.107494354248047
619 20.24596405029297
620 12.49219036102295
621 12.061426162719727
622 12.061426162719727
623 16.369077682495117
624 12.492191314697266
625 21.10749626159668
626 11.199895858764648
627 9.046069145202637
628 15.938312530517578
629 22.830554962158203
630 12.061426162719727
631 7.7537736892700195
632 17.230607986450195
633 28.43050193786621
634 20.676729202270508
635 28.430503845214844
636 14.646017074584961
637 15.0767822265625
638 32.30739212036133
639 14.646017074584961
640 14.646017074584961
641 8.184538841247559
642 19.38443374633789
643 12.922956466674805
644 27.568973541259766
645 18.953670501708984
646 23.261320114135742
647 30.153562545776367
648 21.107494354248047
649 21.538259506225586
650 16.369077682495117
651 13.353721618652344
652 13.353721618652344
653 21.107494354248047
654 15.938312530517578
655 15.0767822265625
656 4.738417148590088
657 17.661373138427734
658 21.969024658203125
659 33.59968948364258
660 27.568973541259766
661 33.168922424316406
662 28.43050193786621
663 17.661375045776367
664 12.492191314697266
665 10.33836555480957
666 20.67673110961914
667 10.769129753112793
668 9.476834297180176
669 19.38443374633789
670 20.24596405029297
671 22.830554962158203
672 38.76887130737305
673 38.33810806274414
674 25.84591293334961
675 26.707441329956055
676 25.415145874023438
677 22.399789810180664
678 18.522903442382813
679 37.045806884765625
680 28.430503845214844
681 6.030713081359863
682 11.630661010742188
683 9.907600402832031
684 24.122852325439453
685 9.476835250854492
686 28.43050193786621
687 37.045806884765625
688 32.738155364990234
689 14.215251922607422
690 30.584327697753906
691 9.907599449157715
692 16.369077682495117
693 14.646017074584961
694 16.799842834472656
695 1.7230608463287354
696 0.0
697 0.0
698 0.0
699 0.0
700 0.43076521158218384
701 0.43076521158218384
702 0.8615304231643677
703 0.0
704 2.1538259983062744
705 4.307651996612549
706 0.43076521158218384
707 0.0
708 1.2922956943511963
709 0.0
710 0.0
711 2.1538262367248535
712 0.0
713 0.0
714 15.938312530517578
715 0.8615304231643677
716 2.1538262367248535
717 2.1538259983062744
718 0.0
719 0.0
720 0.0
721 0.0
722 2.5845913887023926
723 1.7230608463287354
724 0.0
725 0.8615304231643677
726 0.0
727 0.43076521158218384
728 0.8615304231643677
729 0.8615304231643677
730 0.0
731 5.599947452545166
732 1.2922956943511963
733 0.0
734 0.0
735 0.0
736 1.7230608463287354
737 0.43076521158218384
738 0.0
739 0.0
740 0.0
741 8.615303993225098
742 0.0
743 15.938312530517578
744 17.661373138427734
745 18.092138290405273
746 30.58432960510254
747 17.661373138427734
748 0.43076521158218384
749 1.2922956943511963
750 0.8615304231643677
751 1.7230608463287354
752 2.1538259983062744
753 1.2922956943511963
754 0.0
755 2.5845913887023926
756 2.5845913887023926
757 1.2922956943511963
758 7.753774166107178
759 0.8615304231643677
760 0.0
761 0.0
762 0.0
763 3.8768868446350098
764 0.0
765 0.43076521158218384
766 0.8615304231643677
767 1.7230608463287354
768 0.8615304231643677
769 3.4461216926574707
770 0.0
771 1.2922956943511963
772 0.0
773 0.0
774 0.0
775 1.7230608463287354
776 0.0
777 0.0
778 0.0
779 0.8615304231643677
780 0.0
781 1.7230608463287354
782 0.0
783 0.43076521158218384
784 0.0
785 1.7230608463287354
786 0.43076521158218384
787 0.0
788 2.1538259983062744
789 0.8615304231643677
790 0.0
791 0.0
792 9.476835250854492
793 6.030713081359863
794 12.061426162719727
795 9.476834297180176
796 1.7230608463287354
797 8.615304946899414
798 7.3230085372924805
799 3.4461216926574707
800 0.0
801 0.8615304231643677
802 0.0
803 0.43076521158218384
804 0.0
805 0.0
806 1.7230608463287354
807 0.0
808 0.0
809 2.1538259983062744
810 9.476834297180176
811 0.0
812 17.661373138427734
813 24.98438262939453
814 23.261320114135742
815 5.169182777404785
816 0.8615304231643677
817 3.0153565406799316
818 2.5845913887023926
819 1.2922956943511963
820 5.169182777404785
821 2.1538262367248535
822 1.7230608463287354
823 9.046069145202637
824 13.353721618652344
825 17.230607986450195
826 16.799842834472656
827 5.169182777404785
828 3.8768868446350098
829 5.169182777404785
830 0.0
831 5.599947929382324
832 0.0
833 0.0
834 0.8615304231643677
835 3.0153565406799316
836 7.3230085372924805
837 6.030713081359863
838 12.492191314697266
839 0.0
840 0.0
841 0.0
842 1.2922956943511963
843 3.4461216926574707
844 0.0
845 0.0
846 0.0
847 16.369077682495117
848 15.507547378540039
849 8.615303993225098
850 21.107494354248047
851 2.5845911502838135
852 2.5845913887023926
853 0.8615304231643677
854 7.7537736892700195
855 12.061426162719727
856 0.0
857 2.1538259983062744
858 18.95366859436035
859 14.646017074584961
860 12.492191314697266
861 16.369077682495117
862 15.0767822265625
863 0.43076521158218384
864 0.0
865 0.8615304231643677
866 2.5845911502838135
867 0.0
868 3.0153565406799316
869 0.0
870 0.0
871 0.0
872 0.0
873 0.8615304231643677
874 0.0
875 0.8615304231643677
876 0.43076521158218384
877 2.1538262367248535
878 4.307652473449707
879 0.8615304231643677
880 3.4461216926574707
881 0.0
882 2.1538259983062744
883 0.0
884 0.0
885 0.43076521158218384
886 0.0
887 9.476835250854492
888 7.3230085372924805
889 3.0153565406799316
890 18.95366859436035
891 13.353721618652344
892 17.661373138427734
893 8.615304946899414
894 9.907600402832031
895 11.199894905090332
896 7.323009014129639
897 18.95366859436035
898 6.030712604522705
899 14.646017074584961
900 11.199895858764648
901 15.507547378540039
902 27.138206481933594
903 16.369077682495117
904 17.230607986450195
905 10.76913070678711
906 19.38443374633789
907 10.338364601135254
908 13.353721618652344
909 7.3230085372924805
910 12.922956466674805
911 5.599947929382324
912 18.95366859436035
913 21.107494354248047
914 19.38443374633789
915 11.199895858764648
916 15.938312530517578
917 0.0
918 1.7230608463287354
919 0.0
920 0.0
921 1.7230608463287354
922 4.738417148590088
923 1.7230608463287354
924 3.4461216926574707
925 3.8768868446350098
926 3.0153565406799316
927 1.2922956943511963
928 0.0
929 0.0
930 0.0
931 0.0
932 0.0
933 0.8615304231643677
934 0.8615304231643677
935 16.369077682495117
936 0.8615304231643677
937 0.8615304231643677
938 1.7230608463287354
939 0.0
940 7.323009014129639
941 0.0
942 20.676729202270508
943 13.784486770629883
944 0.0
945 0.43076521158218384
946 0.0
947 2.1538262367248535
948 1.2922956943511963
949 0.0
950 0.8615304231643677
951 3.0153565406799316
952 0.0
953 1.7230608463287354
954 0.43076521158218384
955 0.0
956 4.307651996612549
957 7.3230085372924805
958 3.0153565406799316
959 0.0
960 3.8768868446350098
961 0.0
962 1.7230608463287354
963 0.0
964 0.0
965 0.8615304231643677
966 0.0
967 0.0
968 0.43076521158218384
969 0.8615304231643677
970 3.0153565406799316
971 4.307651996612549
972 0.0
973 4.738417148590088
974 0.0
975 0.0
976 2.5845913887023926
977 0.0
978 0.43076521158218384
979 0.0
980 0.0
981 0.43076521158218384
982 3.4461216926574707
983 4.307652473449707
984 0.0
985 1.7230608463287354
986 0.0
987 2.1538259983062744
988 8.184538841247559
989 9.907600402832031
990 0.0
991 0.0
992 2.5845913887023926
993 0.0
994 0.0
995 0.0
996 2.5845913887023926
997 0.0
998 1.2922956943511963
999 0.43076521158218384
1000 0.0
1001 0.0
1002 0.0
