0 2.594
1 2.624
2 2.585
3 2.591
4 2.616
5 2.631
6 2.714
7 2.637
8 2.633
9 2.626
10 2.667
11 2.691
12 2.712
13 2.674
14 2.666
15 2.672
16 2.654
17 2.697
18 2.689
19 2.709
20 2.686
21 2.695
22 2.821
23 2.786
24 2.814
25 2.829
26 2.833
27 2.838
28 2.782
29 2.862
30 2.766
31 2.820
32 2.803
33 2.851
34 2.824
35 2.814
36 2.821
37 2.867
38 2.884
39 2.939
40 2.957
41 2.942
42 3.000
43 3.022
44 3.047
45 3.096
46 3.025
47 3.083
48 3.043
49 3.108
50 3.049
51 3.065
52 3.116
53 3.092
54 3.139
55 3.058
56 3.106
57 3.071
58 3.060
59 3.071
60 3.292
61 3.220
62 3.232
63 3.224
64 3.313
65 3.284
66 3.328
67 3.289
68 3.349
69 3.336
70 3.304
71 3.258
72 3.314
73 3.403
74 3.434
75 3.454
76 3.466
77 3.458
78 3.493
79 3.402
80 3.361
81 3.486
82 3.525
83 3.508
84 3.601
85 3.502
86 3.498
87 3.532
88 3.526
89 3.606
90 3.626
91 3.586
92 3.680
93 3.661
94 3.665
95 3.726
96 3.661
97 3.709
98 3.742
99 3.698
100 3.727
101 3.728
102 3.708
103 3.805
104 3.746
105 3.761
106 3.766
107 3.804
108 3.784
109 3.794
110 3.724
111 3.778
112 3.852
113 3.812
114 3.827
115 3.877
116 3.905
117 3.901
118 3.865
119 3.913
120 3.883
121 3.947
122 3.879
123 3.907
124 3.919
125 3.945
126 4.013
127 3.989
128 4.045
129 4.065
130 4.110
131 4.093
132 4.088
133 4.074
134 4.097
135 4.046
136 4.085
137 4.104
138 4.119
139 4.175
140 4.178
141 4.161
142 4.168
143 4.190
144 4.242
145 4.262
146 4.237
147 4.253
148 4.316
149 4.252
150 4.274
151 4.300
152 4.264
153 4.215
154 4.254
155 4.350
156 4.392
157 4.446
158 4.392
159 4.463
160 4.465
161 4.529
162 4.486
163 4.483
164 4.430
165 4.437
166 4.498
167 4.485
168 4.518
169 4.576
170 4.600
171 4.581
172 4.539
173 4.572
174 4.582
175 4.560
176 4.619
177 4.608
178 4.664
179 4.669
180 4.730
181 4.742
182 4.701
183 4.696
184 4.670
185 4.762
186 4.819
187 4.711
188 4.717
189 4.781
190 4.804
191 4.810
192 4.690
193 4.709
194 4.712
195 4.794
196 4.833
197 4.809
198 4.868
199 4.959
200 4.969
201 4.934
202 4.982
203 5.011
204 4.983
205 5.060
206 5.048
207 5.075
208 5.158
209 5.185
210 5.139
211 5.178
212 5.105
213 5.069
214 5.050
215 5.062
216 5.035
217 5.046
218 5.066
219 5.165
220 5.207
221 5.187
222 5.241
223 5.230
224 5.232
225 5.199
226 5.266
227 5.356
228 5.355
229 5.303
230 5.266
231 5.302
232 5.262
233 5.360
234 5.340
235 5.333
236 5.405
237 5.383
238 5.493
239 5.469
240 5.452
241 5.442
242 5.453
243 5.495
244 5.449
245 5.468
246 5.469
247 5.506
248 5.528
249 5.504
250 5.505
251 5.543
252 5.511
253 5.557
254 5.662
255 5.595
256 5.633
257 5.617
258 5.626
259 5.513
260 5.605
261 5.627
262 5.648
263 5.698
264 5.676
265 5.673
266 5.711
267 5.808
268 5.856
269 5.859
270 5.815
271 5.832
272 5.879
273 5.793
274 5.892
275 5.920
276 5.911
277 5.865
278 5.916
279 5.886
280 5.993
281 5.951
282 5.973
283 5.924
284 5.929
285 5.959
286 6.024
287 6.055
288 6.002
289 6.071
290 6.058
291 6.108
292 6.259
293 6.246
294 6.194
295 6.171
296 6.194
297 6.262
298 6.203
299 6.293
300 6.211
301 6.237
302 6.231
303 6.291
304 6.286
305 6.166
306 6.217
307 6.302
308 6.362
309 6.404
310 6.377
311 6.365
312 6.344
313 6.296
314 6.281
315 6.390
316 6.459
317 6.448
318 6.507
319 6.471
320 6.358
321 6.351
322 6.416
323 6.506
324 6.495
325 6.527
326 6.547
327 6.543
328 6.546
329 6.617
330 6.674
331 6.661
332 6.681
333 6.681
334 6.745
335 6.663
336 6.786
337 6.797
338 6.793
339 6.837
340 6.852
341 6.795
342 6.836
343 6.884
344 6.818
345 6.843
346 6.951
347 6.913
348 6.839
349 6.870
350 6.850
351 6.849
352 6.841
353 6.821
354 6.877
355 6.926
356 6.960
357 6.985
358 6.977
359 7.007
360 7.057
361 7.037
362 7.082
363 7.110
364 7.084
365 7.042
366 7.019
367 7.043
368 7.031
369 7.067
370 7.123
371 7.216
372 7.225
373 7.166
374 7.154
375 7.225
376 7.277
377 7.202
378 7.244
379 7.220
380 7.156
381 7.230
382 7.225
383 7.269
384 7.259
385 7.294
386 7.296
387 7.310
388 7.345
389 7.377
390 7.399
391 7.427
392 7.403
393 7.463
394 7.476
395 7.515
396 7.511
397 7.487
398 7.658
399 7.653
400 7.627
401 7.661
402 7.628
403 7.576
404 7.628
405 7.508
406 7.633
407 7.588
408 7.521
409 7.552
410 7.559
411 7.606
412 7.638
413 7.656
414 7.676
415 7.623
416 7.669
417 7.775
418 7.717
419 7.763
420 7.744
421 7.850
422 7.775
423 7.781
424 7.812
425 7.783
426 7.772
427 7.800
428 7.762
429 7.759
430 7.842
431 7.899
432 7.965
433 8.012
434 8.039
435 8.002
436 8.047
437 7.962
438 7.942
439 7.948
440 8.025
441 7.949
442 7.977
443 8.033
444 8.013
445 8.088
446 8.058
447 8.039
448 8.091
449 8.166
450 8.185
451 8.218
452 8.278
453 8.229
454 8.258
455 8.274
456 8.215
457 8.303
458 8.290
459 8.340
460 8.306
461 8.430
462 8.368
463 8.431
464 8.381
465 8.336
466 8.286
467 8.331
468 8.336
469 8.386
470 8.364
471 8.444
472 8.433
473 8.442
474 8.459
475 8.448
476 8.424
477 8.530
478 8.632
479 8.637
