# Selection 1:name C1A D2A C3A C4A C1B C2B C3B C4B Selection 2:name AUC AUSL AUL Cutoff:8 Start:0 End:-1
0 0
1 0
2 29
3 31
4 32
5 33
6 30
7 28
8 37
9 37
10 31
11 35
12 29
13 26
14 40
15 25
16 27
17 34
18 40
19 35
20 29
21 32
22 32
23 32
24 39
25 37
26 31
27 32
28 32
29 28
30 32
31 32
32 30
33 32
34 30
35 34
36 36
37 30
38 33
39 27
40 26
41 38
42 44
43 34
44 27
45 35
46 34
47 35
48 31
49 37
50 35
51 38
52 30
53 30
54 35
55 27
56 33
57 33
58 38
59 28
60 32
61 25
62 34
63 29
64 41
65 34
66 28
67 34
68 33
69 32
70 35
71 31
72 37
73 34
74 48
75 36
76 38
77 34
78 29
79 36
80 41
81 26
82 31
83 31
84 33
85 31
86 40
87 34
88 38
89 26
90 32
91 28
92 35
93 33
94 26
95 27
96 30
97 38
98 33
99 24
100 36
101 34
102 32
103 34
104 30
105 26
106 34
107 32
108 29
109 33
110 31
111 31
112 31
113 38
114 39
115 31
116 31
117 36
118 34
119 40
120 38
121 38
122 33
123 28
124 37
125 36
126 38
127 34
128 33
129 28
130 32
131 30
132 37
133 32
134 29
135 35
136 37
137 35
138 40
139 36
140 40
141 29
142 34
143 32
144 29
145 36
146 34
147 29
148 33
149 26
150 36
151 27
152 32
153 37
154 33
155 21
156 32
157 33
158 31
159 21
160 40
161 32
162 31
163 35
164 30
165 33
166 33
167 31
168 32
169 29
170 35
171 27
172 28
173 28
174 35
175 33
176 36
177 36
178 28
179 32
180 26
181 34
182 30
183 35
184 37
185 32
186 29
187 34
188 33
189 38
190 36
191 36
192 35
193 40
194 31
195 30
196 41
197 35
198 30
199 39
200 27
201 29
202 34
203 28
204 37
205 28
206 27
207 40
208 28
209 34
210 41
211 34
212 29
213 34
214 35
215 35
216 25
217 26
218 38
219 30
220 35
221 31
222 32
223 32
224 32
225 38
226 30
227 28
228 32
229 32
230 30
231 38
232 31
233 39
234 27
235 32
236 33
237 35
238 28
239 38
240 33
241 31
242 30
243 30
244 38
245 34
246 25
247 33
248 43
249 32
250 32
251 26
252 33
253 37
254 29
255 28
256 33
257 36
258 36
259 34
260 26
261 24
262 38
263 26
264 34
265 34
266 38
267 29
268 33
269 31
270 29
271 23
272 35
273 30
274 39
275 33
276 33
277 33
278 35
279 36
280 32
281 37
282 31
283 28
284 29
285 38
286 27
287 29
288 33
289 27
290 31
291 31
292 30
293 32
294 33
295 33
296 37
297 27
298 28
299 34
300 27
301 31
302 30
303 38
304 33
305 36
306 31
307 28
308 36
309 36
310 33
311 35
312 24
313 28
314 35
315 34
316 30
317 43
318 31
319 33
320 39
321 35
322 35
323 27
324 26
325 39
326 33
327 38
328 30
329 29
330 38
331 39
332 33
333 32
334 39
335 33
336 37
337 34
338 36
339 35
340 40
341 29
342 27
343 24
344 27
345 39
346 36
347 33
348 35
349 34
350 30
351 25
352 30
353 29
354 38
355 34
356 39
357 37
358 32
359 34
360 24
361 32
362 32
363 32
364 35
365 32
366 29
367 34
368 31
369 36
370 31
371 26
372 35
373 36
374 32
375 30
376 36
377 37
378 25
379 28
380 27
381 28
382 32
383 29
384 31
385 36
386 32
387 40
388 31
389 37
390 44
391 37
392 35
393 38
394 34
395 32
396 37
397 37
398 34
399 44
400 36
401 37
402 36
403 34
404 41
405 33
406 34
407 32
408 28
409 40
410 29
411 39
412 37
413 33
414 28
415 33
416 36
417 38
418 32
419 33
420 30
421 31
422 29
423 30
424 37
425 34
426 31
427 37
428 35
429 34
430 32
431 38
432 29
433 26
434 37
435 28
436 32
437 35
438 30
439 28
440 25
441 33
442 32
443 31
444 25
445 39
446 32
447 29
448 33
449 39
450 31
451 32
452 29
453 34
454 35
455 32
456 35
457 43
458 42
459 37
460 34
461 32
462 29
463 27
464 30
465 29
466 39
467 30
468 34
469 33
470 25
471 26
472 30
473 34
474 40
475 40
476 32
477 25
478 27
479 32
480 36
481 35
482 32
483 25
484 34
485 44
486 26
487 30
488 32
489 31
490 37
491 39
492 34
493 26
494 36
495 25
496 39
497 33
498 33
499 31
500 37
501 27
502 24
503 45
504 39
505 27
506 39
507 35
508 42
509 37
510 39
511 33
512 32
513 27
514 32
515 30
516 21
517 38
518 30
519 33
520 33
521 29
522 31
523 35
524 36
525 31
526 38
527 38
528 31
529 33
530 43
531 28
532 31
533 42
534 27
535 43
536 28
537 34
538 31
539 33
540 25
541 29
542 33
543 45
544 33
545 34
546 28
547 29
548 35
549 36
550 38
551 26
552 31
553 31
554 29
555 34
556 31
557 32
558 36
559 36
560 31
561 40
562 27
563 32
564 27
565 28
566 43
567 43
568 35
569 33
570 33
571 37
572 36
573 32
574 25
575 28
576 23
577 36
578 36
579 37
580 31
581 31
582 38
583 28
584 38
585 31
586 30
587 35
588 34
589 31
590 37
591 36
592 32
593 33
594 26
595 34
596 30
597 25
598 39
599 35
600 29
601 37
602 28
603 28
604 33
605 38
606 32
607 30
608 36
609 36
610 32
611 32
612 32
613 26
614 36
615 38
616 25
617 31
618 35
619 36
620 39
621 37
622 35
623 28
624 31
625 33
626 29
627 29
628 31
629 30
630 36
631 36
632 34
633 25
634 30
635 33
636 28
637 32
638 26
639 35
640 32
641 31
642 39
643 35
644 35
645 33
646 29
647 38
648 33
649 26
650 38
651 32
652 28
653 33
654 35
655 34
656 32
657 49
658 36
659 28
660 39
661 30
662 45
663 32
664 33
665 37
666 35
667 28
668 35
669 33
670 35
671 27
672 28
673 31
674 31
675 32
676 36
677 29
678 39
679 31
680 33
681 34
682 31
683 36
684 32
685 28
686 34
687 36
688 32
689 31
690 33
691 32
692 38
693 29
694 31
695 40
696 34
697 32
698 30
699 28
700 24
701 31
702 32
703 32
704 31
705 31
706 35
707 31
708 47
709 43
710 31
711 30
712 32
713 29
714 34
715 25
716 36
717 34
718 36
719 41
720 41
721 35
722 35
723 33
724 41
725 33
726 33
727 31
728 35
729 35
730 29
731 29
732 33
733 43
734 40
735 31
736 25
737 32
738 32
739 33
740 35
741 34
742 27
743 35
744 38
745 37
746 35
747 36
748 31
749 38
750 39
751 30
752 29
753 38
754 27
755 34
756 32
757 27
758 29
759 35
760 23
761 30
762 28
763 32
764 33
765 20
766 23
767 24
768 25
769 29
770 29
771 31
772 34
773 25
774 32
775 35
776 30
777 31
778 26
779 31
780 32
781 35
782 39
783 34
784 36
785 35
786 40
787 36
788 38
789 37
790 28
791 27
792 31
793 35
794 28
795 27
796 29
797 36
798 31
799 31
800 35
801 38
802 34
803 37
804 22
805 34
806 31
807 39
808 35
809 41
810 36
811 35
812 30
813 28
814 30
815 35
816 37
817 40
818 39
819 28
820 25
821 30
822 37
823 22
824 28
825 26
826 32
827 37
828 37
829 35
830 33
831 29
832 31
833 24
834 28
835 33
836 25
837 36
838 35
839 31
840 35
841 36
842 31
843 32
844 25
845 39
846 37
847 38
848 33
849 38
850 35
851 28
852 32
853 32
854 36
855 33
856 30
857 35
858 35
859 32
860 40
861 25
862 36
863 33
864 34
865 36
866 34
867 32
868 29
869 34
870 34
871 31
872 39
873 28
874 36
875 29
876 27
877 35
878 33
879 33
880 36
881 40
882 31
883 36
884 37
885 30
886 31
887 28
888 33
889 33
890 36
891 36
892 25
893 26
894 23
895 35
896 28
897 36
898 27
899 35
900 27
901 27
902 28
903 30
904 32
905 35
906 28
907 28
908 28
909 20
910 42
911 33
912 32
913 37
914 27
915 37
916 35
917 35
918 35
919 33
920 34
921 33
922 42
923 34
924 40
925 37
926 23
927 29
928 37
929 32
930 35
931 36
932 33
933 27
934 41
935 35
936 34
937 38
938 33
939 38
940 32
941 38
942 35
943 32
944 36
945 40
946 36
947 36
948 28
949 36
950 31
951 31
952 26
953 32
954 32
955 29
956 31
957 26
958 34
959 31
960 34
961 30
962 35
963 28
964 34
965 35
966 33
967 23
968 29
969 25
970 36
971 33
972 35
973 43
974 31
975 41
976 38
977 34
978 35
979 39
980 31
981 36
982 37
983 31
984 26
985 40
986 28
987 31
988 36
989 32
990 31
991 29
992 32
993 31
994 34
995 32
996 34
997 40
998 34
999 35
1000 36
1001 32
1002 32
