# Selection:resname AU POPC Restricted:name AUC AUL AUSL Radius:2.64 Start:0 End:-1
0 302.397216796875
1 298.9511413574219
2 13.353721618652344
3 12.06142520904541
4 4.307652473449707
5 2.1538259983062744
6 5.599947929382324
7 0.0
8 2.5845913887023926
9 1.2922956943511963
10 2.1538259983062744
11 2.1538259983062744
12 0.0
13 3.0153565406799316
14 4.307651996612549
15 0.0
16 12.922956466674805
17 2.1538259983062744
18 1.2922956943511963
19 0.43076521158218384
20 0.0
21 3.4461216926574707
22 0.0
23 0.0
24 0.0
25 0.8615304231643677
26 0.0
27 0.0
28 0.0
29 1.2922956943511963
30 0.0
31 3.8768868446350098
32 0.8615304231643677
33 0.0
34 0.0
35 0.0
36 3.8768868446350098
37 0.0
38 0.8615304231643677
39 0.0
40 0.8615304231643677
41 0.43076521158218384
42 0.43076521158218384
43 0.0
44 4.307652473449707
45 8.615303993225098
46 19.815200805664063
47 16.799842834472656
48 6.461478233337402
49 33.59968566894531
50 5.599947929382324
51 13.353721618652344
52 0.8615304231643677
53 1.7230608463287354
54 0.43076521158218384
55 0.0
56 0.0
57 0.43076521158218384
58 0.0
59 12.061426162719727
60 0.0
61 1.7230608463287354
62 3.8768868446350098
63 14.646017074584961
64 9.046069145202637
65 9.476835250854492
66 0.43076521158218384
67 4.307652473449707
68 1.7230608463287354
69 0.8615304231643677
70 0.0
71 0.0
72 0.0
73 0.0
74 1.2922956943511963
75 1.7230608463287354
76 0.43076521158218384
77 0.0
78 0.0
79 2.1538262367248535
80 0.0
81 0.0
82 2.1538259983062744
83 0.0
84 1.2922956943511963
85 3.8768868446350098
86 0.0
87 0.0
88 1.7230608463287354
89 0.0
90 0.8615304231643677
91 0.0
92 0.0
93 1.7230608463287354
94 7.753774166107178
95 0.0
96 0.0
97 0.8615304231643677
98 1.2922956943511963
99 2.5845913887023926
100 0.0
101 0.0
102 0.0
103 2.1538259983062744
104 0.0
105 2.1538262367248535
106 8.184539794921875
107 0.8615304231643677
108 0.0
109 0.0
110 0.0
111 0.43076521158218384
112 0.0
113 0.0
114 0.8615304231643677
115 0.8615304231643677
116 0.43076521158218384
117 0.43076521158218384
118 0.0
119 0.0
120 1.7230608463287354
121 0.0
122 0.8615304231643677
123 3.0153565406799316
124 0.0
125 0.0
126 0.0
127 0.8615304231643677
128 2.1538262367248535
129 0.0
130 3.0153565406799316
131 0.8615304231643677
132 0.0
133 0.8615304231643677
134 7.3230085372924805
135 0.0
136 0.43076521158218384
137 0.0
138 0.0
139 0.0
140 0.0
141 0.43076521158218384
142 3.0153565406799316
143 10.33836555480957
144 0.0
145 0.0
146 0.0
147 3.4461216926574707
148 1.2922956943511963
149 0.43076521158218384
150 1.7230608463287354
151 0.0
152 4.307651996612549
153 0.43076521158218384
154 0.0
155 0.0
156 0.43076521158218384
157 0.0
158 1.7230608463287354
159 0.0
160 0.43076521158218384
161 0.0
162 0.0
163 0.8615304231643677
164 1.2922956943511963
165 3.0153565406799316
166 0.0
167 0.0
168 0.0
169 0.0
170 0.8615304231643677
171 0.0
172 0.8615304231643677
173 0.0
174 0.43076521158218384
175 0.0
176 0.0
177 0.0
178 1.7230608463287354
179 0.43076521158218384
180 0.0
181 0.43076521158218384
182 0.0
183 1.2922956943511963
184 0.0
185 0.43076521158218384
186 7.3230085372924805
187 0.0
188 0.0
189 10.33836555480957
190 1.7230608463287354
191 0.43076521158218384
192 0.43076521158218384
193 0.0
194 15.0767822265625
195 7.3230085372924805
196 5.599947452545166
197 0.0
198 0.0
199 0.0
200 0.43076521158218384
201 0.0
202 0.43076521158218384
203 0.0
204 16.369077682495117
205 14.215250968933105
206 16.369077682495117
207 1.7230608463287354
208 0.0
209 0.0
210 2.1538259983062744
211 3.8768868446350098
212 0.0
213 0.0
214 2.5845913887023926
215 5.169182300567627
216 0.43076521158218384
217 0.43076521158218384
218 0.43076521158218384
219 0.0
220 0.8615304231643677
221 0.0
222 0.8615304231643677
223 0.43076521158218384
224 0.43076521158218384
225 0.43076521158218384
226 0.43076521158218384
227 3.8768868446350098
228 0.0
229 15.0767822265625
230 23.69208526611328
231 21.53826141357422
232 3.8768868446350098
233 1.2922956943511963
234 4.307651996612549
235 0.43076521158218384
236 0.8615304231643677
237 0.0
238 0.0
239 0.0
240 0.43076521158218384
241 0.0
242 4.307652473449707
243 0.0
244 0.0
245 0.0
246 0.0
247 0.0
248 2.5845913887023926
249 0.43076521158218384
250 0.0
251 0.8615304231643677
252 0.0
253 0.0
254 1.2922956943511963
255 2.5845913887023926
256 0.43076521158218384
257 0.0
258 0.0
259 0.0
260 1.2922956943511963
261 1.2922956943511963
262 0.0
263 0.43076521158218384
264 1.2922956943511963
265 0.0
266 0.0
267 1.7230608463287354
268 0.8615304231643677
269 2.5845913887023926
270 0.0
271 0.0
272 0.0
273 0.0
274 0.0
275 0.0
276 0.43076521158218384
277 0.0
278 9.476835250854492
279 0.0
280 0.43076521158218384
281 0.0
282 6.030713081359863
283 6.892243385314941
284 1.7230608463287354
285 15.0767822265625
286 0.43076521158218384
287 0.43076521158218384
288 1.7230608463287354
289 0.0
290 0.0
291 0.43076521158218384
292 0.8615304231643677
293 0.0
294 0.0
295 0.0
296 0.0
297 0.0
298 0.8615304231643677
299 3.0153565406799316
300 0.0
301 0.0
302 0.0
303 3.0153565406799316
304 0.0
305 0.0
306 0.0
307 0.0
308 0.8615304231643677
309 2.5845911502838135
310 0.0
311 1.2922956943511963
312 4.738417148590088
313 0.43076521158218384
314 0.0
315 0.0
316 14.215251922607422
317 15.507547378540039
318 0.8615304231643677
319 0.0
320 0.0
321 0.0
322 0.0
323 3.0153565406799316
324 0.0
325 2.5845913887023926
326 0.0
327 7.7537736892700195
328 0.0
329 0.0
330 0.8615304231643677
331 0.0
332 0.0
333 2.5845913887023926
334 0.43076521158218384
335 0.0
336 0.0
337 0.43076521158218384
338 2.1538259983062744
339 0.43076521158218384
340 0.0
341 0.43076521158218384
342 0.8615304231643677
343 0.0
344 3.0153565406799316
345 0.0
346 3.4461216926574707
347 0.8615304231643677
348 5.169182300567627
349 1.2922956943511963
350 0.0
351 0.0
352 0.43076521158218384
353 14.215251922607422
354 2.5845913887023926
355 0.43076521158218384
356 0.0
357 2.1538262367248535
358 0.0
359 0.43076521158218384
360 0.0
361 2.1538259983062744
362 0.0
363 0.0
364 0.0
365 0.43076521158218384
366 2.1538262367248535
367 0.43076521158218384
368 4.738417625427246
369 2.1538259983062744
370 0.0
371 0.43076521158218384
372 0.8615304231643677
373 0.0
374 5.169182777404785
375 0.0
376 0.43076521158218384
377 0.43076521158218384
378 0.43076521158218384
379 0.43076521158218384
380 10.76913070678711
381 12.492191314697266
382 5.169182777404785
383 0.0
384 0.0
385 0.0
386 0.0
387 0.0
388 1.2922956943511963
389 13.353721618652344
390 1.2922956943511963
391 0.0
392 0.0
393 0.0
394 0.0
395 0.0
396 0.0
397 0.0
398 0.43076521158218384
399 1.7230608463287354
400 3.4461216926574707
401 0.0
402 0.43076521158218384
403 0.0
404 0.0
405 0.0
406 0.0
407 0.0
408 0.0
409 0.0
410 0.0
411 0.0
412 0.0
413 0.0
414 0.0
415 0.0
416 2.5845913887023926
417 0.0
418 0.0
419 2.1538259983062744
420 0.0
421 2.1538259983062744
422 0.0
423 0.0
424 0.0
425 0.0
426 0.0
427 1.7230608463287354
428 0.8615304231643677
429 4.738417625427246
430 0.0
431 0.0
432 1.2922956943511963
433 2.1538262367248535
434 0.0
435 0.0
436 0.43076521158218384
437 0.0
438 0.0
439 17.661373138427734
440 14.646017074584961
441 6.030713081359863
442 3.4461216926574707
443 9.476834297180176
444 2.5845913887023926
445 2.1538259983062744
446 2.1538262367248535
447 0.0
448 0.8615304231643677
449 0.43076521158218384
450 0.0
451 0.0
452 1.7230608463287354
453 0.0
454 0.43076521158218384
455 1.2922956943511963
456 0.0
457 0.0
458 3.876887083053589
459 3.0153565406799316
460 0.8615304231643677
461 1.2922956943511963
462 1.2922956943511963
463 0.0
464 0.8615304231643677
465 0.0
466 0.0
467 0.0
468 11.630661010742188
469 0.43076521158218384
470 1.7230608463287354
471 0.0
472 2.5845913887023926
473 0.0
474 2.1538262367248535
475 0.0
476 7.7537736892700195
477 0.0
478 0.0
479 2.5845911502838135
480 0.0
481 0.0
482 0.0
483 2.1538259983062744
484 0.43076521158218384
485 2.1538259983062744
486 1.2922956943511963
487 0.43076521158218384
488 0.0
489 0.43076521158218384
490 12.492191314697266
491 21.53826141357422
492 27.568971633911133
493 10.76913070678711
494 18.522903442382813
495 0.0
496 0.0
497 0.0
498 0.43076521158218384
499 0.43076521158218384
500 4.307651996612549
501 0.43076521158218384
502 1.2922956943511963
503 0.0
504 0.0
505 0.0
506 3.0153565406799316
507 4.738417148590088
508 0.8615304231643677
509 0.8615304231643677
510 0.8615304231643677
511 0.0
512 14.215251922607422
513 10.76913070678711
514 0.8615304231643677
515 0.0
516 2.1538259983062744
517 2.5845911502838135
518 0.0
519 0.8615304231643677
520 0.0
521 22.399791717529297
522 0.43076521158218384
523 0.8615304231643677
524 0.0
525 1.2922956943511963
526 5.599947929382324
527 0.8615304231643677
528 1.2922956943511963
529 1.2922956943511963
530 0.43076521158218384
531 0.8615304231643677
532 2.5845911502838135
533 0.0
534 0.0
535 0.43076521158218384
536 1.2922956943511963
537 2.1538259983062744
538 0.0
539 1.2922956943511963
540 0.43076521158218384
541 8.184538841247559
542 6.461478233337402
543 0.43076521158218384
544 0.0
545 0.43076521158218384
546 0.0
547 0.0
548 2.5845913887023926
549 0.43076521158218384
550 0.0
551 0.0
552 0.0
553 0.0
554 0.0
555 0.43076521158218384
556 0.0
557 1.2922956943511963
558 2.5845913887023926
559 0.0
560 0.0
561 0.8615304231643677
562 0.43076521158218384
563 0.0
564 0.43076521158218384
565 0.0
566 0.8615304231643677
567 0.0
568 0.8615304231643677
569 0.8615304231643677
570 0.43076521158218384
571 0.0
572 0.0
573 4.307651996612549
574 0.0
575 1.2922956943511963
576 2.5845913887023926
577 0.0
578 0.43076521158218384
579 0.0
580 0.43076521158218384
581 0.0
582 0.8615304231643677
583 1.2922956943511963
584 0.0
585 0.0
586 0.8615304231643677
587 0.0
588 0.0
589 2.5845913887023926
590 2.1538259983062744
591 1.2922956943511963
592 0.8615304231643677
593 0.0
594 0.0
595 1.2922956943511963
596 0.43076521158218384
597 0.0
598 0.0
599 0.43076521158218384
600 0.0
601 1.2922956943511963
602 0.43076521158218384
603 1.7230608463287354
604 0.0
605 0.0
606 6.030713081359863
607 3.4461216926574707
608 1.7230608463287354
609 0.8615304231643677
610 0.0
611 0.0
612 1.7230608463287354
613 0.0
614 0.0
615 0.0
616 0.0
617 0.0
618 0.0
619 0.0
620 0.0
621 0.0
622 0.0
623 0.0
624 0.0
625 0.0
626 0.8615304231643677
627 0.0
628 0.0
629 0.0
630 1.7230608463287354
631 0.43076521158218384
632 0.0
633 0.0
634 4.738417148590088
635 0.0
636 0.0
637 0.0
638 0.0
639 5.169182777404785
640 6.892243385314941
641 18.95366859436035
642 21.10749626159668
643 1.2922956943511963
644 0.8615304231643677
645 0.0
646 2.5845911502838135
647 0.43076521158218384
648 0.0
649 2.5845913887023926
650 0.0
651 0.43076521158218384
652 0.8615304231643677
653 0.0
654 7.3230085372924805
655 2.5845913887023926
656 0.0
657 0.0
658 2.1538259983062744
659 0.8615304231643677
660 0.0
661 1.2922956943511963
662 0.0
663 5.599947929382324
664 0.0
665 0.0
666 0.43076521158218384
667 2.1538259983062744
668 0.8615304231643677
669 0.8615304231643677
670 3.0153565406799316
671 3.0153565406799316
672 0.0
673 0.0
674 1.7230608463287354
675 0.0
676 0.0
677 0.0
678 0.43076521158218384
679 1.7230608463287354
680 3.8768868446350098
681 0.43076521158218384
682 0.8615304231643677
683 1.2922956943511963
684 0.0
685 0.8615304231643677
686 0.43076521158218384
687 3.8768868446350098
688 0.0
689 0.8615304231643677
690 3.0153565406799316
691 0.0
692 1.2922956943511963
693 0.0
694 1.7230608463287354
695 0.0
696 3.0153565406799316
697 15.938312530517578
698 10.769129753112793
699 17.661373138427734
700 23.69208526611328
701 14.215251922607422
702 9.476834297180176
703 0.0
704 0.0
705 6.892243385314941
706 9.907600402832031
707 14.215251922607422
708 18.522903442382813
709 0.8615304231643677
710 12.922956466674805
711 1.2922956943511963
712 9.046069145202637
713 0.43076521158218384
714 0.0
715 0.0
716 4.738417625427246
717 1.7230608463287354
718 0.0
719 0.0
720 13.784486770629883
721 0.43076521158218384
722 0.0
723 8.184538841247559
724 0.0
725 0.0
726 1.2922956943511963
727 0.0
728 3.0153565406799316
729 6.030713081359863
730 0.43076521158218384
731 0.0
732 3.4461216926574707
733 0.0
734 0.43076521158218384
735 3.4461216926574707
736 0.0
737 2.5845913887023926
738 2.5845913887023926
739 0.0
740 0.0
741 0.0
742 0.0
743 0.8615304231643677
744 0.0
745 1.2922956943511963
746 5.169182777404785
747 0.0
748 0.0
749 0.0
750 0.8615304231643677
751 5.169182777404785
752 0.0
753 0.0
754 0.0
755 2.5845913887023926
756 0.8615304231643677
757 0.43076521158218384
758 3.4461216926574707
759 0.0
760 0.0
761 0.0
762 0.8615304231643677
763 0.0
764 0.8615304231643677
765 10.33836555480957
766 15.938312530517578
767 20.676729202270508
768 15.507547378540039
769 15.507547378540039
770 3.4461216926574707
771 0.0
772 0.8615304231643677
773 1.2922956943511963
774 0.8615304231643677
775 0.0
776 2.1538262367248535
777 0.43076521158218384
778 0.0
779 1.7230608463287354
780 0.43076521158218384
781 0.8615304231643677
782 0.8615304231643677
783 0.0
784 10.769129753112793
785 1.7230608463287354
786 0.0
787 0.0
788 0.43076521158218384
789 0.43076521158218384
790 0.0
791 0.0
792 0.0
793 0.43076521158218384
794 0.0
795 0.0
796 0.43076521158218384
797 0.8615304231643677
798 0.8615304231643677
799 0.0
800 0.43076521158218384
801 0.0
802 1.7230608463287354
803 2.5845911502838135
804 0.0
805 0.0
806 0.43076521158218384
807 2.1538259983062744
808 0.0
809 10.33836555480957
810 7.7537736892700195
811 12.492191314697266
812 3.4461216926574707
813 0.0
814 4.738417148590088
815 0.0
816 0.0
817 0.43076521158218384
818 0.0
819 0.0
820 0.8615304231643677
821 0.0
822 2.1538259983062744
823 1.2922956943511963
824 0.0
825 0.8615304231643677
826 0.0
827 0.0
828 5.169182300567627
829 0.0
830 2.1538262367248535
831 0.0
832 0.0
833 0.43076521158218384
834 1.2922956943511963
835 2.5845911502838135
836 0.0
837 0.0
838 1.2922956943511963
839 2.5845913887023926
840 2.1538259983062744
841 0.0
842 0.0
843 0.0
844 0.0
845 4.307651996612549
846 0.43076521158218384
847 3.8768868446350098
848 0.0
849 0.0
850 0.0
851 0.0
852 5.169182300567627
853 1.2922956943511963
854 1.7230608463287354
855 0.0
856 1.7230608463287354
857 0.43076521158218384
858 0.0
859 0.43076521158218384
860 0.0
861 0.0
862 0.0
863 0.0
864 0.8615304231643677
865 1.2922956943511963
866 0.0
867 0.8615304231643677
868 0.8615304231643677
869 0.0
870 2.1538259983062744
871 0.0
872 0.0
873 3.4461216926574707
874 0.8615304231643677
875 1.7230608463287354
876 0.0
877 0.0
878 1.2922956943511963
879 0.43076521158218384
880 0.0
881 0.0
882 0.43076521158218384
883 2.5845911502838135
884 0.8615304231643677
885 0.0
886 0.0
887 0.0
888 17.661373138427734
889 3.4461216926574707
890 0.0
891 0.0
892 0.43076521158218384
893 0.0
894 5.169182777404785
895 0.0
896 0.0
897 0.0
898 1.7230608463287354
899 0.43076521158218384
900 0.8615304231643677
901 0.8615304231643677
902 3.4461216926574707
903 0.43076521158218384
904 0.8615304231643677
905 1.2922956943511963
906 0.0
907 0.8615304231643677
908 0.0
909 0.8615304231643677
910 0.0
911 0.43076521158218384
912 11.199894905090332
913 0.0
914 15.938312530517578
915 7.7537736892700195
916 1.7230608463287354
917 3.4461216926574707
918 0.0
919 0.0
920 0.0
921 5.169182777404785
922 0.0
923 0.43076521158218384
924 3.8768868446350098
925 0.0
926 0.43076521158218384
927 0.0
928 3.8768868446350098
929 2.5845913887023926
930 2.1538259983062744
931 0.8615304231643677
932 0.43076521158218384
933 3.4461216926574707
934 0.43076521158218384
935 0.0
936 2.5845911502838135
937 0.8615304231643677
938 0.0
939 0.8615304231643677
940 0.0
941 0.0
942 0.0
943 0.0
944 0.0
945 0.0
946 10.76913070678711
947 1.7230608463287354
948 0.0
949 1.2922956943511963
950 0.0
951 0.0
952 0.8615304231643677
953 0.0
954 6.892243385314941
955 0.0
956 0.0
957 0.0
958 0.0
959 9.476835250854492
960 3.0153563022613525
961 2.1538259983062744
962 0.0
963 0.0
964 0.0
965 0.0
966 0.0
967 0.0
968 2.1538259983062744
969 0.0
970 0.0
971 0.0
972 0.0
973 0.0
974 0.0
975 0.0
976 0.43076521158218384
977 6.461478233337402
978 0.0
979 0.43076521158218384
980 0.0
981 2.5845913887023926
982 0.43076521158218384
983 0.0
984 5.169182777404785
985 0.43076521158218384
986 5.169182777404785
987 0.0
988 0.0
989 0.0
990 11.630661010742188
991 0.8615304231643677
992 3.4461216926574707
993 0.0
994 0.0
995 0.0
996 0.0
997 20.24596405029297
998 0.0
999 0.0
1000 0.43076521158218384
1001 0.0
1002 0.0
