# Selection:resname AU POPC Restricted:name AUC AUL AUSL Radius:2.64 Start:0 End:-1
0 78.83003997802734
1 78.83003997802734
2 14.646017074584961
3 3.4461216926574707
4 10.33836555480957
5 6.892243385314941
6 10.338364601135254
7 10.769129753112793
8 5.599947929382324
9 8.615303993225098
10 8.184538841247559
11 23.69208526611328
12 10.338364601135254
13 16.369077682495117
14 3.8768868446350098
15 6.892243385314941
16 11.199895858764648
17 0.8615304231643677
18 14.215251922607422
19 18.522903442382813
20 12.492191314697266
21 10.76913070678711
22 7.7537736892700195
23 3.8768868446350098
24 8.184538841247559
25 8.184538841247559
26 7.7537736892700195
27 1.7230608463287354
28 9.907599449157715
29 18.953670501708984
30 5.169182777404785
31 0.8615304231643677
32 7.7537736892700195
33 15.938313484191895
34 2.1538259983062744
35 15.0767822265625
36 9.907599449157715
37 6.461478233337402
38 4.307651996612549
39 6.892243385314941
40 3.0153565406799316
41 3.0153565406799316
42 6.461478233337402
43 0.8615304231643677
44 15.507547378540039
45 24.55361557006836
46 11.199895858764648
47 1.2922956943511963
48 8.184538841247559
49 17.661373138427734
50 8.184539794921875
51 16.369077682495117
52 9.476834297180176
53 8.615303993225098
54 8.184538841247559
55 3.4461216926574707
56 6.030713081359863
57 11.199895858764648
58 3.4461216926574707
59 4.307651996612549
60 6.892243385314941
61 3.4461216926574707
62 15.938312530517578
63 8.615303993225098
64 10.76913070678711
65 19.384435653686523
66 10.33836555480957
67 11.630661010742188
68 4.307651996612549
69 14.215251922607422
70 6.892243385314941
71 6.030713081359863
72 9.907600402832031
73 7.3230085372924805
74 13.353721618652344
75 5.599947929382324
76 5.169182300567627
77 2.5845913887023926
78 3.8768868446350098
79 3.0153565406799316
80 9.907599449157715
81 11.199895858764648
82 5.169182300567627
83 6.030713081359863
84 4.738417148590088
85 8.615303993225098
86 10.76913070678711
87 6.892243385314941
88 13.353721618652344
89 5.169182777404785
90 5.169182777404785
91 2.1538259983062744
92 40.922698974609375
93 18.092138290405273
94 12.061426162719727
95 27.568971633911133
96 4.738417148590088
97 10.76913070678711
98 6.892243385314941
99 0.8615304231643677
100 5.599947929382324
101 18.95366859436035
102 9.046069145202637
103 7.3230085372924805
104 11.630660057067871
105 12.49219036102295
106 3.0153563022613525
107 19.38443374633789
108 4.307652473449707
109 12.922956466674805
110 16.369077682495117
111 9.907599449157715
112 14.215251922607422
113 13.784485816955566
114 10.769129753112793
115 3.8768868446350098
116 9.476834297180176
117 8.184538841247559
118 5.599947929382324
119 0.8615304231643677
120 0.43076521158218384
121 18.95366859436035
122 17.230607986450195
123 8.615303993225098
124 4.307651996612549
125 4.307651996612549
126 1.2922956943511963
127 5.169182300567627
128 14.646017074584961
129 12.492191314697266
130 14.646017074584961
131 5.169182300567627
132 11.199895858764648
133 15.507547378540039
134 10.33836555480957
135 12.922956466674805
136 8.184538841247559
137 18.953670501708984
138 6.461478233337402
139 5.599947452545166
140 23.69208526611328
141 6.892243385314941
142 4.307652473449707
143 7.7537736892700195
144 9.046069145202637
145 15.0767822265625
146 9.907600402832031
147 6.892243385314941
148 7.3230085372924805
149 6.030713081359863
150 5.599947452545166
151 6.461478233337402
152 2.1538262367248535
153 7.7537736892700195
154 15.0767822265625
155 13.784486770629883
156 11.199894905090332
157 15.0767822265625
158 9.476834297180176
159 19.38443374633789
160 14.215251922607422
161 3.4461216926574707
162 3.8768868446350098
163 9.476834297180176
164 18.092138290405273
165 12.06142520904541
166 17.661373138427734
167 19.38443374633789
168 16.369077682495117
169 14.215251922607422
170 7.3230085372924805
171 31.015094757080078
172 6.030713081359863
173 27.138206481933594
174 0.8615304231643677
175 5.599947929382324
176 13.353721618652344
177 12.061426162719727
178 7.3230085372924805
179 18.522903442382813
180 18.522905349731445
181 15.938312530517578
182 10.76913070678711
183 16.799842834472656
184 12.492191314697266
185 10.33836555480957
186 4.307651996612549
187 13.784486770629883
188 12.922956466674805
189 8.184539794921875
190 19.81519889831543
191 18.95366859436035
192 1.2922956943511963
193 9.046069145202637
194 4.738417625427246
195 6.892243385314941
196 8.184539794921875
197 6.461478233337402
198 6.461478233337402
199 1.2922956943511963
200 14.646017074584961
201 13.784486770629883
202 9.046070098876953
203 9.476834297180176
204 3.4461216926574707
205 7.7537736892700195
206 5.599947929382324
207 16.369077682495117
208 4.307652473449707
209 15.938312530517578
210 7.3230085372924805
211 11.199894905090332
212 0.43076521158218384
213 20.24596405029297
214 26.707441329956055
215 12.492191314697266
216 18.092138290405273
217 12.49219036102295
218 5.169182777404785
219 1.7230608463287354
220 4.738417625427246
221 10.338364601135254
222 15.0767822265625
223 24.553617477416992
224 3.0153565406799316
225 15.0767822265625
226 9.046069145202637
227 18.95366859436035
228 3.8768868446350098
229 21.969024658203125
230 6.030713081359863
231 0.43076521158218384
232 3.4461216926574707
233 1.7230608463287354
234 13.353721618652344
235 2.5845913887023926
236 6.461478233337402
237 15.938313484191895
238 8.615304946899414
239 18.092140197753906
240 9.046069145202637
241 6.461478233337402
242 0.8615304231643677
243 14.646017074584961
244 20.24596405029297
245 26.707443237304688
246 20.676729202270508
247 2.5845913887023926
248 9.046069145202637
249 13.353721618652344
250 8.184538841247559
251 10.76913070678711
252 20.24596405029297
253 4.738417625427246
254 14.646017074584961
255 3.0153565406799316
256 6.461478233337402
257 9.907599449157715
258 10.33836555480957
259 18.95366859436035
260 5.599947929382324
261 7.7537736892700195
262 3.4461216926574707
263 6.892243385314941
264 13.353721618652344
265 2.1538259983062744
266 20.67673110961914
267 10.76913070678711
268 6.461478233337402
269 5.599947452545166
270 27.138206481933594
271 8.184538841247559
272 11.199895858764648
273 17.661373138427734
274 6.892243385314941
275 4.738417148590088
276 26.707443237304688
277 13.353721618652344
278 21.538259506225586
279 9.046069145202637
280 8.615303993225098
281 7.3230085372924805
282 19.38443374633789
283 19.38443374633789
284 6.892243385314941
285 9.046069145202637
286 9.046069145202637
287 26.276676177978516
288 28.86126708984375
289 15.0767822265625
290 3.4461216926574707
291 21.107494354248047
292 12.922956466674805
293 5.599947929382324
294 19.38443374633789
295 5.169182300567627
296 6.892243385314941
297 12.492191314697266
298 9.907600402832031
299 15.0767822265625
300 3.0153565406799316
301 4.307651996612549
302 12.922955513000488
303 6.030713081359863
304 9.476834297180176
305 8.184538841247559
306 17.230607986450195
307 6.892243385314941
308 6.892243385314941
309 4.738417625427246
310 6.892243385314941
311 13.353721618652344
312 7.7537736892700195
313 15.076781272888184
314 12.061426162719727
315 12.492191314697266
316 0.8615304231643677
317 23.69208526611328
318 7.7537736892700195
319 5.169182777404785
320 21.10749626159668
321 15.507547378540039
322 9.476834297180176
323 23.261320114135742
324 16.799842834472656
325 6.461478233337402
326 3.876887083053589
327 13.353721618652344
328 28.43050193786621
329 15.507546424865723
330 3.8768868446350098
331 1.2922956943511963
332 9.046069145202637
333 10.76913070678711
334 13.353721618652344
335 13.353721618652344
336 7.3230085372924805
337 8.615303993225098
338 10.76913070678711
339 12.922956466674805
340 17.230607986450195
341 18.95366859436035
342 32.30738830566406
343 1.2922956943511963
344 4.738417148590088
345 17.230607986450195
346 23.69208526611328
347 27.568973541259766
348 9.907599449157715
349 5.169182777404785
350 32.738155364990234
351 20.67673110961914
352 15.0767822265625
353 6.892243385314941
354 14.646017074584961
355 3.4461216926574707
356 3.8768868446350098
357 5.599947929382324
358 16.799842834472656
359 13.784486770629883
360 5.599947929382324
361 27.138206481933594
362 13.784485816955566
363 6.892243385314941
364 36.18428039550781
365 3.8768868446350098
366 48.24570846557617
367 10.76913070678711
368 6.030713081359863
369 9.907599449157715
370 5.599947929382324
371 7.753774166107178
372 6.461478233337402
373 16.799842834472656
374 10.338364601135254
375 18.95366859436035
376 9.476835250854492
377 12.061426162719727
378 3.4461216926574707
379 9.476835250854492
380 15.0767822265625
381 8.615303993225098
382 1.7230608463287354
383 19.81519889831543
384 12.49219036102295
385 1.2922956943511963
386 6.461478233337402
387 18.092138290405273
388 18.522903442382813
389 7.323009014129639
390 15.0767822265625
391 7.3230085372924805
392 14.646018028259277
393 24.55361557006836
394 21.107494354248047
395 9.046069145202637
396 11.199895858764648
397 25.415145874023438
398 4.307651996612549
399 28.861268997192383
400 9.046069145202637
401 6.030713081359863
402 15.076781272888184
403 7.323009014129639
404 33.168922424316406
405 7.3230085372924805
406 4.738417625427246
407 1.7230608463287354
408 10.769129753112793
409 17.661373138427734
410 24.122852325439453
411 29.72279930114746
412 2.1538259983062744
413 12.922956466674805
414 6.461478233337402
415 6.892243385314941
416 10.769129753112793
417 27.138206481933594
418 10.33836555480957
419 8.615303993225098
420 1.2922956943511963
421 18.953670501708984
422 21.107494354248047
423 12.922956466674805
424 14.646017074584961
425 5.169182300567627
426 1.2922956943511963
427 6.030713081359863
428 7.7537736892700195
429 3.4461216926574707
430 4.307651996612549
431 18.092138290405273
432 0.43076521158218384
433 11.630660057067871
434 18.522903442382813
435 6.461478233337402
436 3.4461216926574707
437 42.214988708496094
438 25.84591293334961
439 13.353721618652344
440 17.661373138427734
441 5.169182777404785
442 6.892243385314941
443 9.476835250854492
444 9.046069145202637
445 4.738417625427246
446 4.307651996612549
447 16.799842834472656
448 9.907600402832031
449 4.738417625427246
450 8.184539794921875
451 5.599947929382324
452 19.81519889831543
453 8.615303993225098
454 25.415145874023438
455 16.369077682495117
456 9.476834297180176
457 43.07652282714844
458 12.922955513000488
459 7.3230085372924805
460 0.8615304231643677
461 8.184538841247559
462 12.492191314697266
463 30.584327697753906
464 11.630660057067871
465 4.307652473449707
466 15.507547378540039
467 9.907599449157715
468 9.046070098876953
469 14.646017074584961
470 12.922955513000488
471 6.030713081359863
472 17.661373138427734
473 24.12285041809082
474 21.969024658203125
475 3.0153565406799316
476 12.061426162719727
477 15.0767822265625
478 2.5845911502838135
479 5.599947452545166
480 16.369077682495117
481 10.76913070678711
482 5.599947929382324
483 18.522903442382813
484 8.615303993225098
485 11.630661010742188
486 11.199895858764648
487 17.661373138427734
488 25.41514778137207
489 6.892243385314941
490 20.676729202270508
491 3.0153563022613525
492 6.030713081359863
493 28.430503845214844
494 18.522903442382813
495 14.215251922607422
496 0.0
497 8.184539794921875
498 8.615303993225098
499 6.030713081359863
500 19.38443374633789
501 9.907600402832031
502 8.184538841247559
503 6.030713081359863
504 0.0
505 10.33836555480957
506 17.230607986450195
507 18.522903442382813
508 11.630660057067871
509 17.230607986450195
510 7.3230085372924805
511 13.353721618652344
512 15.0767822265625
513 9.907599449157715
514 3.8768868446350098
515 19.38443374633789
516 23.692087173461914
517 17.661373138427734
518 0.8615304231643677
519 11.199894905090332
520 14.215251922607422
521 3.0153563022613525
522 32.738155364990234
523 12.061426162719727
524 9.046070098876953
525 9.476835250854492
526 5.169182777404785
527 0.43076521158218384
528 15.507547378540039
529 6.461477756500244
530 14.646017074584961
531 14.215251922607422
532 12.492191314697266
533 4.307652473449707
534 0.43076521158218384
535 7.323009014129639
536 6.461478233337402
537 5.599947929382324
538 4.307652473449707
539 5.599947929382324
540 16.799842834472656
541 1.7230608463287354
542 12.922956466674805
543 11.199895858764648
544 9.476834297180176
545 20.24596405029297
546 3.4461216926574707
547 6.030713081359863
548 6.892243385314941
549 6.461478233337402
550 7.323008060455322
551 3.8768868446350098
552 10.769129753112793
553 20.676729202270508
554 24.12285041809082
555 17.661373138427734
556 14.215251922607422
557 11.199895858764648
558 19.81519889831543
559 24.55361557006836
560 4.307652473449707
561 12.922956466674805
562 23.261320114135742
563 7.3230085372924805
564 15.0767822265625
565 21.53826141357422
566 27.138206481933594
567 15.938312530517578
568 9.046069145202637
569 27.138208389282227
570 9.907600402832031
571 11.630660057067871
572 5.169182300567627
573 8.184538841247559
574 18.95366859436035
575 1.7230608463287354
576 35.75351333618164
577 10.76913070678711
578 6.030712604522705
579 2.1538262367248535
580 10.33836555480957
581 16.799842834472656
582 3.4461216926574707
583 25.845911026000977
584 9.476834297180176
585 1.7230608463287354
586 6.892243385314941
587 12.492191314697266
588 17.661373138427734
589 3.4461216926574707
590 1.2922956943511963
591 8.184538841247559
592 7.3230085372924805
593 29.29203224182129
594 16.799842834472656
595 11.199895858764648
596 4.738417148590088
597 10.769129753112793
598 12.06142520904541
599 18.092138290405273
600 21.969024658203125
601 9.046069145202637
602 18.092138290405273
603 7.3230085372924805
604 9.046069145202637
605 1.2922956943511963
606 12.922956466674805
607 6.461478233337402
608 1.7230608463287354
609 12.922956466674805
610 13.784486770629883
611 14.646017074584961
612 1.2922956943511963
613 17.230607986450195
614 8.615303993225098
615 9.476834297180176
616 9.046070098876953
617 3.0153565406799316
618 13.784485816955566
619 3.8768868446350098
620 5.169182300567627
621 5.169182300567627
622 12.492191314697266
623 8.184538841247559
624 11.630661010742188
625 13.784486770629883
626 7.7537736892700195
627 5.169182300567627
628 14.646017074584961
629 9.907600402832031
630 9.907600402832031
631 12.061426162719727
632 1.2922956943511963
633 9.907599449157715
634 30.584327697753906
635 5.599947929382324
636 1.2922956943511963
637 4.307651996612549
638 12.061426162719727
639 27.568971633911133
640 11.199894905090332
641 2.5845913887023926
642 17.661373138427734
643 7.7537736892700195
644 1.7230608463287354
645 5.599947929382324
646 9.046069145202637
647 6.892242908477783
648 17.661373138427734
649 6.892243385314941
650 10.338364601135254
651 7.7537736892700195
652 0.43076521158218384
653 15.507547378540039
654 27.568973541259766
655 15.0767822265625
656 0.43076521158218384
657 24.55361557006836
658 11.199895858764648
659 18.95366859436035
660 5.599947929382324
661 11.199895858764648
662 10.769129753112793
663 17.661373138427734
664 9.907599449157715
665 17.661373138427734
666 13.353721618652344
667 18.092138290405273
668 4.738417625427246
669 5.169182777404785
670 3.4461216926574707
671 3.0153565406799316
672 6.461478233337402
673 12.061426162719727
674 10.76913070678711
675 33.16891860961914
676 2.5845913887023926
677 3.8768868446350098
678 2.5845913887023926
679 17.661373138427734
680 15.507547378540039
681 11.630661010742188
682 2.5845913887023926
683 24.553617477416992
684 3.4461216926574707
685 25.415145874023438
686 8.615303993225098
687 6.892243385314941
688 9.476835250854492
689 13.784486770629883
690 10.33836555480957
691 14.646017074584961
692 12.922956466674805
693 27.999736785888672
694 4.738417625427246
695 6.892243385314941
696 10.338364601135254
697 21.969026565551758
698 13.353721618652344
699 20.676729202270508
700 14.646017074584961
701 13.784486770629883
702 3.876887083053589
703 18.092138290405273
704 14.646017074584961
705 1.7230608463287354
706 3.0153565406799316
707 5.599947929382324
708 9.907599449157715
709 1.7230608463287354
710 10.33836555480957
711 20.676729202270508
712 4.738417625427246
713 20.24596405029297
714 11.199895858764648
715 7.7537736892700195
716 18.092138290405273
717 4.738417148590088
718 15.938312530517578
719 4.738417148590088
720 3.0153565406799316
721 24.553617477416992
722 22.830554962158203
723 4.307652473449707
724 4.738417625427246
725 4.307651996612549
726 6.030713081359863
727 11.630660057067871
728 1.2922956943511963
729 15.0767822265625
730 15.0767822265625
731 12.922956466674805
732 6.461478233337402
733 3.0153565406799316
734 9.907599449157715
735 15.0767822265625
736 4.738417148590088
737 11.199895858764648
738 12.061426162719727
739 3.8768868446350098
740 3.876887083053589
741 3.0153565406799316
742 28.430503845214844
743 1.2922956943511963
744 15.0767822265625
745 13.784486770629883
746 19.81519889831543
747 3.8768868446350098
748 3.4461216926574707
749 18.522903442382813
750 7.3230085372924805
751 25.41514778137207
752 47.38417434692383
753 15.507547378540039
754 13.353720664978027
755 11.630661010742188
756 21.969026565551758
757 6.030713081359863
758 22.399789810180664
759 10.76913070678711
760 13.353721618652344
761 1.2922956943511963
762 37.4765739440918
763 9.046070098876953
764 8.615303993225098
765 3.4461216926574707
766 11.199894905090332
767 31.445859909057617
768 6.030713081359863
769 9.476834297180176
770 15.507547378540039
771 13.784486770629883
772 11.199895858764648
773 12.061426162719727
774 18.522903442382813
775 1.7230608463287354
776 26.276676177978516
777 24.553617477416992
778 10.338364601135254
779 19.815200805664063
780 6.030713081359863
781 12.061426162719727
782 10.76913070678711
783 9.046069145202637
784 2.1538262367248535
785 5.599947929382324
786 5.599947929382324
787 31.015094757080078
788 26.707441329956055
789 43.938053131103516
790 4.307652473449707
791 2.1538262367248535
792 6.461478233337402
793 21.538259506225586
794 4.738417625427246
795 11.199894905090332
796 33.168922424316406
797 0.8615304231643677
798 5.169182300567627
799 5.169182777404785
800 16.369077682495117
801 16.369077682495117
802 21.969024658203125
803 21.969024658203125
804 21.107494354248047
805 8.184538841247559
806 3.4461216926574707
807 7.7537736892700195
808 12.492191314697266
809 3.4461216926574707
810 6.892243385314941
811 9.046070098876953
812 10.33836555480957
813 8.615303993225098
814 7.3230085372924805
815 6.892243385314941
816 4.738417148590088
817 6.030713081359863
818 6.461478233337402
819 0.8615304231643677
820 9.046070098876953
821 18.95366859436035
822 7.3230085372924805
823 7.3230085372924805
824 1.7230608463287354
825 2.1538259983062744
826 2.5845913887023926
827 20.2459659576416
828 12.922956466674805
829 13.784486770629883
830 12.492191314697266
831 5.169182777404785
832 8.615303993225098
833 27.138208389282227
834 10.769129753112793
835 0.8615304231643677
836 13.353721618652344
837 17.230607986450195
838 1.2922956943511963
839 11.199895858764648
840 1.7230608463287354
841 7.7537736892700195
842 11.630661010742188
843 21.969026565551758
844 17.230607986450195
845 13.353721618652344
846 7.3230085372924805
847 35.32274627685547
848 5.599947929382324
849 6.8922438621521
850 9.907599449157715
851 21.107494354248047
852 12.492191314697266
853 19.38443374633789
854 12.922956466674805
855 17.661373138427734
856 29.292034149169922
857 10.76913070678711
858 14.215250968933105
859 19.38443374633789
860 15.938312530517578
861 21.969024658203125
862 9.907600402832031
863 4.738417625427246
864 8.184538841247559
865 2.1538262367248535
866 5.599947929382324
867 16.799842834472656
868 10.76913070678711
869 7.7537736892700195
870 7.7537736892700195
871 16.369077682495117
872 17.661373138427734
873 17.230607986450195
874 4.738417148590088
875 5.169182300567627
876 11.630661010742188
877 2.1538259983062744
878 15.0767822265625
879 6.461478233337402
880 10.33836555480957
881 6.892243385314941
882 15.938312530517578
883 15.076781272888184
884 2.5845913887023926
885 8.184538841247559
886 16.799842834472656
887 5.169182300567627
888 12.061426162719727
889 6.030713081359863
890 26.707443237304688
891 10.338364601135254
892 1.7230608463287354
893 1.7230608463287354
894 5.169182777404785
895 10.769129753112793
896 13.353720664978027
897 18.092138290405273
898 12.922956466674805
899 6.892243385314941
900 14.646016120910645
901 17.661373138427734
902 2.1538262367248535
903 12.06142520904541
904 3.4461216926574707
905 37.04581069946289
906 9.476834297180176
907 30.58432960510254
908 10.33836555480957
909 6.030713081359863
910 12.492191314697266
911 11.199895858764648
912 10.33836555480957
913 5.169182300567627
914 17.230607986450195
915 15.076783180236816
916 10.33836555480957
917 16.369077682495117
918 10.769129753112793
919 7.3230085372924805
920 12.492191314697266
921 4.738417148590088
922 3.4461216926574707
923 19.81519889831543
924 6.030712604522705
925 3.8768868446350098
926 13.784486770629883
927 12.492191314697266
928 15.507547378540039
929 15.076781272888184
930 10.33836555480957
931 12.922956466674805
932 3.8768868446350098
933 14.646017074584961
934 14.215250968933105
935 8.615303993225098
936 17.661375045776367
937 6.892243385314941
938 20.676729202270508
939 6.461478233337402
940 9.907600402832031
941 4.738417625427246
942 12.922956466674805
943 12.492191314697266
944 8.615303993225098
945 9.476835250854492
946 15.0767822265625
947 25.415149688720703
948 10.769129753112793
949 12.49219036102295
950 4.307651996612549
951 11.630661010742188
952 16.369077682495117
953 4.738417148590088
954 28.430503845214844
955 7.7537736892700195
956 6.892243385314941
957 11.199894905090332
958 11.199895858764648
959 8.184539794921875
960 12.492191314697266
961 9.907599449157715
962 4.307651996612549
963 9.046069145202637
964 21.538259506225586
965 12.06142520904541
966 27.568971633911133
967 9.046069145202637
968 11.199895858764648
969 9.046069145202637
970 9.046069145202637
971 6.461478233337402
972 15.938312530517578
973 1.7230608463287354
974 5.169182777404785
975 9.046069145202637
976 6.030712604522705
977 8.615303993225098
978 19.38443374633789
979 5.169182300567627
980 18.953670501708984
981 17.230609893798828
982 11.630661010742188
983 7.3230085372924805
984 10.76913070678711
985 27.568971633911133
986 8.615304946899414
987 46.091880798339844
988 12.492191314697266
989 3.0153565406799316
990 4.738417148590088
991 2.1538259983062744
992 3.4461214542388916
993 1.2922956943511963
994 19.38443374633789
995 6.892243385314941
996 7.3230085372924805
997 3.4461216926574707
998 3.8768868446350098
999 1.2922956943511963
1000 4.738417148590088
1001 8.615304946899414
1002 8.615304946899414
