# Selection 1:name C1A D2A C3A C4A C1B C2B C3B C4B Selection 2:name AUC AUSL AUL Cutoff:8 Start:0 End:-1
0 0
1 0
2 25
3 23
4 27
5 25
6 26
7 16
8 18
9 22
10 32
11 28
12 33
13 25
14 36
15 23
16 26
17 22
18 34
19 36
20 31
21 39
22 36
23 21
24 36
25 32
26 30
27 34
28 26
29 27
30 29
31 26
32 25
33 34
34 30
35 37
36 25
37 32
38 26
39 22
40 28
41 33
42 25
43 23
44 23
45 33
46 32
47 20
48 27
49 24
50 26
51 31
52 35
53 26
54 27
55 28
56 23
57 19
58 23
59 22
60 30
61 25
62 27
63 28
64 37
65 30
66 25
67 33
68 35
69 37
70 38
71 27
72 29
73 28
74 28
75 30
76 31
77 43
78 30
79 25
80 27
81 24
82 25
83 29
84 27
85 29
86 19
87 23
88 27
89 29
90 26
91 25
92 25
93 24
94 17
95 30
96 32
97 30
98 27
99 22
100 24
101 20
102 24
103 32
104 20
105 28
106 33
107 34
108 24
109 23
110 26
111 23
112 27
113 31
114 30
115 37
116 29
117 31
118 31
119 34
120 30
121 34
122 35
123 27
124 35
125 35
126 24
127 23
128 18
129 27
130 30
131 36
132 27
133 21
134 25
135 36
136 32
137 30
138 28
139 25
140 28
141 27
142 34
143 26
144 38
145 26
146 25
147 29
148 23
149 30
150 26
151 25
152 30
153 36
154 26
155 31
156 24
157 34
158 35
159 32
160 23
161 25
162 31
163 30
164 20
165 36
166 31
167 28
168 31
169 28
170 29
171 33
172 36
173 24
174 25
175 25
176 28
177 27
178 29
179 30
180 24
181 22
182 26
183 28
184 25
185 20
186 26
187 26
188 22
189 32
190 38
191 30
192 29
193 29
194 29
195 24
196 26
197 31
198 29
199 29
200 32
201 25
202 26
203 28
204 28
205 22
206 33
207 36
208 33
209 31
210 38
211 27
212 34
213 32
214 30
215 33
216 25
217 25
218 24
219 19
220 19
221 23
222 31
223 24
224 23
225 23
226 25
227 22
228 26
229 29
230 32
231 28
232 23
233 29
234 28
235 26
236 34
237 30
238 24
239 30
240 25
241 21
242 25
243 18
244 21
245 25
246 28
247 21
248 28
249 34
250 28
251 29
252 24
253 29
254 23
255 27
256 30
257 26
258 26
259 31
260 29
261 29
262 30
263 33
264 29
265 27
266 36
267 29
268 24
269 24
270 25
271 32
272 33
273 34
274 35
275 27
276 21
277 30
278 28
279 26
280 25
281 20
282 35
283 35
284 32
285 36
286 35
287 28
288 40
289 35
290 34
291 29
292 28
293 29
294 33
295 33
296 37
297 33
298 29
299 28
300 26
301 23
302 29
303 31
304 26
305 21
306 19
307 29
308 28
309 31
310 29
311 28
312 25
313 21
314 34
315 36
316 28
317 21
318 30
319 28
320 22
321 25
322 30
323 33
324 28
325 37
326 27
327 28
328 30
329 22
330 31
331 31
332 20
333 19
334 25
335 24
336 26
337 29
338 24
339 17
340 20
341 20
342 26
343 25
344 21
345 25
346 28
347 25
348 24
349 23
350 28
351 24
352 27
353 32
354 30
355 28
356 32
357 24
358 32
359 31
360 23
361 29
362 28
363 32
364 30
365 27
366 26
367 26
368 29
369 27
370 22
371 24
372 25
373 29
374 37
375 32
376 27
377 34
378 35
379 31
380 31
381 36
382 32
383 18
384 25
385 31
386 26
387 30
388 36
389 31
390 26
391 26
392 28
393 29
394 32
395 26
396 26
397 23
398 18
399 34
400 31
401 29
402 25
403 22
404 32
405 35
406 32
407 41
408 29
409 32
410 29
411 30
412 27
413 29
414 27
415 28
416 31
417 38
418 33
419 28
420 31
421 36
422 27
423 29
424 20
425 28
426 23
427 26
428 21
429 31
430 36
431 27
432 23
433 37
434 31
435 34
436 25
437 32
438 28
439 34
440 23
441 31
442 31
443 27
444 29
445 27
446 33
447 22
448 23
449 28
450 33
451 24
452 25
453 32
454 28
455 29
456 21
457 31
458 21
459 27
460 26
461 34
462 26
463 26
464 29
465 27
466 29
467 36
468 21
469 23
470 27
471 24
472 25
473 28
474 21
475 28
476 31
477 30
478 25
479 23
480 23
481 24
482 27
483 23
484 19
485 32
486 33
487 31
488 25
489 25
490 30
491 34
492 36
493 34
494 30
495 32
496 34
497 31
498 27
499 30
500 28
501 31
502 39
503 33
504 35
505 25
506 25
507 23
508 26
509 35
510 29
511 25
512 31
513 32
514 30
515 34
516 35
517 35
518 35
519 34
520 31
521 20
522 31
523 28
524 30
525 39
526 31
527 25
528 32
529 28
530 37
531 29
532 33
533 28
534 30
535 26
536 25
537 35
538 35
539 32
540 24
541 30
542 30
543 34
544 33
545 27
546 33
547 33
548 29
549 31
550 31
551 33
552 23
553 33
554 33
555 34
556 27
557 36
558 26
559 31
560 29
561 37
562 32
563 32
564 33
565 23
566 24
567 33
568 36
569 29
570 26
571 33
572 24
573 36
574 28
575 23
576 24
577 31
578 34
579 27
580 25
581 35
582 23
583 31
584 27
585 22
586 30
587 30
588 33
589 26
590 26
591 20
592 27
593 22
594 38
595 27
596 24
597 25
598 35
599 32
600 31
601 33
602 30
603 23
604 25
605 30
606 29
607 28
608 28
609 31
610 22
611 34
612 31
613 27
614 28
615 32
616 29
617 31
618 38
619 31
620 28
621 29
622 27
623 31
624 39
625 36
626 34
627 34
628 31
629 36
630 32
631 34
632 31
633 30
634 28
635 31
636 29
637 41
638 32
639 28
640 36
641 25
642 24
643 25
644 29
645 25
646 24
647 39
648 33
649 26
650 26
651 29
652 30
653 34
654 35
655 31
656 31
657 33
658 33
659 18
660 23
661 37
662 24
663 33
664 28
665 24
666 28
667 31
668 29
669 25
670 21
671 21
672 29
673 21
674 25
675 34
676 31
677 26
678 26
679 35
680 22
681 27
682 24
683 24
684 23
685 26
686 32
687 28
688 30
689 31
690 29
691 24
692 34
693 24
694 35
695 32
696 36
697 33
698 25
699 35
700 28
701 28
702 27
703 30
704 28
705 24
706 23
707 32
708 28
709 24
710 36
711 32
712 35
713 33
714 36
715 24
716 26
717 26
718 33
719 23
720 31
721 34
722 28
723 25
724 24
725 27
726 24
727 17
728 23
729 26
730 21
731 33
732 30
733 28
734 22
735 26
736 34
737 21
738 29
739 30
740 22
741 39
742 29
743 35
744 19
745 29
746 31
747 24
748 33
749 32
750 39
751 37
752 36
753 33
754 31
755 36
756 27
757 33
758 30
759 29
760 30
761 34
762 36
763 34
764 26
765 33
766 26
767 29
768 31
769 27
770 25
771 26
772 32
773 28
774 35
775 26
776 29
777 35
778 26
779 32
780 29
781 23
782 29
783 31
784 30
785 29
786 27
787 33
788 36
789 25
790 31
791 36
792 29
793 26
794 23
795 26
796 17
797 32
798 28
799 27
800 31
801 32
802 27
803 26
804 31
805 27
806 24
807 26
808 29
809 25
810 32
811 30
812 20
813 32
814 28
815 36
816 34
817 19
818 22
819 31
820 36
821 26
822 25
823 33
824 26
825 25
826 31
827 25
828 33
829 29
830 32
831 19
832 34
833 26
834 21
835 19
836 28
837 33
838 27
839 25
840 28
841 25
842 29
843 36
844 32
845 26
846 38
847 34
848 28
849 23
850 24
851 30
852 34
853 27
854 31
855 18
856 24
857 22
858 34
859 29
860 31
861 24
862 21
863 29
864 17
865 21
866 20
867 26
868 25
869 25
870 31
871 33
872 35
873 38
874 25
875 30
876 29
877 28
878 26
879 27
880 24
881 28
882 20
883 19
884 25
885 25
886 34
887 27
888 26
889 25
890 24
891 33
892 31
893 30
894 29
895 31
896 32
897 36
898 20
899 26
900 20
901 28
902 29
903 27
904 33
905 31
906 38
907 31
908 29
909 31
910 32
911 28
912 23
913 34
914 32
915 29
916 31
917 23
918 32
919 30
920 30
921 24
922 24
923 29
924 29
925 31
926 32
927 23
928 21
929 26
930 24
931 27
932 31
933 23
934 31
935 24
936 19
937 27
938 19
939 22
940 23
941 30
942 31
943 24
944 24
945 30
946 28
947 31
948 37
949 36
950 34
951 26
952 33
953 32
954 33
955 26
956 28
957 22
958 25
959 24
960 27
961 25
962 31
963 31
964 22
965 25
966 21
967 27
968 27
969 28
970 30
971 26
972 27
973 30
974 20
975 24
976 21
977 24
978 36
979 29
980 32
981 34
982 19
983 20
984 27
985 23
986 34
987 28
988 23
989 24
990 29
991 30
992 22
993 30
994 35
995 27
996 27
997 32
998 33
999 29
1000 36
1001 40
1002 40
