# Selection:resname AU W ION Restricted:name AUC AUL AUSL Radius:2.64 Start:0 End:-1
0 206.33656311035156
1 213.22882080078125
2 106.82977294921875
3 95.19912719726563
4 80.12232971191406
5 72.79933166503906
6 61.59942626953125
7 50.39952850341797
8 53.84565734863281
9 78.3992691040039
10 44.368812561035156
11 81.41463470458984
12 87.01457977294922
13 65.476318359375
14 108.98360443115234
15 112.86048889160156
16 90.8914794921875
17 51.69182586669922
18 81.41463470458984
19 47.81493377685547
20 58.1533088684082
21 64.61478424072266
22 92.18375396728516
23 110.70667266845703
24 83.13768768310547
25 51.26105880737305
26 96.06063842773438
27 51.691829681396484
28 71.50702667236328
29 35.75351333618164
30 64.61479187011719
31 49.9687614440918
32 93.90682220458984
33 51.26106262207031
34 59.876365661621094
35 81.84539031982422
36 58.584068298339844
37 64.61478424072266
38 88.7376480102539
39 80.55308532714844
40 73.66085052490234
41 73.66085052490234
42 60.73789978027344
43 64.18402099609375
44 79.69157409667969
45 124.49114990234375
46 69.78396606445313
47 82.27616119384766
48 93.0452880859375
49 58.584068298339844
50 101.22982788085938
51 57.72254180908203
52 51.691829681396484
53 85.72228240966797
54 42.645755767822266
55 55.1379508972168
56 65.476318359375
57 28.86126708984375
58 56.86101531982422
59 115.01431274414063
60 56.86100769042969
61 66.76861572265625
62 36.18428039550781
63 46.522640228271484
64 76.24543762207031
65 47.38417434692383
66 71.93778991699219
67 133.53721618652344
68 64.18401336669922
69 88.73764038085938
70 87.4453353881836
71 78.39926147460938
72 68.92243957519531
73 61.59942626953125
74 86.58380889892578
75 82.70693969726563
76 87.44535064697266
77 75.8146743774414
78 84.42999267578125
79 70.21473693847656
80 60.30712890625
81 29.29203224182129
82 73.66084289550781
83 50.83029556274414
84 70.64550018310547
85 67.63014221191406
86 28.43050193786621
87 87.8760986328125
88 49.107242584228516
89 45.66111373901367
90 39.19963073730469
91 112.42973327636719
92 76.24544525146484
93 111.99895477294922
94 61.59943389892578
95 103.38365936279297
96 80.9838638305664
97 102.52212524414063
98 90.89146423339844
99 59.01483917236328
100 41.78422546386719
101 82.70692443847656
102 52.122589111328125
103 63.32249069213867
104 65.04554748535156
105 88.30686950683594
106 100.3683090209961
107 102.52213287353516
108 42.21499252319336
109 82.70692443847656
110 41.35346221923828
111 134.82952880859375
112 97.78372955322266
113 145.16787719726563
114 100.3682861328125
115 48.24570846557617
116 110.2759017944336
117 92.18376922607422
118 72.3685531616211
119 73.23008728027344
120 77.10697174072266
121 60.73789978027344
122 92.18375396728516
123 90.46070098876953
124 83.13768768310547
125 95.62987518310547
126 65.90707397460938
127 71.50702667236328
128 68.92243194580078
129 69.35320281982422
130 89.59918975830078
131 127.93727111816406
132 75.38391876220703
133 43.50728988647461
134 52.122596740722656
135 90.02992248535156
136 83.13768005371094
137 72.36856079101563
138 56.86101150512695
139 62.03019332885742
140 83.99921417236328
141 82.70693969726563
142 99.07600402832031
143 87.01457977294922
144 98.2144775390625
145 62.460960388183594
146 65.9070816040039
147 62.03019714355469
148 57.722537994384766
149 86.58380126953125
150 69.78396606445313
151 65.9070816040039
152 96.0606460571289
153 62.46095657348633
154 61.59942626953125
155 69.78397369384766
156 64.61478424072266
157 60.737892150878906
158 46.09187698364258
159 80.12232971191406
160 97.78369903564453
161 82.70692443847656
162 100.3682861328125
163 76.24544525146484
164 56.86100769042969
165 116.30660247802734
166 74.9531478881836
167 80.5531005859375
168 91.32223510742188
169 74.95315551757813
170 103.38365173339844
171 21.969026565551758
172 55.13794708251953
173 96.0606460571289
174 63.75326156616211
175 65.476318359375
176 98.6452407836914
177 118.02967834472656
178 61.16866683959961
179 62.460960388183594
180 59.87636184692383
181 66.33784484863281
182 32.30738830566406
183 73.66085052490234
184 57.722537994384766
185 89.16839599609375
186 59.87636947631836
187 90.46068572998047
188 86.1530532836914
189 87.44534301757813
190 41.35346221923828
191 103.3836441040039
192 63.32249069213867
193 47.814945220947266
194 111.99895477294922
195 84.42997741699219
196 56.43024826049805
197 52.98412322998047
198 82.70692443847656
199 102.9529037475586
200 90.02993774414063
201 45.2303466796875
202 45.2303466796875
203 79.26080322265625
204 106.82978057861328
205 71.07626342773438
206 77.968505859375
207 66.76861572265625
208 34.461219787597656
209 48.676475524902344
210 143.01405334472656
211 35.75351333618164
212 54.27641677856445
213 70.21472930908203
214 51.69182586669922
215 107.6913070678711
216 52.984130859375
217 64.18402099609375
218 91.75299072265625
219 80.5531005859375
220 42.21499252319336
221 90.02993774414063
222 42.64575958251953
223 77.5377426147461
224 38.33810043334961
225 110.7066650390625
226 77.10697174072266
227 61.599430084228516
228 105.10671997070313
229 45.230350494384766
230 100.3682861328125
231 102.52213287353516
232 118.02967071533203
233 106.82978057861328
234 58.15330505371094
235 76.24543762207031
236 80.12232971191406
237 108.98359680175781
238 55.56871795654297
239 84.86075592041016
240 84.8607406616211
241 60.30713653564453
242 35.75351333618164
243 51.26106262207031
244 48.67646789550781
245 63.32248306274414
246 91.32221984863281
247 68.06090545654297
248 74.09162139892578
249 95.6298828125
250 61.168663024902344
251 88.73764038085938
252 118.46044158935547
253 68.49166870117188
254 73.66085815429688
255 80.9838638305664
256 80.98385620117188
257 54.27641677856445
258 55.13794708251953
259 108.1220703125
260 74.09162139892578
261 59.01483917236328
262 61.599430084228516
263 65.04554748535156
264 71.93778991699219
265 90.46070861816406
266 91.75300598144531
267 37.90734100341797
268 119.75272369384766
269 55.999473571777344
270 80.9838638305664
271 64.18402099609375
272 53.41489028930664
273 71.93779754638672
274 56.86100769042969
275 68.92243957519531
276 86.58381652832031
277 78.3992691040039
278 74.9531478881836
279 86.58380889892578
280 88.30686950683594
281 91.75299072265625
282 66.76860809326172
283 56.430240631103516
284 47.384178161621094
285 64.61478424072266
286 86.58381652832031
287 64.61477661132813
288 104.24519348144531
289 74.52238464355469
290 48.24570846557617
291 64.18402099609375
292 70.64550018310547
293 77.968505859375
294 25.84591293334961
295 52.9841194152832
296 75.81468200683594
297 11.630661010742188
298 17.661373138427734
299 76.24544525146484
300 48.67647171020508
301 90.02993774414063
302 87.87610626220703
303 127.50650787353516
304 59.87636947631836
305 64.61478424072266
306 62.03019332885742
307 49.96876525878906
308 59.876365661621094
309 87.87610626220703
310 48.67646789550781
311 88.30687713623047
312 61.168663024902344
313 53.414886474609375
314 80.98387145996094
315 89.16840362548828
316 71.50702667236328
317 117.16814422607422
318 45.66111755371094
319 65.476318359375
320 48.67646789550781
321 36.18428039550781
322 64.18401336669922
323 49.107234954833984
324 70.64550018310547
325 94.33759307861328
326 44.36882019042969
327 69.35320281982422
328 71.07626342773438
329 85.2915267944336
330 97.78369903564453
331 44.79958724975586
332 67.63014221191406
333 23.69208526611328
334 42.214988708496094
335 58.15330123901367
336 45.2303466796875
337 54.707183837890625
338 49.96876525878906
339 50.830291748046875
340 52.98412322998047
341 90.46068572998047
342 47.814937591552734
343 84.42998504638672
344 53.414886474609375
345 102.09136199951172
346 41.78422546386719
347 62.891727447509766
348 106.82977294921875
349 43.07652282714844
350 53.84565353393555
351 61.16865921020508
352 76.67620849609375
353 75.81468200683594
354 55.99947738647461
355 43.507286071777344
356 74.09162139892578
357 83.5684585571289
358 55.99948501586914
359 49.96876525878906
360 74.52238464355469
361 56.86101150512695
362 48.24570846557617
363 66.33785247802734
364 87.87610626220703
365 74.52238464355469
366 58.584075927734375
367 59.87636947631836
368 67.19937896728516
369 70.64549255371094
370 74.52238464355469
371 76.24545288085938
372 56.86101150512695
373 83.99922943115234
374 106.39900970458984
375 91.75299072265625
376 48.245704650878906
377 67.63014221191406
378 65.9070816040039
379 57.291778564453125
380 101.66059112548828
381 63.75325393676758
382 62.46095657348633
383 104.67595672607422
384 53.41489028930664
385 83.99921417236328
386 82.27616119384766
387 71.07626342773438
388 96.06063842773438
389 84.42997741699219
390 72.3685531616211
391 68.92243194580078
392 76.67622375488281
393 62.46096420288086
394 68.92243194580078
395 70.21473693847656
396 52.55336380004883
397 49.107234954833984
398 22.399789810180664
399 51.691829681396484
400 57.29178237915039
401 69.78396606445313
402 76.67620849609375
403 84.42998504638672
404 101.2298355102539
405 58.1533088684082
406 77.968505859375
407 68.06090545654297
408 75.81468200683594
409 79.26079559326172
410 30.584327697753906
411 81.84540557861328
412 62.03019332885742
413 45.6611213684082
414 71.50702667236328
415 53.84565353393555
416 42.64575958251953
417 70.21473693847656
418 77.5377426147461
419 65.0455551147461
420 31.015094757080078
421 58.584075927734375
422 96.0606460571289
423 44.79957962036133
424 44.36881637573242
425 78.3992691040039
426 64.61477661132813
427 27.568973541259766
428 140.8602294921875
429 82.7069091796875
430 31.015094757080078
431 63.75325393676758
432 46.09188461303711
433 55.13795852661133
434 89.59916687011719
435 93.90682220458984
436 70.64550018310547
437 71.93779754638672
438 54.70718765258789
439 50.399532318115234
440 62.03019332885742
441 70.21472930908203
442 60.73789596557617
443 55.999481201171875
444 56.43024444580078
445 71.50702667236328
446 66.33784484863281
447 93.04528045654297
448 59.01483917236328
449 25.41514778137207
450 48.24570083618164
451 53.414894104003906
452 84.42998504638672
453 70.64550018310547
454 85.72227478027344
455 51.69183349609375
456 38.33810043334961
457 33.59968566894531
458 49.107234954833984
459 79.26081085205078
460 103.81442260742188
461 65.0455551147461
462 62.891727447509766
463 102.09135437011719
464 61.59942626953125
465 46.95341491699219
466 68.06090545654297
467 56.43024826049805
468 47.814937591552734
469 37.90734100341797
470 87.4453353881836
471 71.93778991699219
472 40.06116485595703
473 66.76860809326172
474 50.83029556274414
475 68.92243957519531
476 61.599430084228516
477 45.661109924316406
478 78.83003234863281
479 67.63014221191406
480 73.66085815429688
481 61.16866683959961
482 80.5531005859375
483 112.86048889160156
484 49.96876525878906
485 72.79932403564453
486 33.59968948364258
487 70.64549255371094
488 54.70718765258789
489 74.52237701416016
490 94.33760070800781
491 73.23008728027344
492 58.1533088684082
493 90.4607162475586
494 65.47631072998047
495 41.35346221923828
496 32.30738830566406
497 68.92244720458984
498 59.44559860229492
499 87.01457214355469
500 57.29178237915039
501 80.9838638305664
502 55.56871032714844
503 73.66085052490234
504 77.96851348876953
505 82.7069320678711
506 86.15303802490234
507 77.10697937011719
508 51.26106643676758
509 87.87610626220703
510 88.73764038085938
511 96.49142456054688
512 77.5377426147461
513 84.86075592041016
514 95.1991195678711
515 83.56845092773438
516 84.42998504638672
517 57.291778564453125
518 54.70718765258789
519 53.84565353393555
520 60.73789596557617
521 68.92243957519531
522 48.245704650878906
523 54.276424407958984
524 102.52212524414063
525 41.35346603393555
526 50.830299377441406
527 55.999481201171875
528 49.53799819946289
529 101.66059875488281
530 26.707443237304688
531 64.18402862548828
532 52.122596740722656
533 75.38391876220703
534 60.73789596557617
535 58.584075927734375
536 73.66085815429688
537 82.7069320678711
538 81.84539794921875
539 101.66059112548828
540 72.36856079101563
541 70.21473693847656
542 80.9838638305664
543 80.9838638305664
544 61.16865539550781
545 96.06063079833984
546 141.29098510742188
547 59.01483917236328
548 112.42972564697266
549 71.93779754638672
550 66.76861572265625
551 85.72227478027344
552 47.81494140625
553 62.46095657348633
554 87.87610626220703
555 54.27641677856445
556 33.168922424316406
557 54.27641677856445
558 87.4453353881836
559 99.07599639892578
560 47.814937591552734
561 65.9070816040039
562 40.922698974609375
563 90.46070098876953
564 67.19937896728516
565 56.86101531982422
566 104.24518585205078
567 112.42972564697266
568 61.16866683959961
569 74.52238464355469
570 90.46070098876953
571 90.46070098876953
572 89.59916687011719
573 74.9531478881836
574 60.73789596557617
575 71.07626342773438
576 51.261070251464844
577 44.799583435058594
578 15.507547378540039
579 77.10697174072266
580 133.96798706054688
581 78.3992691040039
582 43.507286071777344
583 80.1223373413086
584 42.21499252319336
585 74.09161376953125
586 64.61477661132813
587 70.64550018310547
588 43.507293701171875
589 98.6452407836914
590 74.09162902832031
591 80.5531005859375
592 95.6298828125
593 58.58407211303711
594 39.630409240722656
595 72.79931640625
596 84.86074829101563
597 85.72228240966797
598 73.23008728027344
599 99.50677490234375
600 77.10697937011719
601 65.9070816040039
602 82.27616119384766
603 46.09187698364258
604 70.2147445678711
605 77.5377426147461
606 50.399532318115234
607 108.5528335571289
608 77.5377426147461
609 63.753257751464844
610 61.59943771362305
611 77.10697174072266
612 68.49166870117188
613 97.35293579101563
614 40.92269515991211
615 81.84539794921875
616 84.86075592041016
617 68.4916763305664
618 67.19937133789063
619 76.24543762207031
620 70.21472930908203
621 61.168663024902344
622 61.16866683959961
623 71.07625579833984
624 93.47605895996094
625 55.5687141418457
626 74.09162139892578
627 71.50702667236328
628 69.78396606445313
629 65.04554748535156
630 56.86100387573242
631 42.21499252319336
632 86.58380126953125
633 102.95288848876953
634 97.35295104980469
635 58.58407211303711
636 59.87636947631836
637 110.7066650390625
638 112.42972564697266
639 64.61478424072266
640 104.67595672607422
641 57.291778564453125
642 62.46095275878906
643 88.7376480102539
644 52.984127044677734
645 67.63014221191406
646 97.78370666503906
647 59.44559860229492
648 100.79906463623047
649 96.0606460571289
650 90.46070098876953
651 84.42998504638672
652 86.15304565429688
653 97.35293579101563
654 95.1991195678711
655 71.07626342773438
656 66.33783721923828
657 49.96876525878906
658 37.9073371887207
659 57.7225456237793
660 71.50704193115234
661 80.12232971191406
662 80.5531005859375
663 70.21472930908203
664 73.2300796508789
665 78.83004760742188
666 97.7837142944336
667 65.04554748535156
668 81.84539794921875
669 69.35320281982422
670 42.214996337890625
671 48.67646789550781
672 69.35321044921875
673 53.414894104003906
674 118.89118957519531
675 81.41462707519531
676 41.35346221923828
677 38.76886749267578
678 90.89146423339844
679 80.5531005859375
680 33.59968566894531
681 39.630401611328125
682 30.153562545776367
683 43.50728988647461
684 45.23035430908203
685 46.953407287597656
686 41.78422546386719
687 65.476318359375
688 40.4919319152832
689 46.52264404296875
690 100.79905700683594
691 34.46121597290039
692 39.63039779663086
693 53.414886474609375
694 72.3685531616211
695 57.29177474975586
696 67.63014221191406
697 58.15330123901367
698 85.29151916503906
699 36.18427658081055
700 59.014835357666016
701 89.16841125488281
702 99.07598876953125
703 72.79933166503906
704 71.93778228759766
705 94.33757781982422
706 48.24570083618164
707 49.968772888183594
708 81.84539031982422
709 41.35346221923828
710 65.04554748535156
711 103.81442260742188
712 31.015094757080078
713 37.4765739440918
714 46.522640228271484
715 74.52239227294922
716 62.8917236328125
717 46.95340347290039
718 85.29151916503906
719 45.66111755371094
720 87.44535064697266
721 49.107242584228516
722 90.89146423339844
723 127.93726348876953
724 92.6145248413086
725 90.02992248535156
726 68.49166870117188
727 89.16840362548828
728 72.3685531616211
729 111.56819152832031
730 41.35346221923828
731 71.93778991699219
732 112.86048126220703
733 94.33757781982422
734 70.21472930908203
735 101.22982788085938
736 93.0452880859375
737 91.32221984863281
738 85.72228240966797
739 76.67622375488281
740 49.96876525878906
741 78.83003234863281
742 114.15278625488281
743 102.5221176147461
744 39.19963455200195
745 109.84514617919922
746 40.92269515991211
747 51.26106262207031
748 99.93753814697266
749 105.9682388305664
750 127.50650787353516
751 124.49115753173828
752 90.460693359375
753 82.27616119384766
754 90.02992248535156
755 77.53773498535156
756 84.42998504638672
757 86.58380889892578
758 110.2759017944336
759 121.90655517578125
760 77.5377426147461
761 74.09161376953125
762 61.59942626953125
763 87.01456451416016
764 77.10697937011719
765 54.27641296386719
766 70.64549255371094
767 69.78397369384766
768 49.96876907348633
769 104.67595672607422
770 93.0452880859375
771 109.84513854980469
772 71.93778991699219
773 76.24544525146484
774 75.38391876220703
775 79.69155883789063
776 73.23008728027344
777 77.968505859375
778 69.35321044921875
779 73.23008728027344
780 29.292034149169922
781 71.07625579833984
782 70.21472930908203
783 52.5533561706543
784 63.75325393676758
785 70.21473693847656
786 82.27615356445313
787 48.67646789550781
788 101.2298355102539
789 63.75325393676758
790 99.93753051757813
791 88.30687713623047
792 50.830299377441406
793 99.50675201416016
794 41.78422164916992
795 60.30712890625
796 40.4919319152832
797 71.93779754638672
798 65.476318359375
799 51.26106262207031
800 61.599430084228516
801 53.84565734863281
802 93.0452880859375
803 58.584068298339844
804 77.10697174072266
805 28.430503845214844
806 39.63039779663086
807 51.69182586669922
808 78.39927673339844
809 91.32222747802734
810 48.67647171020508
811 80.9838638305664
812 60.73789596557617
813 24.55361557006836
814 64.61478424072266
815 56.43024826049805
816 49.10723114013672
817 94.33759307861328
818 65.90708923339844
819 48.67646789550781
820 95.1991195678711
821 41.35346603393555
822 44.36881637573242
823 71.50703430175781
824 98.21446990966797
825 79.26081085205078
826 57.72254180908203
827 57.29177474975586
828 59.44560241699219
829 52.55335998535156
830 71.50702667236328
831 83.99922180175781
832 83.56845092773438
833 90.46068572998047
834 81.84539794921875
835 18.092138290405273
836 96.49141693115234
837 59.44560241699219
838 58.58407211303711
839 61.16866683959961
840 47.81494140625
841 46.95341110229492
842 46.091880798339844
843 72.36856079101563
844 52.984127044677734
845 69.78396606445313
846 70.21472930908203
847 82.27615356445313
848 71.93778991699219
849 69.35318756103516
850 71.93778991699219
851 60.73789596557617
852 80.98385620117188
853 47.81494140625
854 25.415145874023438
855 48.67646789550781
856 64.61478424072266
857 62.8917236328125
858 43.507286071777344
859 52.5533561706543
860 46.522647857666016
861 54.27642059326172
862 88.30686950683594
863 66.33784484863281
864 51.691829681396484
865 61.16865921020508
866 50.39952850341797
867 35.753509521484375
868 28.86126708984375
869 47.814945220947266
870 56.86101531982422
871 62.8917236328125
872 54.707183837890625
873 83.99922180175781
874 102.5221176147461
875 128.79879760742188
876 96.92218017578125
877 79.69156646728516
878 43.938053131103516
879 108.98359680175781
880 49.10723876953125
881 56.86101531982422
882 94.33758544921875
883 73.23008728027344
884 68.92243957519531
885 93.90681457519531
886 80.55309295654297
887 63.75325393676758
888 62.460960388183594
889 58.15330123901367
890 54.70718765258789
891 62.891727447509766
892 53.414886474609375
893 63.75325012207031
894 79.69156646728516
895 56.43025207519531
896 64.18402099609375
897 94.76835632324219
898 67.19937896728516
899 80.12232971191406
900 68.06090545654297
901 32.30739212036133
902 50.830299377441406
903 57.72254180908203
904 50.3995361328125
905 61.168663024902344
906 59.01483917236328
907 46.52264404296875
908 36.18427658081055
909 82.27615356445313
910 85.29151916503906
911 64.18401336669922
912 63.32248306274414
913 79.69156646728516
914 37.045806884765625
915 34.89198303222656
916 59.014835357666016
917 30.153562545776367
918 68.0609130859375
919 48.676475524902344
920 82.7069320678711
921 78.39927673339844
922 37.47657012939453
923 25.84591293334961
924 95.62987518310547
925 80.55308532714844
926 62.03019332885742
927 43.507286071777344
928 54.70718002319336
929 53.41488265991211
930 43.507293701171875
931 102.52212524414063
932 88.73762512207031
933 55.13794708251953
934 126.64497375488281
935 87.01457977294922
936 52.5533561706543
937 59.44559860229492
938 89.16840362548828
939 124.92192840576172
940 24.122852325439453
941 72.79933166503906
942 71.07626342773438
943 20.24596405029297
944 67.19937133789063
945 34.030452728271484
946 108.55284118652344
947 98.64523315429688
948 63.32249069213867
949 60.73789596557617
950 41.35346603393555
951 129.2295684814453
952 38.76887130737305
953 70.64550018310547
954 43.07651901245117
955 91.75299072265625
956 58.584075927734375
957 103.81441497802734
958 45.23035430908203
959 58.584068298339844
960 71.93779754638672
961 53.41489028930664
962 69.78396606445313
963 55.1379508972168
964 58.1533088684082
965 74.52237701416016
966 87.01457214355469
967 83.13768005371094
968 79.69157409667969
969 98.21446990966797
970 39.63039779663086
971 63.32249069213867
972 82.7069320678711
973 50.3995361328125
974 43.507286071777344
975 55.13794708251953
976 75.38391876220703
977 60.73789978027344
978 99.07600402832031
979 47.814937591552734
980 77.5377426147461
981 38.76887130737305
982 57.72254180908203
983 59.014835357666016
984 61.16865921020508
985 71.0762710571289
986 74.9531478881836
987 59.876365661621094
988 63.753257751464844
989 116.3066177368164
990 118.02967071533203
991 41.78423309326172
992 57.291778564453125
993 59.01483154296875
994 71.07625579833984
995 36.61505126953125
996 93.90682220458984
997 70.21472930908203
998 77.53775024414063
999 77.5377426147461
1000 61.16866683959961
1001 29.722797393798828
1002 29.722797393798828
