# Selection:resname AU POPC Restricted:name AUC AUL AUSL Radius:2.64 Start:0 End:-1
0 435.0729064941406
1 435.9344482421875
2 250.70535278320313
3 232.18251037597656
4 257.5976257324219
5 135.69105529785156
6 158.95236206054688
7 156.79855346679688
8 185.22909545898438
9 150.76783752441406
10 195.1366424560547
11 177.90606689453125
12 150.33706665039063
13 166.7061767578125
14 175.75218200683594
15 140.42947387695313
16 162.39849853515625
17 115.01431274414063
18 201.59812927246094
19 156.3677978515625
20 192.12127685546875
21 187.81361389160156
22 159.3831329345703
23 172.3061065673828
24 192.12127685546875
25 178.33682250976563
26 177.47528076171875
27 175.3214569091797
28 131.38340759277344
29 183.50601196289063
30 146.8909454345703
31 155.50625610351563
32 143.44482421875
33 150.767822265625
34 132.67567443847656
35 131.3834228515625
36 136.5525665283203
37 136.12179565429688
38 129.22958374023438
39 136.55259704589844
40 164.55233764648438
41 132.67567443847656
42 141.7217559814453
43 142.15252685546875
44 130.0911102294922
45 132.2449188232422
46 136.121826171875
47 172.73683166503906
48 177.47531127929688
49 134.3987579345703
50 191.25978088378906
51 150.76785278320313
52 186.95213317871094
53 133.10647583007813
54 204.18275451660156
55 134.82952880859375
56 178.3368377685547
57 164.12155151367188
58 144.3063507080078
59 169.29074096679688
60 169.29074096679688
61 151.1986083984375
62 176.61376953125
63 149.04478454589844
64 143.87557983398438
65 177.04454040527344
66 163.69078063964844
67 230.0286102294922
68 159.8139190673828
69 203.3212127685547
70 170.58302307128906
71 164.12155151367188
72 189.53668212890625
73 155.93701171875
74 199.87509155273438
75 157.6600799560547
76 180.92137145996094
77 198.15199279785156
78 201.1673583984375
79 251.13609313964844
80 214.5211181640625
81 163.69081115722656
82 155.0754852294922
83 153.78318786621094
84 187.38287353515625
85 218.82876586914063
86 155.50624084472656
87 195.13668823242188
88 194.2751007080078
89 186.090576171875
90 189.96749877929688
91 150.33706665039063
92 149.0447998046875
93 135.26028442382813
94 180.92141723632813
95 190.8289794921875
96 155.5062713623047
97 152.9216766357422
98 139.56793212890625
99 170.58303833007813
100 211.93650817871094
101 181.35218811035156
102 191.6905059814453
103 155.07545471191406
104 199.87509155273438
105 194.70587158203125
106 205.04428100585938
107 180.0598907470703
108 183.93675231933594
109 179.62911987304688
110 175.75225830078125
111 199.87509155273438
112 154.21395874023438
113 167.5677032470703
114 125.78347778320313
115 194.7058868408203
116 189.5366973876953
117 174.89068603515625
118 165.84461975097656
119 211.93646240234375
120 217.53646850585938
121 158.09085083007813
122 188.67514038085938
123 165.4138641357422
124 214.95184326171875
125 177.0445098876953
126 164.12156677246094
127 206.767333984375
128 138.27565002441406
129 226.58255004882813
130 180.49061584472656
131 153.783203125
132 211.93650817871094
133 155.5062713623047
134 181.78289794921875
135 177.47528076171875
136 202.0288848876953
137 129.66033935546875
138 159.81393432617188
139 196.42898559570313
140 177.90603637695313
141 224.4287109375
142 160.67544555664063
143 218.39801025390625
144 212.7980499267578
145 166.27536010742188
146 220.55178833007813
147 221.41336059570313
148 176.18296813964844
149 171.8753204345703
150 181.35215759277344
151 197.7212371826172
152 159.81390380859375
153 143.44483947753906
154 172.30612182617188
155 150.76783752441406
156 162.82925415039063
157 167.99847412109375
158 195.56744384765625
159 175.32142639160156
160 179.19834899902344
161 201.59811401367188
162 198.5828094482422
163 239.50547790527344
164 217.10568237304688
165 206.33656311035156
166 198.15203857421875
167 210.6442108154297
168 180.4906463623047
169 200.3058319091797
170 236.05935668945313
171 219.25950622558594
172 182.2136993408203
173 188.244384765625
174 200.30587768554688
175 208.9211883544922
176 232.1824493408203
177 203.75198364257813
178 225.29022216796875
179 281.2896728515625
180 220.55181884765625
181 243.8131103515625
182 254.582275390625
183 238.2131805419922
184 198.582763671875
185 205.90577697753906
186 220.55178833007813
187 252.42843627929688
188 233.04396057128906
189 205.47506713867188
190 189.53672790527344
191 211.50570678710938
192 229.1671142578125
193 199.87509155273438
194 211.9364776611328
195 229.16709899902344
196 219.6902618408203
197 255.87457275390625
198 187.3828582763672
199 211.50570678710938
200 234.33627319335938
201 241.22853088378906
202 244.67466735839844
203 229.59788513183594
204 220.1210479736328
205 166.7061309814453
206 207.62881469726563
207 186.52134704589844
208 149.47555541992188
209 209.3519287109375
210 223.1363983154297
211 197.72122192382813
212 202.0288848876953
213 174.02914428710938
214 224.8594512939453
215 138.275634765625
216 192.5520782470703
217 196.8596954345703
218 163.2600555419922
219 184.79827880859375
220 126.21422576904297
221 155.93699645996094
222 186.95208740234375
223 135.69105529785156
224 173.598388671875
225 197.29049682617188
226 194.7059326171875
227 177.4752960205078
228 214.52108764648438
229 165.84461975097656
230 141.7217559814453
231 183.93673706054688
232 212.7980194091797
233 216.244140625
234 171.01382446289063
235 174.4599609375
236 167.56768798828125
237 211.0749969482422
238 157.6600799560547
239 192.1212921142578
240 199.44432067871094
241 177.90603637695313
242 235.19781494140625
243 191.69053649902344
244 207.6288604736328
245 175.75218200683594
246 166.70616149902344
247 176.61376953125
248 183.07522583007813
249 208.49038696289063
250 216.67491149902344
251 217.9672393798828
252 244.2438507080078
253 226.1517333984375
254 192.12130737304688
255 209.35191345214844
256 221.8440704345703
257 178.76759338378906
258 202.02890014648438
259 186.5213623046875
260 209.35191345214844
261 223.99789428710938
262 203.75201416015625
263 227.01327514648438
264 243.3823699951172
265 226.58251953125
266 208.92115783691406
267 224.85948181152344
268 212.3672637939453
269 206.76731872558594
270 220.9825897216797
271 260.1822509765625
272 251.99765014648438
273 225.72097778320313
274 213.65953063964844
275 151.19859313964844
276 199.87509155273438
277 169.7215118408203
278 146.8909454345703
279 195.56739807128906
280 183.93673706054688
281 230.8901824951172
282 196.8596954345703
283 225.72100830078125
284 215.3826141357422
285 219.69027709960938
286 192.55206298828125
287 226.58250427246094
288 204.1827392578125
289 184.3675079345703
290 217.10569763183594
291 205.90576171875
292 258.4591064453125
293 178.33680725097656
294 205.9058074951172
295 253.2899627685547
296 227.44406127929688
297 255.87457275390625
298 214.95184326171875
299 249.41310119628906
300 198.582763671875
301 233.905517578125
302 238.21316528320313
303 191.259765625
304 221.84408569335938
305 214.09031677246094
306 214.09031677246094
307 190.3982391357422
308 247.25929260253906
309 242.5208282470703
310 177.90603637695313
311 165.8446502685547
312 262.76678466796875
313 268.7974853515625
314 221.41336059570313
315 194.7058868408203
316 202.0288848876953
317 198.1520233154297
318 225.2902069091797
319 192.55206298828125
320 189.53672790527344
321 152.06011962890625
322 185.2290496826172
323 163.69081115722656
324 160.2446746826172
325 166.27536010742188
326 155.50625610351563
327 159.38314819335938
328 165.8446502685547
329 176.61375427246094
330 190.39822387695313
331 194.70587158203125
332 162.3984832763672
333 174.0291748046875
334 144.7371368408203
335 198.58277893066406
336 193.8444061279297
337 207.6288299560547
338 208.921142578125
339 216.244140625
340 200.3058319091797
341 233.90550231933594
342 217.5364532470703
343 238.64398193359375
344 177.04452514648438
345 176.61378479003906
346 198.1520233154297
347 173.1676483154297
348 186.9521026611328
349 188.24440002441406
350 164.12155151367188
351 173.16761779785156
352 143.01406860351563
353 119.75274658203125
354 138.7064208984375
355 205.47500610351563
356 167.9984130859375
357 177.47528076171875
358 186.95213317871094
359 194.70590209960938
360 208.92112731933594
361 197.29051208496094
362 151.62936401367188
363 143.0140838623047
364 166.70614624023438
365 164.12155151367188
366 193.41360473632813
367 189.5366973876953
368 164.55235290527344
369 200.73660278320313
370 174.4599151611328
371 193.84437561035156
372 172.73684692382813
373 186.52137756347656
374 208.92117309570313
375 187.81361389160156
376 162.82925415039063
377 167.99844360351563
378 170.1522674560547
379 164.9830780029297
380 164.9831085205078
381 227.01329040527344
382 150.76783752441406
383 181.3521728515625
384 151.19862365722656
385 191.6905517578125
386 187.8136444091797
387 173.59840393066406
388 183.07522583007813
389 206.33657836914063
390 180.05987548828125
391 227.01329040527344
392 171.87533569335938
393 189.53671264648438
394 197.2904815673828
395 203.75196838378906
396 165.8446044921875
397 180.05987548828125
398 164.9830780029297
399 150.33706665039063
400 152.92164611816406
401 151.62936401367188
402 136.55258178710938
403 142.58328247070313
404 137.84487915039063
405 143.87557983398438
406 148.18325805664063
407 160.67543029785156
408 164.55233764648438
409 149.90631103515625
410 164.98306274414063
411 130.09109497070313
412 152.06016540527344
413 177.47528076171875
414 151.62933349609375
415 135.26031494140625
416 152.92166137695313
417 124.0604019165039
418 176.18301391601563
419 125.35269927978516
420 115.01432800292969
421 172.3060760498047
422 153.3524169921875
423 189.96746826171875
424 176.6137237548828
425 128.3680419921875
426 190.82899475097656
427 164.5523681640625
428 163.260009765625
429 165.4138641357422
430 116.73737335205078
431 149.9063262939453
432 195.56744384765625
433 152.0601348876953
434 125.3526840209961
435 195.56741333007813
436 163.6907958984375
437 166.27537536621094
438 163.6907958984375
439 200.30581665039063
440 173.59840393066406
441 173.1676788330078
442 202.02890014648438
443 167.13690185546875
444 152.49090576171875
445 128.3680419921875
446 166.275390625
447 178.76756286621094
448 146.46018981933594
449 211.50570678710938
450 186.52133178710938
451 176.61373901367188
452 184.36753845214844
453 192.98284912109375
454 259.3206787109375
455 267.0744934082031
456 215.8134002685547
457 193.41355895996094
458 194.70587158203125
459 213.65953063964844
460 208.49038696289063
461 191.25978088378906
462 201.1674041748047
463 202.4596405029297
464 228.73634338378906
465 190.82901000976563
466 194.275146484375
467 223.5672149658203
468 223.13641357421875
469 163.6907958984375
470 152.0601348876953
471 195.56741333007813
472 157.2293243408203
473 171.44456481933594
474 172.73687744140625
475 216.67494201660156
476 175.75222778320313
477 166.70616149902344
478 195.56744384765625
479 177.90606689453125
480 239.9362030029297
481 212.36729431152344
482 177.04449462890625
483 204.61346435546875
484 205.04429626464844
485 211.93646240234375
486 196.85968017578125
487 214.5211181640625
488 221.84410095214844
489 197.29049682617188
490 184.79830932617188
491 187.8136749267578
492 181.782958984375
493 171.44459533691406
494 141.7217559814453
495 154.6446990966797
496 152.49087524414063
497 149.47552490234375
498 150.767822265625
499 189.9674835205078
500 152.49095153808594
501 152.49090576171875
502 151.62936401367188
503 186.52134704589844
504 203.32119750976563
505 233.90554809570313
506 165.8446044921875
507 136.12181091308594
508 198.58279418945313
509 140.86024475097656
510 166.70614624023438
511 174.0291748046875
512 187.3828887939453
513 195.56744384765625
514 185.22909545898438
515 180.9214324951172
516 143.44480895996094
517 213.228759765625
518 170.58302307128906
519 163.26004028320313
520 183.936767578125
521 155.50624084472656
522 130.5218505859375
523 166.7061309814453
524 166.27537536621094
525 141.7217559814453
526 139.9987030029297
527 157.66009521484375
528 175.3214874267578
529 174.45993041992188
530 156.7985382080078
531 163.69081115722656
532 176.1829833984375
533 141.72177124023438
534 153.78321838378906
535 191.6905059814453
536 150.3370819091797
537 158.95236206054688
538 147.7524871826172
539 139.13719177246094
540 176.18295288085938
541 196.85972595214844
542 148.614013671875
543 201.16737365722656
544 186.52139282226563
545 171.87535095214844
546 191.6905517578125
547 181.78292846679688
548 211.5057373046875
549 174.89071655273438
550 238.21319580078125
551 183.0752716064453
552 209.3518524169922
553 234.3363037109375
554 223.9979248046875
555 155.07550048828125
556 149.90634155273438
557 152.9216766357422
558 160.24465942382813
559 207.62884521484375
560 227.44403076171875
561 183.936767578125
562 216.6749267578125
563 211.93649291992188
564 233.04397583007813
565 207.1980743408203
566 204.61346435546875
567 250.70533752441406
568 168.42919921875
569 186.09060668945313
570 215.81336975097656
571 225.29025268554688
572 209.7826690673828
573 171.444580078125
574 192.98284912109375
575 164.98309326171875
576 197.2904815673828
577 219.69027709960938
578 212.7980194091797
579 211.50575256347656
580 180.05984497070313
581 223.1364288330078
582 216.67494201660156
583 231.75167846679688
584 166.27540588378906
585 227.8748016357422
586 254.1514892578125
587 211.93649291992188
588 205.90579223632813
589 202.4596405029297
590 205.4750213623047
591 192.12127685546875
592 198.582763671875
593 207.1980743408203
594 248.98231506347656
595 214.09031677246094
596 241.228515625
597 223.1364288330078
598 173.59837341308594
599 207.19808959960938
600 231.32090759277344
601 186.9521484375
602 175.75222778320313
603 211.50575256347656
604 210.21343994140625
605 230.89019775390625
606 196.85971069335938
607 144.3063507080078
608 168.85995483398438
609 171.01382446289063
610 175.32144165039063
611 177.90602111816406
612 227.44400024414063
613 187.8136749267578
614 135.69107055664063
615 184.36753845214844
616 181.78292846679688
617 175.75222778320313
618 250.27459716796875
619 164.1215362548828
620 192.5520782470703
621 233.90553283691406
622 158.95237731933594
623 184.7982940673828
624 231.75169372558594
625 170.58303833007813
626 167.56768798828125
627 224.85946655273438
628 157.6601104736328
629 174.02914428710938
630 221.413330078125
631 194.70590209960938
632 233.4747772216797
633 243.81312561035156
634 242.09007263183594
635 210.64418029785156
636 172.7368621826172
637 188.67520141601563
638 223.9979248046875
639 183.93678283691406
640 255.44378662109375
641 201.16738891601563
642 219.259521484375
643 211.5057373046875
644 245.5362548828125
645 238.2132110595703
646 194.275146484375
647 257.1668395996094
648 232.1824951171875
649 223.13638305664063
650 283.0127258300781
651 208.4904327392578
652 290.7664794921875
653 221.41331481933594
654 210.6442108154297
655 222.7056121826172
656 181.78294372558594
657 167.9984588623047
658 197.29051208496094
659 180.49061584472656
660 133.96798706054688
661 178.76759338378906
662 168.8599853515625
663 194.70590209960938
664 179.1983184814453
665 152.06011962890625
666 142.15255737304688
667 184.36752319335938
668 161.10621643066406
669 187.3828582763672
670 156.7985382080078
671 143.8756103515625
672 183.07521057128906
673 151.62939453125
674 151.1986083984375
675 173.59841918945313
676 149.90631103515625
677 162.82925415039063
678 169.2907257080078
679 219.25953674316406
680 221.413330078125
681 171.87530517578125
682 186.09059143066406
683 191.25973510742188
684 242.09007263183594
685 192.12132263183594
686 234.76702880859375
687 204.18272399902344
688 209.35191345214844
689 217.9672088623047
690 243.38238525390625
691 200.7366180419922
692 258.8899230957031
693 220.98252868652344
694 315.75091552734375
695 282.1512451171875
696 260.1822204589844
697 255.8745880126953
698 278.2743225097656
699 263.6283264160156
700 255.8745574951172
701 275.68975830078125
702 254.15145874023438
703 277.84356689453125
704 251.13619995117188
705 208.921142578125
706 242.52085876464844
707 248.551513671875
708 227.8748016357422
709 199.44432067871094
710 208.92112731933594
711 213.65957641601563
712 224.85940551757813
713 228.736328125
714 198.1520233154297
715 174.45993041992188
716 155.50625610351563
717 199.87509155273438
718 220.98257446289063
719 226.1517333984375
720 228.73634338378906
721 238.64393615722656
722 226.58253479003906
723 260.18218994140625
724 232.6132354736328
725 225.2902069091797
726 184.79830932617188
727 180.4906463623047
728 242.95156860351563
729 192.12127685546875
730 207.1980743408203
731 221.413330078125
732 205.90579223632813
733 155.93699645996094
734 230.02862548828125
735 190.39825439453125
736 209.35189819335938
737 211.50575256347656
738 229.16708374023438
739 243.38233947753906
740 189.96746826171875
741 190.8289794921875
742 172.73684692382813
743 212.7980499267578
744 184.36752319335938
745 169.29074096679688
746 175.3214874267578
747 223.13638305664063
748 229.59788513183594
749 240.3670196533203
750 231.75169372558594
751 238.21315002441406
752 227.44406127929688
753 228.7363739013672
754 174.0291290283203
755 213.22877502441406
756 223.56716918945313
757 242.0900421142578
758 222.70565795898438
759 230.0286407470703
760 206.76734924316406
761 217.1056671142578
762 262.7668151855469
763 239.93624877929688
764 204.6134796142578
765 219.6902618408203
766 224.42868041992188
767 202.4596405029297
768 205.04425048828125
769 224.8594512939453
770 223.56712341308594
771 230.45938110351563
772 209.78269958496094
773 206.76734924316406
774 224.42872619628906
775 267.0744934082031
776 247.69000244140625
777 208.92115783691406
778 235.62857055664063
779 267.5052490234375
780 247.25921630859375
781 214.09030151367188
782 208.0596160888672
783 251.56687927246094
784 234.76708984375
785 227.87484741210938
786 222.2748260498047
787 227.44406127929688
788 232.61322021484375
789 245.53616333007813
790 313.5970764160156
791 227.87481689453125
792 264.9206237792969
793 213.65956115722656
794 221.84410095214844
795 279.5666198730469
796 221.84408569335938
797 270.52056884765625
798 255.01303100585938
799 255.44375610351563
800 240.36700439453125
801 228.73635864257813
802 236.9208984375
803 218.8287811279297
804 169.7215118408203
805 200.30581665039063
806 221.41329956054688
807 171.8753662109375
808 170.15228271484375
809 202.45965576171875
810 211.50575256347656
811 161.96774291992188
812 174.02914428710938
813 158.95237731933594
814 189.5366668701172
815 193.41358947753906
816 229.1671142578125
817 208.4903564453125
818 251.99766540527344
819 206.33651733398438
820 203.3212127685547
821 182.64447021484375
822 208.92112731933594
823 194.27511596679688
824 214.52108764648438
825 211.5057373046875
826 202.4596710205078
827 170.5830535888672
828 180.4906463623047
829 195.9982147216797
830 187.38284301757813
831 190.82901000976563
832 221.8440704345703
833 199.0135498046875
834 236.4901123046875
835 226.58255004882813
836 226.58253479003906
837 181.78294372558594
838 203.3212127685547
839 192.9828338623047
840 241.22853088378906
841 198.1520233154297
842 227.01327514648438
843 202.02890014648438
844 189.5366668701172
845 201.5980987548828
846 199.01351928710938
847 244.24388122558594
848 200.73658752441406
849 186.95213317871094
850 235.62860107421875
851 207.62887573242188
852 227.01327514648438
853 174.02914428710938
854 235.6285858154297
855 238.2131805419922
856 236.0593719482422
857 200.30584716796875
858 211.9364776611328
859 217.53643798828125
860 218.82876586914063
861 187.81362915039063
862 189.10592651367188
863 217.1056365966797
864 188.67515563964844
865 220.12106323242188
866 180.9214324951172
867 216.67489624023438
868 169.7215118408203
869 190.8290252685547
870 158.09085083007813
871 167.56765747070313
872 160.6754608154297
873 184.79830932617188
874 162.39849853515625
875 167.5676727294922
876 158.95237731933594
877 143.87559509277344
878 175.32144165039063
879 160.2446746826172
880 171.01377868652344
881 213.2288055419922
882 166.27540588378906
883 207.1980743408203
884 145.1678924560547
885 182.2136993408203
886 153.3524169921875
887 201.59817504882813
888 207.19808959960938
889 202.0288848876953
890 202.02890014648438
891 171.01380920410156
892 154.21395874023438
893 151.62936401367188
894 190.39820861816406
895 200.3058624267578
896 220.55178833007813
897 220.12103271484375
898 161.10621643066406
899 233.04397583007813
900 199.44430541992188
901 200.73663330078125
902 208.0596160888672
903 183.5059814453125
904 166.70614624023438
905 217.96719360351563
906 171.87535095214844
907 204.18272399902344
908 214.09034729003906
909 182.21371459960938
910 202.4596710205078
911 201.1673583984375
912 195.99818420410156
913 180.05987548828125
914 193.84432983398438
915 161.96774291992188
916 169.72149658203125
917 214.5211181640625
918 191.69053649902344
919 177.04454040527344
920 199.4442596435547
921 221.413330078125
922 210.64419555664063
923 216.244140625
924 192.1212921142578
925 220.12106323242188
926 211.93650817871094
927 227.8748321533203
928 199.44432067871094
929 187.81362915039063
930 207.62884521484375
931 247.2592315673828
932 236.49009704589844
933 224.42868041992188
934 222.27484130859375
935 236.92088317871094
936 228.736328125
937 224.4287109375
938 189.10594177246094
939 206.3365478515625
940 172.3061065673828
941 220.12103271484375
942 197.7212371826172
943 186.090576171875
944 192.55206298828125
945 220.98255920410156
946 236.49009704589844
947 191.69052124023438
948 202.45965576171875
949 199.87506103515625
950 219.69027709960938
951 292.92034912109375
952 202.02890014648438
953 280.4281921386719
954 232.1824493408203
955 203.75196838378906
956 229.1671142578125
957 229.597900390625
958 210.64419555664063
959 186.5213623046875
960 229.59786987304688
961 191.6905517578125
962 208.4904022216797
963 238.64390563964844
964 214.09031677246094
965 221.8441162109375
966 258.4591369628906
967 239.50546264648438
968 225.29019165039063
969 211.07496643066406
970 190.8290252685547
971 211.07493591308594
972 196.8596954345703
973 192.98284912109375
974 205.47508239746094
975 234.76710510253906
976 183.0752716064453
977 226.58250427246094
978 237.35169982910156
979 208.0595703125
980 199.8750762939453
981 242.09005737304688
982 215.38259887695313
983 229.16712951660156
984 254.582275390625
985 220.98255920410156
986 259.7514343261719
987 245.1053924560547
988 205.47503662109375
989 190.39822387695313
990 191.25975036621094
991 153.783203125
992 186.09060668945313
993 199.0135498046875
994 187.3828887939453
995 215.81336975097656
996 197.2904815673828
997 183.93673706054688
998 204.18272399902344
999 218.8287353515625
1000 233.04396057128906
1001 169.7215118408203
1002 169.7215118408203
