0 {1 3 4 5 6 7 8 9} {{0 2 0 0 0 0 0 0 0 10}}
1 {1 3 4 5 6 7 8 9} {{0 2 0 0 0 0 0 0 0 10}}
2 {1 3 4 5 6 7 8 9} {{0 2 0 0 0 0 0 0 0 10}}
3 {1 3 4 5 6 7 8 9} {{0 2 0 0 0 0 0 0 0 10}}
4 {1 3 4 5 6 7 8 9} {{0 2 0 0 0 0 0 0 0 10}}
5 {3 4 5 6 7 8} {{1 0 0 0 0 0 0 0 9 0} {0 2 0 0 0 0 0 0 0 10}}
6 {3 4 5 6 7 8} {{1 0 0 0 0 0 0 0 9 0} {0 2 0 0 0 0 0 0 0 10}}
7 {3 4 5 6 7 8} {{1 0 0 0 0 0 0 0 9 0} {0 2 0 0 0 0 0 0 0 10}}
8 {3 4 5 6 7 8} {{1 0 0 0 0 0 0 0 9 0} {0 2 0 0 0 0 0 0 0 10}}
9 {3 4 5 6 7 8} {{1 0 0 0 0 0 0 0 9 0} {0 2 0 0 0 0 0 0 0 10}}
10 {3 4 5 6 7 8} {{1 0 0 0 0 0 0 0 9 0} {0 2 0 0 0 0 0 0 0 10}}
11 {3 4 5 6 7 8} {{1 0 0 0 0 0 0 0 9 0} {0 2 0 0 0 0 0 0 0 10}}
12 {3 4 5 6 7 8} {{1 0 0 0 0 0 0 0 9 0} {0 2 0 0 0 0 0 0 0 10}}
13 {3 4 5 6 7 8} {{1 0 0 0 0 0 0 0 9 0} {0 2 0 0 0 0 0 0 0 10}}
14 {3 4 6 7 8} {{1 0 0 0 0 0 0 0 9 0} {0 2 0 0 5 0 0 0 0 10}}
15 {3 4 6 7 8} {{1 0 0 0 0 0 0 0 9 0} {0 2 0 0 5 0 0 0 0 10}}
16 {3 4 5 6 7 8} {{1 0 0 0 0 0 0 0 9 0} {0 2 0 0 0 0 0 0 0 10}}
17 {3 4 6 7 8} {{1 0 0 0 0 0 0 0 9 0} {0 2 0 0 5 0 0 0 0 10}}
18 {3 4 6 7 8} {{1 0 0 0 0 0 0 0 9 0} {0 2 0 0 5 0 0 0 0 10}}
19 {3 4 6 7 8} {{1 0 0 0 0 0 0 0 9 0} {0 2 0 0 5 0 0 0 0 10}}
20 {3 4 6 7 8} {{1 0 0 0 0 0 0 0 9 0} {0 2 0 0 5 0 0 0 0 10}}
21 {3 4 6 7 8} {{1 0 0 0 0 0 0 0 9 0} {0 2 0 0 5 0 0 0 0 10}}
22 {3 4 6 7 8} {{1 0 0 0 0 0 0 0 9 0} {0 2 0 0 5 0 0 0 0 10}}
23 {3 4 6 7 8} {{1 0 0 0 0 0 0 0 9 0} {0 2 0 0 5 0 0 0 0 10}}
24 {3 4 6 7 8} {{1 0 0 0 0 0 0 0 9 0} {0 2 0 0 5 0 0 0 0 10}}
25 {3 4 6 7 8} {{1 0 0 0 0 0 0 0 9 0} {0 2 0 0 5 0 0 0 0 10}}
26 {3 4 6 7 8} {{1 0 0 0 0 0 0 0 9 0} {0 2 0 0 5 0 0 0 0 10}}
27 {3 4 6 7 8} {{1 0 0 0 0 0 0 0 9 0} {0 2 0 0 5 0 0 0 0 10}}
28 {3 4 7 8} {{1 0 0 0 0 6 0 0 9 0} {0 2 0 0 5 0 0 0 0 10}}
29 {3 4 6 7 8} {{1 0 0 0 0 0 0 0 9 0} {0 2 0 0 5 0 0 0 0 10}}
30 {3 4 6 7 8} {{1 0 0 0 0 0 0 0 9 0} {0 2 0 0 5 0 0 0 0 10}}
31 {3 4 7 8} {{1 0 0 0 0 6 0 0 9 0} {0 2 0 0 5 0 0 0 0 10}}
32 {3 4 7 8} {{1 0 0 0 0 6 0 0 9 0} {0 2 0 0 5 0 0 0 0 10}}
33 {3 4 7 8} {{1 0 0 0 0 6 0 0 9 0} {0 2 0 0 5 0 0 0 0 10}}
34 {3 4 7 8} {{1 0 0 0 0 6 0 0 9 0} {0 2 0 0 5 0 0 0 0 10}}
35 {3 4 7 8} {{1 0 0 0 0 6 0 0 9 0} {0 2 0 0 5 0 0 0 0 10}}
36 {3 4 7 8} {{1 0 0 0 0 6 0 0 9 0} {0 2 0 0 5 0 0 0 0 10}}
37 {3 4 7 8} {{1 0 0 0 0 6 0 0 9 0} {0 2 0 0 5 0 0 0 0 10}}
38 {3 4 7 8} {{1 0 0 0 0 6 0 0 9 0} {0 2 0 0 5 0 0 0 0 10}}
39 {3 4 7 8} {{1 0 0 0 0 6 0 0 9 0} {0 2 0 0 5 0 0 0 0 10}}
40 {3 4 7 8} {{1 0 0 0 0 6 0 0 9 0} {0 2 0 0 5 0 0 0 0 10}}
41 {3 4 7 8} {{1 0 0 0 0 6 0 0 9 0} {0 2 0 0 5 0 0 0 0 10}}
42 {3 4 7 8} {{1 0 0 0 0 6 0 0 9 0} {0 2 0 0 5 0 0 0 0 10}}
43 {3 4 7 8} {{1 0 0 0 0 6 0 0 9 0} {0 2 0 0 5 0 0 0 0 10}}
44 {3 4 7 8} {{1 0 0 0 0 6 0 0 9 0} {0 2 0 0 5 0 0 0 0 10}}
45 {3 4 7 8} {{1 0 0 0 0 6 0 0 9 0} {0 2 0 0 5 0 0 0 0 10}}
46 {3 4 7 8} {{1 0 0 0 0 6 0 0 9 0} {0 2 0 0 5 0 0 0 0 10}}
47 {3 4 7 8} {{1 0 0 0 0 6 0 0 9 0} {0 2 0 0 5 0 0 0 0 10}}
48 {3 4 7 8} {{1 0 0 0 0 6 0 0 9 0} {0 2 0 0 5 0 0 0 0 10}}
49 {3 4} {{1 0 0 0 0 6 0 0 9 0} {0 2 0 0 5 0 0 0 0 10} {0 0 0 0 0 0 7 8 0 0}}
50 {3 4} {{1 0 0 0 0 6 0 0 9 0} {0 2 0 0 5 0 0 0 0 10} {0 0 0 0 0 0 7 8 0 0}}
51 {3 4} {{1 0 0 0 0 6 0 0 9 0} {0 2 0 0 5 0 0 0 0 10} {0 0 0 0 0 0 7 8 0 0}}
52 {3 4} {{1 0 0 0 0 6 0 0 9 0} {0 2 0 0 5 0 0 0 0 10} {0 0 0 0 0 0 7 8 0 0}}
53 {3 4} {{1 0 0 0 0 6 0 0 9 0} {0 2 0 0 5 0 0 0 0 10} {0 0 0 0 0 0 7 8 0 0}}
54 {3 4} {{1 0 0 0 0 6 0 0 9 0} {0 2 0 0 5 0 0 0 0 10} {0 0 0 0 0 0 7 8 0 0}}
55 {3 4} {{1 0 0 0 0 6 0 0 9 0} {0 2 0 0 5 0 0 0 0 10} {0 0 0 0 0 0 7 8 0 0}}
56 {3 4} {{1 0 0 0 0 6 0 0 9 0} {0 2 0 0 5 0 0 0 0 10} {0 0 0 0 0 0 7 8 0 0}}
57 {3 4} {{1 0 0 0 0 6 0 0 9 0} {0 2 0 0 5 0 0 0 0 10} {0 0 0 0 0 0 7 8 0 0}}
58 {3 4} {{1 0 0 0 0 6 0 0 9 0} {0 2 0 0 5 0 0 0 0 10} {0 0 0 0 0 0 7 8 0 0}}
59 {3 4} {{1 0 0 0 0 6 0 0 9 0} {0 2 0 0 5 0 0 0 0 10} {0 0 0 0 0 0 7 8 0 0}}
60 {3 4} {{1 0 0 0 0 6 0 0 9 0} {0 2 0 0 5 0 0 0 0 10} {0 0 0 0 0 0 7 8 0 0}}
61 {3 4} {{1 0 0 0 0 6 0 0 9 0} {0 2 0 0 5 0 0 0 0 10} {0 0 0 0 0 0 7 8 0 0}}
62 {3 4} {{1 0 0 0 0 6 0 0 9 0} {0 2 0 0 5 0 0 0 0 10} {0 0 0 0 0 0 7 8 0 0}}
63 {3 4} {{1 0 0 0 0 6 0 0 9 0} {0 2 0 0 5 0 0 0 0 10} {0 0 0 0 0 0 7 8 0 0}}
64 {3 4} {{1 0 0 0 0 6 0 0 9 0} {0 2 0 0 5 0 0 0 0 10} {0 0 0 0 0 0 7 8 0 0}}
65 {3 4} {{1 0 0 0 0 6 0 0 9 0} {0 2 0 0 5 0 0 0 0 10} {0 0 0 0 0 0 7 8 0 0}}
66 {3 4} {{1 0 0 0 0 6 0 0 9 0} {0 2 0 0 5 0 0 0 0 10} {0 0 0 0 0 0 7 8 0 0}}
67 {3 4} {{1 0 0 0 0 6 0 0 9 0} {0 2 0 0 5 0 0 0 0 10} {0 0 0 0 0 0 7 8 0 0}}
68 {3 4} {{1 0 0 0 0 6 0 0 9 0} {0 2 0 0 5 0 0 0 0 10} {0 0 0 0 0 0 7 8 0 0}}
69 {3 4} {{1 0 0 0 0 6 0 0 9 0} {0 2 0 0 5 0 0 0 0 10} {0 0 0 0 0 0 7 8 0 0}}
70 {3 4} {{1 0 0 0 0 6 0 0 9 0} {0 2 0 0 5 0 0 0 0 10} {0 0 0 0 0 0 7 8 0 0}}
71 {3 4} {{1 0 0 0 0 6 0 0 9 0} {0 2 0 0 5 0 0 0 0 10} {0 0 0 0 0 0 7 8 0 0}}
72 {3 4} {{1 0 0 0 0 6 0 0 9 0} {0 2 0 0 5 0 0 0 0 10} {0 0 0 0 0 0 7 8 0 0}}
73 {3 4} {{1 0 0 0 0 6 0 0 9 0} {0 2 0 0 5 0 0 0 0 10} {0 0 0 0 0 0 7 8 0 0}}
74 {3 4} {{1 0 0 0 0 6 0 0 9 0} {0 2 0 0 5 0 0 0 0 10} {0 0 0 0 0 0 7 8 0 0}}
75 {3 4} {{1 0 0 0 0 6 0 0 9 0} {0 2 0 0 5 0 0 0 0 10} {0 0 0 0 0 0 7 8 0 0}}
76 {3 4} {{1 0 0 0 0 6 0 0 9 0} {0 2 0 0 5 0 0 0 0 10} {0 0 0 0 0 0 7 8 0 0}}
77 {3 4} {{1 0 0 0 0 6 0 0 9 0} {0 2 0 0 5 0 0 0 0 10} {0 0 0 0 0 0 7 8 0 0}}
78 {3 4} {{1 0 0 0 0 6 0 0 9 0} {0 2 0 0 5 0 0 0 0 10} {0 0 0 0 0 0 7 8 0 0}}
79 {3 4} {{1 0 0 0 0 6 0 0 9 0} {0 2 0 0 5 0 0 0 0 10} {0 0 0 0 0 0 7 8 0 0}}
80 {3 4} {{1 0 0 0 0 6 0 0 9 0} {0 2 0 0 5 0 0 0 0 10} {0 0 0 0 0 0 7 8 0 0}}
81 {3 4} {{1 0 0 0 0 6 0 0 9 0} {0 2 0 0 5 0 0 0 0 10} {0 0 0 0 0 0 7 8 0 0}}
82 {3 4} {{1 0 0 0 0 6 0 0 9 0} {0 2 0 0 5 0 0 0 0 10} {0 0 0 0 0 0 7 8 0 0}}
83 {3 4} {{1 0 0 0 0 6 0 0 9 0} {0 2 0 0 5 0 0 0 0 10} {0 0 0 0 0 0 7 8 0 0}}
84 {3 4} {{1 0 0 0 0 6 0 0 9 0} {0 2 0 0 5 0 0 0 0 10} {0 0 0 0 0 0 7 8 0 0}}
85 {3 4} {{1 0 0 0 0 6 0 0 9 0} {0 2 0 0 5 0 0 0 0 10} {0 0 0 0 0 0 7 8 0 0}}
86 {3 4} {{1 0 0 0 0 6 0 0 9 0} {0 2 0 0 5 0 0 0 0 10} {0 0 0 0 0 0 7 8 0 0}}
87 {3 4} {{1 0 0 0 0 6 0 0 9 0} {0 2 0 0 5 0 0 0 0 10} {0 0 0 0 0 0 7 8 0 0}}
88 {3 4} {{1 0 0 0 0 6 0 0 9 0} {0 2 0 0 5 0 0 0 0 10} {0 0 0 0 0 0 7 8 0 0}}
89 {3 4} {{1 0 0 0 0 6 0 0 9 0} {0 2 0 0 5 0 0 0 0 10} {0 0 0 0 0 0 7 8 0 0}}
90 {3 4} {{1 0 0 0 0 6 0 0 9 0} {0 2 0 0 5 0 0 0 0 10} {0 0 0 0 0 0 7 8 0 0}}
91 {3 4} {{1 0 0 0 0 6 0 0 9 0} {0 2 0 0 5 0 0 0 0 10} {0 0 0 0 0 0 7 8 0 0}}
92 {3 4} {{1 0 0 0 0 6 0 0 9 0} {0 2 0 0 5 0 0 0 0 10} {0 0 0 0 0 0 7 8 0 0}}
93 {3 4} {{1 0 0 0 0 6 0 0 9 0} {0 2 0 0 5 0 0 0 0 10} {0 0 0 0 0 0 7 8 0 0}}
94 {3 4} {{1 0 0 0 0 6 0 0 9 0} {0 2 0 0 5 0 0 0 0 10} {0 0 0 0 0 0 7 8 0 0}}
95 {3 4} {{1 0 0 0 0 6 0 0 9 0} {0 2 0 0 5 0 0 0 0 10} {0 0 0 0 0 0 7 8 0 0}}
96 {3 4} {{1 0 0 0 0 6 0 0 9 0} {0 2 0 0 5 0 0 0 0 10} {0 0 0 0 0 0 7 8 0 0}}
97 {3 4} {{1 0 0 0 0 6 0 0 9 0} {0 2 0 0 5 0 0 0 0 10} {0 0 0 0 0 0 7 8 0 0}}
98 {3 4} {{1 0 0 0 0 6 0 0 9 0} {0 2 0 0 5 0 0 0 0 10} {0 0 0 0 0 0 7 8 0 0}}
99 {3 4} {{1 0 0 0 0 6 0 0 9 0} {0 2 0 0 5 0 0 0 0 10} {0 0 0 0 0 0 7 8 0 0}}
100 {3 4} {{1 0 0 0 0 6 0 0 9 0} {0 2 0 0 5 0 0 0 0 10} {0 0 0 0 0 0 7 8 0 0}}
101 {3 4} {{1 0 0 0 0 6 0 0 9 0} {0 2 0 0 5 0 0 0 0 10} {0 0 0 0 0 0 7 8 0 0}}
102 {3 4} {{1 0 0 0 0 6 0 0 9 0} {0 2 0 0 5 0 0 0 0 10} {0 0 0 0 0 0 7 8 0 0}}
103 {3 4} {{1 0 0 0 0 6 0 0 9 0} {0 2 0 0 5 0 0 0 0 10} {0 0 0 0 0 0 7 8 0 0}}
104 {3 4} {{1 0 0 0 0 6 0 0 9 0} {0 2 0 0 5 0 0 0 0 10} {0 0 0 0 0 0 7 8 0 0}}
105 {3 4} {{1 0 0 0 0 6 0 0 9 0} {0 2 0 0 5 0 0 0 0 10} {0 0 0 0 0 0 7 8 0 0}}
106 {3 4} {{1 0 0 0 0 6 0 0 9 0} {0 2 0 0 5 0 0 0 0 10} {0 0 0 0 0 0 7 8 0 0}}
107 {3 4} {{1 0 0 0 0 6 0 0 9 0} {0 2 0 0 5 0 0 0 0 10} {0 0 0 0 0 0 7 8 0 0}}
108 {3 4} {{1 0 0 0 0 6 0 0 9 0} {0 2 0 0 5 0 0 0 0 10} {0 0 0 0 0 0 7 8 0 0}}
109 {3 4} {{1 0 0 0 0 6 0 0 9 0} {0 2 0 0 5 0 0 0 0 10} {0 0 0 0 0 0 7 8 0 0}}
110 {3 4} {{1 0 0 0 0 6 0 0 9 0} {0 2 0 0 5 0 0 0 0 10} {0 0 0 0 0 0 7 8 0 0}}
111 {3 4} {{1 0 0 0 0 6 0 0 9 0} {0 2 0 0 5 0 0 0 0 10} {0 0 0 0 0 0 7 8 0 0}}
112 {3 4} {{1 0 0 0 0 6 0 0 9 0} {0 2 0 0 5 0 0 0 0 10} {0 0 0 0 0 0 7 8 0 0}}
113 {3 4} {{1 0 0 0 0 6 0 0 9 0} {0 2 0 0 5 0 0 0 0 10} {0 0 0 0 0 0 7 8 0 0}}
114 {3 4} {{1 0 0 0 0 6 0 0 9 0} {0 2 0 0 5 0 0 0 0 10} {0 0 0 0 0 0 7 8 0 0}}
115 {3 4} {{1 0 0 0 0 6 0 0 9 0} {0 2 0 0 5 0 0 0 0 10} {0 0 0 0 0 0 7 8 0 0}}
116 {3 4} {{1 0 0 0 0 6 0 0 9 0} {0 2 0 0 5 0 0 0 0 10} {0 0 0 0 0 0 7 8 0 0}}
117 {3 4} {{1 0 0 0 0 6 0 0 9 0} {0 2 0 0 5 0 0 0 0 10} {0 0 0 0 0 0 7 8 0 0}}
118 {3 4} {{1 0 0 0 0 6 0 0 9 0} {0 2 0 0 5 0 0 0 0 10} {0 0 0 0 0 0 7 8 0 0}}
119 {3 4} {{1 0 0 0 0 6 0 0 9 0} {0 2 0 0 5 0 0 0 0 10} {0 0 0 0 0 0 7 8 0 0}}
120 {3 4} {{1 0 0 0 0 6 0 0 9 0} {0 2 0 0 5 0 0 0 0 10} {0 0 0 0 0 0 7 8 0 0}}
121 {3 4} {{1 0 0 0 0 6 0 0 9 0} {0 2 0 0 5 0 0 0 0 10} {0 0 0 0 0 0 7 8 0 0}}
122 {3 4} {{1 0 0 0 0 6 0 0 9 0} {0 2 0 0 5 0 0 0 0 10} {0 0 0 0 0 0 7 8 0 0}}
123 {3 4} {{1 0 0 0 0 6 0 0 9 0} {0 2 0 0 5 0 0 0 0 10} {0 0 0 0 0 0 7 8 0 0}}
124 {3 4} {{1 0 0 0 0 6 0 0 9 0} {0 2 0 0 5 0 0 0 0 10} {0 0 0 0 0 0 7 8 0 0}}
125 {3 4} {{1 0 0 0 0 6 0 0 9 0} {0 2 0 0 5 0 0 0 0 10} {0 0 0 0 0 0 7 8 0 0}}
126 {3 4} {{1 0 0 0 0 6 0 0 9 0} {0 2 0 0 5 0 0 0 0 10} {0 0 0 0 0 0 7 8 0 0}}
127 {3 4} {{1 0 0 0 0 6 0 0 9 0} {0 2 0 0 5 0 0 0 0 10} {0 0 0 0 0 0 7 8 0 0}}
128 {3 4} {{1 0 0 0 0 6 0 0 9 0} {0 2 0 0 5 0 0 0 0 10} {0 0 0 0 0 0 7 8 0 0}}
129 {3 4} {{1 0 0 0 0 6 0 0 9 0} {0 2 0 0 5 0 0 0 0 10} {0 0 0 0 0 0 7 8 0 0}}
130 {3 4} {{1 0 0 0 0 6 0 0 9 0} {0 2 0 0 5 0 0 0 0 10} {0 0 0 0 0 0 7 8 0 0}}
131 {3 4} {{1 0 0 0 0 6 0 0 9 0} {0 2 0 0 5 0 0 0 0 10} {0 0 0 0 0 0 7 8 0 0}}
132 {3 4} {{1 0 0 0 0 6 0 0 9 0} {0 2 0 0 5 0 0 0 0 10} {0 0 0 0 0 0 7 8 0 0}}
133 {3 4} {{1 0 0 0 0 6 0 0 9 0} {0 2 0 0 5 0 0 0 0 10} {0 0 0 0 0 0 7 8 0 0}}
134 {3 4} {{1 0 0 0 0 6 0 0 9 0} {0 2 0 0 5 0 0 0 0 10} {0 0 0 0 0 0 7 8 0 0}}
135 {3 4} {{1 0 0 0 0 6 0 0 9 0} {0 2 0 0 5 0 0 0 0 10} {0 0 0 0 0 0 7 8 0 0}}
136 {3 4} {{1 0 0 0 0 6 0 0 9 0} {0 2 0 0 5 0 0 0 0 10} {0 0 0 0 0 0 7 8 0 0}}
137 {3 4} {{1 0 0 0 0 6 0 0 9 0} {0 2 0 0 5 0 0 0 0 10} {0 0 0 0 0 0 7 8 0 0}}
138 {3 4} {{1 0 0 0 0 6 0 0 9 0} {0 2 0 0 5 0 0 0 0 10} {0 0 0 0 0 0 7 8 0 0}}
139 {3 4} {{1 0 0 0 0 6 0 0 9 0} {0 2 0 0 5 0 0 0 0 10} {0 0 0 0 0 0 7 8 0 0}}
140 {3 4} {{1 0 0 0 0 6 0 0 9 0} {0 2 0 0 5 0 0 0 0 10} {0 0 0 0 0 0 7 8 0 0}}
141 {3 4} {{1 0 0 0 0 6 0 0 9 0} {0 2 0 0 5 0 0 0 0 10} {0 0 0 0 0 0 7 8 0 0}}
142 {3 4} {{1 0 0 0 0 6 0 0 9 0} {0 2 0 0 5 0 0 0 0 10} {0 0 0 0 0 0 7 8 0 0}}
143 {3 4} {{1 0 0 0 0 6 0 0 9 0} {0 2 0 0 5 0 0 0 0 10} {0 0 0 0 0 0 7 8 0 0}}
144 {3 4} {{1 0 0 0 0 6 0 0 9 0} {0 2 0 0 5 0 0 0 0 10} {0 0 0 0 0 0 7 8 0 0}}
145 {3 4} {{1 0 0 0 0 6 0 0 9 0} {0 2 0 0 5 0 0 0 0 10} {0 0 0 0 0 0 7 8 0 0}}
146 {3 4} {{1 0 0 0 0 6 0 0 9 0} {0 2 0 0 5 0 0 0 0 10} {0 0 0 0 0 0 7 8 0 0}}
147 {3 4} {{1 0 0 0 0 6 0 0 9 0} {0 2 0 0 5 0 0 0 0 10} {0 0 0 0 0 0 7 8 0 0}}
148 {3 4} {{1 0 0 0 0 6 0 0 9 0} {0 2 0 0 5 0 0 0 0 10} {0 0 0 0 0 0 7 8 0 0}}
149 {3 4} {{1 0 0 0 0 6 0 0 9 0} {0 2 0 0 5 0 0 0 0 10} {0 0 0 0 0 0 7 8 0 0}}
150 {3 4} {{1 0 0 0 0 6 0 0 9 0} {0 2 0 0 5 0 0 0 0 10} {0 0 0 0 0 0 7 8 0 0}}
151 {3 4} {{1 0 0 0 0 6 0 0 9 0} {0 2 0 0 5 0 0 0 0 10} {0 0 0 0 0 0 7 8 0 0}}
152 {3 4} {{1 0 0 0 0 6 0 0 9 0} {0 2 0 0 5 0 0 0 0 10} {0 0 0 0 0 0 7 8 0 0}}
153 {3 4} {{1 0 0 0 0 6 0 0 9 0} {0 2 0 0 5 0 0 0 0 10} {0 0 0 0 0 0 7 8 0 0}}
154 {3 4} {{1 0 0 0 0 6 0 0 9 0} {0 2 0 0 5 0 0 0 0 10} {0 0 0 0 0 0 7 8 0 0}}
155 {3 4} {{1 0 0 0 0 6 0 0 9 0} {0 2 0 0 5 0 0 0 0 10} {0 0 0 0 0 0 7 8 0 0}}
156 {3 4} {{1 0 0 0 0 6 0 0 9 0} {0 2 0 0 5 0 0 0 0 10} {0 0 0 0 0 0 7 8 0 0}}
157 {3 4} {{1 0 0 0 0 6 0 0 9 0} {0 2 0 0 5 0 0 0 0 10} {0 0 0 0 0 0 7 8 0 0}}
158 {3 4} {{1 0 0 0 0 6 0 0 9 0} {0 2 0 0 5 0 0 0 0 10} {0 0 0 0 0 0 7 8 0 0}}
159 {3 4} {{1 0 0 0 0 6 0 0 9 0} {0 2 0 0 5 0 0 0 0 10} {0 0 0 0 0 0 7 8 0 0}}
160 {3 4} {{1 0 0 0 0 6 0 0 9 0} {0 2 0 0 5 0 0 0 0 10} {0 0 0 0 0 0 7 8 0 0}}
161 {3 4} {{1 0 0 0 0 6 0 0 9 0} {0 2 0 0 5 0 0 0 0 10} {0 0 0 0 0 0 7 8 0 0}}
162 {3 4} {{1 0 0 0 0 6 0 0 9 0} {0 2 0 0 5 0 0 0 0 10} {0 0 0 0 0 0 7 8 0 0}}
163 {3 4} {{1 0 0 0 0 6 0 0 9 0} {0 2 0 0 5 0 0 0 0 10} {0 0 0 0 0 0 7 8 0 0}}
164 {3 4} {{1 0 0 0 0 6 0 0 9 0} {0 2 0 0 5 0 0 0 0 10} {0 0 0 0 0 0 7 8 0 0}}
165 {3 4} {{1 0 0 0 0 6 0 0 9 0} {0 2 0 0 5 0 0 0 0 10} {0 0 0 0 0 0 7 8 0 0}}
166 {3 4} {{1 0 0 0 0 6 0 0 9 0} {0 2 0 0 5 0 0 0 0 10} {0 0 0 0 0 0 7 8 0 0}}
167 {3 4} {{1 0 0 0 0 6 0 0 9 0} {0 2 0 0 5 0 0 0 0 10} {0 0 0 0 0 0 7 8 0 0}}
168 {3 4} {{1 0 0 0 0 6 0 0 9 0} {0 2 0 0 5 0 0 0 0 10} {0 0 0 0 0 0 7 8 0 0}}
169 {3 4} {{1 0 0 0 0 6 0 0 9 0} {0 2 0 0 5 0 0 0 0 10} {0 0 0 0 0 0 7 8 0 0}}
170 {3 4} {{1 0 0 0 0 6 0 0 9 0} {0 2 0 0 5 0 0 0 0 10} {0 0 0 0 0 0 7 8 0 0}}
171 {3 4} {{1 0 0 0 0 6 0 0 9 0} {0 2 0 0 5 0 0 0 0 10} {0 0 0 0 0 0 7 8 0 0}}
172 {3 4} {{1 0 0 0 0 6 0 0 9 0} {0 2 0 0 5 0 0 0 0 10} {0 0 0 0 0 0 7 8 0 0}}
173 {3 4} {{1 0 0 0 0 6 0 0 9 0} {0 2 0 0 5 0 0 0 0 10} {0 0 0 0 0 0 7 8 0 0}}
174 {3 4} {{1 0 0 0 0 6 0 0 9 0} {0 2 0 0 5 0 0 0 0 10} {0 0 0 0 0 0 7 8 0 0}}
175 {3 4} {{1 0 0 0 0 6 0 0 9 0} {0 2 0 0 5 0 0 0 0 10} {0 0 0 0 0 0 7 8 0 0}}
176 {3 4} {{1 0 0 0 0 6 0 0 9 0} {0 2 0 0 5 0 0 0 0 10} {0 0 0 0 0 0 7 8 0 0}}
177 {} {{1 0 0 0 0 6 0 0 9 0} {0 2 0 0 5 0 0 0 0 10} {0 0 3 4 0 0 0 0 0 0} {0 0 0 0 0 0 7 8 0 0}}
178 {} {{1 0 0 0 0 6 0 0 9 0} {0 2 0 0 5 0 0 0 0 10} {0 0 3 4 0 0 0 0 0 0} {0 0 0 0 0 0 7 8 0 0}}
179 {} {{1 0 0 0 0 6 0 0 9 0} {0 2 0 0 5 0 0 0 0 10} {0 0 3 4 0 0 0 0 0 0} {0 0 0 0 0 0 7 8 0 0}}
180 {} {{1 0 0 0 0 6 0 0 9 0} {0 2 0 0 5 0 0 0 0 10} {0 0 3 4 0 0 0 0 0 0} {0 0 0 0 0 0 7 8 0 0}}
181 {} {{1 0 0 0 0 6 0 0 9 0} {0 2 0 0 5 0 0 0 0 10} {0 0 3 4 0 0 0 0 0 0} {0 0 0 0 0 0 7 8 0 0}}
182 {} {{1 0 0 0 0 6 0 0 9 0} {0 2 0 0 5 0 0 0 0 10} {0 0 3 4 0 0 0 0 0 0} {0 0 0 0 0 0 7 8 0 0}}
183 {} {{1 0 0 0 0 6 0 0 9 0} {0 2 0 0 5 0 0 0 0 10} {0 0 3 4 0 0 0 0 0 0} {0 0 0 0 0 0 7 8 0 0}}
184 {} {{1 0 0 0 0 6 0 0 9 0} {0 2 0 0 5 0 0 0 0 10} {0 0 3 4 0 0 0 0 0 0} {0 0 0 0 0 0 7 8 0 0}}
185 {} {{1 0 0 0 0 6 0 0 9 0} {0 2 0 0 5 0 0 0 0 10} {0 0 3 4 0 0 0 0 0 0} {0 0 0 0 0 0 7 8 0 0}}
186 {} {{1 0 0 0 0 6 0 0 9 0} {0 2 0 0 5 0 0 0 0 10} {0 0 3 4 0 0 0 0 0 0} {0 0 0 0 0 0 7 8 0 0}}
187 {} {{1 0 0 0 0 6 0 0 9 0} {0 2 0 0 5 0 0 0 0 10} {0 0 3 4 0 0 0 0 0 0} {0 0 0 0 0 0 7 8 0 0}}
188 {} {{1 0 0 0 0 6 0 0 9 0} {0 2 0 0 5 0 0 0 0 10} {0 0 3 4 0 0 0 0 0 0} {0 0 0 0 0 0 7 8 0 0}}
189 {} {{1 0 0 0 0 6 0 0 9 0} {0 2 0 0 5 0 0 0 0 10} {0 0 3 4 0 0 0 0 0 0} {0 0 0 0 0 0 7 8 0 0}}
190 {} {{1 0 0 0 0 6 0 0 9 0} {0 2 0 0 5 0 0 0 0 10} {0 0 3 4 0 0 0 0 0 0} {0 0 0 0 0 0 7 8 0 0}}
191 {} {{1 0 0 0 0 6 0 0 9 0} {0 2 0 0 5 0 0 0 0 10} {0 0 3 4 0 0 0 0 0 0} {0 0 0 0 0 0 7 8 0 0}}
192 {} {{1 0 0 0 0 6 0 0 9 0} {0 2 0 0 5 0 0 0 0 10} {0 0 3 4 0 0 0 0 0 0} {0 0 0 0 0 0 7 8 0 0}}
193 {} {{1 0 0 0 0 6 0 0 9 0} {0 2 0 0 5 0 0 0 0 10} {0 0 3 4 0 0 0 0 0 0} {0 0 0 0 0 0 7 8 0 0}}
194 {} {{1 0 0 0 0 6 0 0 9 0} {0 2 0 0 5 0 0 0 0 10} {0 0 3 4 0 0 0 0 0 0} {0 0 0 0 0 0 7 8 0 0}}
195 {} {{1 0 0 0 0 6 0 0 9 0} {0 2 0 0 5 0 0 0 0 10} {0 0 3 4 0 0 0 0 0 0} {0 0 0 0 0 0 7 8 0 0}}
196 {} {{1 0 0 0 0 6 0 0 9 0} {0 2 0 0 5 0 0 0 0 10} {0 0 3 4 0 0 0 0 0 0} {0 0 0 0 0 0 7 8 0 0}}
197 {} {{1 0 0 0 0 6 0 0 9 0} {0 2 0 0 5 0 0 0 0 10} {0 0 3 4 0 0 0 0 0 0} {0 0 0 0 0 0 7 8 0 0}}
198 {} {{1 0 0 0 0 6 0 0 9 0} {0 2 0 0 5 0 0 0 0 10} {0 0 3 4 0 0 0 0 0 0} {0 0 0 0 0 0 7 8 0 0}}
199 {} {{1 0 0 0 0 6 0 0 9 0} {0 2 0 0 5 0 0 0 0 10} {0 0 3 4 0 0 0 0 0 0} {0 0 0 0 0 0 7 8 0 0}}
200 {} {{1 0 0 0 0 6 0 0 9 0} {0 2 0 0 5 0 0 0 0 10} {0 0 3 4 0 0 0 0 0 0} {0 0 0 0 0 0 7 8 0 0}}
201 {} {{1 0 0 0 0 6 0 0 9 0} {0 2 0 0 5 0 0 0 0 10} {0 0 3 4 0 0 0 0 0 0} {0 0 0 0 0 0 7 8 0 0}}
202 {} {{1 0 0 0 0 6 0 0 9 0} {0 2 0 0 5 0 0 0 0 10} {0 0 3 4 0 0 0 0 0 0} {0 0 0 0 0 0 7 8 0 0}}
203 {} {{1 0 0 0 0 6 0 0 9 0} {0 2 0 0 5 0 0 0 0 10} {0 0 3 4 0 0 0 0 0 0} {0 0 0 0 0 0 7 8 0 0}}
204 {} {{1 0 0 0 0 6 0 0 9 0} {0 2 0 0 5 0 0 0 0 10} {0 0 3 4 0 0 0 0 0 0} {0 0 0 0 0 0 7 8 0 0}}
205 {} {{1 0 0 0 0 6 0 0 9 0} {0 2 0 0 5 0 0 0 0 10} {0 0 3 4 0 0 0 0 0 0} {0 0 0 0 0 0 7 8 0 0}}
206 {} {{1 0 0 0 0 6 0 0 9 0} {0 2 0 0 5 0 0 0 0 10} {0 0 3 4 0 0 0 0 0 0} {0 0 0 0 0 0 7 8 0 0}}
207 {} {{1 0 0 0 0 6 0 0 9 0} {0 2 0 0 5 0 0 0 0 10} {0 0 3 4 0 0 0 0 0 0} {0 0 0 0 0 0 7 8 0 0}}
208 {} {{1 0 0 0 0 6 0 0 9 0} {0 2 0 0 5 0 0 0 0 10} {0 0 3 4 0 0 0 0 0 0} {0 0 0 0 0 0 7 8 0 0}}
209 {} {{1 0 0 0 0 6 0 0 9 0} {0 2 0 0 5 0 0 0 0 10} {0 0 3 4 0 0 0 0 0 0} {0 0 0 0 0 0 7 8 0 0}}
210 {} {{1 0 0 0 0 6 0 0 9 0} {0 2 0 0 5 0 0 0 0 10} {0 0 3 4 0 0 0 0 0 0} {0 0 0 0 0 0 7 8 0 0}}
211 {} {{1 0 0 0 0 6 0 0 9 0} {0 2 0 0 5 0 0 0 0 10} {0 0 3 4 0 0 0 0 0 0} {0 0 0 0 0 0 7 8 0 0}}
212 {} {{1 0 0 0 0 6 0 0 9 0} {0 2 0 0 5 0 0 0 0 10} {0 0 3 4 0 0 0 0 0 0} {0 0 0 0 0 0 7 8 0 0}}
213 {} {{1 0 0 0 0 6 0 0 9 0} {0 2 0 0 5 0 0 0 0 10} {0 0 3 4 0 0 0 0 0 0} {0 0 0 0 0 0 7 8 0 0}}
214 {} {{1 0 0 0 0 6 0 0 9 0} {0 2 0 0 5 0 0 0 0 10} {0 0 3 4 0 0 0 0 0 0} {0 0 0 0 0 0 7 8 0 0}}
215 {} {{1 0 0 0 0 6 0 0 9 0} {0 2 0 0 5 0 0 0 0 10} {0 0 3 4 0 0 0 0 0 0} {0 0 0 0 0 0 7 8 0 0}}
216 {} {{1 0 0 0 0 6 0 0 9 0} {0 2 0 0 5 0 7 8 0 10} {0 0 3 4 0 0 0 0 0 0}}
217 {} {{1 0 0 0 0 6 0 0 9 0} {0 2 0 0 5 0 7 8 0 10} {0 0 3 4 0 0 0 0 0 0}}
218 {} {{1 0 0 0 0 6 0 0 9 0} {0 2 0 0 5 0 7 8 0 10} {0 0 3 4 0 0 0 0 0 0}}
219 {} {{1 0 0 0 0 6 0 0 9 0} {0 2 0 0 5 0 7 8 0 10} {0 0 3 4 0 0 0 0 0 0}}
220 {} {{1 0 0 0 0 6 0 0 9 0} {0 2 0 0 5 0 7 8 0 10} {0 0 3 4 0 0 0 0 0 0}}
221 {} {{1 0 0 0 0 6 0 0 9 0} {0 2 0 0 5 0 7 8 0 10} {0 0 3 4 0 0 0 0 0 0}}
222 {} {{1 0 0 0 0 6 0 0 9 0} {0 2 0 0 5 0 7 8 0 10} {0 0 3 4 0 0 0 0 0 0}}
223 {} {{1 0 0 0 0 6 0 0 9 0} {0 2 0 0 5 0 7 8 0 10} {0 0 3 4 0 0 0 0 0 0}}
224 {} {{1 0 0 0 0 6 0 0 9 0} {0 2 0 0 5 0 7 8 0 10} {0 0 3 4 0 0 0 0 0 0}}
225 {} {{1 0 0 0 0 6 0 0 9 0} {0 2 0 0 5 0 7 8 0 10} {0 0 3 4 0 0 0 0 0 0}}
226 {} {{1 0 0 0 0 6 0 0 9 0} {0 2 0 0 5 0 7 8 0 10} {0 0 3 4 0 0 0 0 0 0}}
227 {} {{1 0 0 0 0 6 0 0 9 0} {0 2 0 0 5 0 7 8 0 10} {0 0 3 4 0 0 0 0 0 0}}
228 {} {{1 0 0 0 0 6 0 0 9 0} {0 2 0 0 5 0 7 8 0 10} {0 0 3 4 0 0 0 0 0 0}}
229 {} {{1 0 0 0 0 6 0 0 9 0} {0 2 0 0 5 0 7 8 0 10} {0 0 3 4 0 0 0 0 0 0}}
230 {} {{1 0 0 0 0 6 0 0 9 0} {0 2 0 0 5 0 7 8 0 10} {0 0 3 4 0 0 0 0 0 0}}
231 {} {{1 0 0 0 0 6 0 0 9 0} {0 2 0 0 5 0 7 8 0 10} {0 0 3 4 0 0 0 0 0 0}}
232 {} {{1 0 0 0 0 6 0 0 9 0} {0 2 0 0 5 0 7 8 0 10} {0 0 3 4 0 0 0 0 0 0}}
233 {} {{1 2 0 0 5 6 7 8 9 10} {0 0 3 4 0 0 0 0 0 0}}
234 {} {{1 2 0 0 5 6 7 8 9 10} {0 0 3 4 0 0 0 0 0 0}}
235 {} {{1 2 0 0 5 6 7 8 9 10} {0 0 3 4 0 0 0 0 0 0}}
236 {} {{1 2 0 0 5 6 7 8 9 10} {0 0 3 4 0 0 0 0 0 0}}
237 {} {{1 2 0 0 5 6 7 8 9 10} {0 0 3 4 0 0 0 0 0 0}}
238 {} {{1 2 0 0 5 6 7 8 9 10} {0 0 3 4 0 0 0 0 0 0}}
239 {} {{1 2 0 0 5 6 7 8 9 10} {0 0 3 4 0 0 0 0 0 0}}
240 {} {{1 2 0 0 5 6 7 8 9 10} {0 0 3 4 0 0 0 0 0 0}}
241 {} {{1 2 0 0 5 6 7 8 9 10} {0 0 3 4 0 0 0 0 0 0}}
242 {} {{1 2 0 0 5 6 7 8 9 10} {0 0 3 4 0 0 0 0 0 0}}
243 {} {{1 2 0 0 5 6 7 8 9 10} {0 0 3 4 0 0 0 0 0 0}}
244 {} {{1 2 0 0 5 6 7 8 9 10} {0 0 3 4 0 0 0 0 0 0}}
245 {} {{1 2 0 0 5 6 7 8 9 10} {0 0 3 4 0 0 0 0 0 0}}
246 {} {{1 2 0 0 5 6 7 8 9 10} {0 0 3 4 0 0 0 0 0 0}}
247 {} {{1 2 0 0 5 6 7 8 9 10} {0 0 3 4 0 0 0 0 0 0}}
248 {} {{1 2 0 0 5 6 7 8 9 10} {0 0 3 4 0 0 0 0 0 0}}
249 {} {{1 2 0 0 5 6 7 8 9 10} {0 0 3 4 0 0 0 0 0 0}}
250 {} {{1 2 0 0 5 6 7 8 9 10} {0 0 3 4 0 0 0 0 0 0}}
251 {} {{1 2 0 0 5 6 7 8 9 10} {0 0 3 4 0 0 0 0 0 0}}
252 {} {{1 2 0 0 5 6 7 8 9 10} {0 0 3 4 0 0 0 0 0 0}}
253 {} {{1 2 0 0 5 6 7 8 9 10} {0 0 3 4 0 0 0 0 0 0}}
254 {} {{1 2 0 0 5 6 7 8 9 10} {0 0 3 4 0 0 0 0 0 0}}
255 {} {{1 2 0 0 5 6 7 8 9 10} {0 0 3 4 0 0 0 0 0 0}}
256 {} {{1 2 0 0 5 6 7 8 9 10} {0 0 3 4 0 0 0 0 0 0}}
257 {} {{1 2 0 0 5 6 7 8 9 10} {0 0 3 4 0 0 0 0 0 0}}
258 {} {{1 2 0 0 5 6 7 8 9 10} {0 0 3 4 0 0 0 0 0 0}}
259 {} {{1 2 0 0 5 6 7 8 9 10} {0 0 3 4 0 0 0 0 0 0}}
260 {} {{1 2 0 0 5 6 7 8 9 10} {0 0 3 4 0 0 0 0 0 0}}
261 {} {{1 2 0 0 5 6 7 8 9 10} {0 0 3 4 0 0 0 0 0 0}}
262 {} {{1 2 0 0 5 6 7 8 9 10} {0 0 3 4 0 0 0 0 0 0}}
263 {} {{1 2 0 0 5 6 7 8 9 10} {0 0 3 4 0 0 0 0 0 0}}
264 {} {{1 2 0 0 5 6 7 8 9 10} {0 0 3 4 0 0 0 0 0 0}}
265 {} {{1 2 0 0 5 6 7 8 9 10} {0 0 3 4 0 0 0 0 0 0}}
266 {} {{1 2 0 0 5 6 7 8 9 10} {0 0 3 4 0 0 0 0 0 0}}
267 {} {{1 2 0 0 5 6 7 8 9 10} {0 0 3 4 0 0 0 0 0 0}}
268 {} {{1 2 0 0 5 6 7 8 9 10} {0 0 3 4 0 0 0 0 0 0}}
269 {} {{1 2 0 0 5 6 7 8 9 10} {0 0 3 4 0 0 0 0 0 0}}
270 {} {{1 2 0 0 5 6 7 8 9 10} {0 0 3 4 0 0 0 0 0 0}}
271 {} {{1 2 0 0 5 6 7 8 9 10} {0 0 3 4 0 0 0 0 0 0}}
272 {} {{1 2 0 0 5 6 7 8 9 10} {0 0 3 4 0 0 0 0 0 0}}
273 {} {{1 2 0 0 5 6 7 8 9 10} {0 0 3 4 0 0 0 0 0 0}}
274 {} {{1 2 0 0 5 6 7 8 9 10} {0 0 3 4 0 0 0 0 0 0}}
275 {} {{1 2 0 0 5 6 7 8 9 10} {0 0 3 4 0 0 0 0 0 0}}
276 {} {{1 2 0 0 5 6 7 8 9 10} {0 0 3 4 0 0 0 0 0 0}}
277 {} {{1 2 0 0 5 6 7 8 9 10} {0 0 3 4 0 0 0 0 0 0}}
278 {} {{1 2 0 0 5 6 7 8 9 10} {0 0 3 4 0 0 0 0 0 0}}
279 {} {{1 2 0 0 5 6 7 8 9 10} {0 0 3 4 0 0 0 0 0 0}}
280 {} {{1 2 0 0 5 6 7 8 9 10} {0 0 3 4 0 0 0 0 0 0}}
281 {} {{1 2 0 0 5 6 7 8 9 10} {0 0 3 4 0 0 0 0 0 0}}
282 {} {{1 2 0 0 5 6 7 8 9 10} {0 0 3 4 0 0 0 0 0 0}}
283 {} {{1 2 0 0 5 6 7 8 9 10} {0 0 3 4 0 0 0 0 0 0}}
284 {} {{1 2 0 0 5 6 7 8 9 10} {0 0 3 4 0 0 0 0 0 0}}
285 {} {{1 2 0 0 5 6 7 8 9 10} {0 0 3 4 0 0 0 0 0 0}}
286 {} {{1 2 0 0 5 6 7 8 9 10} {0 0 3 4 0 0 0 0 0 0}}
287 {} {{1 2 0 0 5 6 7 8 9 10} {0 0 3 4 0 0 0 0 0 0}}
288 {} {{1 2 0 0 5 6 7 8 9 10} {0 0 3 4 0 0 0 0 0 0}}
289 {} {{1 2 0 0 5 6 7 8 9 10} {0 0 3 4 0 0 0 0 0 0}}
290 {} {{1 2 0 0 5 6 7 8 9 10} {0 0 3 4 0 0 0 0 0 0}}
291 {} {{1 2 0 0 5 6 7 8 9 10} {0 0 3 4 0 0 0 0 0 0}}
292 {} {{1 2 0 0 5 6 7 8 9 10} {0 0 3 4 0 0 0 0 0 0}}
293 {} {{1 2 0 0 5 6 7 8 9 10} {0 0 3 4 0 0 0 0 0 0}}
294 {} {{1 2 0 0 5 6 7 8 9 10} {0 0 3 4 0 0 0 0 0 0}}
295 {} {{1 2 0 0 5 6 7 8 9 10} {0 0 3 4 0 0 0 0 0 0}}
296 {} {{1 2 0 0 5 6 7 8 9 10} {0 0 3 4 0 0 0 0 0 0}}
297 {} {{1 2 0 0 5 6 7 8 9 10} {0 0 3 4 0 0 0 0 0 0}}
298 {} {{1 2 0 0 5 6 7 8 9 10} {0 0 3 4 0 0 0 0 0 0}}
299 {} {{1 2 0 0 5 6 7 8 9 10} {0 0 3 4 0 0 0 0 0 0}}
300 {} {{1 2 0 0 5 6 7 8 9 10} {0 0 3 4 0 0 0 0 0 0}}
301 {} {{1 2 0 0 5 6 7 8 9 10} {0 0 3 4 0 0 0 0 0 0}}
302 {} {{1 2 0 0 5 6 7 8 9 10} {0 0 3 4 0 0 0 0 0 0}}
303 {} {{1 2 0 0 5 6 7 8 9 10} {0 0 3 4 0 0 0 0 0 0}}
304 {} {{1 2 0 0 5 6 7 8 9 10} {0 0 3 4 0 0 0 0 0 0}}
305 {} {{1 2 0 0 5 6 7 8 9 10} {0 0 3 4 0 0 0 0 0 0}}
306 {} {{1 2 0 0 5 6 7 8 9 10} {0 0 3 4 0 0 0 0 0 0}}
307 {} {{1 2 0 0 5 6 7 8 9 10} {0 0 3 4 0 0 0 0 0 0}}
308 {} {{1 2 0 0 5 6 7 8 9 10} {0 0 3 4 0 0 0 0 0 0}}
309 {} {{1 2 0 0 5 6 7 8 9 10} {0 0 3 4 0 0 0 0 0 0}}
310 {} {{1 2 0 0 5 6 7 8 9 10} {0 0 3 4 0 0 0 0 0 0}}
311 {} {{1 2 0 0 5 6 7 8 9 10} {0 0 3 4 0 0 0 0 0 0}}
312 {} {{1 2 0 0 5 6 7 8 9 10} {0 0 3 4 0 0 0 0 0 0}}
313 {} {{1 2 0 0 5 6 7 8 9 10} {0 0 3 4 0 0 0 0 0 0}}
314 {} {{1 2 0 0 5 6 7 8 9 10} {0 0 3 4 0 0 0 0 0 0}}
315 {} {{1 2 0 0 5 6 7 8 9 10} {0 0 3 4 0 0 0 0 0 0}}
316 {} {{1 2 0 0 5 6 7 8 9 10} {0 0 3 4 0 0 0 0 0 0}}
317 {} {{1 2 0 0 5 6 7 8 9 10} {0 0 3 4 0 0 0 0 0 0}}
318 {} {{1 2 0 0 5 6 7 8 9 10} {0 0 3 4 0 0 0 0 0 0}}
319 {} {{1 2 0 0 5 6 7 8 9 10} {0 0 3 4 0 0 0 0 0 0}}
320 {} {{1 2 0 0 5 6 7 8 9 10} {0 0 3 4 0 0 0 0 0 0}}
321 {} {{1 2 0 0 5 6 7 8 9 10} {0 0 3 4 0 0 0 0 0 0}}
322 {} {{1 2 0 0 5 6 7 8 9 10} {0 0 3 4 0 0 0 0 0 0}}
323 {} {{1 2 0 0 5 6 7 8 9 10} {0 0 3 4 0 0 0 0 0 0}}
324 {} {{1 2 0 0 5 6 7 8 9 10} {0 0 3 4 0 0 0 0 0 0}}
325 {} {{1 2 0 0 5 6 7 8 9 10} {0 0 3 4 0 0 0 0 0 0}}
326 {} {{1 2 0 0 5 6 7 8 9 10} {0 0 3 4 0 0 0 0 0 0}}
327 {} {{1 2 0 0 5 6 7 8 9 10} {0 0 3 4 0 0 0 0 0 0}}
328 {} {{1 2 0 0 5 6 7 8 9 10} {0 0 3 4 0 0 0 0 0 0}}
329 {} {{1 2 0 0 5 6 7 8 9 10} {0 0 3 4 0 0 0 0 0 0}}
330 {} {{1 2 0 0 5 6 7 8 9 10} {0 0 3 4 0 0 0 0 0 0}}
331 {} {{1 2 0 0 5 6 7 8 9 10} {0 0 3 4 0 0 0 0 0 0}}
332 {} {{1 2 0 0 5 6 7 8 9 10} {0 0 3 4 0 0 0 0 0 0}}
333 {} {{1 2 0 0 5 6 7 8 9 10} {0 0 3 4 0 0 0 0 0 0}}
334 {} {{1 2 0 0 5 6 7 8 9 10} {0 0 3 4 0 0 0 0 0 0}}
335 {} {{1 2 0 0 5 6 7 8 9 10} {0 0 3 4 0 0 0 0 0 0}}
336 {} {{1 2 0 0 5 6 7 8 9 10} {0 0 3 4 0 0 0 0 0 0}}
337 {} {{1 2 0 0 5 6 7 8 9 10} {0 0 3 4 0 0 0 0 0 0}}
338 {} {{1 2 0 0 5 6 7 8 9 10} {0 0 3 4 0 0 0 0 0 0}}
339 {} {{1 2 0 0 5 6 7 8 9 10} {0 0 3 4 0 0 0 0 0 0}}
340 {} {{1 2 0 0 5 6 7 8 9 10} {0 0 3 4 0 0 0 0 0 0}}
341 {} {{1 2 0 0 5 6 7 8 9 10} {0 0 3 4 0 0 0 0 0 0}}
342 {} {{1 2 0 0 5 6 7 8 9 10} {0 0 3 4 0 0 0 0 0 0}}
343 {} {{1 2 0 0 5 6 7 8 9 10} {0 0 3 4 0 0 0 0 0 0}}
344 {} {{1 2 0 0 5 6 7 8 9 10} {0 0 3 4 0 0 0 0 0 0}}
345 {} {{1 2 0 0 5 6 7 8 9 10} {0 0 3 4 0 0 0 0 0 0}}
346 {} {{1 2 0 0 5 6 7 8 9 10} {0 0 3 4 0 0 0 0 0 0}}
347 {} {{1 2 0 0 5 6 7 8 9 10} {0 0 3 4 0 0 0 0 0 0}}
348 {} {{1 2 0 0 5 6 7 8 9 10} {0 0 3 4 0 0 0 0 0 0}}
349 {} {{1 2 0 0 5 6 7 8 9 10} {0 0 3 4 0 0 0 0 0 0}}
350 {} {{1 2 0 0 5 6 7 8 9 10} {0 0 3 4 0 0 0 0 0 0}}
351 {} {{1 2 0 0 5 6 7 8 9 10} {0 0 3 4 0 0 0 0 0 0}}
352 {} {{1 2 0 0 5 6 7 8 9 10} {0 0 3 4 0 0 0 0 0 0}}
353 {} {{1 2 0 0 5 6 7 8 9 10} {0 0 3 4 0 0 0 0 0 0}}
354 {} {{1 2 0 0 5 6 7 8 9 10} {0 0 3 4 0 0 0 0 0 0}}
355 {} {{1 2 0 0 5 6 7 8 9 10} {0 0 3 4 0 0 0 0 0 0}}
356 {} {{1 2 0 0 5 6 7 8 9 10} {0 0 3 4 0 0 0 0 0 0}}
357 {} {{1 2 0 0 5 6 7 8 9 10} {0 0 3 4 0 0 0 0 0 0}}
358 {} {{1 2 0 0 5 6 7 8 9 10} {0 0 3 4 0 0 0 0 0 0}}
359 {} {{1 2 0 0 5 6 7 8 9 10} {0 0 3 4 0 0 0 0 0 0}}
360 {} {{1 2 0 0 5 6 7 8 9 10} {0 0 3 4 0 0 0 0 0 0}}
361 {} {{1 2 0 0 5 6 7 8 9 10} {0 0 3 4 0 0 0 0 0 0}}
362 {} {{1 2 0 0 5 6 7 8 9 10} {0 0 3 4 0 0 0 0 0 0}}
363 {} {{1 2 0 0 5 6 7 8 9 10} {0 0 3 4 0 0 0 0 0 0}}
364 {} {{1 2 0 0 5 6 7 8 9 10} {0 0 3 4 0 0 0 0 0 0}}
365 {} {{1 2 0 0 5 6 7 8 9 10} {0 0 3 4 0 0 0 0 0 0}}
366 {} {{1 2 0 0 5 6 7 8 9 10} {0 0 3 4 0 0 0 0 0 0}}
367 {} {{1 2 0 0 5 6 7 8 9 10} {0 0 3 4 0 0 0 0 0 0}}
368 {} {{1 2 0 0 5 6 7 8 9 10} {0 0 3 4 0 0 0 0 0 0}}
369 {} {{1 2 0 0 5 6 7 8 9 10} {0 0 3 4 0 0 0 0 0 0}}
370 {} {{1 2 0 0 5 6 7 8 9 10} {0 0 3 4 0 0 0 0 0 0}}
371 {} {{1 2 0 0 5 6 7 8 9 10} {0 0 3 4 0 0 0 0 0 0}}
372 {} {{1 2 0 0 5 6 7 8 9 10} {0 0 3 4 0 0 0 0 0 0}}
373 {} {{1 2 0 0 5 6 7 8 9 10} {0 0 3 4 0 0 0 0 0 0}}
374 {} {{1 2 0 0 5 6 7 8 9 10} {0 0 3 4 0 0 0 0 0 0}}
375 {} {{1 2 0 0 5 6 7 8 9 10} {0 0 3 4 0 0 0 0 0 0}}
376 {} {{1 2 0 0 5 6 7 8 9 10} {0 0 3 4 0 0 0 0 0 0}}
377 {} {{1 2 0 0 5 6 7 8 9 10} {0 0 3 4 0 0 0 0 0 0}}
378 {} {{1 2 0 0 5 6 7 8 9 10} {0 0 3 4 0 0 0 0 0 0}}
379 {} {{1 2 0 0 5 6 7 8 9 10} {0 0 3 4 0 0 0 0 0 0}}
380 {} {{1 2 0 0 5 6 7 8 9 10} {0 0 3 4 0 0 0 0 0 0}}
381 {} {{1 2 0 0 5 6 7 8 9 10} {0 0 3 4 0 0 0 0 0 0}}
382 {} {{1 2 0 0 5 6 7 8 9 10} {0 0 3 4 0 0 0 0 0 0}}
383 {} {{1 2 0 0 5 6 7 8 9 10} {0 0 3 4 0 0 0 0 0 0}}
384 {} {{1 2 0 0 5 6 7 8 9 10} {0 0 3 4 0 0 0 0 0 0}}
385 {} {{1 2 0 0 5 6 7 8 9 10} {0 0 3 4 0 0 0 0 0 0}}
386 {} {{1 2 0 0 5 6 7 8 9 10} {0 0 3 4 0 0 0 0 0 0}}
387 {} {{1 2 0 0 5 6 7 8 9 10} {0 0 3 4 0 0 0 0 0 0}}
388 {} {{1 2 0 0 5 6 7 8 9 10} {0 0 3 4 0 0 0 0 0 0}}
389 {} {{1 2 0 0 5 6 7 8 9 10} {0 0 3 4 0 0 0 0 0 0}}
390 {} {{1 2 0 0 5 6 7 8 9 10} {0 0 3 4 0 0 0 0 0 0}}
391 {} {{1 2 0 0 5 6 7 8 9 10} {0 0 3 4 0 0 0 0 0 0}}
392 {} {{1 2 0 0 5 6 7 8 9 10} {0 0 3 4 0 0 0 0 0 0}}
393 {} {{1 2 0 0 5 6 7 8 9 10} {0 0 3 4 0 0 0 0 0 0}}
394 {} {{1 2 0 0 5 6 7 8 9 10} {0 0 3 4 0 0 0 0 0 0}}
395 {} {{1 2 0 0 5 6 7 8 9 10} {0 0 3 4 0 0 0 0 0 0}}
396 {} {{1 2 0 0 5 6 7 8 9 10} {0 0 3 4 0 0 0 0 0 0}}
397 {} {{1 2 0 0 5 6 7 8 9 10} {0 0 3 4 0 0 0 0 0 0}}
398 {} {{1 2 0 0 5 6 7 8 9 10} {0 0 3 4 0 0 0 0 0 0}}
399 {} {{1 2 0 0 5 6 7 8 9 10} {0 0 3 4 0 0 0 0 0 0}}
400 {} {{1 2 0 0 5 6 7 8 9 10} {0 0 3 4 0 0 0 0 0 0}}
401 {} {{1 2 0 0 5 6 7 8 9 10} {0 0 3 4 0 0 0 0 0 0}}
402 {} {{1 2 0 0 5 6 7 8 9 10} {0 0 3 4 0 0 0 0 0 0}}
403 {} {{1 2 0 0 5 6 7 8 9 10} {0 0 3 4 0 0 0 0 0 0}}
404 {} {{1 2 0 0 5 6 7 8 9 10} {0 0 3 4 0 0 0 0 0 0}}
405 {} {{1 2 0 0 5 6 7 8 9 10} {0 0 3 4 0 0 0 0 0 0}}
406 {} {{1 2 0 0 5 6 7 8 9 10} {0 0 3 4 0 0 0 0 0 0}}
407 {} {{1 2 0 0 5 6 7 8 9 10} {0 0 3 4 0 0 0 0 0 0}}
408 {} {{1 2 0 0 5 6 7 8 9 10} {0 0 3 4 0 0 0 0 0 0}}
409 {} {{1 2 0 0 5 6 7 8 9 10} {0 0 3 4 0 0 0 0 0 0}}
410 {} {{1 2 0 0 5 6 7 8 9 10} {0 0 3 4 0 0 0 0 0 0}}
411 {} {{1 2 0 0 5 6 7 8 9 10} {0 0 3 4 0 0 0 0 0 0}}
412 {} {{1 2 0 0 5 6 7 8 9 10} {0 0 3 4 0 0 0 0 0 0}}
413 {} {{1 2 0 0 5 6 7 8 9 10} {0 0 3 4 0 0 0 0 0 0}}
414 {} {{1 2 0 0 5 6 7 8 9 10} {0 0 3 4 0 0 0 0 0 0}}
415 {} {{1 2 0 0 5 6 7 8 9 10} {0 0 3 4 0 0 0 0 0 0}}
416 {} {{1 2 0 0 5 6 7 8 9 10} {0 0 3 4 0 0 0 0 0 0}}
417 {} {{1 2 0 0 5 6 7 8 9 10} {0 0 3 4 0 0 0 0 0 0}}
418 {} {{1 2 0 0 5 6 7 8 9 10} {0 0 3 4 0 0 0 0 0 0}}
419 {} {{1 2 0 0 5 6 7 8 9 10} {0 0 3 4 0 0 0 0 0 0}}
420 {} {{1 2 0 0 5 6 7 8 9 10} {0 0 3 4 0 0 0 0 0 0}}
421 {} {{1 2 0 0 5 6 7 8 9 10} {0 0 3 4 0 0 0 0 0 0}}
422 {} {{1 2 0 0 5 6 7 8 9 10} {0 0 3 4 0 0 0 0 0 0}}
423 {} {{1 2 0 0 5 6 7 8 9 10} {0 0 3 4 0 0 0 0 0 0}}
424 {} {{1 2 0 0 5 6 7 8 9 10} {0 0 3 4 0 0 0 0 0 0}}
425 {} {{1 2 0 0 5 6 7 8 9 10} {0 0 3 4 0 0 0 0 0 0}}
426 {} {{1 2 0 0 5 6 7 8 9 10} {0 0 3 4 0 0 0 0 0 0}}
427 {} {{1 2 0 0 5 6 7 8 9 10} {0 0 3 4 0 0 0 0 0 0}}
428 {} {{1 2 0 0 5 6 7 8 9 10} {0 0 3 4 0 0 0 0 0 0}}
429 {} {{1 2 0 0 5 6 7 8 9 10} {0 0 3 4 0 0 0 0 0 0}}
430 {} {{1 2 0 0 5 6 7 8 9 10} {0 0 3 4 0 0 0 0 0 0}}
431 {} {{1 2 0 0 5 6 7 8 9 10} {0 0 3 4 0 0 0 0 0 0}}
432 {} {{1 2 0 0 5 6 7 8 9 10} {0 0 3 4 0 0 0 0 0 0}}
433 {} {{1 2 0 0 5 6 7 8 9 10} {0 0 3 4 0 0 0 0 0 0}}
434 {} {{1 2 0 0 5 6 7 8 9 10} {0 0 3 4 0 0 0 0 0 0}}
435 {} {{1 2 0 0 5 6 7 8 9 10} {0 0 3 4 0 0 0 0 0 0}}
436 {} {{1 2 0 0 5 6 7 8 9 10} {0 0 3 4 0 0 0 0 0 0}}
437 {} {{1 2 0 0 5 6 7 8 9 10} {0 0 3 4 0 0 0 0 0 0}}
438 {} {{1 2 0 0 5 6 7 8 9 10} {0 0 3 4 0 0 0 0 0 0}}
439 {} {{1 2 0 0 5 6 7 8 9 10} {0 0 3 4 0 0 0 0 0 0}}
440 {} {{1 2 0 0 5 6 7 8 9 10} {0 0 3 4 0 0 0 0 0 0}}
441 {} {{1 2 0 0 5 6 7 8 9 10} {0 0 3 4 0 0 0 0 0 0}}
442 {} {{1 2 0 0 5 6 7 8 9 10} {0 0 3 4 0 0 0 0 0 0}}
443 {} {{1 2 0 0 5 6 7 8 9 10} {0 0 3 4 0 0 0 0 0 0}}
444 {} {{1 2 0 0 5 6 7 8 9 10} {0 0 3 4 0 0 0 0 0 0}}
445 {} {{1 2 0 0 5 6 7 8 9 10} {0 0 3 4 0 0 0 0 0 0}}
446 {} {{1 2 0 0 5 6 7 8 9 10} {0 0 3 4 0 0 0 0 0 0}}
447 {} {{1 2 0 0 5 6 7 8 9 10} {0 0 3 4 0 0 0 0 0 0}}
448 {} {{1 2 0 0 5 6 7 8 9 10} {0 0 3 4 0 0 0 0 0 0}}
449 {} {{1 2 0 0 5 6 7 8 9 10} {0 0 3 4 0 0 0 0 0 0}}
450 {} {{1 2 0 0 5 6 7 8 9 10} {0 0 3 4 0 0 0 0 0 0}}
451 {} {{1 2 0 0 5 6 7 8 9 10} {0 0 3 4 0 0 0 0 0 0}}
452 {} {{1 2 0 0 5 6 7 8 9 10} {0 0 3 4 0 0 0 0 0 0}}
453 {} {{1 2 0 0 5 6 7 8 9 10} {0 0 3 4 0 0 0 0 0 0}}
454 {} {{1 2 0 0 5 6 7 8 9 10} {0 0 3 4 0 0 0 0 0 0}}
455 {} {{1 2 0 0 5 6 7 8 9 10} {0 0 3 4 0 0 0 0 0 0}}
456 {} {{1 2 0 0 5 6 7 8 9 10} {0 0 3 4 0 0 0 0 0 0}}
457 {} {{1 2 0 0 5 6 7 8 9 10} {0 0 3 4 0 0 0 0 0 0}}
458 {} {{1 2 0 0 5 6 7 8 9 10} {0 0 3 4 0 0 0 0 0 0}}
459 {} {{1 2 0 0 5 6 7 8 9 10} {0 0 3 4 0 0 0 0 0 0}}
460 {} {{1 2 0 0 5 6 7 8 9 10} {0 0 3 4 0 0 0 0 0 0}}
461 {} {{1 2 0 0 5 6 7 8 9 10} {0 0 3 4 0 0 0 0 0 0}}
462 {} {{1 2 0 0 5 6 7 8 9 10} {0 0 3 4 0 0 0 0 0 0}}
463 {} {{1 2 0 0 5 6 7 8 9 10} {0 0 3 4 0 0 0 0 0 0}}
464 {} {{1 2 0 0 5 6 7 8 9 10} {0 0 3 4 0 0 0 0 0 0}}
465 {} {{1 2 0 0 5 6 7 8 9 10} {0 0 3 4 0 0 0 0 0 0}}
466 {} {{1 2 0 0 5 6 7 8 9 10} {0 0 3 4 0 0 0 0 0 0}}
467 {} {{1 2 0 0 5 6 7 8 9 10} {0 0 3 4 0 0 0 0 0 0}}
468 {} {{1 2 0 0 5 6 7 8 9 10} {0 0 3 4 0 0 0 0 0 0}}
469 {} {{1 2 0 0 5 6 7 8 9 10} {0 0 3 4 0 0 0 0 0 0}}
470 {} {{1 2 0 0 5 6 7 8 9 10} {0 0 3 4 0 0 0 0 0 0}}
471 {} {{1 2 0 0 5 6 7 8 9 10} {0 0 3 4 0 0 0 0 0 0}}
472 {} {{1 2 0 0 5 6 7 8 9 10} {0 0 3 4 0 0 0 0 0 0}}
473 {} {{1 2 0 0 5 6 7 8 9 10} {0 0 3 4 0 0 0 0 0 0}}
474 {} {{1 2 0 0 5 6 7 8 9 10} {0 0 3 4 0 0 0 0 0 0}}
475 {} {{1 2 0 0 5 6 7 8 9 10} {0 0 3 4 0 0 0 0 0 0}}
476 {} {{1 2 0 0 5 6 7 8 9 10} {0 0 3 4 0 0 0 0 0 0}}
477 {} {{1 2 0 0 5 6 7 8 9 10} {0 0 3 4 0 0 0 0 0 0}}
478 {} {{1 2 0 0 5 6 7 8 9 10} {0 0 3 4 0 0 0 0 0 0}}
479 {} {{1 2 0 0 5 6 7 8 9 10} {0 0 3 4 0 0 0 0 0 0}}
480 {} {{1 2 0 0 5 6 7 8 9 10} {0 0 3 4 0 0 0 0 0 0}}
481 {} {{1 2 0 0 5 6 7 8 9 10} {0 0 3 4 0 0 0 0 0 0}}
482 {} {{1 2 0 0 5 6 7 8 9 10} {0 0 3 4 0 0 0 0 0 0}}
483 {} {{1 2 0 0 5 6 7 8 9 10} {0 0 3 4 0 0 0 0 0 0}}
484 {} {{1 2 0 0 5 6 7 8 9 10} {0 0 3 4 0 0 0 0 0 0}}
485 {} {{1 2 0 0 5 6 7 8 9 10} {0 0 3 4 0 0 0 0 0 0}}
486 {} {{1 2 0 0 5 6 7 8 9 10} {0 0 3 4 0 0 0 0 0 0}}
487 {} {{1 2 0 0 5 6 7 8 9 10} {0 0 3 4 0 0 0 0 0 0}}
488 {} {{1 2 0 0 5 6 7 8 9 10} {0 0 3 4 0 0 0 0 0 0}}
489 {} {{1 2 0 0 5 6 7 8 9 10} {0 0 3 4 0 0 0 0 0 0}}
490 {} {{1 2 0 0 5 6 7 8 9 10} {0 0 3 4 0 0 0 0 0 0}}
491 {} {{1 2 0 0 5 6 7 8 9 10} {0 0 3 4 0 0 0 0 0 0}}
492 {} {{1 2 0 0 5 6 7 8 9 10} {0 0 3 4 0 0 0 0 0 0}}
493 {} {{1 2 0 0 5 6 7 8 9 10} {0 0 3 4 0 0 0 0 0 0}}
494 {} {{1 2 0 0 5 6 7 8 9 10} {0 0 3 4 0 0 0 0 0 0}}
495 {} {{1 2 0 0 5 6 7 8 9 10} {0 0 3 4 0 0 0 0 0 0}}
496 {} {{1 2 0 0 5 6 7 8 9 10} {0 0 3 4 0 0 0 0 0 0}}
497 {} {{1 2 0 0 5 6 7 8 9 10} {0 0 3 4 0 0 0 0 0 0}}
498 {} {{1 2 0 0 5 6 7 8 9 10} {0 0 3 4 0 0 0 0 0 0}}
499 {} {{1 2 0 0 5 6 7 8 9 10} {0 0 3 4 0 0 0 0 0 0}}
500 {} {{1 2 0 0 5 6 7 8 9 10} {0 0 3 4 0 0 0 0 0 0}}
501 {} {{1 2 0 0 5 6 7 8 9 10} {0 0 3 4 0 0 0 0 0 0}}
