# Selection:resname AU W ION Restricted:name AUC AUL AUSL Radius:2.64 Start:0 End:-1
0 254.15150451660156
1 257.59759521484375
2 80.5531005859375
3 88.30686950683594
4 84.42999267578125
5 165.8446044921875
6 115.87584686279297
7 90.46070098876953
8 82.27616119384766
9 133.96800231933594
10 125.35267639160156
11 126.64496612548828
12 99.93753051757813
13 102.95289611816406
14 77.53773498535156
15 85.72227478027344
16 109.84512329101563
17 90.46070098876953
18 121.47579193115234
19 47.81494140625
20 48.24570846557617
21 82.27616119384766
22 79.69157409667969
23 70.64549255371094
24 81.84539794921875
25 112.86048889160156
26 76.67621612548828
27 103.81442260742188
28 112.42972564697266
29 135.26028442382813
30 118.02967071533203
31 72.3685531616211
32 97.78369140625
33 43.50728988647461
34 141.72177124023438
35 76.67621612548828
36 81.84539794921875
37 42.21499252319336
38 62.891727447509766
39 80.1223373413086
40 24.9843807220459
41 46.091880798339844
42 71.07626342773438
43 89.16840362548828
44 38.338104248046875
45 100.79905700683594
46 62.46096420288086
47 111.13743591308594
48 116.73737335205078
49 82.27615356445313
50 59.01483154296875
51 133.10646057128906
52 105.1067123413086
53 55.5687141418457
54 118.8912124633789
55 83.13768768310547
56 129.6603240966797
57 68.49166870117188
58 106.39900970458984
59 121.0450439453125
60 107.26054382324219
61 90.02995300292969
62 96.0606460571289
63 68.06090545654297
64 60.73789978027344
65 115.0143051147461
66 74.09162139892578
67 82.27616119384766
68 87.44534301757813
69 115.44508361816406
70 100.3683090209961
71 40.922698974609375
72 94.7683334350586
73 60.307132720947266
74 86.58380889892578
75 105.5374755859375
76 90.46070098876953
77 38.338104248046875
78 43.50728988647461
79 69.78396606445313
80 31.445858001708984
81 96.49140930175781
82 82.27616882324219
83 82.70693969726563
84 102.952880859375
85 74.52239990234375
86 130.09109497070313
87 99.93753051757813
88 126.21420288085938
89 107.26054382324219
90 128.79881286621094
91 112.86048889160156
92 115.0143051147461
93 124.49114227294922
94 92.6145248413086
95 84.86075592041016
96 98.2144775390625
97 86.58380889892578
98 89.16841888427734
99 146.0294189453125
100 118.46044158935547
101 124.06037902832031
102 101.66059112548828
103 90.460693359375
104 78.39927673339844
105 63.75325012207031
106 47.384178161621094
107 128.36802673339844
108 133.1064453125
109 128.3680419921875
110 111.13742065429688
111 115.8758544921875
112 118.89120483398438
113 65.9070816040039
114 212.3672637939453
115 146.46017456054688
116 111.13744354248047
117 70.6455078125
118 116.30661010742188
119 88.30686950683594
120 64.61478424072266
121 91.32222747802734
122 104.67596435546875
123 105.10671997070313
124 62.030189514160156
125 93.4760513305664
126 42.64575958251953
127 87.44535827636719
128 72.79932403564453
129 130.5218505859375
130 83.99922180175781
131 64.18402099609375
132 146.46017456054688
133 101.66058349609375
134 87.44534301757813
135 90.460693359375
136 110.2759017944336
137 117.16813659667969
138 81.84539794921875
139 85.7222671508789
140 99.50677490234375
141 104.67595672607422
142 105.53748321533203
143 124.06038665771484
144 127.07574462890625
145 110.27589416503906
146 120.6142578125
147 79.69156646728516
148 85.29151916503906
149 103.38365173339844
150 90.8914566040039
151 130.95262145996094
152 79.69156646728516
153 108.12207794189453
154 74.09162139892578
155 84.42998504638672
156 77.53775024414063
157 93.90680694580078
158 74.09162139892578
159 94.33759307861328
160 62.03019332885742
161 86.1530532836914
162 54.707183837890625
163 111.1374282836914
164 100.79906463623047
165 110.27589416503906
166 112.42971801757813
167 86.58380126953125
168 94.76834869384766
169 113.29125213623047
170 111.99896240234375
171 157.66006469726563
172 111.56819152832031
173 95.19911193847656
174 95.1991195678711
175 40.92269515991211
176 136.12179565429688
177 77.10697174072266
178 97.78370666503906
179 115.01432037353516
180 55.5687141418457
181 86.58382415771484
182 79.69156646728516
183 160.67544555664063
184 156.3677978515625
185 165.84461975097656
186 126.21422576904297
187 93.4760513305664
188 96.49141693115234
189 111.13742065429688
190 129.6603240966797
191 119.32196044921875
192 63.75325393676758
193 11.630661010742188
194 43.507286071777344
195 65.04554748535156
196 73.66085052490234
197 58.15331268310547
198 95.62989044189453
199 109.84513092041016
200 108.98360443115234
201 84.86075592041016
202 75.81468200683594
203 161.10617065429688
204 121.04502868652344
205 54.27641677856445
206 46.953407287597656
207 100.3683090209961
208 97.78372192382813
209 83.56845092773438
210 96.49141693115234
211 86.1530532836914
212 148.18325805664063
213 56.43024444580078
214 115.01431274414063
215 129.66033935546875
216 108.98360443115234
217 81.84539794921875
218 111.13743591308594
219 107.26055145263672
220 64.18402099609375
221 73.66085815429688
222 88.73764038085938
223 107.69132232666016
224 92.18376922607422
225 145.1678924560547
226 118.89119720458984
227 133.10646057128906
228 39.19963455200195
229 36.18427658081055
230 128.79879760742188
231 93.4760513305664
232 87.87610626220703
233 125.783447265625
234 116.73738098144531
235 54.70718765258789
236 49.10723876953125
237 68.06090545654297
238 141.72177124023438
239 101.66059112548828
240 74.52239227294922
241 106.39901733398438
242 125.783447265625
243 99.07601165771484
244 106.39901733398438
245 77.96851348876953
246 118.0296630859375
247 101.66059875488281
248 107.6913070678711
249 64.61478424072266
250 80.9838638305664
251 157.6600799560547
252 118.46044921875
253 90.460693359375
254 70.64550018310547
255 90.46070861816406
256 76.67620849609375
257 118.46043395996094
258 48.245704650878906
259 86.15304565429688
260 89.16840362548828
261 127.93727111816406
262 122.33732604980469
263 126.64497375488281
264 102.5221176147461
265 95.6298828125
266 70.21473693847656
267 121.0450439453125
268 110.2759017944336
269 93.47605895996094
270 118.89119720458984
271 122.76809692382813
272 39.19963455200195
273 119.32196807861328
274 74.52238464355469
275 74.09162139892578
276 113.7220230102539
277 76.67620849609375
278 140.8602294921875
279 109.84513092041016
280 92.61453247070313
281 73.66085052490234
282 98.6452407836914
283 50.830299377441406
284 42.214996337890625
285 55.56871032714844
286 136.55258178710938
287 92.18374633789063
288 46.522647857666016
289 130.95263671875
290 73.23009490966797
291 88.73764038085938
292 77.10697937011719
293 149.4755401611328
294 74.52238464355469
295 102.52212524414063
296 96.06065368652344
297 68.92243957519531
298 62.46096420288086
299 98.64523315429688
300 61.16865921020508
301 121.04502868652344
302 65.04554748535156
303 88.30687713623047
304 69.35320281982422
305 37.4765739440918
306 80.12232971191406
307 66.33784484863281
308 61.599430084228516
309 89.59916687011719
310 138.70640563964844
311 82.70692443847656
312 106.82977294921875
313 108.98360443115234
314 65.476318359375
315 49.96876907348633
316 80.1223373413086
317 93.04529571533203
318 21.969024658203125
319 74.9531478881836
320 51.691829681396484
321 70.21473693847656
322 100.799072265625
323 86.58382415771484
324 124.92191314697266
325 89.59916687011719
326 70.64549255371094
327 86.58381652832031
328 124.06038665771484
329 132.67568969726563
330 75.3839111328125
331 132.67568969726563
332 102.09136962890625
333 167.13690185546875
334 86.15303802490234
335 132.67568969726563
336 65.90707397460938
337 64.61478424072266
338 71.93779754638672
339 115.8758316040039
340 84.42997741699219
341 104.67594146728516
342 111.13742065429688
343 107.26054382324219
344 102.5221176147461
345 128.3680419921875
346 52.9841194152832
347 72.36856079101563
348 80.12234497070313
349 87.87610626220703
350 99.07599639892578
351 148.61399841308594
352 70.21473693847656
353 131.38340759277344
354 61.599422454833984
355 38.33810043334961
356 70.21473693847656
357 99.07601928710938
358 55.999481201171875
359 69.35319519042969
360 60.307132720947266
361 74.09162139892578
362 123.6296157836914
363 46.52264404296875
364 86.58381652832031
365 47.81494140625
366 78.83003234863281
367 74.09162139892578
368 80.1223373413086
369 86.15303802490234
370 48.67647171020508
371 96.0606460571289
372 172.7368621826172
373 89.16839599609375
374 79.26079559326172
375 64.18401336669922
376 78.3992691040039
377 64.61477661132813
378 114.15278625488281
379 111.56819152832031
380 75.38391876220703
381 62.46095657348633
382 83.13768768310547
383 102.09135437011719
384 41.78422546386719
385 87.01457214355469
386 71.50701904296875
387 67.63014221191406
388 87.44535064697266
389 53.84566116333008
390 51.26106262207031
391 68.4916763305664
392 95.6298828125
393 84.42999267578125
394 43.938053131103516
395 79.26080322265625
396 64.61478424072266
397 69.78397369384766
398 115.01431274414063
399 93.90680694580078
400 81.41463470458984
401 130.52186584472656
402 103.38365173339844
403 46.52264404296875
404 55.5687141418457
405 105.53748321533203
406 78.83003997802734
407 56.86100387573242
408 118.46044158935547
409 82.70691680908203
410 90.46070861816406
411 68.92243194580078
412 123.19886016845703
413 155.50625610351563
414 62.03019332885742
415 168.42919921875
416 115.01432800292969
417 134.3987579345703
418 90.46070098876953
419 123.6296157836914
420 107.69131469726563
421 74.95315551757813
422 85.7222900390625
423 115.87583923339844
424 123.6296157836914
425 109.84513092041016
426 92.61453247070313
427 74.09162139892578
428 102.52214050292969
429 125.35269165039063
430 120.61427307128906
431 94.33758544921875
432 100.7990493774414
433 80.98384857177734
434 122.7680892944336
435 111.56819915771484
436 175.32147216796875
437 84.42998504638672
438 74.52238464355469
439 102.5221176147461
440 128.36802673339844
441 72.36856842041016
442 123.1988525390625
443 158.09085083007813
444 35.75351333618164
445 87.44535064697266
446 122.7680892944336
447 55.13795471191406
448 142.58334350585938
449 66.76860809326172
450 112.42973327636719
451 142.1525115966797
452 111.56819915771484
453 141.7217559814453
454 109.84513092041016
455 87.4453353881836
456 107.26055145263672
457 115.8758316040039
458 141.29098510742188
459 80.55309295654297
460 90.02993774414063
461 139.99871826171875
462 99.50676727294922
463 147.75247192382813
464 100.36829376220703
465 68.06090545654297
466 59.01484298706055
467 121.04503631591797
468 87.01457977294922
469 28.861268997192383
470 80.5531005859375
471 81.84539794921875
472 86.15303802490234
473 68.4916763305664
474 61.168663024902344
475 76.67621612548828
476 85.29151916503906
477 99.93754577636719
478 73.23008728027344
479 62.460960388183594
480 80.1223373413086
481 74.52238464355469
482 43.507286071777344
483 102.09135437011719
484 53.41489028930664
485 83.99922180175781
486 57.29177474975586
487 110.27590942382813
488 62.030189514160156
489 82.27616119384766
490 59.876365661621094
491 69.35320281982422
492 142.58328247070313
493 115.87584686279297
494 91.75298309326172
495 24.55361557006836
496 53.41489028930664
497 89.16839599609375
498 72.79931640625
499 76.67621612548828
500 55.1379508972168
501 68.92243957519531
502 106.82977294921875
503 98.21446990966797
504 124.49115753173828
505 136.12181091308594
506 94.76834106445313
507 66.76861572265625
508 94.33758544921875
509 77.10697174072266
510 73.66085815429688
511 74.52237701416016
512 27.999738693237305
513 75.38392639160156
514 98.64523315429688
515 82.27616119384766
516 152.06015014648438
517 139.9987030029297
518 79.26079559326172
519 52.553367614746094
520 124.06037139892578
521 92.6145248413086
522 58.15330505371094
523 99.07601928710938
524 125.35267639160156
525 75.81468200683594
526 99.93753814697266
527 65.04556274414063
528 105.10671997070313
529 115.8758316040039
530 88.30686950683594
531 64.61478424072266
532 105.9682388305664
533 72.36854553222656
534 50.3995361328125
535 140.8602294921875
536 117.16815185546875
537 125.783447265625
538 152.92164611816406
539 148.1832275390625
540 179.6290740966797
541 114.58354187011719
542 125.78343963623047
543 134.8295135498047
544 135.26028442382813
545 158.52159118652344
546 127.07575988769531
547 113.72201538085938
548 97.3529281616211
549 63.753257751464844
550 98.64523315429688
551 121.90657806396484
552 65.90709686279297
553 80.55309295654297
554 147.75245666503906
555 98.2144775390625
556 117.16815185546875
557 127.50650024414063
558 73.66085052490234
559 86.1530532836914
560 139.5679473876953
561 89.16839599609375
562 51.26106262207031
563 68.92243957519531
564 99.50675964355469
565 59.01483917236328
566 96.0606460571289
567 123.6296157836914
568 101.22982788085938
569 84.42998504638672
570 53.414886474609375
571 63.75325393676758
572 88.73764038085938
573 58.58407211303711
574 110.70665740966797
575 96.06063842773438
576 121.47579193115234
577 99.50676727294922
578 76.67621612548828
579 31.876625061035156
580 53.41489028930664
581 77.10697174072266
582 77.10696411132813
583 62.46095657348633
584 91.75299835205078
585 99.50675964355469
586 74.9531478881836
587 55.1379508972168
588 99.93753814697266
589 150.33706665039063
590 88.30687713623047
591 99.07600402832031
592 98.2144775390625
593 118.46044158935547
594 125.3526840209961
595 148.614013671875
596 84.86074829101563
597 100.36830139160156
598 118.02967071533203
599 111.13742065429688
600 102.95289611816406
601 126.21420288085938
602 88.73764038085938
603 107.26055145263672
604 73.23008728027344
605 90.89144897460938
606 114.58354949951172
607 144.3063507080078
608 78.83003234863281
609 149.47552490234375
610 130.5218505859375
611 100.36830139160156
612 142.5832977294922
613 127.07574462890625
614 59.01483917236328
615 59.44560241699219
616 88.30686950683594
617 122.33733367919922
618 71.93778228759766
619 77.10697174072266
620 183.50599670410156
621 111.99895477294922
622 123.62960815429688
623 62.891727447509766
624 111.56819915771484
625 135.26028442382813
626 75.81468200683594
627 164.55230712890625
628 97.35294342041016
629 102.952880859375
630 148.1832275390625
631 91.32221984863281
632 140.42945861816406
633 118.02967834472656
634 99.50676727294922
635 87.87611389160156
636 108.1220703125
637 113.72203826904297
638 76.24545288085938
639 116.73738861083984
640 104.24518585205078
641 122.33732604980469
642 148.18324279785156
643 74.09162902832031
644 83.99922180175781
645 99.50676727294922
646 110.27588653564453
647 67.19937133789063
648 81.41462707519531
649 77.10697174072266
650 67.63014221191406
651 146.46018981933594
652 181.35215759277344
653 49.107234954833984
654 143.44482421875
655 92.18376159667969
656 41.35346984863281
657 106.39901733398438
658 71.50701904296875
659 66.33784484863281
660 45.2303466796875
661 47.38418197631836
662 64.18401336669922
663 60.307132720947266
664 63.32249069213867
665 74.9531478881836
666 88.30686950683594
667 122.3373031616211
668 59.876373291015625
669 78.39927673339844
670 37.4765739440918
671 102.09135437011719
672 95.6298828125
673 61.599430084228516
674 155.50625610351563
675 117.16812896728516
676 82.70691680908203
677 101.66059875488281
678 99.07600402832031
679 111.13743591308594
680 79.69156646728516
681 53.84565734863281
682 36.18428039550781
683 65.9070816040039
684 105.53749084472656
685 92.18376159667969
686 53.414894104003906
687 129.66033935546875
688 37.9073371887207
689 24.98438262939453
690 105.53746795654297
691 35.75351333618164
692 115.87584686279297
693 161.53697204589844
694 100.36829376220703
695 127.93726348876953
696 126.21422576904297
697 77.10698699951172
698 145.16787719726563
699 89.16839599609375
700 100.36829376220703
701 113.29126739501953
702 117.16814422607422
703 87.01457977294922
704 61.168663024902344
705 87.87610626220703
706 88.30687713623047
707 68.06090545654297
708 90.46070861816406
709 97.7837142944336
710 17.661373138427734
711 105.9682388305664
712 106.39900970458984
713 79.69155883789063
714 108.12207794189453
715 124.0604019165039
716 133.5372314453125
717 111.56819152832031
718 114.15279388427734
719 75.81468200683594
720 106.39900207519531
721 75.3839340209961
722 88.7376480102539
723 182.21368408203125
724 101.22982788085938
725 115.44508361816406
726 95.1991195678711
727 101.66059875488281
728 86.58380889892578
729 132.2449188232422
730 83.1376953125
731 100.3683090209961
732 82.27616119384766
733 65.476318359375
734 75.81468200683594
735 77.10697174072266
736 94.33757781982422
737 116.30661010742188
738 66.33784484863281
739 87.4453353881836
740 89.59916687011719
741 39.19963836669922
742 130.0911102294922
743 95.1991195678711
744 101.22982025146484
745 74.52239990234375
746 109.41436767578125
747 55.13794708251953
748 105.10671997070313
749 115.44508361816406
750 128.3680419921875
751 77.53775024414063
752 108.98359680175781
753 93.47605895996094
754 85.29151153564453
755 82.70691680908203
756 90.89146423339844
757 80.1223373413086
758 81.41463470458984
759 87.01457214355469
760 163.26004028320313
761 150.767822265625
762 92.18375396728516
763 117.16815185546875
764 130.95263671875
765 78.83004760742188
766 137.4141082763672
767 117.59892272949219
768 98.21446990966797
769 90.89147186279297
770 130.52186584472656
771 122.33732604980469
772 72.3685531616211
773 60.307132720947266
774 55.999481201171875
775 74.09162139892578
776 111.13742065429688
777 79.69156646728516
778 96.0606460571289
779 47.38417434692383
780 69.78396606445313
781 110.70667266845703
782 115.44508361816406
783 99.50676727294922
784 62.030189514160156
785 94.76834869384766
786 95.62987518310547
787 143.87559509277344
788 85.7222900390625
789 108.98360443115234
790 94.76834106445313
791 66.76861572265625
792 36.18428039550781
793 69.78398132324219
794 76.24544525146484
795 102.52212524414063
796 79.69158172607422
797 86.58380126953125
798 105.96825408935547
799 99.50677490234375
800 94.76834869384766
801 108.1220703125
802 79.26079559326172
803 80.55310821533203
804 83.99921417236328
805 37.47657775878906
806 78.39927673339844
807 73.66085052490234
808 86.15304565429688
809 52.55335998535156
810 66.33784484863281
811 80.12232971191406
812 63.753257751464844
813 104.67596435546875
814 54.27642059326172
815 71.93779754638672
816 84.86075592041016
817 83.99922943115234
818 80.55311584472656
819 120.61426544189453
820 64.61479187011719
821 108.5528335571289
822 108.12206268310547
823 86.15304565429688
824 106.82979583740234
825 105.53749084472656
826 82.70691680908203
827 118.02967834472656
828 109.41436767578125
829 137.8448944091797
830 114.58355712890625
831 43.0765266418457
832 100.79906463623047
833 101.2298355102539
834 120.18350982666016
835 97.35295104980469
836 128.79881286621094
837 102.09136199951172
838 118.89120483398438
839 108.1220703125
840 146.02943420410156
841 127.50650787353516
842 94.76834869384766
843 110.7066879272461
844 76.67621612548828
845 105.1067123413086
846 133.1064453125
847 81.41461944580078
848 110.70664978027344
849 43.50728988647461
850 74.95315551757813
851 120.6142578125
852 116.30661010742188
853 97.78370666503906
854 127.07572937011719
855 99.50675964355469
856 137.41409301757813
857 87.87611389160156
858 52.55335998535156
859 73.6608657836914
860 96.49139404296875
861 94.33760070800781
862 66.33784484863281
863 60.73789978027344
864 129.2295684814453
865 135.6910400390625
866 98.21446990966797
867 158.952392578125
868 97.35294342041016
869 82.70692443847656
870 75.81468200683594
871 141.291015625
872 132.2449188232422
873 101.66059875488281
874 90.460693359375
875 82.27615356445313
876 135.69105529785156
877 93.9068374633789
878 93.90682220458984
879 64.61479187011719
880 83.99922943115234
881 90.8914794921875
882 102.52212524414063
883 83.13768768310547
884 135.6910400390625
885 80.5531005859375
886 52.5533561706543
887 129.6603240966797
888 124.92193603515625
889 92.61453247070313
890 105.10671997070313
891 46.52264404296875
892 112.86048889160156
893 81.41462707519531
894 96.0606460571289
895 85.7222900390625
896 91.75299072265625
897 127.9372787475586
898 34.461219787597656
899 45.66111755371094
900 96.0606460571289
901 71.93779754638672
902 99.50677490234375
903 73.66085815429688
904 88.30686950683594
905 136.12181091308594
906 97.78370666503906
907 147.75247192382813
908 121.90655517578125
909 87.8760986328125
910 90.8914566040039
911 77.968505859375
912 120.18350219726563
913 89.59916687011719
914 93.90684509277344
915 96.0606460571289
916 82.7069320678711
917 107.26054382324219
918 130.95265197753906
919 118.46043395996094
920 80.12232971191406
921 126.64498138427734
922 114.58356475830078
923 68.92243957519531
924 110.27589416503906
925 126.64498138427734
926 88.30687713623047
927 145.59864807128906
928 77.968505859375
929 153.35240173339844
930 166.2753448486328
931 176.18301391601563
932 98.21446228027344
933 136.9833526611328
934 89.16839599609375
935 60.307132720947266
936 120.6142578125
937 94.76836395263672
938 74.52238464355469
939 78.3992691040039
940 136.121826171875
941 101.66060638427734
942 51.26106643676758
943 73.66085815429688
944 110.7066650390625
945 68.4916763305664
946 74.52238464355469
947 58.1533088684082
948 66.76862335205078
949 55.1379508972168
950 130.95262145996094
951 115.01432037353516
952 150.76783752441406
953 78.83004760742188
954 81.41462707519531
955 44.799583435058594
956 95.62987518310547
957 59.014835357666016
958 72.36856079101563
959 161.53695678710938
960 62.03019332885742
961 111.56818389892578
962 52.984127044677734
963 103.81442260742188
964 76.67622375488281
965 72.36856079101563
966 65.47632598876953
967 46.953407287597656
968 108.98362731933594
969 108.98361206054688
970 50.830299377441406
971 48.245704650878906
972 106.39900970458984
973 43.507286071777344
974 53.414886474609375
975 83.13768768310547
976 86.58381652832031
977 93.47604370117188
978 75.81468200683594
979 91.75299835205078
980 85.29151153564453
981 75.3839340209961
982 154.21395874023438
983 43.93805694580078
984 58.15330505371094
985 98.64523315429688
986 51.691837310791016
987 63.322486877441406
988 108.55284118652344
989 71.07626342773438
990 67.63013458251953
991 74.09162139892578
992 68.92243957519531
993 81.41464233398438
994 136.12181091308594
995 102.95289611816406
996 52.12259292602539
997 133.1064453125
998 26.707441329956055
999 81.84539794921875
1000 84.86074829101563
1001 65.90708923339844
1002 65.90708923339844
