# Selection 1:name C1A D2A C3A C4A C1B C2B C3B C4B Selection 2:name AUC AUSL AUL Cutoff:8 Start:0 End:-1
0 0
1 0
2 22
3 21
4 25
5 23
6 20
7 25
8 14
9 26
10 23
11 26
12 30
13 16
14 24
15 25
16 23
17 16
18 16
19 24
20 16
21 22
22 16
23 21
24 23
25 23
26 18
27 24
28 23
29 35
30 19
31 18
32 19
33 18
34 30
35 23
36 24
37 15
38 13
39 18
40 15
41 21
42 28
43 25
44 16
45 17
46 17
47 20
48 18
49 20
50 15
51 23
52 19
53 16
54 19
55 22
56 22
57 18
58 26
59 27
60 25
61 17
62 21
63 21
64 18
65 28
66 21
67 23
68 24
69 30
70 23
71 21
72 21
73 19
74 22
75 21
76 18
77 21
78 13
79 20
80 13
81 22
82 16
83 19
84 26
85 22
86 22
87 21
88 27
89 23
90 24
91 22
92 21
93 25
94 15
95 17
96 28
97 29
98 24
99 18
100 24
101 25
102 22
103 25
104 19
105 18
106 20
107 23
108 23
109 28
110 20
111 26
112 33
113 27
114 34
115 20
116 24
117 17
118 25
119 31
120 21
121 20
122 28
123 25
124 23
125 20
126 16
127 27
128 19
129 23
130 20
131 23
132 29
133 20
134 24
135 18
136 24
137 20
138 21
139 25
140 24
141 23
142 17
143 32
144 32
145 22
146 27
147 24
148 19
149 17
150 24
151 27
152 17
153 17
154 19
155 21
156 21
157 18
158 14
159 25
160 22
161 18
162 25
163 17
164 28
165 18
166 22
167 23
168 25
169 25
170 30
171 22
172 32
173 20
174 27
175 20
176 17
177 18
178 17
179 20
180 19
181 23
182 25
183 22
184 24
185 28
186 27
187 24
188 17
189 23
190 20
191 22
192 24
193 13
194 23
195 23
196 23
197 22
198 25
199 30
200 20
201 20
202 22
203 29
204 16
205 18
206 18
207 27
208 24
209 18
210 20
211 20
212 28
213 19
214 24
215 26
216 23
217 17
218 26
219 26
220 24
221 16
222 22
223 21
224 25
225 30
226 22
227 17
228 20
229 19
230 20
231 20
232 21
233 19
234 23
235 18
236 18
237 19
238 24
239 19
240 20
241 25
242 29
243 22
244 18
245 23
246 22
247 18
248 23
249 23
250 16
251 28
252 29
253 23
254 22
255 22
256 22
257 27
258 20
259 20
260 21
261 26
262 20
263 28
264 24
265 18
266 24
267 26
268 19
269 19
270 28
271 22
272 14
273 25
274 18
275 23
276 24
277 24
278 27
279 19
280 19
281 21
282 22
283 19
284 13
285 16
286 32
287 22
288 17
289 27
290 22
291 20
292 23
293 29
294 18
295 22
296 26
297 27
298 22
299 21
300 25
301 22
302 15
303 27
304 21
305 15
306 19
307 23
308 22
309 27
310 23
311 25
312 18
313 22
314 14
315 21
316 26
317 21
318 16
319 17
320 21
321 24
322 15
323 20
324 17
325 19
326 14
327 22
328 22
329 27
330 18
331 24
332 24
333 25
334 18
335 28
336 23
337 19
338 17
339 21
340 23
341 26
342 23
343 28
344 18
345 27
346 18
347 20
348 28
349 23
350 20
351 23
352 17
353 25
354 19
355 17
356 26
357 19
358 22
359 24
360 18
361 21
362 23
363 17
364 25
365 17
366 18
367 24
368 24
369 27
370 24
371 16
372 35
373 27
374 20
375 20
376 30
377 26
378 21
379 28
380 22
381 18
382 27
383 27
384 24
385 25
386 22
387 23
388 29
389 14
390 16
391 19
392 18
393 20
394 20
395 28
396 23
397 23
398 30
399 26
400 38
401 33
402 29
403 23
404 23
405 27
406 25
407 19
408 23
409 20
410 23
411 19
412 20
413 32
414 17
415 29
416 27
417 24
418 28
419 19
420 22
421 19
422 23
423 27
424 26
425 22
426 21
427 26
428 23
429 32
430 23
431 28
432 26
433 20
434 29
435 21
436 35
437 24
438 19
439 24
440 33
441 24
442 19
443 29
444 18
445 23
446 24
447 16
448 26
449 23
450 20
451 31
452 20
453 25
454 22
455 20
456 21
457 21
458 25
459 21
460 30
461 20
462 17
463 24
464 20
465 21
466 23
467 24
468 25
469 15
470 22
471 24
472 23
473 27
474 23
475 20
476 16
477 20
478 14
479 22
480 23
481 19
482 18
483 25
484 22
485 23
486 24
487 22
488 15
489 20
490 19
491 17
492 21
493 24
494 27
495 20
496 19
497 30
498 26
499 20
500 16
501 16
502 17
503 20
504 21
505 23
506 17
507 29
508 30
509 25
510 27
511 27
512 15
513 28
514 23
515 23
516 36
517 29
518 18
519 25
520 28
521 25
522 23
523 24
524 23
525 27
526 23
527 22
528 26
529 25
530 24
531 21
532 21
533 20
534 10
535 34
536 22
537 25
538 30
539 19
540 26
541 26
542 20
543 23
544 31
545 26
546 30
547 25
548 27
549 23
550 20
551 25
552 23
553 25
554 28
555 25
556 29
557 23
558 19
559 24
560 23
561 20
562 21
563 29
564 31
565 25
566 21
567 23
568 26
569 26
570 19
571 21
572 18
573 16
574 23
575 21
576 22
577 24
578 23
579 17
580 26
581 23
582 24
583 18
584 31
585 26
586 19
587 15
588 27
589 23
590 22
591 27
592 20
593 26
594 23
595 24
596 23
597 23
598 15
599 26
600 16
601 22
602 26
603 25
604 22
605 19
606 19
607 28
608 23
609 28
610 23
611 26
612 30
613 30
614 16
615 18
616 21
617 23
618 21
619 20
620 25
621 26
622 23
623 19
624 24
625 28
626 24
627 25
628 19
629 18
630 21
631 26
632 23
633 16
634 31
635 18
636 24
637 21
638 18
639 25
640 25
641 27
642 30
643 23
644 17
645 19
646 22
647 12
648 20
649 17
650 21
651 24
652 26
653 17
654 25
655 17
656 17
657 29
658 21
659 22
660 19
661 15
662 21
663 21
664 22
665 23
666 28
667 34
668 23
669 22
670 20
671 25
672 20
673 21
674 33
675 29
676 26
677 22
678 23
679 21
680 18
681 19
682 17
683 19
684 17
685 19
686 18
687 26
688 19
689 15
690 28
691 17
692 23
693 30
694 24
695 21
696 25
697 21
698 29
699 27
700 27
701 24
702 26
703 27
704 18
705 20
706 15
707 19
708 16
709 27
710 13
711 20
712 28
713 19
714 25
715 23
716 27
717 25
718 29
719 24
720 23
721 17
722 28
723 34
724 26
725 26
726 22
727 20
728 24
729 30
730 18
731 21
732 20
733 22
734 22
735 25
736 23
737 25
738 24
739 25
740 22
741 20
742 21
743 23
744 24
745 16
746 18
747 15
748 22
749 27
750 22
751 27
752 24
753 21
754 25
755 18
756 27
757 20
758 22
759 25
760 24
761 24
762 21
763 23
764 27
765 25
766 30
767 31
768 25
769 26
770 25
771 25
772 22
773 21
774 19
775 18
776 27
777 21
778 23
779 19
780 26
781 24
782 26
783 22
784 21
785 29
786 27
787 28
788 24
789 23
790 28
791 23
792 20
793 23
794 22
795 21
796 24
797 24
798 24
799 26
800 19
801 22
802 19
803 27
804 22
805 19
806 21
807 20
808 21
809 22
810 18
811 19
812 22
813 33
814 22
815 23
816 24
817 17
818 21
819 24
820 22
821 21
822 22
823 24
824 26
825 24
826 20
827 24
828 18
829 33
830 27
831 17
832 25
833 16
834 30
835 23
836 25
837 20
838 29
839 23
840 31
841 20
842 21
843 25
844 21
845 21
846 23
847 16
848 17
849 13
850 23
851 33
852 28
853 26
854 23
855 18
856 18
857 24
858 17
859 19
860 18
861 25
862 27
863 24
864 20
865 29
866 23
867 29
868 26
869 21
870 26
871 28
872 29
873 21
874 22
875 20
876 33
877 26
878 22
879 20
880 23
881 24
882 24
883 22
884 23
885 21
886 20
887 25
888 21
889 20
890 27
891 24
892 23
893 31
894 23
895 17
896 24
897 32
898 16
899 22
900 22
901 29
902 23
903 16
904 22
905 26
906 26
907 25
908 22
909 23
910 19
911 18
912 20
913 22
914 18
915 18
916 25
917 26
918 23
919 24
920 20
921 19
922 28
923 21
924 22
925 23
926 25
927 25
928 14
929 29
930 33
931 27
932 22
933 29
934 27
935 19
936 23
937 29
938 20
939 17
940 26
941 19
942 19
943 20
944 22
945 29
946 28
947 17
948 20
949 21
950 18
951 25
952 27
953 22
954 21
955 24
956 24
957 18
958 24
959 27
960 16
961 24
962 19
963 23
964 21
965 22
966 24
967 20
968 22
969 18
970 22
971 18
972 22
973 15
974 24
975 18
976 17
977 25
978 21
979 22
980 22
981 23
982 24
983 14
984 21
985 25
986 18
987 28
988 27
989 18
990 21
991 22
992 20
993 23
994 27
995 22
996 21
997 28
998 19
999 17
1000 15
1001 21
1002 21
