# Selection 1:name C1A D2A C3A C4A C1B C2B C3B C4B Selection 2:name AUC AUSL AUL Cutoff:8 Start:0 End:-1
0 0
1 0
2 25
3 20
4 15
5 24
6 27
7 18
8 16
9 20
10 14
11 12
12 11
13 13
14 19
15 19
16 13
17 20
18 14
19 14
20 15
21 23
22 19
23 13
24 14
25 16
26 21
27 14
28 25
29 23
30 17
31 22
32 25
33 16
34 15
35 20
36 21
37 22
38 18
39 23
40 22
41 20
42 22
43 13
44 12
45 17
46 22
47 11
48 19
49 18
50 16
51 22
52 22
53 19
54 18
55 21
56 9
57 14
58 22
59 14
60 16
61 19
62 23
63 12
64 15
65 19
66 22
67 19
68 18
69 22
70 28
71 21
72 10
73 14
74 16
75 16
76 18
77 25
78 22
79 20
80 12
81 12
82 16
83 25
84 17
85 21
86 14
87 24
88 24
89 19
90 25
91 18
92 20
93 22
94 21
95 15
96 12
97 14
98 18
99 9
100 11
101 24
102 18
103 18
104 25
105 23
106 11
107 14
108 17
109 17
110 18
111 22
112 18
113 16
114 11
115 16
116 22
117 20
118 21
119 16
120 18
121 32
122 21
123 25
124 12
125 18
126 16
127 24
128 18
129 20
130 19
131 15
132 21
133 12
134 20
135 17
136 19
137 22
138 17
139 15
140 17
141 20
142 22
143 24
144 19
145 13
146 16
147 17
148 17
149 14
150 18
151 20
152 19
153 10
154 18
155 16
156 24
157 26
158 20
159 14
160 23
161 12
162 18
163 24
164 7
165 11
166 30
167 18
168 18
169 25
170 17
171 10
172 21
173 21
174 17
175 16
176 23
177 22
178 21
179 23
180 23
181 26
182 23
183 18
184 17
185 15
186 10
187 11
188 21
189 20
190 19
191 21
192 20
193 13
194 21
195 24
196 15
197 22
198 24
199 22
200 18
201 12
202 18
203 15
204 25
205 20
206 19
207 19
208 18
209 12
210 19
211 26
212 24
213 22
214 15
215 13
216 20
217 20
218 20
219 18
220 23
221 17
222 19
223 23
224 8
225 20
226 22
227 15
228 15
229 15
230 11
231 20
232 18
233 17
234 19
235 14
236 14
237 15
238 19
239 18
240 18
241 14
242 23
243 22
244 13
245 17
246 20
247 19
248 22
249 15
250 18
251 22
252 21
253 17
254 12
255 20
256 21
257 18
258 16
259 17
260 23
261 12
262 19
263 12
264 20
265 20
266 18
267 17
268 24
269 22
270 12
271 18
272 18
273 22
274 21
275 20
276 21
277 19
278 15
279 12
280 23
281 14
282 23
283 21
284 13
285 15
286 16
287 19
288 22
289 21
290 23
291 19
292 19
293 24
294 23
295 17
296 17
297 24
298 19
299 19
300 26
301 15
302 16
303 16
304 16
305 15
306 19
307 18
308 16
309 24
310 22
311 12
312 17
313 13
314 23
315 14
316 24
317 15
318 21
319 23
320 22
321 17
322 12
323 18
324 20
325 13
326 14
327 12
328 12
329 19
330 15
331 18
332 14
333 8
334 15
335 20
336 21
337 20
338 23
339 19
340 19
341 21
342 15
343 19
344 25
345 21
346 20
347 18
348 21
349 9
350 22
351 24
352 17
353 19
354 22
355 19
356 12
357 16
358 14
359 19
360 10
361 22
362 12
363 18
364 10
365 26
366 16
367 21
368 12
369 22
370 18
371 16
372 17
373 19
374 17
375 11
376 14
377 15
378 15
379 16
380 17
381 17
382 23
383 18
384 13
385 13
386 17
387 21
388 15
389 16
390 24
391 18
392 22
393 21
394 14
395 16
396 16
397 14
398 14
399 20
400 19
401 18
402 20
403 17
404 17
405 16
406 17
407 16
408 11
409 12
410 19
411 22
412 15
413 14
414 20
415 20
416 17
417 19
418 28
419 20
420 10
421 14
422 18
423 23
424 20
425 21
426 14
427 10
428 15
429 16
430 28
431 19
432 17
433 16
434 12
435 23
436 18
437 23
438 19
439 25
440 22
441 19
442 15
443 20
444 6
445 19
446 16
447 24
448 19
449 17
450 22
451 23
452 24
453 20
454 10
455 16
456 13
457 22
458 17
459 19
460 22
461 23
462 15
463 15
464 19
465 21
466 11
467 19
468 16
469 22
470 11
471 16
472 14
473 18
474 19
475 24
476 18
477 22
478 13
479 21
480 24
481 17
482 19
483 25
484 12
485 22
486 12
487 19
488 20
489 13
490 21
491 23
492 17
493 17
494 18
495 17
496 15
497 24
498 28
499 13
500 22
501 14
502 24
503 19
504 19
505 20
506 18
507 18
508 23
509 19
510 17
511 23
512 16
513 13
514 26
515 17
516 16
517 26
518 21
519 23
520 21
521 29
522 18
523 18
524 18
525 22
526 15
527 20
528 14
529 22
530 24
531 17
532 18
533 9
534 14
535 15
536 17
537 19
538 16
539 14
540 13
541 19
542 17
543 9
544 18
545 14
546 13
547 16
548 16
549 19
550 22
551 18
552 20
553 17
554 15
555 24
556 23
557 24
558 11
559 21
560 14
561 14
562 23
563 12
564 18
565 18
566 19
567 13
568 19
569 23
570 24
571 21
572 17
573 18
574 20
575 15
576 20
577 17
578 15
579 14
580 15
581 18
582 24
583 20
584 26
585 32
586 20
587 18
588 19
589 8
590 21
591 20
592 19
593 18
594 23
595 21
596 11
597 21
598 18
599 14
600 19
601 17
602 15
603 18
604 26
605 18
606 22
607 22
608 11
609 17
610 19
611 21
612 16
613 19
614 16
615 21
616 12
617 14
618 14
619 16
620 18
621 20
622 14
623 18
624 21
625 25
626 20
627 25
628 17
629 23
630 18
631 15
632 11
633 20
634 20
635 19
636 17
637 24
638 20
639 23
640 21
641 13
642 20
643 10
644 17
645 19
646 13
647 15
648 17
649 24
650 23
651 21
652 13
653 22
654 26
655 18
656 14
657 15
658 22
659 24
660 16
661 22
662 19
663 21
664 20
665 23
666 17
667 17
668 18
669 13
670 12
671 19
672 20
673 25
674 13
675 17
676 19
677 19
678 15
679 17
680 15
681 17
682 15
683 23
684 14
685 18
686 22
687 15
688 25
689 13
690 23
691 22
692 27
693 21
694 25
695 27
696 28
697 26
698 24
699 19
700 24
701 22
702 20
703 16
704 17
705 22
706 14
707 22
708 14
709 21
710 20
711 16
712 17
713 14
714 19
715 10
716 18
717 16
718 14
719 16
720 17
721 14
722 20
723 19
724 14
725 14
726 14
727 17
728 10
729 15
730 14
731 15
732 22
733 14
734 14
735 20
736 16
737 17
738 24
739 20
740 19
741 24
742 17
743 14
744 12
745 13
746 14
747 13
748 22
749 17
750 22
751 17
752 19
753 15
754 19
755 17
756 16
757 18
758 18
759 22
760 17
761 11
762 22
763 13
764 20
765 14
766 23
767 14
768 15
769 19
770 20
771 15
772 13
773 22
774 14
775 18
776 19
777 17
778 14
779 11
780 15
781 20
782 17
783 15
784 19
785 12
786 20
787 15
788 16
789 25
790 13
791 21
792 23
793 23
794 24
795 15
796 20
797 22
798 20
799 16
800 20
801 21
802 19
803 15
804 19
805 9
806 14
807 19
808 19
809 24
810 18
811 22
812 25
813 23
814 25
815 14
816 27
817 19
818 23
819 22
820 17
821 22
822 18
823 17
824 18
825 15
826 22
827 13
828 16
829 23
830 20
831 22
832 20
833 15
834 15
835 13
836 14
837 16
838 17
839 21
840 23
841 14
842 17
843 17
844 19
845 23
846 20
847 19
848 12
849 13
850 15
851 18
852 26
853 11
854 10
855 17
856 21
857 17
858 16
859 24
860 25
861 21
862 18
863 18
864 13
865 16
866 20
867 10
868 20
869 22
870 23
871 20
872 18
873 17
874 19
875 24
876 16
877 15
878 19
879 23
880 15
881 12
882 17
883 12
884 18
885 18
886 20
887 24
888 14
889 12
890 18
891 22
892 18
893 15
894 25
895 18
896 11
897 11
898 17
899 21
900 18
901 13
902 20
903 16
904 22
905 25
906 15
907 22
908 19
909 16
910 13
911 13
912 14
913 17
914 16
915 17
916 14
917 23
918 12
919 22
920 25
921 23
922 18
923 16
924 15
925 16
926 17
927 17
928 22
929 11
930 21
931 19
932 22
933 18
934 23
935 21
936 22
937 14
938 16
939 19
940 24
941 20
942 22
943 16
944 23
945 13
946 12
947 12
948 20
949 19
950 19
951 23
952 18
953 13
954 15
955 16
956 19
957 21
958 19
959 16
960 23
961 28
962 24
963 16
964 16
965 18
966 22
967 14
968 25
969 14
970 18
971 13
972 17
973 16
974 15
975 21
976 11
977 23
978 18
979 23
980 15
981 22
982 16
983 22
984 14
985 14
986 16
987 17
988 19
989 26
990 18
991 16
992 14
993 26
994 23
995 20
996 21
997 19
998 20
999 16
1000 17
1001 15
1002 15
