# Selection:resname AU POPC Restricted:name AUC AUL AUSL Radius:2.64 Start:0 End:-1
0 352.7967224121094
1 359.2581787109375
2 88.30686950683594
3 128.79879760742188
4 72.79933166503906
5 52.122596740722656
6 99.93753814697266
7 127.93727111816406
8 128.79881286621094
9 55.99948501586914
10 71.50702667236328
11 115.8758544921875
12 208.92112731933594
13 139.13717651367188
14 105.96825408935547
15 61.168670654296875
16 97.35292053222656
17 167.13690185546875
18 102.9529037475586
19 46.522647857666016
20 78.83003997802734
21 70.21473693847656
22 77.10698699951172
23 112.86048126220703
24 88.73763275146484
25 141.72177124023438
26 93.0452880859375
27 106.39901733398438
28 75.38391876220703
29 90.8914566040039
30 96.49140930175781
31 76.67620086669922
32 26.707441329956055
33 54.70718765258789
34 110.27589416503906
35 85.29151153564453
36 116.3066177368164
37 115.87583923339844
38 76.67620849609375
39 54.27642059326172
40 45.230350494384766
41 65.04554748535156
42 117.59890747070313
43 73.23009490966797
44 110.27589416503906
45 98.6452407836914
46 69.35320281982422
47 132.24493408203125
48 140.4294891357422
49 147.7524871826172
50 90.8914794921875
51 106.39903259277344
52 96.49139404296875
53 127.93728637695313
54 58.58407974243164
55 61.16866683959961
56 110.70665740966797
57 172.3060760498047
58 119.32196807861328
59 108.5528335571289
60 68.4916763305664
61 93.04527282714844
62 27.138206481933594
63 43.50728988647461
64 109.84513092041016
65 149.90634155273438
66 76.24543762207031
67 143.44480895996094
68 120.61426544189453
69 134.39874267578125
70 104.67594909667969
71 83.56845092773438
72 183.936767578125
73 53.414886474609375
74 120.1834945678711
75 115.01431274414063
76 88.30689239501953
77 110.70667266845703
78 129.66033935546875
79 108.55284881591797
80 64.61478424072266
81 103.81441497802734
82 111.99895477294922
83 78.83002471923828
84 107.26054382324219
85 109.84513854980469
86 76.24544525146484
87 70.21472930908203
88 138.70640563964844
89 77.10697937011719
90 95.19911193847656
91 101.22982788085938
92 97.7837142944336
93 80.12232971191406
94 90.46070098876953
95 47.38417434692383
96 85.7222900390625
97 127.50650787353516
98 91.75299835205078
99 111.13742065429688
100 109.41436004638672
101 97.7837142944336
102 211.50576782226563
103 137.4141387939453
104 65.04554748535156
105 107.26054382324219
106 88.73764038085938
107 180.92140197753906
108 97.78370666503906
109 99.50675201416016
110 94.76834106445313
111 87.01457214355469
112 65.476318359375
113 101.2298355102539
114 83.13768768310547
115 49.538002014160156
116 85.72228240966797
117 76.67620849609375
118 81.41463470458984
119 100.79905700683594
120 115.44509887695313
121 60.30712890625
122 114.58354949951172
123 69.78397369384766
124 69.78396606445313
125 98.21446990966797
126 138.275634765625
127 113.72201538085938
128 80.5531005859375
129 111.99895477294922
130 81.41462707519531
131 158.9523468017578
132 99.07600402832031
133 112.42972564697266
134 56.86100769042969
135 81.41462707519531
136 65.04554748535156
137 104.67594146728516
138 74.52237701416016
139 171.87533569335938
140 99.50675964355469
141 91.75299835205078
142 107.26053619384766
143 90.0299301147461
144 31.445858001708984
145 19.38443374633789
146 27.999736785888672
147 85.72228240966797
148 49.53799819946289
149 89.16840362548828
150 127.07573699951172
151 132.67568969726563
152 80.5531005859375
153 77.968505859375
154 92.61451721191406
155 67.19938659667969
156 27.138206481933594
157 52.55335998535156
158 87.87611389160156
159 73.2300796508789
160 125.35267639160156
161 117.16813659667969
162 51.69183349609375
163 99.07598876953125
164 136.5525665283203
165 111.56819915771484
166 28.86126708984375
167 34.89198684692383
168 33.59968566894531
169 98.64523315429688
170 151.62937927246094
171 97.35295104980469
172 116.3066177368164
173 120.18350219726563
174 114.15279388427734
175 102.52212524414063
176 44.36882019042969
177 131.81414794921875
178 55.13794708251953
179 111.13742065429688
180 72.36856079101563
181 150.3370819091797
182 91.32221221923828
183 121.47579956054688
184 187.3828887939453
185 42.214996337890625
186 140.42947387695313
187 107.6913070678711
188 121.04505157470703
189 173.16763305664063
190 74.09162139892578
191 99.0760269165039
192 149.04476928710938
193 127.5064926147461
194 126.2142105102539
195 80.55309295654297
196 54.70718002319336
197 45.66111373901367
198 95.1991195678711
199 93.90681457519531
200 52.5533561706543
201 84.42998504638672
202 46.95341873168945
203 92.18375396728516
204 72.79933166503906
205 89.16840362548828
206 65.476318359375
207 106.82978057861328
208 67.19937896728516
209 90.89146423339844
210 56.43025207519531
211 58.1533088684082
212 110.27590942382813
213 84.43000030517578
214 49.53800582885742
215 129.2295684814453
216 102.09136199951172
217 103.38365936279297
218 140.8602294921875
219 93.90681457519531
220 78.83003997802734
221 57.29178237915039
222 108.55284118652344
223 93.0452880859375
224 100.79906463623047
225 80.1223373413086
226 110.70665740966797
227 97.35295104980469
228 100.3682861328125
229 168.85997009277344
230 136.55258178710938
231 84.42999267578125
232 121.90656280517578
233 51.69183349609375
234 95.19912719726563
235 148.614013671875
236 109.84513092041016
237 121.47579193115234
238 126.64496612548828
239 113.72203063964844
240 85.29151153564453
241 139.9987030029297
242 159.38311767578125
243 214.95187377929688
244 114.15280151367188
245 45.66111755371094
246 108.12206268310547
247 64.18401336669922
248 110.2759017944336
249 138.27565002441406
250 140.42945861816406
251 54.276424407958984
252 139.1371612548828
253 92.61450958251953
254 142.5832977294922
255 181.7829132080078
256 79.26081085205078
257 136.12181091308594
258 117.16813659667969
259 171.01377868652344
260 120.61426544189453
261 186.090576171875
262 154.6447296142578
263 178.33682250976563
264 92.6145248413086
265 33.59968566894531
266 54.27642059326172
267 143.87557983398438
268 80.1223373413086
269 76.67621612548828
270 39.630401611328125
271 83.99921417236328
272 77.10697174072266
273 81.84539794921875
274 63.75325012207031
275 100.3683090209961
276 84.42997741699219
277 139.99871826171875
278 59.876365661621094
279 129.2295684814453
280 86.15304565429688
281 143.87559509277344
282 74.52238464355469
283 64.18401336669922
284 80.5531005859375
285 143.87559509277344
286 65.04554748535156
287 71.93778991699219
288 86.15303802490234
289 83.99921417236328
290 67.63014221191406
291 146.8909454345703
292 91.32221984863281
293 27.138206481933594
294 122.76808166503906
295 44.36881637573242
296 132.2449188232422
297 98.21446990966797
298 61.16866683959961
299 34.03044891357422
300 40.922698974609375
301 92.18375396728516
302 57.7225456237793
303 51.69182586669922
304 77.53775024414063
305 85.29151916503906
306 123.19884490966797
307 122.76809692382813
308 139.13717651367188
309 63.32249069213867
310 100.36830139160156
311 149.04476928710938
312 67.63014221191406
313 98.64524841308594
314 114.58354187011719
315 129.6603240966797
316 52.5533561706543
317 90.46070098876953
318 111.99896240234375
319 78.3992691040039
320 54.707183837890625
321 98.2144775390625
322 120.61426544189453
323 71.07626342773438
324 90.02992248535156
325 110.27589416503906
326 152.92166137695313
327 93.04527282714844
328 148.18321228027344
329 125.35269165039063
330 100.79905700683594
331 77.53775024414063
332 115.01431274414063
333 141.29098510742188
334 110.70665740966797
335 63.75325012207031
336 102.52212524414063
337 132.24493408203125
338 118.46044921875
339 92.61453247070313
340 156.36778259277344
341 71.07626342773438
342 123.1988525390625
343 88.30687713623047
344 110.27590942382813
345 73.66085815429688
346 97.78370666503906
347 85.2915267944336
348 126.64498138427734
349 66.76861572265625
350 145.59866333007813
351 68.4916763305664
352 54.27642059326172
353 63.32249450683594
354 45.66111373901367
355 93.90680694580078
356 86.58380889892578
357 53.414886474609375
358 121.0450210571289
359 99.93751525878906
360 145.16787719726563
361 108.55282592773438
362 83.1376953125
363 161.5369873046875
364 125.35267639160156
365 99.50677490234375
366 152.4908905029297
367 111.99893951416016
368 138.70640563964844
369 101.2298355102539
370 91.75300598144531
371 137.84487915039063
372 160.24468994140625
373 76.24545288085938
374 105.5374755859375
375 84.8607406616211
376 97.35294342041016
377 138.70640563964844
378 128.79881286621094
379 165.4138641357422
380 107.26054382324219
381 127.93727111816406
382 98.21446990966797
383 141.7217559814453
384 83.5684585571289
385 118.4604263305664
386 152.4908905029297
387 70.64550018310547
388 120.18350219726563
389 115.01432037353516
390 106.82977294921875
391 155.93702697753906
392 133.1064453125
393 63.753257751464844
394 115.01432800292969
395 61.168663024902344
396 75.38391876220703
397 81.84539031982422
398 102.52212524414063
399 87.87610626220703
400 138.27565002441406
401 98.21446990966797
402 108.98361206054688
403 49.53799819946289
404 108.5528335571289
405 81.41463470458984
406 111.1374282836914
407 59.44560241699219
408 121.0450210571289
409 102.95289611816406
410 174.8906707763672
411 127.9372787475586
412 121.90656280517578
413 223.99794006347656
414 144.7371368408203
415 67.63013458251953
416 162.39846801757813
417 73.2300796508789
418 147.32171630859375
419 148.61402893066406
420 157.6600799560547
421 74.09160614013672
422 84.86075592041016
423 59.87636947631836
424 90.02993774414063
425 76.67621612548828
426 153.3524169921875
427 71.50704193115234
428 113.291259765625
429 104.24519348144531
430 50.83029556274414
431 109.41436004638672
432 92.61453247070313
433 102.09136962890625
434 142.15252685546875
435 94.33757781982422
436 83.13768768310547
437 139.5679473876953
438 136.9833526611328
439 61.168663024902344
440 102.09135437011719
441 118.02967071533203
442 111.13744354248047
443 136.121826171875
444 195.56741333007813
445 132.2449188232422
446 135.69105529785156
447 50.39952850341797
448 107.69129943847656
449 96.92218017578125
450 55.99949264526367
451 80.55311584472656
452 120.6142578125
453 137.84487915039063
454 164.9830780029297
455 183.50599670410156
456 92.6145248413086
457 53.41489028930664
458 93.90681457519531
459 67.63014221191406
460 95.6298828125
461 168.42919921875
462 104.24519348144531
463 91.75300598144531
464 71.93779754638672
465 117.16815185546875
466 157.6600799560547
467 84.43000030517578
468 120.61426544189453
469 136.12181091308594
470 158.95237731933594
471 95.1991195678711
472 164.12156677246094
473 139.9987030029297
474 119.32196044921875
475 77.10697937011719
476 119.32196044921875
477 118.89120483398438
478 139.9987030029297
479 66.76861572265625
480 113.7220230102539
481 153.78318786621094
482 100.36829376220703
483 158.52162170410156
484 161.96774291992188
485 116.30659484863281
486 87.87611389160156
487 121.90655517578125
488 68.92243194580078
489 171.8753204345703
490 78.8300552368164
491 83.13768768310547
492 77.10697937011719
493 115.87584686279297
494 76.24545288085938
495 60.307132720947266
496 132.67568969726563
497 92.6145248413086
498 91.75300598144531
499 124.92191314697266
500 87.44534301757813
501 102.52210998535156
502 57.291770935058594
503 107.26055145263672
504 70.64549255371094
505 43.507286071777344
506 111.56818389892578
507 158.09085083007813
508 130.09109497070313
509 99.50675964355469
510 135.26026916503906
511 90.02993774414063
512 65.476318359375
513 93.90681457519531
514 22.830556869506836
515 76.67621612548828
516 60.7379035949707
517 35.32274627685547
518 52.122596740722656
519 130.0911102294922
520 74.09162139892578
521 49.53800582885742
522 115.01432800292969
523 144.3063507080078
524 78.83003997802734
525 61.168663024902344
526 76.67621612548828
527 76.24544525146484
528 124.49115753173828
529 74.52237701416016
530 98.21446228027344
531 123.62962341308594
532 105.10671997070313
533 87.01456451416016
534 124.92191314697266
535 77.53775024414063
536 91.32223510742188
537 75.38391876220703
538 158.0908660888672
539 125.35267639160156
540 130.95263671875
541 43.93805694580078
542 118.02969360351563
543 161.106201171875
544 70.64549255371094
545 141.29100036621094
546 83.56846618652344
547 79.69156646728516
548 146.46017456054688
549 62.46095657348633
550 50.830299377441406
551 128.3680419921875
552 126.64497375488281
553 59.44560623168945
554 67.19937896728516
555 77.10697174072266
556 25.84591293334961
557 68.92243194580078
558 120.6142578125
559 86.1530532836914
560 138.70640563964844
561 99.07598876953125
562 134.82952880859375
563 151.19859313964844
564 125.78345489501953
565 123.62963104248047
566 130.95262145996094
567 133.53720092773438
568 115.01432800292969
569 115.87584686279297
570 43.93806076049805
571 73.23008728027344
572 82.27615356445313
573 120.6142807006836
574 31.445859909057617
575 122.33733367919922
576 75.81468200683594
577 147.7524871826172
578 149.90631103515625
579 93.90681457519531
580 101.22982788085938
581 66.76861572265625
582 29.722797393798828
583 68.92244720458984
584 44.79958724975586
585 32.30739212036133
586 152.0601348876953
587 99.50677490234375
588 74.09161376953125
589 48.67647171020508
590 104.24518585205078
591 95.19910430908203
592 113.29126739501953
593 71.50704193115234
594 40.4919319152832
595 68.92243957519531
596 125.3526840209961
597 93.47606658935547
598 82.7069320678711
599 129.22958374023438
600 153.3524169921875
601 102.09137725830078
602 111.56819152832031
603 109.41436004638672
604 130.52186584472656
605 178.76759338378906
606 119.75273895263672
607 92.6145248413086
608 135.69105529785156
609 158.5216064453125
610 149.47552490234375
611 115.87586212158203
612 91.75300598144531
613 121.47579193115234
614 98.2144775390625
615 118.02967834472656
616 133.10646057128906
617 119.75273132324219
618 81.84539794921875
619 87.44535064697266
620 69.35320281982422
621 130.95262145996094
622 62.46096420288086
623 116.30661010742188
624 146.8909454345703
625 77.96851348876953
626 83.99922943115234
627 101.66059875488281
628 150.33705139160156
629 80.1223373413086
630 73.66084289550781
631 108.1220703125
632 115.87584686279297
633 41.78422546386719
634 45.661109924316406
635 69.35320281982422
636 75.81468200683594
637 78.39928436279297
638 58.1533088684082
639 115.44507598876953
640 53.414894104003906
641 131.3833770751953
642 113.72200775146484
643 83.56845092773438
644 174.45993041992188
645 134.3987579345703
646 125.3526840209961
647 144.7371368408203
648 110.27589416503906
649 87.01457977294922
650 118.02967071533203
651 115.44508361816406
652 92.18376159667969
653 94.33760070800781
654 102.95288848876953
655 72.36856079101563
656 65.0455551147461
657 175.75221252441406
658 143.0140380859375
659 98.64522552490234
660 122.76811218261719
661 123.19886016845703
662 135.69105529785156
663 90.0299301147461
664 68.06090545654297
665 53.84566879272461
666 99.50677490234375
667 73.23008728027344
668 87.01457977294922
669 170.58302307128906
670 105.10671997070313
671 152.92166137695313
672 78.83003997802734
673 98.64524841308594
674 134.39874267578125
675 95.62987518310547
676 69.35320281982422
677 60.307132720947266
678 112.42974853515625
679 59.01483917236328
680 93.47605895996094
681 52.55335998535156
682 94.33757019042969
683 58.1533088684082
684 87.44532775878906
685 99.93751525878906
686 139.1371612548828
687 101.66059875488281
688 52.122596740722656
689 82.7069320678711
690 91.75299072265625
691 118.02967071533203
692 76.24543762207031
693 90.46070098876953
694 59.44560241699219
695 123.19886016845703
696 52.984127044677734
697 26.27667808532715
698 82.27615356445313
699 32.30738830566406
700 149.9062957763672
701 53.84565734863281
702 117.16813659667969
703 115.44508361816406
704 85.7222900390625
705 41.78422546386719
706 55.99948501586914
707 82.70692443847656
708 74.9531478881836
709 86.58381652832031
710 140.8602294921875
711 108.1220703125
712 173.59840393066406
713 59.876365661621094
714 180.4906768798828
715 133.5372314453125
716 55.999481201171875
717 108.98359680175781
718 184.7982940673828
719 152.4909210205078
720 78.83003997802734
721 166.27540588378906
722 99.07601165771484
723 105.10672760009766
724 122.76808166503906
725 132.6757049560547
726 105.1067123413086
727 60.7379035949707
728 111.13742065429688
729 127.93727111816406
730 126.64497375488281
731 128.79881286621094
732 81.41462707519531
733 74.9531478881836
734 114.58355712890625
735 87.44534301757813
736 139.13719177246094
737 121.90657806396484
738 119.32196807861328
739 113.29126739501953
740 56.86101531982422
741 96.92218780517578
742 86.58380889892578
743 92.18376159667969
744 73.66085052490234
745 124.49114227294922
746 133.10646057128906
747 139.1371612548828
748 116.73738861083984
749 59.87636947631836
750 77.10699462890625
751 120.61426544189453
752 74.52239227294922
753 118.02967071533203
754 142.5832977294922
755 75.8146743774414
756 67.6301498413086
757 133.10646057128906
758 59.01483917236328
759 111.99897766113281
760 80.98387145996094
761 170.1522674560547
762 106.3990249633789
763 134.8295135498047
764 86.58380126953125
765 70.64549255371094
766 89.16841125488281
767 84.42996978759766
768 87.44534301757813
769 54.70718765258789
770 76.67620849609375
771 105.96824645996094
772 51.26106262207031
773 96.0606460571289
774 32.30739212036133
775 91.75300598144531
776 83.99922180175781
777 105.53746795654297
778 133.53721618652344
779 49.107242584228516
780 168.42921447753906
781 57.29177474975586
782 71.50702667236328
783 67.19937133789063
784 123.19886016845703
785 114.58355712890625
786 70.6455078125
787 62.891727447509766
788 136.98333740234375
789 83.99921417236328
790 124.06037902832031
791 142.1525421142578
792 48.676475524902344
793 104.67594909667969
794 40.0611686706543
795 75.3839111328125
796 69.78396606445313
797 193.41360473632813
798 130.52186584472656
799 107.26055145263672
800 138.70640563964844
801 64.61478424072266
802 91.75300598144531
803 40.922706604003906
804 78.83003234863281
805 92.18376159667969
806 45.66111373901367
807 192.1212921142578
808 114.15279388427734
809 130.52186584472656
810 86.15304565429688
811 118.89120483398438
812 123.19884490966797
813 80.98387145996094
814 92.18376159667969
815 77.5377426147461
816 25.415145874023438
817 121.04502868652344
818 121.90657806396484
819 99.93753051757813
820 74.52238464355469
821 71.07626342773438
822 34.46121597290039
823 87.8760986328125
824 76.67620849609375
825 90.46070861816406
826 97.3529281616211
827 70.21472930908203
828 103.3836441040039
829 72.79932403564453
830 60.30712890625
831 72.79932403564453
832 59.44560241699219
833 121.47579193115234
834 100.3682861328125
835 150.3370819091797
836 139.5679473876953
837 102.52213287353516
838 77.53775024414063
839 90.46070098876953
840 66.33785247802734
841 66.76860809326172
842 113.291259765625
843 33.168922424316406
844 130.5218505859375
845 85.29151916503906
846 118.46043395996094
847 95.6298828125
848 29.72279930114746
849 120.18350219726563
850 37.90734100341797
851 80.12232971191406
852 38.33810806274414
853 102.52212524414063
854 113.72203063964844
855 125.78345489501953
856 71.93779754638672
857 31.445858001708984
858 89.16838836669922
859 127.50650787353516
860 86.58380889892578
861 165.41383361816406
862 174.02915954589844
863 102.95289611816406
864 90.0299301147461
865 136.12179565429688
866 127.9372787475586
867 160.67543029785156
868 68.4916763305664
869 64.18402862548828
870 83.13770294189453
871 94.76835632324219
872 87.87611389160156
873 118.89119720458984
874 99.07600402832031
875 91.3222427368164
876 59.01483917236328
877 84.86075592041016
878 74.09161376953125
879 94.33759307861328
880 81.41464233398438
881 72.36856079101563
882 92.6145248413086
883 130.52186584472656
884 101.2298355102539
885 71.50703430175781
886 92.6145248413086
887 103.38365173339844
888 143.01405334472656
889 89.59916687011719
890 99.50678253173828
891 114.58354187011719
892 99.50677490234375
893 111.13742065429688
894 72.36856079101563
895 134.82952880859375
896 130.95262145996094
897 115.01432037353516
898 79.26080322265625
899 147.32171630859375
900 113.7220230102539
901 94.76834869384766
902 95.62986755371094
903 115.01431274414063
904 96.92217254638672
905 86.58382415771484
906 154.21397399902344
907 93.04530334472656
908 93.9068374633789
909 123.62962341308594
910 134.82952880859375
911 87.44535064697266
912 152.4908905029297
913 49.107234954833984
914 109.84513092041016
915 80.55308532714844
916 132.67572021484375
917 36.18428039550781
918 156.79855346679688
919 103.81442260742188
920 118.0296630859375
921 123.19886779785156
922 87.01458740234375
923 80.5531005859375
924 71.93778991699219
925 52.55335998535156
926 108.55284118652344
927 52.984130859375
928 139.5679168701172
929 87.8761215209961
930 79.69156646728516
931 84.42998504638672
932 46.09187698364258
933 124.92192077636719
934 63.753257751464844
935 105.53748321533203
936 143.44482421875
937 74.09162139892578
938 76.24543762207031
939 83.56844329833984
940 48.67647171020508
941 80.5531005859375
942 73.23009490966797
943 139.9987030029297
944 38.33810806274414
945 162.82928466796875
946 122.33731079101563
947 82.27617645263672
948 133.96800231933594
949 72.3685531616211
950 38.33810806274414
951 108.98359680175781
952 108.1220703125
953 123.62962341308594
954 113.7220230102539
955 91.32222747802734
956 83.99921417236328
957 79.69156646728516
958 92.6145248413086
959 103.81441497802734
960 119.75271606445313
961 80.12232971191406
962 69.7839584350586
963 115.4450912475586
964 153.3524169921875
965 137.4141082763672
966 94.33759307861328
967 116.73738098144531
968 46.95341491699219
969 96.92218017578125
970 77.53773498535156
971 99.93753051757813
972 48.676475524902344
973 81.84539794921875
974 105.53748321533203
975 83.5684585571289
976 41.78422927856445
977 94.76834106445313
978 132.67568969726563
979 114.15278625488281
980 140.8602294921875
981 92.18376159667969
982 101.66058349609375
983 116.73737335205078
984 104.24517822265625
985 61.59944152832031
986 135.26026916503906
987 103.81440734863281
988 137.41412353515625
989 95.19912719726563
990 42.214996337890625
991 94.33759307861328
992 167.5676727294922
993 109.41438293457031
994 92.61453247070313
995 118.8912124633789
996 108.55284118652344
997 103.38365936279297
998 40.922691345214844
999 77.968505859375
1000 109.84513092041016
1001 87.01457977294922
1002 87.01457977294922
