# Selection:resname AU W ION Restricted:name AUC AUL AUSL Radius:2.64 Start:0 End:-1
0 482.4570007324219
1 482.8877868652344
2 58.15330505371094
3 73.66085815429688
4 40.92269515991211
5 41.78422546386719
6 37.907344818115234
7 55.1379508972168
8 50.83030319213867
9 45.66111755371094
10 63.32248306274414
11 46.091880798339844
12 60.30712890625
13 36.18428039550781
14 81.41461944580078
15 68.4916763305664
16 55.13795471191406
17 73.66085815429688
18 86.15304565429688
19 56.43025588989258
20 59.01483917236328
21 92.61451721191406
22 72.36856079101563
23 98.6452407836914
24 129.2295684814453
25 81.41461944580078
26 66.33785247802734
27 69.35321044921875
28 103.81440734863281
29 73.23008728027344
30 90.02993774414063
31 74.9531478881836
32 100.79906463623047
33 77.10697174072266
34 106.39900970458984
35 82.7069320678711
36 92.6145248413086
37 101.66059112548828
38 61.16867446899414
39 67.6301498413086
40 70.21473693847656
41 74.52239227294922
42 70.6455078125
43 86.15306091308594
44 82.27616882324219
45 87.87610626220703
46 89.59916687011719
47 95.1991195678711
48 62.89173126220703
49 74.9531478881836
50 65.476318359375
51 76.24544525146484
52 77.10697174072266
53 90.02993774414063
54 98.64524841308594
55 60.73789978027344
56 50.399539947509766
57 57.29177474975586
58 51.26106262207031
59 60.30712890625
60 87.44534301757813
61 55.56871795654297
62 73.23009490966797
63 65.9070816040039
64 87.01457977294922
65 78.83003997802734
66 78.83003997802734
67 58.15330505371094
68 80.12232971191406
69 99.50676727294922
70 67.19937896728516
71 55.13794708251953
72 46.09187698364258
73 55.13794708251953
74 74.09162902832031
75 55.13795471191406
76 46.95341110229492
77 43.93805694580078
78 21.107494354248047
79 75.81468200683594
80 28.43050193786621
81 30.58432960510254
82 31.445859909057617
83 30.58432960510254
84 55.13795471191406
85 100.3682861328125
86 68.0609130859375
87 89.59917449951172
88 61.599430084228516
89 62.030189514160156
90 53.41489791870117
91 81.84538269042969
92 36.61504364013672
93 65.0455551147461
94 84.86075592041016
95 76.67620849609375
96 41.78422546386719
97 66.76862335205078
98 62.8917236328125
99 62.46095657348633
100 46.091880798339844
101 31.876623153686523
102 54.70718002319336
103 40.06116485595703
104 55.56871032714844
105 61.16865921020508
106 47.814937591552734
107 40.922698974609375
108 59.01483917236328
109 52.984130859375
110 55.5687141418457
111 58.584075927734375
112 68.06090545654297
113 62.030189514160156
114 40.49192810058594
115 67.63014221191406
116 68.49166870117188
117 62.46095657348633
118 34.89198684692383
119 39.19963836669922
120 68.92243194580078
121 91.32222747802734
122 54.276424407958984
123 39.63039779663086
124 31.015092849731445
125 24.9843807220459
126 41.35346221923828
127 43.07652282714844
128 49.107234954833984
129 47.384178161621094
130 46.95341110229492
131 50.399532318115234
132 38.76887512207031
133 36.18427658081055
134 29.72279930114746
135 27.138206481933594
136 60.307132720947266
137 61.16866683959961
138 51.69182586669922
139 54.276424407958984
140 47.38417434692383
141 50.399532318115234
142 53.414894104003906
143 34.89198303222656
144 49.96876907348633
145 30.153564453125
146 54.70718765258789
147 57.722537994384766
148 66.76861572265625
149 53.41489028930664
150 48.67647171020508
151 64.18402099609375
152 85.72228240966797
153 100.79905700683594
154 74.52237701416016
155 76.24545288085938
156 46.091880798339844
157 85.72228240966797
158 86.15306854248047
159 70.64550018310547
160 97.35293579101563
161 59.01484298706055
162 34.89198303222656
163 103.81440734863281
164 80.9838638305664
165 117.16814422607422
166 62.460960388183594
167 71.0762710571289
168 76.67620849609375
169 85.29151916503906
170 67.63014221191406
171 106.3990249633789
172 80.12232971191406
173 70.64549255371094
174 70.6455078125
175 74.09161376953125
176 58.15330505371094
177 62.03019332885742
178 67.63014221191406
179 73.2300796508789
180 64.61478424072266
181 95.1991195678711
182 84.42998504638672
183 93.47605895996094
184 82.70692443847656
185 55.999473571777344
186 75.81468200683594
187 74.09162902832031
188 59.44560241699219
189 75.3839111328125
190 50.830299377441406
191 103.38365173339844
192 54.70718002319336
193 73.66084289550781
194 102.5221176147461
195 82.27615356445313
196 113.7220230102539
197 102.95288848876953
198 102.952880859375
199 117.5988998413086
200 74.09162139892578
201 59.876373291015625
202 75.38391876220703
203 80.1223373413086
204 92.18376922607422
205 89.16840362548828
206 90.46070098876953
207 58.584068298339844
208 60.73789978027344
209 56.43024444580078
210 70.21473693847656
211 55.56871795654297
212 70.64550018310547
213 97.78370666503906
214 98.21446990966797
215 102.09136962890625
216 74.09162139892578
217 134.39877319335938
218 71.93778991699219
219 83.99922180175781
220 79.26081085205078
221 53.84566116333008
222 89.16839599609375
223 64.18402099609375
224 90.02993774414063
225 96.92218780517578
226 76.67620849609375
227 43.507286071777344
228 47.814945220947266
229 50.830299377441406
230 54.70718765258789
231 33.59968566894531
232 104.67594146728516
233 111.99895477294922
234 86.58381652832031
235 55.99947738647461
236 37.9073371887207
237 83.13768768310547
238 50.830299377441406
239 65.476318359375
240 73.66084289550781
241 77.53773498535156
242 65.47631072998047
243 51.69182205200195
244 65.04554748535156
245 61.59942626953125
246 42.645755767822266
247 72.79932403564453
248 52.5533561706543
249 75.38391876220703
250 87.87610626220703
251 73.6608657836914
252 40.922698974609375
253 35.322750091552734
254 27.568973541259766
255 48.245704650878906
256 57.29177474975586
257 51.26106643676758
258 43.93805694580078
259 52.5533561706543
260 59.44560623168945
261 39.630401611328125
262 28.86126708984375
263 48.676475524902344
264 55.999481201171875
265 93.90682983398438
266 55.999481201171875
267 65.47631072998047
268 48.24570846557617
269 41.78422546386719
270 44.79957962036133
271 42.21499252319336
272 64.61478424072266
273 22.399791717529297
274 54.27642059326172
275 50.39952850341797
276 51.26106262207031
277 92.18375396728516
278 47.38418197631836
279 27.138206481933594
280 49.96876907348633
281 23.69208526611328
282 55.1379508972168
283 62.8917236328125
284 48.67647171020508
285 40.922698974609375
286 43.93804931640625
287 46.52264404296875
288 69.35319519042969
289 63.32248306274414
290 49.53799819946289
291 58.58407211303711
292 95.19911193847656
293 49.107234954833984
294 61.16866683959961
295 96.49140930175781
296 98.21446990966797
297 60.307132720947266
298 77.96849822998047
299 94.76834869384766
300 56.86101150512695
301 100.799072265625
302 87.4453353881836
303 77.5377426147461
304 90.8914566040039
305 98.21446990966797
306 80.12232208251953
307 90.02993774414063
308 47.81494140625
309 56.86101150512695
310 75.8146743774414
311 46.953407287597656
312 39.630401611328125
313 41.35346221923828
314 83.99922180175781
315 85.72228240966797
316 84.86075592041016
317 87.4453353881836
318 82.27615356445313
319 64.61477661132813
320 68.4916763305664
321 65.90707397460938
322 45.66111373901367
323 78.83003997802734
324 68.92242431640625
325 43.507286071777344
326 38.76886749267578
327 30.584331512451172
328 56.430240631103516
329 45.66111373901367
330 50.830291748046875
331 69.78396606445313
332 42.645755767822266
333 101.2298355102539
334 64.61478424072266
335 64.61477661132813
336 73.23008728027344
337 59.01483154296875
338 71.07626342773438
339 65.9070816040039
340 76.24544525146484
341 82.27616119384766
342 118.02967834472656
343 76.24543762207031
344 58.1533088684082
345 69.78397369384766
346 53.41489028930664
347 97.78369903564453
348 76.24544525146484
349 93.0452880859375
350 54.707183837890625
351 77.10697174072266
352 46.52264404296875
353 53.414886474609375
354 72.79932403564453
355 28.43050193786621
356 76.24543762207031
357 56.86101150512695
358 78.39927673339844
359 41.78422546386719
360 46.953407287597656
361 46.091880798339844
362 59.876365661621094
363 46.52265167236328
364 52.984127044677734
365 67.63014221191406
366 65.04554748535156
367 55.56871795654297
368 67.63013458251953
369 47.38417053222656
370 32.738155364990234
371 77.53772735595703
372 68.92243194580078
373 67.63014221191406
374 67.63014221191406
375 60.307132720947266
376 48.245704650878906
377 65.9070816040039
378 58.58407211303711
379 31.445859909057617
380 71.50702667236328
381 71.50702667236328
