# Selection 1:name C1A D2A C3A C4A C1B C2B C3B C4B Selection 2:name AUC AUSL AUL Cutoff:8 Start:0 End:-1
0 0
1 0
2 26
3 18
4 10
5 13
6 13
7 16
8 13
9 15
10 15
11 19
12 18
13 14
14 15
15 20
16 19
17 19
18 18
19 10
20 15
21 22
22 12
23 22
24 22
25 25
26 13
27 15
28 21
29 13
30 18
31 16
32 23
33 16
34 15
35 16
36 20
37 16
38 14
39 16
40 18
41 23
42 18
43 22
44 24
45 20
46 18
47 17
48 14
49 15
50 11
51 10
52 12
53 22
54 20
55 17
56 16
57 13
58 16
59 15
60 14
61 14
62 22
63 10
64 13
65 20
66 14
67 14
68 17
69 19
70 14
71 14
72 11
73 15
74 18
75 17
76 14
77 14
78 11
79 17
80 14
81 14
82 12
83 10
84 10
85 16
86 23
87 21
88 14
89 15
90 10
91 14
92 11
93 18
94 17
95 13
96 11
97 13
98 18
99 9
100 19
101 12
102 17
103 17
104 17
105 9
106 12
107 13
108 15
109 11
110 18
111 14
112 10
113 14
114 7
115 8
116 7
117 8
118 11
119 16
120 14
121 18
122 8
123 12
124 13
125 13
126 15
127 12
128 17
129 13
130 13
131 13
132 10
133 13
134 11
135 13
136 10
137 10
138 12
139 15
140 13
141 12
142 10
143 16
144 10
145 16
146 14
147 15
148 13
149 18
150 14
151 13
152 18
153 25
154 17
155 17
156 10
157 19
158 18
159 14
160 24
161 16
162 12
163 23
164 18
165 22
166 15
167 17
168 10
169 16
170 13
171 18
172 16
173 17
174 19
175 11
176 15
177 12
178 17
179 17
180 15
181 22
182 19
183 13
184 19
185 13
186 19
187 19
188 14
189 16
190 13
191 13
192 13
193 15
194 20
195 19
196 24
197 19
198 19
199 17
200 10
201 13
202 14
203 13
204 16
205 17
206 18
207 12
208 17
209 14
210 15
211 12
212 16
213 22
214 15
215 18
216 19
217 22
218 17
219 21
220 21
221 14
222 18
223 13
224 21
225 14
226 14
227 16
228 15
229 17
230 20
231 10
232 17
233 22
234 15
235 17
236 13
237 14
238 15
239 17
240 18
241 10
242 14
243 15
244 14
245 13
246 12
247 12
248 17
249 15
250 11
251 10
252 12
253 12
254 8
255 15
256 15
257 16
258 14
259 17
260 17
261 14
262 15
263 14
264 13
265 14
266 11
267 14
268 20
269 11
270 13
271 17
272 20
273 14
274 22
275 17
276 15
277 16
278 16
279 14
280 13
281 16
282 17
283 12
284 17
285 11
286 13
287 14
288 11
289 15
290 17
291 17
292 20
293 16
294 17
295 14
296 22
297 14
298 17
299 15
300 15
301 16
302 12
303 12
304 17
305 15
306 19
307 18
308 20
309 17
310 17
311 13
312 13
313 16
314 16
315 12
316 13
317 14
318 17
319 17
320 19
321 14
322 16
323 15
324 16
325 12
326 11
327 17
328 19
329 12
330 12
331 16
332 17
333 22
334 12
335 12
336 22
337 19
338 17
339 15
340 15
341 19
342 12
343 16
344 17
345 16
346 8
347 14
348 20
349 15
350 10
351 14
352 11
353 12
354 16
355 14
356 16
357 20
358 14
359 12
360 13
361 13
362 14
363 16
364 13
365 14
366 14
367 12
368 15
369 13
370 12
371 12
372 14
373 13
374 10
375 18
376 14
377 8
378 14
379 14
380 14
381 10
382 10
383 12
384 14
385 14
386 14
387 15
388 17
389 18
390 17
391 12
392 18
393 17
394 13
395 12
396 12
397 17
398 15
399 13
400 14
401 20
402 15
403 22
404 13
405 15
406 22
407 17
408 13
409 14
410 19
411 18
412 12
413 10
414 8
415 14
416 17
417 20
418 16
419 13
420 13
421 9
422 19
423 15
424 19
425 17
426 16
427 16
428 12
429 17
430 20
431 12
432 11
433 15
434 12
435 11
436 16
437 12
438 10
439 19
440 9
441 16
442 18
443 20
444 11
445 16
446 16
447 17
448 17
449 13
450 15
451 11
452 11
453 17
454 16
455 15
456 17
457 17
458 16
459 14
460 15
461 15
462 15
463 18
464 16
465 16
466 15
467 16
468 10
469 15
470 15
471 5
472 15
473 15
474 15
475 15
476 15
477 17
478 18
479 17
480 21
481 20
482 17
483 14
484 20
485 12
486 16
487 17
488 17
489 20
490 17
491 14
492 13
493 11
494 14
495 14
496 18
497 16
498 15
499 14
500 21
501 15
502 19
503 27
504 11
505 14
506 17
507 15
508 17
509 21
510 13
511 12
512 16
513 21
514 16
515 13
516 14
517 14
518 15
519 17
520 14
521 9
522 7
523 11
524 13
525 12
526 12
527 17
528 10
529 12
530 13
531 19
532 17
533 20
534 15
535 11
536 9
537 13
538 20
539 13
540 17
541 10
542 12
543 16
544 14
545 17
546 16
547 9
548 18
549 16
550 13
551 18
552 22
553 9
554 16
555 11
556 17
557 14
558 14
559 15
560 14
561 13
562 14
563 16
564 18
565 15
566 15
567 8
568 18
569 17
570 16
571 15
572 17
573 16
574 11
575 14
576 18
577 17
578 15
579 18
580 19
581 21
582 21
583 21
584 14
585 17
586 15
587 14
588 13
589 13
590 11
591 13
592 12
593 19
594 11
595 17
596 14
597 25
598 16
599 18
600 17
601 17
602 13
603 18
604 14
605 21
606 18
607 18
608 17
609 17
610 20
611 17
612 19
613 12
614 16
615 10
616 17
617 14
618 17
619 13
620 18
621 16
622 12
623 12
624 18
625 19
626 13
627 12
628 9
629 15
630 15
631 11
632 12
633 16
634 13
635 11
636 13
637 14
638 15
639 8
640 7
641 12
642 19
643 19
644 15
645 14
646 18
647 13
648 11
649 12
650 18
651 10
652 13
653 19
654 8
655 16
656 16
657 14
658 17
659 17
660 17
661 23
662 15
663 15
664 13
665 16
666 12
667 12
668 9
669 8
670 13
671 16
672 14
673 14
674 20
675 11
676 23
677 11
678 14
679 12
680 8
681 17
682 23
683 20
684 15
685 16
686 13
687 13
688 22
689 9
690 14
691 20
692 17
693 13
694 16
695 15
696 18
697 17
698 12
699 10
700 12
701 13
702 15
703 14
704 10
705 21
706 20
707 17
708 20
709 18
710 12
711 13
712 13
713 18
714 17
715 17
716 11
717 12
718 15
719 14
720 22
721 12
722 10
723 14
724 17
725 12
726 8
727 12
728 10
729 17
730 13
731 17
732 17
733 16
734 19
735 14
736 8
737 9
738 14
739 15
740 13
741 19
742 14
743 11
744 14
745 14
746 18
747 17
748 10
749 13
750 19
751 9
752 15
753 14
754 15
755 21
756 12
757 13
758 17
759 14
760 15
761 14
762 14
763 13
764 12
765 12
766 15
767 15
768 19
769 13
770 8
771 9
772 16
773 20
774 17
775 14
776 15
777 12
778 18
779 14
780 14
781 12
782 16
783 12
784 11
785 17
786 17
787 17
788 17
789 17
790 19
791 20
792 17
793 14
794 14
795 11
796 14
797 18
798 14
799 13
800 10
801 18
802 20
803 19
804 19
805 15
806 10
807 9
808 17
809 14
810 10
811 15
812 16
813 12
814 13
815 15
816 15
817 14
818 16
819 17
820 18
821 15
822 21
823 10
824 14
825 15
826 15
827 17
828 14
829 20
830 9
831 11
832 20
833 13
834 18
835 17
836 12
837 15
838 17
839 14
840 16
841 14
842 17
843 10
844 19
845 16
846 15
847 8
848 8
849 16
850 19
851 12
852 16
853 17
854 19
855 12
856 18
857 11
858 19
859 22
860 17
861 15
862 9
863 19
864 17
865 15
866 15
867 14
868 17
869 15
870 11
871 17
872 18
873 19
874 19
875 16
876 17
877 17
878 14
879 8
880 17
881 13
882 10
883 16
884 21
885 25
886 21
887 19
888 10
889 14
890 21
891 17
892 15
893 19
894 26
895 15
896 12
897 9
898 14
899 16
900 17
901 18
902 22
903 15
904 12
905 21
906 11
907 15
908 18
909 15
910 14
911 17
912 12
913 15
914 16
915 15
916 15
917 11
918 16
919 13
920 12
921 15
922 18
923 15
924 16
925 13
926 14
927 18
928 15
929 13
930 13
931 13
932 13
933 14
934 13
935 15
936 15
937 14
938 16
939 14
940 13
941 8
942 17
943 9
944 14
945 15
946 8
947 13
948 18
949 14
950 19
951 14
952 11
953 19
954 16
955 17
956 19
957 19
958 12
959 15
960 11
961 13
962 14
963 14
964 13
965 11
966 16
967 12
968 13
969 21
970 20
971 12
972 14
973 21
974 14
975 14
976 16
977 14
978 16
979 14
980 18
981 18
982 21
983 25
984 12
985 14
986 15
987 17
988 12
989 25
990 21
991 12
992 15
993 14
994 7
995 18
996 18
997 15
998 20
999 15
1000 15
1001 16
1002 16
