# Selection:resname AU POPC Restricted:name AUC AUL AUSL Radius:2.64 Start:0 End:-1
0 482.4570007324219
1 482.8877868652344
2 181.35211181640625
3 172.30609130859375
4 188.67520141601563
5 184.36752319335938
6 181.78294372558594
7 198.15199279785156
8 208.921142578125
9 215.8134002685547
10 164.55233764648438
11 202.45965576171875
12 202.0289306640625
13 187.3828887939453
14 195.1366424560547
15 186.9521026611328
16 214.9518585205078
17 186.5213623046875
18 198.58279418945313
19 151.62937927246094
20 151.62936401367188
21 170.1522674560547
22 186.09059143066406
23 187.3828582763672
24 205.47500610351563
25 188.24441528320313
26 180.05987548828125
27 190.82901000976563
28 151.1986083984375
29 157.22930908203125
30 170.15231323242188
31 142.15255737304688
32 169.72152709960938
33 150.3370819091797
34 185.22903442382813
35 150.76783752441406
36 178.33682250976563
37 198.582763671875
38 177.4752960205078
39 147.3217315673828
40 184.79832458496094
41 149.4755401611328
42 142.15252685546875
43 159.81393432617188
44 193.84437561035156
45 173.16763305664063
46 168.86000061035156
47 186.9521484375
48 170.5830078125
49 164.12155151367188
50 159.3831329345703
51 154.21395874023438
52 183.5059814453125
53 161.96774291992188
54 164.98309326171875
55 178.767578125
56 164.12156677246094
57 144.7371063232422
58 154.64471435546875
59 181.78292846679688
60 193.8443603515625
61 203.32118225097656
62 155.0754852294922
63 187.81362915039063
64 151.62937927246094
65 167.56765747070313
66 181.78292846679688
67 171.8753204345703
68 169.72152709960938
69 158.952392578125
70 136.12181091308594
71 183.50601196289063
72 202.02886962890625
73 161.5369873046875
74 169.72149658203125
75 193.41360473632813
76 174.8907012939453
77 168.86000061035156
78 210.64422607421875
79 194.7058868408203
80 208.4904022216797
81 210.6442413330078
82 204.61346435546875
83 150.33706665039063
84 148.61399841308594
85 192.9828338623047
86 171.4445343017578
87 204.1827392578125
88 140.42947387695313
89 187.38291931152344
90 188.2444305419922
91 169.7215118408203
92 189.9674835205078
93 162.8292694091797
94 162.82928466796875
95 155.5062713623047
96 189.53671264648438
97 193.84434509277344
98 206.3365478515625
99 165.41383361816406
100 173.16763305664063
101 169.29074096679688
102 139.5679473876953
103 205.90577697753906
104 211.07504272460938
105 222.2748565673828
106 199.44432067871094
107 204.1827392578125
108 223.1364288330078
109 209.78265380859375
110 187.38287353515625
111 183.07522583007813
112 189.53671264648438
113 226.58250427246094
114 228.736328125
115 210.21343994140625
116 217.10565185546875
117 177.4752655029297
118 227.87481689453125
119 184.3675537109375
120 168.85995483398438
121 205.0442657470703
122 223.56715393066406
123 186.0906219482422
124 222.70562744140625
125 191.69053649902344
126 192.121337890625
127 234.33633422851563
128 218.39796447753906
129 182.6444854736328
130 232.1824493408203
131 210.64419555664063
132 215.81338500976563
133 238.64395141601563
134 217.53643798828125
135 230.0286407470703
136 234.7670440673828
137 170.58302307128906
138 230.4594268798828
139 190.82907104492188
140 162.82925415039063
141 175.75221252441406
142 200.73660278320313
143 152.49090576171875
144 228.30557250976563
145 196.42897033691406
146 212.36727905273438
147 197.72128295898438
148 178.3368377685547
149 189.96749877929688
150 207.62884521484375
151 167.5676727294922
152 164.55233764648438
153 165.41384887695313
154 144.3063507080078
155 141.7218017578125
156 147.3217315673828
157 140.8602294921875
158 171.44454956054688
159 205.0442657470703
160 191.2598114013672
161 164.5523223876953
162 176.61373901367188
163 130.09112548828125
164 149.04478454589844
165 183.50599670410156
166 167.136962890625
167 182.6444549560547
168 159.81390380859375
169 131.81417846679688
170 158.95237731933594
171 190.3982391357422
172 174.8907012939453
173 152.06015014648438
174 164.55230712890625
175 173.16763305664063
176 170.58306884765625
177 168.86001586914063
178 199.8750762939453
179 187.81362915039063
180 192.98281860351563
181 186.52134704589844
182 152.92169189453125
183 165.84458923339844
184 131.3834228515625
185 141.291015625
186 189.53671264648438
187 151.19859313964844
188 173.16763305664063
189 150.767822265625
190 188.24441528320313
191 160.67544555664063
192 159.81390380859375
193 169.7215118408203
194 176.18301391601563
195 167.13690185546875
196 128.3680419921875
197 160.2447052001953
198 146.89096069335938
199 151.62936401367188
200 176.18295288085938
201 184.7982940673828
202 207.1980743408203
203 189.10597229003906
204 202.89044189453125
205 176.18295288085938
206 204.1827392578125
207 139.13720703125
208 177.47525024414063
209 197.29046630859375
210 158.09080505371094
211 176.1829833984375
212 155.50624084472656
213 186.52134704589844
214 165.41383361816406
215 164.5523223876953
216 149.04476928710938
217 160.24468994140625
218 152.9216766357422
219 147.3217010498047
220 138.70643615722656
221 137.84486389160156
222 171.0137939453125
223 157.22930908203125
224 162.82923889160156
225 185.65982055664063
226 143.87557983398438
227 151.62936401367188
228 229.59788513183594
229 146.89096069335938
230 164.9831085205078
231 170.15225219726563
232 194.7058868408203
233 195.9982147216797
234 190.39825439453125
235 216.6749267578125
236 168.86000061035156
237 174.0291748046875
238 175.32150268554688
239 164.55233764648438
240 186.09059143066406
241 176.61373901367188
242 149.90631103515625
243 178.33682250976563
244 162.82925415039063
245 149.0447998046875
246 211.07493591308594
247 180.92141723632813
248 163.6907958984375
249 202.89044189453125
250 228.736328125
251 217.9672088623047
252 159.38314819335938
253 189.9674530029297
254 219.6903076171875
255 193.41358947753906
256 210.64425659179688
257 189.53671264648438
258 175.32144165039063
259 213.22882080078125
260 158.5216064453125
261 179.19834899902344
262 178.767578125
263 157.2293243408203
264 187.38290405273438
265 167.5676727294922
266 199.44432067871094
267 191.69053649902344
268 217.5364532470703
269 223.9979248046875
270 171.44456481933594
271 194.70591735839844
272 168.8599853515625
273 181.78292846679688
274 183.9367218017578
275 206.33657836914063
276 229.16708374023438
277 174.45993041992188
278 172.30609130859375
279 174.45993041992188
280 171.01380920410156
281 192.5520477294922
282 152.0601348876953
283 224.85943603515625
284 172.73687744140625
285 192.55210876464844
286 178.3368377685547
287 187.3828887939453
288 176.61376953125
289 205.9058074951172
290 180.49066162109375
291 216.24420166015625
292 167.99842834472656
293 171.0137939453125
294 148.18325805664063
295 144.7371368408203
296 179.62911987304688
297 169.2907257080078
298 133.968017578125
299 149.90635681152344
300 143.44482421875
301 177.04454040527344
302 167.13690185546875
303 134.39877319335938
304 177.04454040527344
305 141.291015625
306 155.50625610351563
307 152.4909210205078
308 126.6449966430664
309 118.8912353515625
310 170.15228271484375
311 148.18328857421875
312 179.62913513183594
313 187.81362915039063
314 167.99842834472656
315 170.15228271484375
316 177.0445556640625
317 169.72152709960938
318 191.259765625
319 206.76730346679688
320 171.01380920410156
321 216.2441864013672
322 195.1366424560547
323 199.01356506347656
324 151.19857788085938
325 146.89097595214844
326 167.1369171142578
327 152.92164611816406
328 146.0294189453125
329 146.0294189453125
330 205.9058074951172
331 168.8599395751953
332 168.85997009277344
333 143.44482421875
334 169.29074096679688
335 161.9677276611328
336 118.46046447753906
337 160.67544555664063
338 136.5525665283203
339 135.69107055664063
340 150.76780700683594
341 183.5059814453125
342 172.30612182617188
343 162.39852905273438
344 151.1986083984375
345 171.87535095214844
346 191.69056701660156
347 164.98309326171875
348 185.65982055664063
349 171.87533569335938
350 157.6601104736328
351 169.72149658203125
352 193.84437561035156
353 168.86000061035156
354 172.73684692382813
355 184.36752319335938
356 229.1671142578125
357 195.5674285888672
358 181.35215759277344
359 191.69052124023438
360 215.8134307861328
361 198.5828094482422
362 212.36727905273438
363 216.6749267578125
364 198.15203857421875
365 178.33682250976563
366 188.244384765625
367 192.5520782470703
368 201.16734313964844
369 191.25978088378906
370 217.53648376464844
371 194.2751007080078
372 194.70590209960938
373 179.62911987304688
374 175.75222778320313
375 208.49038696289063
376 197.72125244140625
377 205.04429626464844
378 210.21343994140625
379 188.24444580078125
380 213.65956115722656
381 213.65956115722656
