# Selection:resname AU W ION Restricted:name AUC AUL AUSL Radius:2.64 Start:0 End:-1
0 290.33575439453125
1 298.08953857421875
2 81.84539031982422
3 127.93727111816406
4 107.26054382324219
5 83.99922943115234
6 148.614013671875
7 46.522647857666016
8 108.55284118652344
9 54.27641296386719
10 108.12206268310547
11 65.04553985595703
12 189.10592651367188
13 126.64498138427734
14 149.47552490234375
15 106.82978820800781
16 125.78343963623047
17 116.30660247802734
18 105.10671997070313
19 188.67515563964844
20 142.58331298828125
21 99.50676727294922
22 101.2298355102539
23 93.47605895996094
24 111.1374282836914
25 160.67543029785156
26 95.62987518310547
27 37.4765739440918
28 62.46095657348633
29 103.3836441040039
30 164.55230712890625
31 159.38314819335938
32 157.66006469726563
33 116.30660247802734
34 136.9833526611328
35 49.10723876953125
36 198.58273315429688
37 175.75221252441406
38 150.76785278320313
39 63.753257751464844
40 167.13690185546875
41 51.691829681396484
42 192.9828338623047
43 181.78292846679688
44 150.33705139160156
45 230.0286102294922
46 115.44507598876953
47 133.53721618652344
48 127.50650787353516
49 185.22901916503906
50 132.67568969726563
51 137.4141082763672
52 167.99844360351563
53 213.65956115722656
54 130.52186584472656
55 186.52133178710938
56 172.3060760498047
57 157.2293243408203
58 58.1533088684082
59 208.92111206054688
60 93.47604370117188
61 218.39794921875
62 161.96774291992188
63 139.99867248535156
64 126.64497375488281
65 76.67621612548828
66 204.6134796142578
67 165.4138641357422
68 116.73738098144531
69 153.35243225097656
70 195.99818420410156
71 199.44430541992188
72 149.90628051757813
73 164.12155151367188
74 197.2904815673828
75 243.81312561035156
76 111.56819152832031
77 177.4752655029297
78 171.44456481933594
79 137.4141082763672
80 193.84434509277344
81 66.33784484863281
82 133.96798706054688
83 211.93653869628906
84 147.7524871826172
85 208.0596160888672
86 109.84513092041016
87 129.66033935546875
88 89.59916687011719
89 91.32222747802734
90 195.99818420410156
91 227.44403076171875
92 99.07599639892578
93 130.09109497070313
94 188.24440002441406
95 127.50650024414063
96 133.1064453125
97 161.53695678710938
98 80.1223373413086
99 110.27590942382813
100 139.13717651367188
101 127.9372787475586
102 79.26079559326172
103 39.630401611328125
104 163.26002502441406
105 80.1223373413086
106 104.24519348144531
107 137.84487915039063
108 172.3061065673828
109 95.6298828125
110 55.5687141418457
111 150.33706665039063
112 104.24517059326172
113 125.3526840209961
114 164.12155151367188
115 82.27615356445313
116 189.10592651367188
117 151.19859313964844
118 105.1067123413086
119 160.24464416503906
120 153.78317260742188
121 115.44508361816406
122 126.64497375488281
123 77.10696411132813
124 116.73736572265625
125 125.3526840209961
126 93.90681457519531
127 111.99895477294922
128 115.01432037353516
129 158.95237731933594
130 109.84512329101563
131 68.92243957519531
132 181.78292846679688
133 103.3836441040039
134 80.55309295654297
135 181.78292846679688
136 108.55284118652344
137 170.5830078125
138 127.5064926147461
139 118.0296859741211
140 100.799072265625
141 200.73658752441406
142 77.96849822998047
143 130.09109497070313
144 88.73763275146484
145 142.58328247070313
146 131.38340759277344
147 138.70639038085938
148 120.18350219726563
149 247.6899871826172
150 192.5520477294922
151 155.50628662109375
152 237.3516387939453
153 205.90579223632813
154 117.59891510009766
155 93.0452880859375
156 57.29177474975586
157 169.72149658203125
158 201.59812927246094
159 159.3831329345703
160 132.67567443847656
161 110.27589416503906
162 105.53748321533203
163 65.476318359375
164 129.6603240966797
165 173.16761779785156
166 128.79881286621094
167 160.24464416503906
168 183.5059814453125
169 193.84434509277344
170 132.67568969726563
171 82.27616119384766
172 88.30686950683594
173 139.5679473876953
174 77.5377426147461
175 77.968505859375
176 145.1678924560547
177 164.55233764648438
178 105.53749084472656
179 124.92191314697266
180 79.69157409667969
181 130.52186584472656
182 73.66085815429688
183 153.3524169921875
184 130.09109497070313
185 102.09136199951172
186 183.936767578125
187 261.4744567871094
188 214.09030151367188
189 187.3828887939453
190 226.58251953125
191 59.01483917236328
192 154.6446990966797
193 156.7985076904297
194 107.26054382324219
195 143.44483947753906
196 168.8599853515625
197 171.01377868652344
198 115.445068359375
199 116.73737335205078
200 186.95208740234375
201 95.1991195678711
202 194.7058868408203
203 128.79881286621094
204 76.24544525146484
205 63.32249450683594
206 88.73763275146484
207 156.36778259277344
208 138.275634765625
209 99.07598876953125
210 66.33784484863281
211 105.96824645996094
212 149.90631103515625
213 153.783203125
214 211.07498168945313
215 56.86100769042969
216 85.72228240966797
217 111.13744354248047
218 113.2912368774414
219 184.3675079345703
220 144.30638122558594
221 84.86074829101563
222 116.73738098144531
223 133.5372314453125
224 179.62911987304688
225 123.19884490966797
226 68.06090545654297
227 106.39901733398438
228 184.3675079345703
229 173.16761779785156
230 87.87611389160156
231 159.8139190673828
232 102.52212524414063
233 153.78317260742188
234 169.7214813232422
235 110.70665740966797
236 179.62908935546875
237 121.0450210571289
238 160.67543029785156
239 99.50676727294922
240 111.56819152832031
241 142.1525421142578
242 100.79906463623047
243 127.93727111816406
244 177.47528076171875
245 124.06039428710938
246 164.12152099609375
247 105.96825408935547
248 116.30661010742188
249 153.3524169921875
250 112.42971801757813
251 130.5218505859375
252 93.9068374633789
253 176.1829833984375
254 104.24519348144531
255 172.3061065673828
256 108.12206268310547
257 91.32221984863281
258 155.50625610351563
259 143.87559509277344
260 143.44482421875
261 177.90603637695313
262 122.33732604980469
263 161.106201171875
264 144.7371063232422
265 124.49116516113281
266 165.4138641357422
267 72.36856079101563
268 88.73764038085938
269 149.04476928710938
270 187.38287353515625
271 199.87503051757813
272 80.12234497070313
273 81.84540557861328
274 139.13717651367188
275 160.24465942382813
276 142.1525421142578
277 158.52159118652344
278 176.61375427246094
279 92.6145248413086
280 214.09030151367188
281 85.72228240966797
282 211.074951171875
283 197.72125244140625
284 178.33680725097656
285 192.55206298828125
286 184.36752319335938
287 139.1371612548828
288 142.58328247070313
289 103.38365936279297
290 94.76834869384766
291 151.1986083984375
292 120.1834945678711
293 184.79827880859375
294 140.42945861816406
295 54.707183837890625
296 109.84513854980469
297 90.46070861816406
298 97.78369903564453
299 64.61477661132813
300 228.73635864257813
301 131.3833770751953
302 85.29151916503906
303 85.72227478027344
304 60.73789978027344
305 156.79855346679688
306 106.39900207519531
307 84.42998504638672
308 79.69155883789063
309 187.3828887939453
310 139.1371612548828
311 233.0439910888672
312 133.1064453125
313 235.6285858154297
314 150.33706665039063
315 95.19911193847656
316 105.96825408935547
317 120.61426544189453
318 137.84486389160156
319 236.05934143066406
320 77.96849822998047
321 49.107234954833984
322 117.59891510009766
323 153.78317260742188
324 145.59866333007813
325 143.44480895996094
326 69.78397369384766
327 181.78292846679688
328 65.90708923339844
329 102.95288848876953
330 189.10592651367188
331 170.15225219726563
332 61.59943389892578
333 105.53748321533203
334 155.0754852294922
335 93.90682983398438
336 142.5832977294922
337 159.3831329345703
338 149.9062957763672
339 202.89041137695313
340 86.58380889892578
341 118.02967834472656
342 101.66059875488281
343 87.4453353881836
344 124.92192840576172
345 104.24518585205078
346 92.18376159667969
347 145.16787719726563
348 229.59786987304688
349 149.0447540283203
350 173.16761779785156
351 95.6298828125
352 160.6754150390625
353 115.01432037353516
354 137.4141082763672
355 116.73738098144531
356 132.67567443847656
357 174.89068603515625
358 136.55258178710938
359 112.86050415039063
360 84.8607406616211
361 146.89093017578125
362 99.07600402832031
363 155.93701171875
364 104.24519348144531
365 105.1067123413086
366 115.01429748535156
367 132.67568969726563
368 109.84513854980469
369 133.10646057128906
370 158.95233154296875
371 139.5679168701172
372 91.32222747802734
373 127.50650787353516
374 138.70640563964844
375 114.58356475830078
376 117.16814422607422
377 141.2909698486328
378 179.62911987304688
379 105.10671997070313
380 122.33732604980469
381 194.27511596679688
382 144.3063507080078
383 143.87559509277344
384 195.13665771484375
385 169.72149658203125
386 133.53720092773438
387 248.98231506347656
388 132.2449188232422
389 223.56715393066406
390 184.36752319335938
391 159.81390380859375
392 171.87533569335938
393 193.8443603515625
394 121.90655517578125
395 139.13717651367188
396 146.46018981933594
397 137.84486389160156
398 167.99842834472656
399 182.6444549560547
400 171.8753204345703
401 208.05960083007813
402 187.81362915039063
403 105.53748321533203
404 98.6452407836914
405 162.82925415039063
406 99.07600402832031
407 122.33732604980469
408 194.27511596679688
409 125.78343963623047
410 164.9831085205078
411 137.84487915039063
412 136.9833526611328
413 204.6134796142578
414 114.58354949951172
415 181.782958984375
416 171.44454956054688
417 155.50624084472656
418 180.4906463623047
419 235.62855529785156
420 246.82847595214844
421 194.7058868408203
422 227.44403076171875
423 217.96719360351563
424 85.29150390625
425 92.61451721191406
426 118.46044921875
427 150.76783752441406
428 102.09135437011719
429 248.12078857421875
430 214.09030151367188
431 168.85995483398438
432 103.38365173339844
433 129.66033935546875
434 166.27537536621094
435 193.41358947753906
436 129.6603240966797
437 138.70640563964844
438 176.61373901367188
439 151.1986083984375
440 137.4141082763672
441 230.45941162109375
442 185.65980529785156
443 174.45993041992188
444 235.6285858154297
445 166.70614624023438
446 200.73658752441406
447 181.35218811035156
448 129.66033935546875
449 161.106201171875
450 150.767822265625
451 93.47605895996094
452 111.13742065429688
453 177.0445098876953
454 237.3516387939453
455 220.55178833007813
456 202.02891540527344
457 159.81390380859375
458 121.90655517578125
459 114.58355712890625
460 158.09083557128906
461 130.0911102294922
462 170.58302307128906
463 221.84410095214844
464 144.73712158203125
465 149.90631103515625
466 115.0143051147461
467 142.5832977294922
468 260.61297607421875
469 155.07546997070313
470 189.53668212890625
471 221.84408569335938
472 113.72203063964844
473 136.9833526611328
474 150.767822265625
475 234.7670440673828
476 182.64443969726563
477 186.090576171875
478 170.1522674560547
479 184.7982940673828
480 143.01406860351563
481 224.42869567871094
482 240.7977752685547
483 235.62857055664063
484 264.4898376464844
485 179.19834899902344
486 199.87509155273438
487 119.75274658203125
488 90.46068572998047
489 202.0288848876953
490 162.82925415039063
491 87.01457214355469
492 170.58303833007813
493 114.15279388427734
494 185.2290496826172
495 100.79906463623047
496 83.99922943115234
497 149.04478454589844
498 113.29124450683594
499 103.81441497802734
500 89.59918212890625
501 83.1376953125
502 70.64549255371094
503 86.58381652832031
504 207.62881469726563
505 154.2139434814453
506 146.89093017578125
507 102.09136199951172
508 114.15278625488281
509 84.86074829101563
510 186.9521026611328
511 192.12127685546875
512 107.69129180908203
513 141.72177124023438
514 179.6291046142578
515 220.98252868652344
516 93.90682983398438
517 123.1988525390625
518 242.9515380859375
519 236.49009704589844
520 172.30609130859375
521 263.19757080078125
522 121.04502868652344
523 143.44482421875
524 157.2293243408203
525 127.07572937011719
526 153.3524169921875
527 201.16738891601563
528 87.44534301757813
529 165.8446044921875
530 64.18402099609375
531 200.73660278320313
532 174.8906707763672
533 180.92138671875
534 161.10621643066406
535 124.49114227294922
536 82.27616119384766
537 166.27537536621094
538 131.38340759277344
539 159.81390380859375
540 93.47604370117188
541 80.12232971191406
542 141.29100036621094
543 140.42947387695313
544 78.83003997802734
545 86.1530532836914
546 120.18350219726563
547 172.7368621826172
548 91.32223510742188
549 118.89120483398438
550 259.7514343261719
551 179.6291046142578
552 100.79906463623047
553 129.6603240966797
554 85.72228240966797
555 188.67518615722656
556 80.12232208251953
557 81.84538269042969
558 152.4908905029297
559 108.98361206054688
560 98.21446990966797
561 175.75222778320313
562 127.50650024414063
563 133.1064453125
564 111.99897003173828
565 189.96746826171875
566 171.8753204345703
567 108.1220703125
568 156.36778259277344
569 102.95289611816406
570 130.52186584472656
571 84.86075592041016
572 83.13768768310547
573 93.47606658935547
574 299.8126220703125
575 80.12232971191406
576 56.43024826049805
577 164.9830780029297
578 217.9672088623047
579 199.8750457763672
580 152.49093627929688
581 67.6301498413086
582 127.07573699951172
583 141.29098510742188
584 197.72125244140625
585 225.2902069091797
586 113.72200775146484
587 87.4453353881836
588 188.6751708984375
589 167.1369171142578
590 103.81440734863281
591 105.10671997070313
592 222.7056427001953
593 180.0598907470703
594 127.50650787353516
595 99.50676727294922
596 177.47528076171875
597 76.24545288085938
598 83.56845092773438
599 241.22850036621094
600 105.96825408935547
601 184.79830932617188
602 167.99844360351563
603 99.50676727294922
604 67.63015747070313
605 239.9362335205078
606 227.44403076171875
607 202.45968627929688
608 167.9984588623047
609 183.0752410888672
610 203.32119750976563
611 268.79754638671875
612 113.72201538085938
613 127.07573699951172
614 142.15252685546875
615 170.58303833007813
616 174.8907012939453
617 154.21397399902344
618 192.55206298828125
619 152.92166137695313
620 162.8292694091797
621 96.0606460571289
622 179.19833374023438
623 146.46018981933594
624 225.29019165039063
625 208.05960083007813
626 215.81338500976563
627 125.7834243774414
628 167.56768798828125
629 112.42972564697266
630 82.70692443847656
631 218.82872009277344
632 115.87584686279297
633 129.2295684814453
634 118.89118957519531
635 156.79855346679688
636 154.64471435546875
637 100.79905700683594
638 136.9833526611328
639 134.82952880859375
640 132.67568969726563
641 110.7066650390625
642 107.69129943847656
643 153.78318786621094
644 139.56793212890625
645 208.05960083007813
646 227.01329040527344
647 202.4596710205078
648 189.10594177246094
649 118.46043395996094
650 147.75250244140625
651 130.09109497070313
652 169.2907257080078
653 142.5832977294922
654 202.02886962890625
655 229.16708374023438
656 96.06063842773438
657 213.2288055419922
658 106.82978057861328
659 138.70639038085938
660 129.2295684814453
661 159.3831024169922
662 154.6447296142578
663 129.2295684814453
664 150.76780700683594
665 85.72228240966797
666 146.8909454345703
667 122.7680892944336
668 83.99922943115234
669 125.3526840209961
670 93.90681457519531
671 152.06011962890625
672 189.10592651367188
673 125.783447265625
674 52.55335998535156
675 52.12259292602539
676 57.29177474975586
677 92.18376159667969
678 122.33733367919922
679 125.35267639160156
680 145.5986328125
681 215.81336975097656
682 99.50677490234375
683 117.16815185546875
684 171.0137939453125
685 186.52133178710938
686 68.0609130859375
687 99.07601165771484
688 142.5832977294922
689 146.02940368652344
690 62.46095657348633
691 151.62936401367188
692 119.75273132324219
693 90.89146423339844
694 142.5832977294922
695 163.6907958984375
696 118.02967071533203
697 105.1067123413086
698 141.7217559814453
699 115.87584686279297
700 199.87506103515625
701 170.5830535888672
702 169.29075622558594
703 46.091880798339844
704 183.50596618652344
705 108.12207794189453
706 91.3222427368164
707 112.86048889160156
708 167.13690185546875
709 138.70639038085938
710 148.18324279785156
711 121.4758071899414
712 125.35266876220703
713 96.92217254638672
714 141.72178649902344
715 195.99818420410156
716 150.3370819091797
717 120.18351745605469
718 68.49166870117188
719 61.599430084228516
720 76.24543762207031
721 95.19911193847656
722 30.584327697753906
723 87.44534301757813
724 111.13742065429688
725 119.32196044921875
726 115.87584686279297
727 59.876365661621094
728 152.4908905029297
729 113.291259765625
730 104.67594909667969
731 106.39900970458984
732 194.2751007080078
733 116.30661010742188
734 178.76756286621094
735 144.73712158203125
736 164.9830780029297
737 76.24543762207031
738 82.7069091796875
739 143.01406860351563
740 178.3368377685547
741 182.2136993408203
742 193.8443603515625
743 189.1059112548828
744 161.53692626953125
745 150.33705139160156
746 94.33757781982422
747 209.35191345214844
748 152.4908905029297
749 174.02914428710938
750 157.66006469726563
751 215.38259887695313
752 155.07546997070313
753 80.9838638305664
754 132.67568969726563
755 192.12127685546875
756 61.16865921020508
757 82.7069320678711
758 155.93699645996094
759 195.99818420410156
760 106.82977294921875
761 124.49114227294922
762 178.767578125
763 156.36778259277344
764 164.98309326171875
765 201.1673583984375
766 159.38314819335938
767 180.05987548828125
768 173.16761779785156
769 137.84487915039063
770 144.7371063232422
771 154.21395874023438
772 171.87535095214844
773 225.72097778320313
774 199.01351928710938
775 188.6751708984375
776 63.75326156616211
777 221.413330078125
778 204.6134796142578
779 203.32118225097656
780 124.49114990234375
781 117.16813659667969
782 71.0762710571289
783 306.2740478515625
784 172.7368621826172
785 126.2142333984375
786 107.26053619384766
787 205.47500610351563
788 189.10594177246094
789 142.58328247070313
790 221.41334533691406
791 102.95289611816406
792 73.66085052490234
793 102.09135437011719
794 83.99922943115234
795 124.49114990234375
796 105.10670471191406
797 112.4297103881836
798 157.66009521484375
799 83.99922180175781
800 153.3524169921875
801 86.15303802490234
802 132.67567443847656
803 145.1678924560547
804 106.82977294921875
805 109.41436767578125
806 146.0294189453125
807 46.95341873168945
808 53.41489028930664
809 142.58328247070313
810 175.32144165039063
811 166.70614624023438
812 177.4752655029297
813 152.49090576171875
814 241.228515625
815 197.72125244140625
816 100.36830139160156
817 135.6910400390625
818 90.0299301147461
819 129.2295684814453
820 128.3680419921875
821 105.53748321533203
822 108.1220703125
823 111.56819152832031
824 152.06015014648438
825 222.2748565673828
826 208.05960083007813
827 186.52134704589844
828 168.42919921875
829 251.56689453125
830 127.50650787353516
831 191.69052124023438
832 201.16737365722656
833 103.81442260742188
834 157.66006469726563
835 158.52157592773438
836 191.6905059814453
837 117.5988998413086
838 81.84539794921875
839 62.03019332885742
840 51.26106262207031
841 101.66059875488281
842 148.18325805664063
843 98.21448516845703
844 155.93701171875
845 165.84461975097656
846 214.09030151367188
847 170.15225219726563
848 118.8912124633789
849 57.72254180908203
850 155.50624084472656
851 113.7220230102539
852 153.35240173339844
853 177.90603637695313
854 77.53773498535156
855 143.87557983398438
856 102.95288848876953
857 161.53695678710938
858 155.5062713623047
859 166.70616149902344
860 126.21421813964844
861 151.62936401367188
862 180.92138671875
863 178.33680725097656
864 174.89068603515625
865 152.4908905029297
866 105.1067123413086
867 184.79827880859375
868 202.4596405029297
869 135.26028442382813
870 126.64498138427734
871 106.39901733398438
872 133.96798706054688
873 133.1064453125
874 159.81390380859375
875 197.2904815673828
876 129.2295684814453
877 138.275634765625
878 158.52159118652344
879 183.936767578125
880 139.99871826171875
881 115.44507598876953
882 229.59788513183594
883 174.02915954589844
884 262.3359680175781
885 189.53668212890625
886 118.89119720458984
887 157.6600799560547
888 197.2904815673828
889 84.42997741699219
890 144.7371063232422
891 83.5684585571289
892 164.9830780029297
893 147.75247192382813
894 155.5062255859375
895 161.106201171875
896 146.8909149169922
897 96.49141693115234
898 151.62936401367188
899 143.44482421875
900 106.39900970458984
901 241.228515625
902 132.2449188232422
903 124.06038665771484
904 136.55258178710938
905 163.69076538085938
906 140.42945861816406
907 139.13717651367188
908 132.2449188232422
909 130.5218505859375
910 85.72228240966797
911 151.6293487548828
912 121.04502868652344
913 95.62986755371094
914 68.06090545654297
915 102.52212524414063
916 143.87557983398438
917 110.27589416503906
918 96.92216491699219
919 75.3839111328125
920 58.15331268310547
921 55.13794708251953
922 177.04452514648438
923 103.38365936279297
924 102.952880859375
925 70.21473693847656
926 187.8136444091797
927 152.06015014648438
928 173.598388671875
929 200.3058624267578
930 134.3987579345703
931 172.30606079101563
932 103.38365936279297
933 192.98281860351563
934 120.6142578125
935 211.07496643066406
936 148.1832275390625
937 135.69107055664063
938 151.6293487548828
939 83.99922943115234
940 178.3367919921875
941 147.75247192382813
942 245.53616333007813
943 226.1517333984375
944 146.4601593017578
945 100.79905700683594
946 146.02940368652344
947 135.2602996826172
948 184.79827880859375
949 162.39849853515625
950 97.35295104980469
951 128.3680419921875
952 107.26054382324219
953 215.38262939453125
954 179.1983642578125
955 97.78369903564453
956 105.10672760009766
957 138.70640563964844
958 112.86048889160156
959 86.15304565429688
960 98.2144775390625
961 101.66059875488281
962 82.70691680908203
963 122.3373031616211
964 94.33758544921875
965 118.46044158935547
966 146.46017456054688
967 153.78318786621094
968 96.49140930175781
969 202.4596405029297
970 158.09083557128906
971 156.79855346679688
972 143.44482421875
973 153.35243225097656
974 142.15252685546875
975 164.9831085205078
976 126.2142105102539
977 105.10671997070313
978 94.33757781982422
979 118.46044158935547
980 144.7371368408203
981 84.42998504638672
982 126.64496612548828
983 48.24570083618164
984 134.39874267578125
985 201.59812927246094
986 175.7522430419922
987 183.50599670410156
988 140.42945861816406
989 194.7058563232422
990 166.27537536621094
991 160.24465942382813
992 94.76834869384766
993 111.13743591308594
994 147.32171630859375
995 138.70639038085938
996 108.55282592773438
997 173.16763305664063
998 251.56689453125
999 159.3831329345703
1000 248.1207733154297
1001 195.56741333007813
1002 195.56741333007813
