# Selection 1:name C1A D2A C3A C4A C1B C2B C3B C4B Selection 2:name AUC AUSL AUL Cutoff:8 Start:0 End:-1
0 0
1 0
2 25
3 18
4 19
5 16
6 25
7 18
8 20
9 24
10 25
11 22
12 22
13 22
14 24
15 26
16 25
17 33
18 26
19 25
20 21
21 32
22 20
23 24
24 13
25 23
26 22
27 20
28 20
29 15
30 20
31 21
32 25
33 20
34 21
35 12
36 24
37 26
38 22
39 23
40 12
41 15
42 23
43 15
44 15
45 16
46 21
47 19
48 22
49 23
50 15
51 28
52 15
53 16
54 12
55 25
56 16
57 11
58 13
59 18
60 19
61 19
62 19
63 24
64 19
65 25
66 16
67 21
68 13
69 26
70 23
71 17
72 17
73 19
74 19
75 15
76 18
77 19
78 19
79 19
80 25
81 21
82 22
83 19
84 11
85 18
86 22
87 21
88 16
89 26
90 17
91 19
92 21
93 19
94 21
95 19
96 13
97 17
98 18
99 20
100 20
101 23
102 21
103 27
104 26
105 22
106 24
107 25
108 17
109 14
110 21
111 17
112 21
113 29
114 15
115 17
116 19
117 19
118 27
119 20
120 20
121 22
122 22
123 13
124 19
125 19
126 17
127 26
128 14
129 17
130 22
131 18
132 23
133 23
134 15
135 18
136 19
137 20
138 23
139 28
140 24
141 23
142 14
143 16
144 14
145 21
146 17
147 19
148 27
149 23
150 22
151 18
152 11
153 15
154 19
155 18
156 25
157 26
158 15
159 17
160 20
161 18
162 22
163 15
164 18
165 24
166 22
167 16
168 26
169 18
170 21
171 17
172 10
173 24
174 19
175 16
176 12
177 16
178 21
179 13
180 23
181 17
182 18
183 20
184 15
185 25
186 18
187 21
188 22
189 17
190 22
191 26
192 19
193 22
194 14
195 12
196 19
197 23
198 18
199 18
200 22
201 23
202 17
203 26
204 19
205 21
206 14
207 19
208 16
209 21
210 12
211 16
212 19
213 22
214 22
215 21
216 17
217 15
218 24
219 12
220 17
221 13
222 25
223 26
224 13
225 20
226 26
227 27
228 23
229 24
230 14
231 22
232 19
233 22
234 21
235 18
236 13
237 18
238 13
239 18
240 22
241 22
242 19
243 20
244 12
245 20
246 15
247 20
248 18
249 26
250 14
251 24
252 20
253 16
254 17
255 26
256 16
257 27
258 19
259 16
260 27
261 18
262 16
263 20
264 14
265 18
266 18
267 14
268 23
269 15
270 14
271 17
272 15
273 16
274 18
275 21
276 25
277 18
278 16
279 23
280 16
281 17
282 19
283 18
284 21
285 17
286 23
287 22
288 21
289 14
290 13
291 16
292 18
293 20
294 22
295 24
296 15
297 19
298 13
299 15
300 12
301 23
302 15
303 20
304 16
305 24
306 19
307 18
308 18
309 17
310 16
311 23
312 16
313 17
314 22
315 15
316 22
317 15
318 21
319 18
320 23
321 12
322 19
323 21
324 21
325 22
326 22
327 17
328 18
329 18
330 19
331 19
332 17
333 20
334 18
335 21
336 22
337 24
338 27
339 16
340 21
341 16
342 15
343 18
344 29
345 18
346 23
347 18
348 24
349 22
350 18
351 20
352 17
353 27
354 19
355 18
356 18
357 20
358 12
359 21
360 23
361 13
362 24
363 19
364 17
365 17
366 29
367 24
368 25
369 19
370 28
371 26
372 22
373 24
374 28
375 22
376 19
377 21
378 29
379 20
380 23
381 21
382 19
383 22
384 18
385 19
386 19
387 13
388 21
389 25
390 27
391 24
392 17
393 14
394 20
395 15
396 20
397 27
398 20
399 15
400 17
401 25
402 24
403 15
404 23
405 24
406 19
407 19
408 20
409 17
410 19
411 17
412 26
413 19
414 23
415 25
416 18
417 22
418 19
419 15
420 23
421 18
422 17
423 23
424 23
425 25
426 20
427 18
428 24
429 20
430 23
431 17
432 21
433 21
434 25
435 22
436 22
437 26
438 14
439 16
440 17
441 24
442 21
443 20
444 20
445 21
446 18
447 16
448 18
449 20
450 25
451 22
452 17
453 21
454 26
455 24
456 17
457 17
458 20
459 21
460 26
461 20
462 17
463 18
464 21
465 24
466 20
467 27
468 27
469 20
470 16
471 23
472 16
473 26
474 25
475 18
476 19
477 15
478 12
479 18
480 14
481 26
482 24
483 25
484 22
485 27
486 23
487 21
488 21
489 15
490 20
491 26
492 17
493 22
494 17
495 27
496 20
497 20
498 21
499 22
500 24
501 16
502 17
503 23
504 15
505 18
506 19
507 24
508 23
509 22
510 23
511 21
512 21
513 21
514 25
515 20
516 22
517 19
518 14
519 20
520 18
521 15
522 16
523 16
524 17
525 23
526 23
527 20
528 16
529 27
530 19
531 17
532 21
533 18
534 21
535 16
536 19
537 22
538 23
539 29
540 27
541 24
542 27
543 24
544 20
545 19
546 21
547 13
548 12
549 24
550 19
551 23
552 22
553 21
554 23
555 14
556 18
557 19
558 17
559 21
560 14
561 14
562 28
563 18
564 19
565 21
566 17
567 25
568 24
569 14
570 23
571 22
572 21
573 24
574 26
575 25
576 26
577 12
578 19
579 21
580 20
581 22
582 20
583 22
584 19
585 23
586 27
587 20
588 14
589 21
590 20
591 20
592 17
593 10
594 19
595 20
596 29
597 19
598 14
599 21
600 23
601 19
602 24
603 21
604 14
605 24
606 21
607 29
608 14
609 16
610 20
611 18
612 23
613 18
614 26
615 18
616 20
617 16
618 15
619 22
620 24
621 18
622 18
623 22
624 23
625 20
626 17
627 18
628 17
629 18
630 22
631 26
632 24
633 18
634 19
635 18
636 17
637 20
638 13
639 12
640 14
641 18
642 19
643 24
644 22
645 15
646 30
647 17
648 25
649 22
650 21
651 24
652 19
653 13
654 10
655 21
656 23
657 19
658 23
659 18
660 20
661 22
662 24
663 26
664 19
665 20
666 27
667 14
668 28
669 13
670 16
671 18
672 23
673 22
674 23
675 23
676 12
677 17
678 22
679 27
680 19
681 14
682 18
683 20
684 23
685 24
686 25
687 14
688 18
689 17
690 22
691 19
692 21
693 22
694 18
695 19
696 23
697 22
698 21
699 26
700 22
701 22
702 25
703 20
704 23
705 27
706 21
707 22
708 17
709 20
710 15
711 15
712 17
713 20
714 17
715 18
716 18
717 18
718 15
719 19
720 17
721 20
722 21
723 14
724 16
725 20
726 15
727 18
728 20
729 22
730 19
731 14
732 17
733 14
734 12
735 15
736 19
737 25
738 13
739 20
740 16
741 14
742 17
743 18
744 25
745 17
746 20
747 19
748 16
749 26
750 21
751 20
752 21
753 15
754 24
755 22
756 23
757 20
758 22
759 22
760 20
761 19
762 18
763 11
764 23
765 22
766 19
767 24
768 20
769 20
770 20
771 22
772 23
773 13
774 19
775 16
776 15
777 14
778 18
779 22
780 20
781 17
782 29
783 18
784 19
785 14
786 27
787 15
788 25
789 19
790 19
791 19
792 21
793 15
794 20
795 21
796 15
797 12
798 26
799 20
800 14
801 26
802 19
803 19
804 16
805 15
806 17
807 22
808 23
809 16
810 22
811 21
812 27
813 13
814 21
815 27
816 14
817 15
818 21
819 20
820 19
821 17
822 24
823 14
824 17
825 22
826 21
827 15
828 18
829 19
830 21
831 20
832 16
833 22
834 13
835 12
836 18
837 16
838 19
839 19
840 17
841 18
842 16
843 24
844 20
845 12
846 15
847 11
848 17
849 21
850 19
851 17
852 24
853 21
854 19
855 15
856 20
857 21
858 22
859 23
860 23
861 20
862 16
863 20
864 21
865 23
866 16
867 22
868 14
869 20
870 21
871 20
872 22
873 22
874 25
875 25
876 21
877 17
878 17
879 12
880 24
881 17
882 21
883 12
884 14
885 14
886 17
887 21
888 16
889 19
890 16
891 19
892 18
893 18
894 23
895 20
896 18
897 11
898 24
899 20
900 17
901 20
902 16
903 16
904 16
905 20
906 23
907 15
908 19
909 14
910 21
911 21
912 17
913 30
914 24
915 21
916 19
917 20
918 25
919 12
920 14
921 28
922 17
923 21
924 19
925 18
926 16
927 27
928 21
929 21
930 21
931 18
932 19
933 16
934 25
935 22
936 19
937 15
938 16
939 22
940 20
941 17
942 25
943 18
944 18
945 19
946 13
947 18
948 22
949 19
950 16
951 22
952 17
953 18
954 19
955 20
956 18
957 18
958 26
959 17
960 16
961 23
962 20
963 18
964 15
965 21
966 20
967 19
968 22
969 17
970 20
971 17
972 23
973 23
974 13
975 29
976 17
977 17
978 19
979 18
980 20
981 20
982 20
983 24
984 13
985 16
986 20
987 13
988 20
989 16
990 24
991 19
992 24
993 21
994 9
995 20
996 17
997 17
998 21
999 17
1000 11
1001 14
1002 14
