# Selection:resname AU POPC Restricted:name AUC AUL AUSL Radius:2.64 Start:0 End:-1
0 332.55072021484375
1 334.2738037109375
2 46.091880798339844
3 143.01405334472656
4 119.32197570800781
5 131.3834228515625
6 65.9070816040039
7 86.58380889892578
8 111.1374282836914
9 119.75273132324219
10 35.753517150878906
11 71.50703430175781
12 102.52212524414063
13 109.41436767578125
14 46.091880798339844
15 65.04554748535156
16 47.384178161621094
17 46.091880798339844
18 50.399532318115234
19 77.10698699951172
20 87.44535064697266
21 56.43024826049805
22 110.7066650390625
23 123.62962341308594
24 83.56844329833984
25 75.38392639160156
26 96.06065368652344
27 91.32222747802734
28 90.8914566040039
29 78.83003234863281
30 132.67568969726563
31 134.82952880859375
32 48.24570083618164
33 76.67621612548828
34 118.02967071533203
35 220.1210479736328
36 153.783203125
37 111.1374282836914
38 138.27565002441406
39 121.0450439453125
40 165.41384887695313
41 138.27566528320313
42 63.322486877441406
43 126.21421813964844
44 138.7064208984375
45 139.9987030029297
46 136.121826171875
47 133.5372314453125
48 114.15277862548828
49 134.39874267578125
50 152.49087524414063
51 111.56819915771484
52 116.73738098144531
53 185.65982055664063
54 126.2142105102539
55 70.64549255371094
56 88.73764038085938
57 177.90603637695313
58 147.3217315673828
59 73.23008728027344
60 97.35293579101563
61 126.21421813964844
62 51.26106262207031
63 85.29151153564453
64 124.0604019165039
65 125.78343963623047
66 109.41437530517578
67 143.01406860351563
68 94.76836395263672
69 87.01457977294922
70 146.46017456054688
71 162.39849853515625
72 120.18350219726563
73 118.02967071533203
74 70.21472930908203
75 130.0911102294922
76 142.5832977294922
77 133.96798706054688
78 130.95263671875
79 149.47555541992188
80 101.66059112548828
81 93.04529571533203
82 58.1533088684082
83 94.76836395263672
84 151.6293487548828
85 166.70614624023438
86 124.06040954589844
87 133.5372314453125
88 121.90657043457031
89 57.291770935058594
90 87.01457214355469
91 113.291259765625
92 113.291259765625
93 127.07575988769531
94 95.6298828125
95 80.9838638305664
96 110.70667266845703
97 90.8914566040039
98 167.56768798828125
99 98.6452407836914
100 118.89119720458984
101 98.64522552490234
102 82.27616119384766
103 83.13768768310547
104 113.72201538085938
105 117.16814422607422
106 110.27589416503906
107 126.64497375488281
108 66.76861572265625
109 151.19859313964844
110 83.56845092773438
111 88.30685424804688
112 67.63013458251953
113 88.73764038085938
114 112.86048889160156
115 85.7222671508789
116 42.21499252319336
117 139.1371612548828
118 110.70664978027344
119 115.87583923339844
120 96.92218017578125
121 119.75273132324219
122 137.41412353515625
123 101.22982788085938
124 160.6754150390625
125 104.24520111083984
126 95.19911193847656
127 110.2759017944336
128 115.44508361816406
129 121.90653991699219
130 89.16841125488281
131 135.26028442382813
132 124.06037902832031
133 101.66059875488281
134 173.1676483154297
135 130.52186584472656
136 117.5988998413086
137 110.27589416503906
138 94.33758544921875
139 91.32222747802734
140 146.46018981933594
141 100.36830139160156
142 81.41463470458984
143 103.81441497802734
144 177.90606689453125
145 130.95263671875
146 104.67594146728516
147 83.56845092773438
148 152.49087524414063
149 104.67595672607422
150 91.32222747802734
151 110.27589416503906
152 149.4755401611328
153 65.9070816040039
154 83.13768005371094
155 49.538002014160156
156 66.76861572265625
157 81.41462707519531
158 104.67594146728516
159 111.99895477294922
160 124.49114227294922
161 158.09085083007813
162 158.95236206054688
163 205.90579223632813
164 105.96824645996094
165 159.38311767578125
166 168.42921447753906
167 216.67489624023438
168 100.79906463623047
169 135.26026916503906
170 83.13768005371094
171 108.55284118652344
172 208.0596160888672
173 130.09109497070313
174 140.86021423339844
175 146.8909454345703
176 146.46018981933594
177 99.50677490234375
178 81.84540557861328
179 181.35215759277344
180 142.5832977294922
181 93.4760513305664
182 152.06011962890625
183 115.8758316040039
184 118.02967834472656
185 102.09136199951172
186 131.81417846679688
187 152.9216766357422
188 164.5523223876953
189 152.92166137695313
190 129.66033935546875
191 110.7066650390625
192 119.32196807861328
193 45.230342864990234
194 97.35293579101563
195 67.19937896728516
196 108.55284881591797
197 116.30661010742188
198 156.7985382080078
199 149.04478454589844
200 165.84461975097656
201 155.07546997070313
202 144.3063507080078
203 71.50701904296875
204 195.56741333007813
205 157.66006469726563
206 126.64498901367188
207 46.953407287597656
208 96.0606460571289
209 132.24493408203125
210 132.2449188232422
211 109.41436767578125
212 115.4450912475586
213 93.4760513305664
214 114.58354949951172
215 148.61398315429688
216 77.53775024414063
217 104.24517822265625
218 102.95287322998047
219 145.59864807128906
220 121.47579193115234
221 91.75299072265625
222 179.6290740966797
223 103.81441497802734
224 182.64443969726563
225 111.1374282836914
226 84.86074829101563
227 122.33731079101563
228 96.0606460571289
229 51.26106262207031
230 109.84513854980469
231 98.2144775390625
232 134.3987579345703
233 128.36805725097656
234 126.21422576904297
235 90.02992248535156
236 127.07575225830078
237 186.52133178710938
238 143.01405334472656
239 83.5684585571289
240 96.49140930175781
241 118.89119720458984
242 51.261070251464844
243 73.23008728027344
244 155.93701171875
245 129.2295684814453
246 137.84487915039063
247 87.01457977294922
248 95.62987518310547
249 96.0606460571289
250 77.10697174072266
251 94.76835632324219
252 83.1376953125
253 139.5679473876953
254 120.18350219726563
255 59.44560241699219
256 92.61454010009766
257 52.984127044677734
258 106.39900207519531
259 156.36778259277344
260 115.8758544921875
261 129.22955322265625
262 102.52213287353516
263 137.84487915039063
264 122.76810455322266
265 155.07546997070313
266 196.8596954345703
267 158.95237731933594
268 153.35243225097656
269 108.9836196899414
270 182.2136993408203
271 152.06015014648438
272 165.41387939453125
273 130.09109497070313
274 97.7837142944336
275 129.66033935546875
276 134.3987274169922
277 82.27616119384766
278 202.8904266357422
279 160.6754608154297
280 107.69132232666016
281 162.39849853515625
282 105.53749084472656
283 139.99868774414063
284 145.59864807128906
285 106.82977294921875
286 204.18272399902344
287 95.6298828125
288 108.98359680175781
289 107.26053619384766
290 150.76785278320313
291 176.61375427246094
292 83.99921417236328
293 127.50651550292969
294 106.82977294921875
295 73.66085052490234
296 113.72200775146484
297 55.999488830566406
298 122.33731842041016
299 90.46070098876953
300 167.99844360351563
301 146.89096069335938
302 136.9833526611328
303 132.6757049560547
304 168.42919921875
305 152.4908905029297
306 88.73764038085938
307 124.49114990234375
308 88.3068618774414
309 125.3526840209961
310 165.41383361816406
311 121.90655517578125
312 188.6751708984375
313 106.39901733398438
314 114.58354949951172
315 145.59864807128906
316 78.83003997802734
317 195.13668823242188
318 74.95315551757813
319 115.87584686279297
320 94.76835632324219
321 101.66059112548828
322 136.9833526611328
323 148.61399841308594
324 105.53748321533203
325 159.81390380859375
326 99.50675964355469
327 109.84512329101563
328 183.93675231933594
329 124.92190551757813
330 195.1366424560547
331 69.78397369384766
332 127.07575225830078
333 180.49061584472656
334 70.64550018310547
335 139.5679473876953
336 136.9833526611328
337 139.13719177246094
338 84.42998504638672
339 143.44483947753906
340 167.99842834472656
341 121.04503631591797
342 143.87559509277344
343 155.07546997070313
344 125.35267639160156
345 183.50596618652344
346 107.69131469726563
347 137.4141082763672
348 143.01405334472656
349 105.96824645996094
350 77.10698699951172
351 67.63015747070313
352 164.9830780029297
353 89.16839599609375
354 140.86024475097656
355 121.04502868652344
356 100.3682861328125
357 115.8758544921875
358 143.01405334472656
359 136.9833221435547
360 123.62962341308594
361 134.82952880859375
362 102.52213287353516
363 129.2295684814453
364 136.121826171875
365 150.767822265625
366 132.2449188232422
367 130.52186584472656
368 157.66009521484375
369 126.2142105102539
370 121.0450210571289
371 133.10646057128906
372 118.46043395996094
373 108.55282592773438
374 85.29151153564453
375 107.26053619384766
376 102.52213287353516
377 90.02992248535156
378 78.3992691040039
379 52.122589111328125
380 137.4141082763672
381 98.64524841308594
382 85.72228240966797
383 76.24543762207031
384 136.12181091308594
385 176.18296813964844
386 134.82952880859375
387 118.8912124633789
388 132.67568969726563
389 139.99868774414063
390 114.58353424072266
391 54.707183837890625
392 134.39874267578125
393 133.5372314453125
394 197.29046630859375
395 87.4453353881836
396 117.59891510009766
397 94.33757781982422
398 80.98384857177734
399 103.38365173339844
400 77.10697174072266
401 142.15252685546875
402 91.32222747802734
403 121.47578430175781
404 99.93754577636719
405 86.15304565429688
406 115.0143051147461
407 107.26054382324219
408 63.32249069213867
409 130.52186584472656
410 90.89146423339844
411 111.99895477294922
412 139.13717651367188
413 97.7837142944336
414 117.16813659667969
415 63.75326156616211
416 110.27589416503906
417 124.49114990234375
418 82.70693969726563
419 33.59968948364258
420 52.55336380004883
421 128.79881286621094
422 165.41383361816406
423 66.33784484863281
424 102.52210998535156
425 151.62936401367188
426 46.522647857666016
427 120.18350219726563
428 88.30687713623047
429 104.24517059326172
430 138.7064208984375
431 67.63014221191406
432 141.72177124023438
433 116.73738098144531
434 96.92218017578125
435 115.44507598876953
436 106.39900970458984
437 94.76836395263672
438 101.22982788085938
439 124.49114990234375
440 86.1530532836914
441 77.53775024414063
442 124.92191314697266
443 156.3677978515625
444 150.33706665039063
445 166.27537536621094
446 102.95288848876953
447 138.70640563964844
448 88.73763275146484
449 52.5533561706543
450 127.07573699951172
451 90.89146423339844
452 170.1522674560547
453 106.39900970458984
454 111.99894714355469
455 127.07573699951172
456 136.12179565429688
457 70.21472930908203
458 88.30687713623047
459 111.56819152832031
460 121.47578430175781
461 81.41462707519531
462 157.2292938232422
463 80.1223373413086
464 135.26028442382813
465 134.3987579345703
466 113.72201538085938
467 90.46070098876953
468 131.38339233398438
469 78.83003234863281
470 33.59968566894531
471 79.69155883789063
472 96.92218017578125
473 67.19937896728516
474 118.02967834472656
475 74.95315551757813
476 76.67621612548828
477 114.58354949951172
478 212.7980194091797
479 218.8287353515625
480 176.1829833984375
481 127.50651550292969
482 103.38365936279297
483 104.24517822265625
484 169.29074096679688
485 115.01429748535156
486 98.64523315429688
487 124.49114990234375
488 129.2295684814453
489 91.32222747802734
490 150.76783752441406
491 115.44508361816406
492 130.09109497070313
493 153.78318786621094
494 161.10618591308594
495 133.10646057128906
496 113.72203063964844
497 165.84461975097656
498 132.67568969726563
499 74.52238464355469
500 65.90707397460938
501 128.3680419921875
502 77.10697937011719
503 116.30660247802734
504 104.67594146728516
505 144.3063507080078
506 142.58328247070313
507 118.89119720458984
508 72.79932403564453
509 102.09135437011719
510 110.27588653564453
511 42.645751953125
512 74.9531478881836
513 101.22982788085938
514 59.44560241699219
515 76.67620849609375
516 76.24544525146484
517 73.23009490966797
518 156.79855346679688
519 128.3680419921875
520 186.9521026611328
521 128.79879760742188
522 104.67594909667969
523 104.67594909667969
524 133.9679718017578
525 49.96876525878906
526 99.07600402832031
527 56.43024444580078
528 106.39900970458984
529 134.82952880859375
530 183.07525634765625
531 158.5216064453125
532 126.21420288085938
533 199.4442901611328
534 125.783447265625
535 98.21446990966797
536 86.58380889892578
537 141.7217559814453
538 70.64550018310547
539 85.29151153564453
540 160.67543029785156
541 119.75273132324219
542 131.8141632080078
543 126.21421813964844
544 161.10617065429688
545 106.82978057861328
546 159.81393432617188
547 101.66059875488281
548 100.79906463623047
549 174.02915954589844
550 96.49140930175781
551 124.49114990234375
552 79.26081085205078
553 88.73762512207031
554 149.9063262939453
555 172.3061065673828
556 209.35189819335938
557 47.81494140625
558 89.59917449951172
559 106.39901733398438
560 88.30686950683594
561 113.72201538085938
562 99.93753051757813
563 70.21473693847656
564 141.7217559814453
565 116.73738098144531
566 125.78343963623047
567 103.81441497802734
568 78.39927673339844
569 146.02940368652344
570 155.93704223632813
571 147.75245666503906
572 180.05987548828125
573 154.64471435546875
574 133.96798706054688
575 141.7217559814453
576 127.9372787475586
577 137.41412353515625
578 189.10595703125
579 142.1525115966797
580 104.67594909667969
581 104.67595672607422
582 143.44480895996094
583 68.92243194580078
584 79.26080322265625
585 112.8604965209961
586 134.82952880859375
587 143.44482421875
588 130.09109497070313
589 100.36829376220703
590 68.92243957519531
591 209.3519287109375
592 155.93699645996094
593 87.8760986328125
594 126.64498138427734
595 93.4760513305664
596 71.93779754638672
597 83.99922180175781
598 67.19937133789063
599 83.99921417236328
600 98.64523315429688
601 123.19884490966797
602 79.69157409667969
603 105.10671997070313
604 78.3992691040039
605 52.55335998535156
606 98.21446990966797
607 56.43025588989258
608 120.18350219726563
609 105.96825408935547
610 76.24543762207031
611 160.67543029785156
612 98.21446990966797
613 144.73712158203125
614 80.5531005859375
615 68.92243194580078
616 189.53671264648438
617 173.16763305664063
618 108.12208557128906
619 145.16787719726563
620 131.38339233398438
621 122.76809692382813
622 74.09162139892578
623 80.98387908935547
624 126.2142105102539
625 128.3680419921875
626 117.59890747070313
627 100.79906463623047
628 90.460693359375
629 112.42971801757813
630 64.18401336669922
631 109.84514617919922
632 99.93753051757813
633 91.32222747802734
634 92.61451721191406
635 139.1371612548828
636 130.09109497070313
637 134.3987579345703
638 76.24544525146484
639 189.96746826171875
640 152.0601043701172
641 111.13741302490234
642 102.09136199951172
643 135.6910400390625
644 119.75273132324219
645 85.7222900390625
646 94.76835632324219
647 124.49115753173828
648 124.49114990234375
649 67.19937133789063
650 105.1067123413086
651 87.8760986328125
652 116.73736572265625
653 117.16815185546875
654 70.21473693847656
655 80.12232971191406
656 76.24545288085938
657 167.56765747070313
658 84.42996978759766
659 94.76835632324219
660 100.3683090209961
661 116.73737335205078
662 105.96823120117188
663 93.0452880859375
664 49.53799819946289
665 139.13719177246094
666 69.35320281982422
667 82.2761459350586
668 103.8144302368164
669 168.42919921875
670 53.84566116333008
671 72.36856842041016
672 107.69131469726563
673 156.7985382080078
674 132.67568969726563
675 137.4141082763672
676 174.45989990234375
677 139.99871826171875
678 88.30689239501953
679 84.42998504638672
680 155.93702697753906
681 102.952880859375
682 140.86024475097656
683 110.27590942382813
684 77.10698699951172
685 91.75299072265625
686 148.61399841308594
687 158.52159118652344
688 117.16814422607422
689 90.460693359375
690 85.72227478027344
691 76.67621612548828
692 90.02992248535156
693 149.90628051757813
694 121.04502868652344
695 134.3987579345703
696 133.5372314453125
697 98.64523315429688
698 135.26028442382813
699 147.32171630859375
700 93.90681457519531
701 98.21446990966797
702 95.1991195678711
703 109.41436004638672
704 135.26026916503906
705 127.9372787475586
706 121.90656280517578
707 101.22985076904297
708 94.76834869384766
709 59.876373291015625
710 132.6757049560547
711 142.5832977294922
712 92.18374633789063
713 96.92217254638672
714 195.99818420410156
715 139.99871826171875
716 121.04502868652344
717 132.2449188232422
718 152.4908905029297
719 148.18325805664063
720 138.275634765625
721 130.52186584472656
722 86.1530532836914
723 137.84487915039063
724 118.89118957519531
725 133.5372314453125
726 118.02967834472656
727 84.42999267578125
728 98.2144775390625
729 108.12207794189453
730 93.47605895996094
731 114.58356475830078
732 133.96800231933594
733 167.56768798828125
734 97.78369903564453
735 139.99871826171875
736 67.19937896728516
737 95.6298828125
738 146.89093017578125
739 84.42999267578125
740 128.36802673339844
741 183.93678283691406
742 107.26053619384766
743 120.18348693847656
744 111.13743591308594
745 76.24544525146484
746 145.16787719726563
747 108.55284118652344
748 163.260009765625
749 94.33757781982422
750 143.44482421875
751 179.6291046142578
752 156.7985382080078
753 170.15225219726563
754 104.24517822265625
755 136.9833526611328
756 86.15303802490234
757 149.0447998046875
758 208.05958557128906
759 100.36829376220703
760 122.33732604980469
761 133.96798706054688
762 121.90655517578125
763 134.39877319335938
764 102.09136962890625
765 69.35320281982422
766 82.70692443847656
767 175.75221252441406
768 86.58380889892578
769 90.02992248535156
770 99.93751525878906
771 104.67595672607422
772 167.99847412109375
773 61.59943389892578
774 126.2142105102539
775 157.66009521484375
776 159.8139190673828
777 149.04476928710938
778 191.69052124023438
779 143.8755645751953
780 93.04529571533203
781 125.35267639160156
782 161.53697204589844
783 137.4141082763672
784 115.01432800292969
785 137.41412353515625
786 127.50652313232422
787 171.0137939453125
788 107.69131469726563
789 110.70667266845703
790 118.46044158935547
791 133.53721618652344
792 177.04452514648438
793 161.53697204589844
794 190.82899475097656
795 195.5674285888672
796 159.3831787109375
797 126.2142105102539
798 126.2142105102539
799 138.27565002441406
800 137.41412353515625
801 99.93753814697266
802 150.76783752441406
803 101.2298355102539
804 152.92166137695313
805 136.9833526611328
806 93.47604370117188
807 167.1369171142578
808 70.64550018310547
809 100.36830139160156
810 179.1983184814453
811 173.1676483154297
812 104.67594146728516
813 123.62962341308594
814 138.27565002441406
815 127.93726348876953
816 130.95262145996094
817 111.13743591308594
818 188.24441528320313
819 124.49114227294922
820 88.7376480102539
821 98.64525604248047
822 113.29125213623047
823 138.27561950683594
824 114.15280151367188
825 143.01405334472656
826 157.2293243408203
827 175.7522430419922
828 90.46068572998047
829 109.84512329101563
830 139.99871826171875
831 149.4755401611328
832 80.55310821533203
833 111.13744354248047
834 131.3833770751953
835 156.3677978515625
836 122.33731842041016
837 183.07522583007813
838 134.82949829101563
839 128.79879760742188
840 85.72229766845703
841 143.87559509277344
842 177.04452514648438
843 189.96746826171875
844 165.41383361816406
845 102.09133911132813
846 137.41412353515625
847 168.85997009277344
848 43.93805694580078
849 120.6142578125
850 187.38287353515625
851 84.86074829101563
852 119.75273132324219
853 65.0455551147461
854 122.76807403564453
855 118.46043395996094
856 124.49114227294922
857 131.38339233398438
858 77.968505859375
859 139.13717651367188
860 99.50676727294922
861 46.95341110229492
862 100.799072265625
863 124.92191314697266
864 77.968505859375
865 133.96798706054688
866 174.8907012939453
867 104.67595672607422
868 105.1067123413086
869 136.12179565429688
870 192.98281860351563
871 129.2295684814453
872 142.5832977294922
873 101.66059875488281
874 73.23009490966797
875 98.21448516845703
876 85.72228240966797
877 144.7371063232422
878 112.86048126220703
879 154.6446990966797
880 83.56845092773438
881 149.04476928710938
882 148.61398315429688
883 148.614013671875
884 144.3063507080078
885 143.8755645751953
886 200.3058319091797
887 77.10697937011719
888 180.49061584472656
889 213.22879028320313
890 120.6142807006836
891 92.61453247070313
892 88.73764038085938
893 128.3680419921875
894 52.9841194152832
895 134.3987579345703
896 85.29151916503906
897 105.5374755859375
898 99.93753051757813
899 125.3526840209961
900 129.6603546142578
901 157.66009521484375
902 80.12235260009766
903 127.07575988769531
904 132.6757049560547
905 130.52186584472656
906 117.59890747070313
907 164.5523223876953
908 161.53700256347656
909 71.50701904296875
910 128.79879760742188
911 105.10671997070313
912 126.64497375488281
913 139.99868774414063
914 99.50675964355469
915 157.6600799560547
916 132.6757049560547
917 117.59890747070313
918 77.10698699951172
919 132.24493408203125
920 128.79879760742188
921 86.15303802490234
922 107.6913070678711
923 132.67568969726563
924 129.2295684814453
925 67.19937896728516
926 81.84539794921875
927 128.3680419921875
928 119.75273132324219
929 151.1986083984375
930 80.55309295654297
931 127.07573699951172
932 136.55258178710938
933 143.44482421875
934 40.92269515991211
935 57.72254180908203
936 91.75300598144531
937 138.27565002441406
938 150.76783752441406
939 126.64498138427734
940 101.22982788085938
941 105.1067123413086
942 105.5374755859375
943 130.52186584472656
944 115.01432037353516
945 132.2449188232422
946 142.15252685546875
947 66.76861572265625
948 152.92164611816406
949 117.16814422607422
950 132.67568969726563
951 122.33733367919922
952 110.7066650390625
953 97.7837142944336
954 136.5525665283203
955 150.767822265625
956 156.79855346679688
957 134.8295135498047
958 108.98359680175781
959 96.49140167236328
960 131.81414794921875
961 138.7064208984375
962 97.35294342041016
963 104.24518585205078
964 93.90681457519531
965 125.3526840209961
966 116.73738098144531
967 158.0908203125
968 145.16787719726563
969 137.84487915039063
970 123.19886779785156
971 147.32171630859375
972 108.5528335571289
973 144.30633544921875
974 130.0911102294922
975 62.03019714355469
976 102.952880859375
977 138.7063751220703
978 169.2907257080078
979 102.9529037475586
980 93.90682220458984
981 105.96824645996094
982 120.61428833007813
983 142.1525115966797
984 177.04452514648438
985 184.79827880859375
986 141.7217559814453
987 100.79907989501953
988 136.98333740234375
989 138.275634765625
990 72.36856842041016
991 101.66061401367188
992 124.06037902832031
993 179.6291046142578
994 143.44483947753906
995 97.78372192382813
996 135.2602996826172
997 149.04476928710938
998 159.38314819335938
999 233.90554809570313
1000 143.44482421875
1001 56.43024444580078
1002 56.43024444580078
