# Selection 1:name C1A D2A C3A C4A C1B C2B C3B C4B Selection 2:name AUC AUSL AUL Cutoff:8 Start:0 End:-1
0 0
1 0
2 25
3 28
4 24
5 27
6 32
7 38
8 21
9 27
10 28
11 32
12 21
13 30
14 34
15 27
16 33
17 23
18 29
19 23
20 30
21 20
22 27
23 27
24 30
25 30
26 32
27 26
28 24
29 29
30 30
31 30
32 26
33 22
34 31
35 35
36 31
37 25
38 27
39 32
40 36
41 41
42 32
43 28
44 33
45 30
46 25
47 35
48 28
49 29
50 29
51 35
52 32
53 31
54 37
55 31
56 25
57 24
58 33
59 31
60 33
61 24
62 31
63 36
64 32
65 26
66 30
67 23
68 31
69 27
70 32
71 36
72 32
73 35
74 29
75 38
76 25
77 28
78 35
79 24
80 30
81 39
82 36
83 27
84 31
85 28
86 36
87 30
88 36
89 32
90 34
91 34
92 30
93 26
94 30
95 37
96 30
97 29
98 24
99 29
100 35
101 26
102 25
103 31
104 29
105 31
106 21
107 34
108 27
109 20
110 39
111 22
112 34
113 30
114 31
115 33
116 33
117 32
118 30
119 35
120 35
121 29
122 38
123 31
124 34
125 37
126 29
127 39
128 30
129 32
130 34
131 31
132 43
133 30
134 34
135 32
136 29
137 33
138 29
139 34
140 38
141 36
142 34
143 32
144 35
145 29
146 37
147 36
148 31
149 31
150 29
151 31
152 33
153 33
154 29
155 34
156 37
157 31
158 34
159 26
160 29
161 20
162 28
163 34
164 28
165 34
166 27
167 29
168 30
169 36
170 34
171 27
172 29
173 33
174 32
175 23
176 32
177 26
178 26
179 27
180 31
181 36
182 28
183 21
184 25
185 24
186 32
187 31
188 32
189 27
190 16
191 24
192 32
193 31
194 29
195 29
196 28
197 20
198 24
199 25
200 28
201 31
202 33
203 23
204 30
205 28
206 31
207 31
208 32
209 30
210 37
211 32
212 28
213 32
214 28
215 30
216 28
217 22
218 25
219 30
220 33
221 25
222 25
223 20
224 29
225 32
226 23
227 29
228 26
229 27
230 30
231 32
232 27
233 28
234 27
235 29
236 28
237 35
238 37
239 25
240 38
241 27
242 24
243 34
244 33
245 30
246 28
247 28
248 32
249 30
250 25
251 23
252 24
253 25
254 31
255 25
256 25
257 33
258 29
259 29
260 27
261 26
262 34
263 30
264 27
265 28
266 29
267 29
268 34
269 29
270 31
271 32
272 26
273 34
274 31
275 31
276 33
277 27
278 37
279 33
280 32
281 23
282 27
283 25
284 31
285 28
286 28
287 28
288 27
289 27
290 40
291 27
292 26
293 30
294 28
295 28
296 33
297 26
298 26
299 22
300 27
301 28
302 31
303 31
304 26
305 28
306 34
307 27
308 34
309 33
310 35
311 27
312 32
313 43
314 31
315 41
316 30
317 28
318 34
319 26
320 29
321 38
322 41
323 33
324 34
325 33
326 33
327 25
328 27
329 29
330 30
331 32
332 29
333 32
334 27
335 29
336 26
337 25
338 26
339 27
340 28
341 30
342 28
343 29
344 29
345 28
346 30
347 37
348 34
349 41
350 30
351 30
352 36
353 33
354 33
355 27
356 37
357 26
358 27
359 37
360 35
361 36
362 34
363 32
364 39
365 36
366 35
367 37
368 31
369 32
370 36
371 30
372 39
373 38
374 41
375 29
376 37
377 36
378 35
379 36
380 32
381 40
382 35
383 32
384 26
385 34
386 33
387 31
388 24
389 26
390 29
391 36
392 28
393 25
394 25
395 32
396 35
397 32
398 35
399 33
400 31
401 33
402 35
403 30
404 30
405 39
406 36
407 29
408 31
409 32
410 39
411 37
412 33
413 34
414 34
415 29
416 31
417 34
418 26
419 32
420 35
421 26
422 28
423 26
424 30
425 33
426 33
427 34
428 32
429 30
430 27
431 33
432 34
433 38
434 26
435 28
436 37
437 27
438 26
439 46
440 27
441 35
442 32
443 36
444 45
445 40
446 35
447 30
448 32
449 30
450 32
451 31
452 32
453 34
454 33
455 30
456 29
457 29
458 32
459 33
460 32
461 30
462 27
463 24
464 36
465 35
466 29
467 32
468 25
469 34
470 28
471 29
472 37
473 27
474 34
475 28
476 29
477 37
478 21
479 25
480 36
481 33
482 32
483 30
484 33
485 31
486 34
487 26
488 31
489 29
490 34
491 36
492 29
493 27
494 29
495 30
496 26
497 33
498 30
499 28
500 31
501 27
502 36
503 24
504 27
505 28
506 30
507 23
508 31
509 29
510 31
511 33
512 30
513 33
514 33
515 28
516 37
517 33
518 29
519 29
520 35
521 25
522 37
523 26
524 28
525 29
526 28
527 31
528 25
529 24
530 28
531 31
532 30
533 32
534 31
535 26
536 27
537 21
538 29
539 26
540 28
541 32
542 25
543 27
544 27
545 36
546 33
547 27
548 27
549 27
550 27
551 25
552 31
553 27
554 27
555 29
556 33
557 20
558 30
559 29
560 31
561 28
562 32
563 30
564 33
565 26
566 32
567 31
568 29
569 37
570 34
571 30
572 35
573 33
574 36
575 28
576 23
577 29
578 28
579 22
580 25
581 30
582 30
583 26
584 31
585 27
586 30
587 31
588 36
589 33
590 21
591 25
592 27
593 35
594 24
595 26
596 26
597 36
598 30
599 22
600 30
601 28
602 28
603 22
604 33
605 21
606 24
607 34
608 33
609 29
610 27
611 37
612 26
613 34
614 31
615 27
616 35
617 34
618 25
619 29
620 37
621 27
622 37
623 30
624 29
625 25
626 24
627 28
628 31
629 32
630 30
631 25
632 34
633 25
634 28
635 34
636 23
637 32
638 27
639 31
640 31
641 30
642 28
643 38
644 31
645 28
646 24
647 36
648 32
649 30
650 29
651 34
652 37
653 19
654 28
655 21
656 31
657 39
658 26
659 30
660 34
661 33
662 25
663 34
664 29
665 28
666 27
667 35
668 34
669 36
670 31
671 32
672 23
673 29
674 30
675 28
676 27
677 31
678 29
679 36
680 33
681 28
682 27
683 26
684 35
685 29
686 25
687 27
688 33
689 31
690 28
691 28
692 32
693 32
694 36
695 34
696 29
697 37
698 25
699 29
700 33
701 30
702 38
703 39
704 35
705 32
706 32
707 38
708 37
709 32
710 29
711 31
712 34
713 29
714 30
715 38
716 30
717 38
718 32
719 30
720 33
721 24
722 36
723 27
724 37
725 33
726 29
727 32
728 31
729 23
730 33
731 31
732 28
733 39
734 43
735 34
736 35
737 35
738 31
739 33
740 33
741 36
742 29
743 26
744 34
745 39
746 32
747 29
748 26
749 39
750 31
751 31
752 38
753 28
754 33
755 36
756 34
757 32
758 31
759 30
760 34
761 38
762 33
763 35
764 33
765 25
766 23
767 32
768 28
769 26
770 23
771 35
772 37
773 29
774 31
775 29
776 22
777 35
778 33
779 32
780 27
781 35
782 35
783 36
784 33
785 34
786 28
787 34
788 29
789 29
790 41
791 37
792 23
793 27
794 32
795 39
796 29
797 28
798 34
799 31
800 34
801 22
802 35
803 30
804 25
805 39
806 34
807 24
808 24
809 27
810 31
811 35
812 33
813 24
814 38
815 18
816 39
817 32
818 23
819 27
820 28
821 29
822 25
823 41
824 28
825 36
826 31
827 26
828 33
829 32
830 31
831 35
832 32
833 31
834 31
835 28
836 32
837 27
838 21
839 29
840 26
841 28
842 31
843 33
844 28
845 33
846 25
847 23
848 28
849 24
850 27
851 31
852 24
853 30
854 32
855 33
856 30
857 28
858 33
859 31
860 31
861 26
862 34
863 35
864 33
865 33
866 31
867 38
868 35
869 35
870 33
871 37
872 34
873 37
874 20
875 38
876 31
877 31
878 27
879 27
880 31
881 33
882 37
883 31
884 36
885 38
886 27
887 35
888 36
889 33
890 28
891 24
892 32
893 23
894 35
895 34
896 36
897 35
898 26
899 32
900 37
901 32
902 36
903 24
904 33
905 30
906 31
907 40
908 29
909 31
910 33
911 39
912 31
913 31
914 30
915 33
916 28
917 30
918 29
919 27
920 35
921 28
922 28
923 39
924 28
925 34
926 32
927 25
928 34
929 33
930 24
931 31
932 36
933 31
934 30
935 35
936 24
937 32
938 31
939 36
940 32
941 29
942 34
943 39
944 28
945 31
946 32
947 26
948 30
949 28
950 34
951 27
952 34
953 25
954 34
955 31
956 32
957 31
958 29
959 32
960 28
961 32
962 29
963 33
964 26
965 29
966 31
967 27
968 28
969 35
970 29
971 27
972 30
973 23
974 34
975 28
976 24
977 27
978 22
979 32
980 32
981 32
982 28
983 31
984 27
985 22
986 29
987 29
988 28
989 29
990 31
991 37
992 33
993 30
994 24
995 32
996 30
997 27
998 28
999 29
1000 19
1001 25
1002 25
