0 {1 2 3 4 5 6 7 8 9 10} {}
1 {1 2 3 4 5 6 7 8 9 10} {}
2 {2 3 4 7 8 9} {{1 0 0 0 0 0 0 0 0 10} {0 0 0 0 5 6 0 0 0 0}}
3 {2 3 4 7 8 9} {{1 0 0 0 0 0 0 0 0 10} {0 0 0 0 5 6 0 0 0 0}}
4 {2 3 4 7 8 9} {{1 0 0 0 0 0 0 0 0 10} {0 0 0 0 5 6 0 0 0 0}}
5 {2 3 4 7 8 9} {{1 0 0 0 0 0 0 0 0 10} {0 0 0 0 5 6 0 0 0 0}}
6 {2 3 4 7 8 9} {{1 0 0 0 0 0 0 0 0 10} {0 0 0 0 5 6 0 0 0 0}}
7 {2 3 4 7 8 9} {{1 0 0 0 0 0 0 0 0 10} {0 0 0 0 5 6 0 0 0 0}}
8 {2 3 4 7 8 9} {{1 0 0 0 0 0 0 0 0 10} {0 0 0 0 5 6 0 0 0 0}}
9 {2 3 4 7 8 9} {{1 0 0 0 0 0 0 0 0 10} {0 0 0 0 5 6 0 0 0 0}}
10 {2 3 4 7 8 9} {{1 0 0 0 0 0 0 0 0 10} {0 0 0 0 5 6 0 0 0 0}}
11 {2 3 4 7 8 9} {{1 0 0 0 0 0 0 0 0 10} {0 0 0 0 5 6 0 0 0 0}}
12 {2 3 4 7 8 9} {{1 0 0 0 0 0 0 0 0 10} {0 0 0 0 5 6 0 0 0 0}}
13 {2 3 4 7 8 9} {{1 0 0 0 0 0 0 0 0 10} {0 0 0 0 5 6 0 0 0 0}}
14 {2 3 4 7 8 9} {{1 0 0 0 0 0 0 0 0 10} {0 0 0 0 5 6 0 0 0 0}}
15 {2 3 4 7 8 9} {{1 0 0 0 0 0 0 0 0 10} {0 0 0 0 5 6 0 0 0 0}}
16 {2 3 4 7 8 9} {{1 0 0 0 0 0 0 0 0 10} {0 0 0 0 5 6 0 0 0 0}}
17 {2 3 4 7 8 9} {{1 0 0 0 0 0 0 0 0 10} {0 0 0 0 5 6 0 0 0 0}}
18 {2 3 4 7 8 9} {{1 0 0 0 0 0 0 0 0 10} {0 0 0 0 5 6 0 0 0 0}}
19 {2 3 4 7 8 9} {{1 0 0 0 0 0 0 0 0 10} {0 0 0 0 5 6 0 0 0 0}}
20 {2 3 4 7 8 9} {{1 0 0 0 0 0 0 0 0 10} {0 0 0 0 5 6 0 0 0 0}}
21 {2 3 4 7 8 9} {{1 0 0 0 0 0 0 0 0 10} {0 0 0 0 5 6 0 0 0 0}}
22 {2 3 4 7 8 9} {{1 0 0 0 0 0 0 0 0 10} {0 0 0 0 5 6 0 0 0 0}}
23 {2 3 4 7 8 9} {{1 0 0 0 0 0 0 0 0 10} {0 0 0 0 5 6 0 0 0 0}}
24 {4 7 8 9} {{1 0 0 0 0 0 0 0 0 10} {0 2 3 0 0 0 0 0 0 0} {0 0 0 0 5 6 0 0 0 0}}
25 {4 7 8 9} {{1 0 0 0 0 0 0 0 0 10} {0 2 3 0 0 0 0 0 0 0} {0 0 0 0 5 6 0 0 0 0}}
26 {4 7 8 9} {{1 0 0 0 0 0 0 0 0 10} {0 2 3 0 0 0 0 0 0 0} {0 0 0 0 5 6 0 0 0 0}}
27 {4 7 8 9} {{1 0 0 0 0 0 0 0 0 10} {0 2 3 0 0 0 0 0 0 0} {0 0 0 0 5 6 0 0 0 0}}
28 {4 7 8 9} {{1 0 0 0 0 0 0 0 0 10} {0 2 3 0 0 0 0 0 0 0} {0 0 0 0 5 6 0 0 0 0}}
29 {4 7 8 9} {{1 0 0 0 0 0 0 0 0 10} {0 2 3 0 0 0 0 0 0 0} {0 0 0 0 5 6 0 0 0 0}}
30 {4 7 8 9} {{1 0 0 0 0 0 0 0 0 10} {0 2 3 0 0 0 0 0 0 0} {0 0 0 0 5 6 0 0 0 0}}
31 {4 7 8 9} {{1 0 0 0 0 0 0 0 0 10} {0 2 3 0 0 0 0 0 0 0} {0 0 0 0 5 6 0 0 0 0}}
32 {4 7 8 9} {{1 0 0 0 0 0 0 0 0 10} {0 2 3 0 0 0 0 0 0 0} {0 0 0 0 5 6 0 0 0 0}}
33 {4 7 8 9} {{1 0 0 0 0 0 0 0 0 10} {0 2 3 0 0 0 0 0 0 0} {0 0 0 0 5 6 0 0 0 0}}
34 {4 7 8 9} {{1 0 0 0 0 0 0 0 0 10} {0 2 3 0 0 0 0 0 0 0} {0 0 0 0 5 6 0 0 0 0}}
35 {4 7 8 9} {{1 0 0 0 0 0 0 0 0 10} {0 2 3 0 0 0 0 0 0 0} {0 0 0 0 5 6 0 0 0 0}}
36 {4 7 8 9} {{1 0 0 0 0 0 0 0 0 10} {0 2 3 0 0 0 0 0 0 0} {0 0 0 0 5 6 0 0 0 0}}
37 {4 7 8 9} {{1 0 0 0 0 0 0 0 0 10} {0 2 3 0 0 0 0 0 0 0} {0 0 0 0 5 6 0 0 0 0}}
38 {4 7 8 9} {{1 0 0 0 0 0 0 0 0 10} {0 2 3 0 0 0 0 0 0 0} {0 0 0 0 5 6 0 0 0 0}}
39 {4 7 8 9} {{1 0 0 0 0 0 0 0 0 10} {0 2 3 0 0 0 0 0 0 0} {0 0 0 0 5 6 0 0 0 0}}
40 {4 7 8 9} {{1 0 0 0 0 0 0 0 0 10} {0 2 3 0 0 0 0 0 0 0} {0 0 0 0 5 6 0 0 0 0}}
41 {4 7 8 9} {{1 0 0 0 0 0 0 0 0 10} {0 2 3 0 0 0 0 0 0 0} {0 0 0 0 5 6 0 0 0 0}}
42 {4 7 8 9} {{1 0 0 0 0 0 0 0 0 10} {0 2 3 0 0 0 0 0 0 0} {0 0 0 0 5 6 0 0 0 0}}
43 {4 7 8 9} {{1 0 0 0 0 0 0 0 0 10} {0 2 3 0 0 0 0 0 0 0} {0 0 0 0 5 6 0 0 0 0}}
44 {4 7 8 9} {{1 0 0 0 0 0 0 0 0 10} {0 2 3 0 0 0 0 0 0 0} {0 0 0 0 5 6 0 0 0 0}}
45 {4 7 8 9} {{1 0 0 0 0 0 0 0 0 10} {0 2 3 0 0 0 0 0 0 0} {0 0 0 0 5 6 0 0 0 0}}
46 {4 7 8 9} {{1 0 0 0 0 0 0 0 0 10} {0 2 3 0 0 0 0 0 0 0} {0 0 0 0 5 6 0 0 0 0}}
47 {4 7 8 9} {{1 0 0 0 0 0 0 0 0 10} {0 2 3 0 0 0 0 0 0 0} {0 0 0 0 5 6 0 0 0 0}}
48 {4 7 8 9} {{1 0 0 0 0 0 0 0 0 10} {0 2 3 0 0 0 0 0 0 0} {0 0 0 0 5 6 0 0 0 0}}
49 {4 7 8 9} {{1 0 0 0 0 0 0 0 0 10} {0 2 3 0 0 0 0 0 0 0} {0 0 0 0 5 6 0 0 0 0}}
50 {4 7 8 9} {{1 0 0 0 0 0 0 0 0 10} {0 2 3 0 0 0 0 0 0 0} {0 0 0 0 5 6 0 0 0 0}}
51 {4 7 8 9} {{1 0 0 0 0 0 0 0 0 10} {0 2 3 0 0 0 0 0 0 0} {0 0 0 0 5 6 0 0 0 0}}
52 {4 7 8 9} {{1 0 0 0 0 0 0 0 0 10} {0 2 3 0 0 0 0 0 0 0} {0 0 0 0 5 6 0 0 0 0}}
53 {4 7 8 9} {{1 0 0 0 0 0 0 0 0 10} {0 2 3 0 0 0 0 0 0 0} {0 0 0 0 5 6 0 0 0 0}}
54 {4 7 8 9} {{1 0 0 0 0 0 0 0 0 10} {0 2 3 0 0 0 0 0 0 0} {0 0 0 0 5 6 0 0 0 0}}
55 {4 7 8 9} {{1 0 0 0 0 0 0 0 0 10} {0 2 3 0 0 0 0 0 0 0} {0 0 0 0 5 6 0 0 0 0}}
56 {4 7 8 9} {{1 0 0 0 0 0 0 0 0 10} {0 2 3 0 0 0 0 0 0 0} {0 0 0 0 5 6 0 0 0 0}}
57 {4 7 8 9} {{1 0 0 0 0 0 0 0 0 10} {0 2 3 0 0 0 0 0 0 0} {0 0 0 0 5 6 0 0 0 0}}
58 {4 7 8 9} {{1 0 0 0 0 0 0 0 0 10} {0 2 3 0 0 0 0 0 0 0} {0 0 0 0 5 6 0 0 0 0}}
59 {4 7 8 9} {{1 0 0 0 0 0 0 0 0 10} {0 2 3 0 0 0 0 0 0 0} {0 0 0 0 5 6 0 0 0 0}}
60 {4 7 8 9} {{1 0 0 0 0 0 0 0 0 10} {0 2 3 0 0 0 0 0 0 0} {0 0 0 0 5 6 0 0 0 0}}
61 {4 7 8 9} {{1 0 0 0 0 0 0 0 0 10} {0 2 3 0 0 0 0 0 0 0} {0 0 0 0 5 6 0 0 0 0}}
62 {4 7 8 9} {{1 0 0 0 0 0 0 0 0 10} {0 2 3 0 0 0 0 0 0 0} {0 0 0 0 5 6 0 0 0 0}}
63 {4 7 8 9} {{1 0 0 0 0 0 0 0 0 10} {0 2 3 0 0 0 0 0 0 0} {0 0 0 0 5 6 0 0 0 0}}
64 {4 7 8 9} {{1 0 0 0 0 0 0 0 0 10} {0 2 3 0 0 0 0 0 0 0} {0 0 0 0 5 6 0 0 0 0}}
65 {4 7 8 9} {{1 0 0 0 0 0 0 0 0 10} {0 2 3 0 0 0 0 0 0 0} {0 0 0 0 5 6 0 0 0 0}}
66 {4 7 8 9} {{1 0 0 0 0 0 0 0 0 10} {0 2 3 0 0 0 0 0 0 0} {0 0 0 0 5 6 0 0 0 0}}
67 {4 7 8 9} {{1 0 0 0 0 0 0 0 0 10} {0 2 3 0 0 0 0 0 0 0} {0 0 0 0 5 6 0 0 0 0}}
68 {4 7 8 9} {{1 0 0 0 0 0 0 0 0 10} {0 2 3 0 0 0 0 0 0 0} {0 0 0 0 5 6 0 0 0 0}}
69 {4 7 8 9} {{1 0 0 0 0 0 0 0 0 10} {0 2 3 0 0 0 0 0 0 0} {0 0 0 0 5 6 0 0 0 0}}
70 {4 7 8 9} {{1 0 0 0 0 0 0 0 0 10} {0 2 3 0 0 0 0 0 0 0} {0 0 0 0 5 6 0 0 0 0}}
71 {4 7 8 9} {{1 0 0 0 0 0 0 0 0 10} {0 2 3 0 0 0 0 0 0 0} {0 0 0 0 5 6 0 0 0 0}}
72 {4 7 8 9} {{1 0 0 0 0 0 0 0 0 10} {0 2 3 0 0 0 0 0 0 0} {0 0 0 0 5 6 0 0 0 0}}
73 {4 7 8 9} {{1 0 0 0 0 0 0 0 0 10} {0 2 3 0 0 0 0 0 0 0} {0 0 0 0 5 6 0 0 0 0}}
74 {4 7 8 9} {{1 0 0 0 0 0 0 0 0 10} {0 2 3 0 0 0 0 0 0 0} {0 0 0 0 5 6 0 0 0 0}}
75 {4 7 8 9} {{1 0 0 0 0 0 0 0 0 10} {0 2 3 0 0 0 0 0 0 0} {0 0 0 0 5 6 0 0 0 0}}
76 {4 7 8 9} {{1 0 0 0 0 0 0 0 0 10} {0 2 3 0 0 0 0 0 0 0} {0 0 0 0 5 6 0 0 0 0}}
77 {4 7 8 9} {{1 0 0 0 0 0 0 0 0 10} {0 2 3 0 0 0 0 0 0 0} {0 0 0 0 5 6 0 0 0 0}}
78 {4 7 8 9} {{1 0 0 0 0 0 0 0 0 10} {0 2 3 0 0 0 0 0 0 0} {0 0 0 0 5 6 0 0 0 0}}
79 {4 7 8 9} {{1 0 0 0 0 0 0 0 0 10} {0 2 3 0 0 0 0 0 0 0} {0 0 0 0 5 6 0 0 0 0}}
80 {4 7 8 9} {{1 0 0 0 0 0 0 0 0 10} {0 2 3 0 0 0 0 0 0 0} {0 0 0 0 5 6 0 0 0 0}}
81 {4 7 8 9} {{1 0 0 0 0 0 0 0 0 10} {0 2 3 0 0 0 0 0 0 0} {0 0 0 0 5 6 0 0 0 0}}
82 {4 7 8 9} {{1 0 0 0 0 0 0 0 0 10} {0 2 3 0 0 0 0 0 0 0} {0 0 0 0 5 6 0 0 0 0}}
83 {4 7 8 9} {{1 0 0 0 0 0 0 0 0 10} {0 2 3 0 0 0 0 0 0 0} {0 0 0 0 5 6 0 0 0 0}}
84 {4 7 8 9} {{1 0 0 0 0 0 0 0 0 10} {0 2 3 0 0 0 0 0 0 0} {0 0 0 0 5 6 0 0 0 0}}
85 {4 7 8 9} {{1 0 0 0 0 0 0 0 0 10} {0 2 3 0 0 0 0 0 0 0} {0 0 0 0 5 6 0 0 0 0}}
86 {4 7 8 9} {{1 0 0 0 0 0 0 0 0 10} {0 2 3 0 0 0 0 0 0 0} {0 0 0 0 5 6 0 0 0 0}}
87 {4 7 8 9} {{1 0 0 0 0 0 0 0 0 10} {0 2 3 0 0 0 0 0 0 0} {0 0 0 0 5 6 0 0 0 0}}
88 {4 7 8 9} {{1 0 0 0 0 0 0 0 0 10} {0 2 3 0 0 0 0 0 0 0} {0 0 0 0 5 6 0 0 0 0}}
89 {4 7 8 9} {{1 0 0 0 0 0 0 0 0 10} {0 2 3 0 0 0 0 0 0 0} {0 0 0 0 5 6 0 0 0 0}}
90 {4 7 8 9} {{1 0 0 0 0 0 0 0 0 10} {0 2 3 0 0 0 0 0 0 0} {0 0 0 0 5 6 0 0 0 0}}
91 {4 7 8 9} {{1 0 0 0 0 0 0 0 0 10} {0 2 3 0 0 0 0 0 0 0} {0 0 0 0 5 6 0 0 0 0}}
92 {4 7 8 9} {{1 0 0 0 0 0 0 0 0 10} {0 2 3 0 0 0 0 0 0 0} {0 0 0 0 5 6 0 0 0 0}}
93 {4 7 8 9} {{1 0 0 0 0 0 0 0 0 10} {0 2 3 0 0 0 0 0 0 0} {0 0 0 0 5 6 0 0 0 0}}
94 {4 7 8 9} {{1 0 0 0 0 0 0 0 0 10} {0 2 3 0 0 0 0 0 0 0} {0 0 0 0 5 6 0 0 0 0}}
95 {4 7 8 9} {{1 0 0 0 0 0 0 0 0 10} {0 2 3 0 0 0 0 0 0 0} {0 0 0 0 5 6 0 0 0 0}}
96 {4 7 8 9} {{1 0 0 0 0 0 0 0 0 10} {0 2 3 0 0 0 0 0 0 0} {0 0 0 0 5 6 0 0 0 0}}
97 {4 7 8 9} {{1 0 0 0 0 0 0 0 0 10} {0 2 3 0 0 0 0 0 0 0} {0 0 0 0 5 6 0 0 0 0}}
98 {4 7 8 9} {{1 0 0 0 0 0 0 0 0 10} {0 2 3 0 0 0 0 0 0 0} {0 0 0 0 5 6 0 0 0 0}}
99 {4 7 8 9} {{1 0 0 0 0 0 0 0 0 10} {0 2 3 0 0 0 0 0 0 0} {0 0 0 0 5 6 0 0 0 0}}
100 {4 7 8 9} {{1 0 0 0 0 0 0 0 0 10} {0 2 3 0 0 0 0 0 0 0} {0 0 0 0 5 6 0 0 0 0}}
101 {4 7 8 9} {{1 0 0 0 0 0 0 0 0 10} {0 2 3 0 0 0 0 0 0 0} {0 0 0 0 5 6 0 0 0 0}}
102 {4 7 8 9} {{1 0 0 0 0 0 0 0 0 10} {0 2 3 0 0 0 0 0 0 0} {0 0 0 0 5 6 0 0 0 0}}
103 {4 7 8 9} {{1 0 0 0 0 0 0 0 0 10} {0 2 3 0 0 0 0 0 0 0} {0 0 0 0 5 6 0 0 0 0}}
104 {4 7 8 9} {{1 0 0 0 0 0 0 0 0 10} {0 2 3 0 0 0 0 0 0 0} {0 0 0 0 5 6 0 0 0 0}}
105 {4 7 8 9} {{1 0 0 0 0 0 0 0 0 10} {0 2 3 0 0 0 0 0 0 0} {0 0 0 0 5 6 0 0 0 0}}
106 {4 7 8 9} {{1 0 0 0 0 0 0 0 0 10} {0 2 3 0 0 0 0 0 0 0} {0 0 0 0 5 6 0 0 0 0}}
107 {4 7 8 9} {{1 0 0 0 0 0 0 0 0 10} {0 2 3 0 0 0 0 0 0 0} {0 0 0 0 5 6 0 0 0 0}}
108 {4 7 8 9} {{1 0 0 0 0 0 0 0 0 10} {0 2 3 0 0 0 0 0 0 0} {0 0 0 0 5 6 0 0 0 0}}
109 {4 7 8 9} {{1 0 0 0 0 0 0 0 0 10} {0 2 3 0 0 0 0 0 0 0} {0 0 0 0 5 6 0 0 0 0}}
110 {4 7 8 9} {{1 0 0 0 0 0 0 0 0 10} {0 2 3 0 0 0 0 0 0 0} {0 0 0 0 5 6 0 0 0 0}}
111 {4 7 8 9} {{1 0 0 0 0 0 0 0 0 10} {0 2 3 0 0 0 0 0 0 0} {0 0 0 0 5 6 0 0 0 0}}
112 {4 7 8 9} {{1 0 0 0 0 0 0 0 0 10} {0 2 3 0 0 0 0 0 0 0} {0 0 0 0 5 6 0 0 0 0}}
113 {4 7 8 9} {{1 0 0 0 0 0 0 0 0 10} {0 2 3 0 0 0 0 0 0 0} {0 0 0 0 5 6 0 0 0 0}}
114 {4 7 8 9} {{1 0 0 0 0 0 0 0 0 10} {0 2 3 0 0 0 0 0 0 0} {0 0 0 0 5 6 0 0 0 0}}
115 {4 7 8 9} {{1 0 0 0 0 0 0 0 0 10} {0 2 3 0 0 0 0 0 0 0} {0 0 0 0 5 6 0 0 0 0}}
116 {4 7 8 9} {{1 0 0 0 0 0 0 0 0 10} {0 2 3 0 0 0 0 0 0 0} {0 0 0 0 5 6 0 0 0 0}}
117 {4 7 8 9} {{1 0 0 0 0 0 0 0 0 10} {0 2 3 0 0 0 0 0 0 0} {0 0 0 0 5 6 0 0 0 0}}
118 {4 7 8 9} {{1 0 0 0 0 0 0 0 0 10} {0 2 3 0 0 0 0 0 0 0} {0 0 0 0 5 6 0 0 0 0}}
119 {4 7 8 9} {{1 0 0 0 0 0 0 0 0 10} {0 2 3 0 0 0 0 0 0 0} {0 0 0 0 5 6 0 0 0 0}}
120 {4 7 8 9} {{1 0 0 0 0 0 0 0 0 10} {0 2 3 0 0 0 0 0 0 0} {0 0 0 0 5 6 0 0 0 0}}
121 {4 7 8 9} {{1 0 0 0 0 0 0 0 0 10} {0 2 3 0 0 0 0 0 0 0} {0 0 0 0 5 6 0 0 0 0}}
122 {4 7 8 9} {{1 0 0 0 0 0 0 0 0 10} {0 2 3 0 0 0 0 0 0 0} {0 0 0 0 5 6 0 0 0 0}}
123 {4 7 8 9} {{1 0 0 0 0 0 0 0 0 10} {0 2 3 0 0 0 0 0 0 0} {0 0 0 0 5 6 0 0 0 0}}
124 {4 7 8 9} {{1 0 0 0 0 0 0 0 0 10} {0 2 3 0 0 0 0 0 0 0} {0 0 0 0 5 6 0 0 0 0}}
125 {4 7 8 9} {{1 0 0 0 0 0 0 0 0 10} {0 2 3 0 0 0 0 0 0 0} {0 0 0 0 5 6 0 0 0 0}}
126 {4 7 8 9} {{1 0 0 0 0 0 0 0 0 10} {0 2 3 0 0 0 0 0 0 0} {0 0 0 0 5 6 0 0 0 0}}
127 {4 7 8 9} {{1 0 0 0 0 0 0 0 0 10} {0 2 3 0 0 0 0 0 0 0} {0 0 0 0 5 6 0 0 0 0}}
128 {4 7 8 9} {{1 0 0 0 0 0 0 0 0 10} {0 2 3 0 0 0 0 0 0 0} {0 0 0 0 5 6 0 0 0 0}}
129 {4 7 8 9} {{1 0 0 0 0 0 0 0 0 10} {0 2 3 0 0 0 0 0 0 0} {0 0 0 0 5 6 0 0 0 0}}
130 {4 7 8 9} {{1 0 0 0 0 0 0 0 0 10} {0 2 3 0 0 0 0 0 0 0} {0 0 0 0 5 6 0 0 0 0}}
131 {4 7 8 9} {{1 0 0 0 0 0 0 0 0 10} {0 2 3 0 0 0 0 0 0 0} {0 0 0 0 5 6 0 0 0 0}}
132 {4 7 8 9} {{1 0 0 0 0 0 0 0 0 10} {0 2 3 0 0 0 0 0 0 0} {0 0 0 0 5 6 0 0 0 0}}
133 {4 7 8 9} {{1 0 0 0 0 0 0 0 0 10} {0 2 3 0 0 0 0 0 0 0} {0 0 0 0 5 6 0 0 0 0}}
134 {4 7 8 9} {{1 0 0 0 0 0 0 0 0 10} {0 2 3 0 0 0 0 0 0 0} {0 0 0 0 5 6 0 0 0 0}}
135 {4 7 8 9} {{1 0 0 0 0 0 0 0 0 10} {0 2 3 0 0 0 0 0 0 0} {0 0 0 0 5 6 0 0 0 0}}
136 {4 7 8 9} {{1 0 0 0 0 0 0 0 0 10} {0 2 3 0 0 0 0 0 0 0} {0 0 0 0 5 6 0 0 0 0}}
137 {4 7 8 9} {{1 0 0 0 0 0 0 0 0 10} {0 2 3 0 0 0 0 0 0 0} {0 0 0 0 5 6 0 0 0 0}}
138 {7 8} {{1 0 0 0 0 0 0 0 0 10} {0 2 3 0 0 0 0 0 0 0} {0 0 0 4 0 0 0 0 9 0} {0 0 0 0 5 6 0 0 0 0}}
139 {7 8} {{1 0 0 0 0 0 0 0 0 10} {0 2 3 0 0 0 0 0 0 0} {0 0 0 4 0 0 0 0 9 0} {0 0 0 0 5 6 0 0 0 0}}
140 {7 8} {{1 0 0 0 0 0 0 0 0 10} {0 2 3 0 0 0 0 0 0 0} {0 0 0 4 0 0 0 0 9 0} {0 0 0 0 5 6 0 0 0 0}}
141 {7 8} {{1 0 0 0 0 0 0 0 0 10} {0 2 3 0 0 0 0 0 0 0} {0 0 0 4 0 0 0 0 9 0} {0 0 0 0 5 6 0 0 0 0}}
142 {7 8} {{1 0 0 0 0 0 0 0 0 10} {0 2 3 0 0 0 0 0 0 0} {0 0 0 4 0 0 0 0 9 0} {0 0 0 0 5 6 0 0 0 0}}
143 {7 8} {{1 0 0 0 0 0 0 0 0 10} {0 2 3 0 0 0 0 0 0 0} {0 0 0 4 0 0 0 0 9 0} {0 0 0 0 5 6 0 0 0 0}}
144 {7 8} {{1 0 0 0 0 0 0 0 0 10} {0 2 3 0 0 0 0 0 0 0} {0 0 0 4 0 0 0 0 9 0} {0 0 0 0 5 6 0 0 0 0}}
145 {7 8} {{1 0 0 0 0 0 0 0 0 10} {0 2 3 0 0 0 0 0 0 0} {0 0 0 4 0 0 0 0 9 0} {0 0 0 0 5 6 0 0 0 0}}
146 {7 8} {{1 0 0 0 0 0 0 0 0 10} {0 2 3 0 0 0 0 0 0 0} {0 0 0 4 0 0 0 0 9 0} {0 0 0 0 5 6 0 0 0 0}}
147 {7 8} {{1 0 0 0 0 0 0 0 0 10} {0 2 3 0 0 0 0 0 0 0} {0 0 0 4 0 0 0 0 9 0} {0 0 0 0 5 6 0 0 0 0}}
148 8 {{1 0 0 0 0 0 0 0 0 10} {0 2 3 0 0 0 7 0 0 0} {0 0 0 4 0 0 0 0 9 0} {0 0 0 0 5 6 0 0 0 0}}
149 8 {{1 0 0 0 0 0 0 0 0 10} {0 2 3 0 0 0 7 0 0 0} {0 0 0 4 0 0 0 0 9 0} {0 0 0 0 5 6 0 0 0 0}}
150 8 {{1 0 0 0 0 0 0 0 0 10} {0 2 3 0 0 0 7 0 0 0} {0 0 0 4 0 0 0 0 9 0} {0 0 0 0 5 6 0 0 0 0}}
151 8 {{1 0 0 0 0 0 0 0 0 10} {0 2 3 0 0 0 7 0 0 0} {0 0 0 4 0 0 0 0 9 0} {0 0 0 0 5 6 0 0 0 0}}
152 8 {{1 0 0 0 0 0 0 0 0 10} {0 2 3 0 0 0 7 0 0 0} {0 0 0 4 0 0 0 0 9 0} {0 0 0 0 5 6 0 0 0 0}}
153 8 {{1 0 0 0 0 0 0 0 0 10} {0 2 3 0 0 0 7 0 0 0} {0 0 0 4 0 0 0 0 9 0} {0 0 0 0 5 6 0 0 0 0}}
154 8 {{1 0 0 0 0 0 0 0 0 10} {0 2 3 0 0 0 7 0 0 0} {0 0 0 4 0 0 0 0 9 0} {0 0 0 0 5 6 0 0 0 0}}
155 8 {{1 0 0 0 0 0 0 0 0 10} {0 2 3 0 0 0 7 0 0 0} {0 0 0 4 0 0 0 0 9 0} {0 0 0 0 5 6 0 0 0 0}}
156 8 {{1 0 0 0 0 0 0 0 0 10} {0 2 3 0 0 0 7 0 0 0} {0 0 0 4 0 0 0 0 9 0} {0 0 0 0 5 6 0 0 0 0}}
157 8 {{1 0 0 0 0 0 0 0 0 10} {0 2 3 0 0 0 7 0 0 0} {0 0 0 4 0 0 0 0 9 0} {0 0 0 0 5 6 0 0 0 0}}
158 8 {{1 0 0 0 0 0 0 0 0 10} {0 2 3 0 0 0 7 0 0 0} {0 0 0 4 0 0 0 0 9 0} {0 0 0 0 5 6 0 0 0 0}}
159 8 {{1 0 0 0 0 0 0 0 0 10} {0 2 3 0 0 0 7 0 0 0} {0 0 0 4 0 0 0 0 9 0} {0 0 0 0 5 6 0 0 0 0}}
160 8 {{1 0 0 0 0 0 0 0 0 10} {0 2 3 0 0 0 7 0 0 0} {0 0 0 4 0 0 0 0 9 0} {0 0 0 0 5 6 0 0 0 0}}
161 8 {{1 0 0 0 0 0 0 0 0 10} {0 2 3 0 0 0 7 0 0 0} {0 0 0 4 0 0 0 0 9 0} {0 0 0 0 5 6 0 0 0 0}}
162 8 {{1 0 0 0 0 0 0 0 0 10} {0 2 3 0 0 0 7 0 0 0} {0 0 0 4 0 0 0 0 9 0} {0 0 0 0 5 6 0 0 0 0}}
163 8 {{1 0 0 0 0 0 0 0 0 10} {0 2 3 0 0 0 7 0 0 0} {0 0 0 4 0 0 0 0 9 0} {0 0 0 0 5 6 0 0 0 0}}
164 8 {{1 0 0 0 0 0 0 0 0 10} {0 2 3 0 0 0 7 0 0 0} {0 0 0 4 0 0 0 0 9 0} {0 0 0 0 5 6 0 0 0 0}}
165 8 {{1 0 0 0 0 0 0 0 0 10} {0 2 3 0 0 0 7 0 0 0} {0 0 0 4 0 0 0 0 9 0} {0 0 0 0 5 6 0 0 0 0}}
166 8 {{1 0 0 0 0 0 0 0 0 10} {0 2 3 0 0 0 7 0 0 0} {0 0 0 4 0 0 0 0 9 0} {0 0 0 0 5 6 0 0 0 0}}
167 8 {{1 0 0 0 0 0 0 0 0 10} {0 2 3 0 0 0 7 0 0 0} {0 0 0 4 0 0 0 0 9 0} {0 0 0 0 5 6 0 0 0 0}}
168 8 {{1 0 0 0 0 0 0 0 0 10} {0 2 3 0 0 0 7 0 0 0} {0 0 0 4 0 0 0 0 9 0} {0 0 0 0 5 6 0 0 0 0}}
169 8 {{1 0 0 0 0 0 0 0 0 10} {0 2 3 0 0 0 7 0 0 0} {0 0 0 4 0 0 0 0 9 0} {0 0 0 0 5 6 0 0 0 0}}
170 8 {{1 0 0 0 0 0 0 0 0 10} {0 2 3 0 0 0 7 0 0 0} {0 0 0 4 0 0 0 0 9 0} {0 0 0 0 5 6 0 0 0 0}}
171 8 {{1 0 0 0 0 0 0 0 0 10} {0 2 3 0 0 0 7 0 0 0} {0 0 0 4 0 0 0 0 9 0} {0 0 0 0 5 6 0 0 0 0}}
172 8 {{1 0 0 0 0 0 0 0 0 10} {0 2 3 0 0 0 7 0 0 0} {0 0 0 4 0 0 0 0 9 0} {0 0 0 0 5 6 0 0 0 0}}
173 8 {{1 0 0 0 0 0 0 0 0 10} {0 2 3 0 0 0 7 0 0 0} {0 0 0 4 0 0 0 0 9 0} {0 0 0 0 5 6 0 0 0 0}}
174 8 {{1 0 0 0 0 0 0 0 0 10} {0 2 3 0 0 0 7 0 0 0} {0 0 0 4 0 0 0 0 9 0} {0 0 0 0 5 6 0 0 0 0}}
175 8 {{1 0 0 0 0 0 0 0 0 10} {0 2 3 0 5 6 7 0 0 0} {0 0 0 4 0 0 0 0 9 0}}
176 8 {{1 0 0 0 0 0 0 0 0 10} {0 2 3 0 5 6 7 0 0 0} {0 0 0 4 0 0 0 0 9 0}}
177 8 {{1 0 0 0 0 0 0 0 0 10} {0 2 3 0 5 6 7 0 0 0} {0 0 0 4 0 0 0 0 9 0}}
178 8 {{1 0 0 0 0 0 0 0 0 10} {0 2 3 0 5 6 7 0 0 0} {0 0 0 4 0 0 0 0 9 0}}
179 8 {{1 0 0 0 0 0 0 0 0 10} {0 2 3 0 5 6 7 0 0 0} {0 0 0 4 0 0 0 0 9 0}}
180 8 {{1 0 0 0 0 0 0 0 0 10} {0 2 3 0 5 6 7 0 0 0} {0 0 0 4 0 0 0 0 9 0}}
181 8 {{1 0 0 0 0 0 0 0 0 10} {0 2 3 0 5 6 7 0 0 0} {0 0 0 4 0 0 0 0 9 0}}
182 8 {{1 0 0 0 0 0 0 0 0 10} {0 2 3 0 5 6 7 0 0 0} {0 0 0 4 0 0 0 0 9 0}}
183 8 {{1 0 0 0 0 0 0 0 0 10} {0 2 3 0 5 6 7 0 0 0} {0 0 0 4 0 0 0 0 9 0}}
184 8 {{1 0 0 0 0 0 0 0 0 10} {0 2 3 0 5 6 7 0 0 0} {0 0 0 4 0 0 0 0 9 0}}
185 8 {{1 0 0 0 0 0 0 0 0 10} {0 2 3 0 5 6 7 0 0 0} {0 0 0 4 0 0 0 0 9 0}}
186 8 {{1 0 0 0 0 0 0 0 0 10} {0 2 3 0 5 6 7 0 0 0} {0 0 0 4 0 0 0 0 9 0}}
187 8 {{1 0 0 0 0 0 0 0 0 10} {0 2 3 0 5 6 7 0 0 0} {0 0 0 4 0 0 0 0 9 0}}
188 8 {{1 0 0 0 0 0 0 0 0 10} {0 2 3 0 5 6 7 0 0 0} {0 0 0 4 0 0 0 0 9 0}}
189 8 {{1 0 0 0 0 0 0 0 0 10} {0 2 3 0 5 6 7 0 0 0} {0 0 0 4 0 0 0 0 9 0}}
190 {} {{1 0 0 0 0 0 0 0 0 10} {0 2 3 0 5 6 7 0 0 0} {0 0 0 4 0 0 0 8 9 0}}
191 {} {{1 0 0 0 0 0 0 0 0 10} {0 2 3 0 5 6 7 0 0 0} {0 0 0 4 0 0 0 8 9 0}}
192 {} {{1 0 0 0 0 0 0 0 0 10} {0 2 3 0 5 6 7 0 0 0} {0 0 0 4 0 0 0 8 9 0}}
193 {} {{1 0 0 0 0 0 0 0 0 10} {0 2 3 0 5 6 7 0 0 0} {0 0 0 4 0 0 0 8 9 0}}
194 {} {{1 0 0 0 0 0 0 0 0 10} {0 2 3 0 5 6 7 0 0 0} {0 0 0 4 0 0 0 8 9 0}}
195 {} {{1 0 0 0 0 0 0 0 0 10} {0 2 3 0 5 6 7 0 0 0} {0 0 0 4 0 0 0 8 9 0}}
196 {} {{1 0 0 0 0 0 0 0 0 10} {0 2 3 0 5 6 7 0 0 0} {0 0 0 4 0 0 0 8 9 0}}
197 {} {{1 0 0 0 0 0 0 0 0 10} {0 2 3 0 5 6 7 0 0 0} {0 0 0 4 0 0 0 8 9 0}}
198 {} {{1 0 0 0 0 0 0 0 0 10} {0 2 3 0 5 6 7 0 0 0} {0 0 0 4 0 0 0 8 9 0}}
199 {} {{1 0 0 0 0 0 0 0 0 10} {0 2 3 0 5 6 7 0 0 0} {0 0 0 4 0 0 0 8 9 0}}
200 {} {{1 0 0 0 0 0 0 0 0 10} {0 2 3 0 5 6 7 0 0 0} {0 0 0 4 0 0 0 8 9 0}}
201 {} {{1 0 0 0 0 0 0 0 0 10} {0 2 3 0 5 6 7 0 0 0} {0 0 0 4 0 0 0 8 9 0}}
202 {} {{1 0 0 0 0 0 0 0 0 10} {0 2 3 0 5 6 7 0 0 0} {0 0 0 4 0 0 0 8 9 0}}
203 {} {{1 0 0 0 0 0 0 0 0 10} {0 2 3 0 5 6 7 0 0 0} {0 0 0 4 0 0 0 8 9 0}}
204 {} {{1 0 0 0 0 0 0 0 0 10} {0 2 3 0 5 6 7 0 0 0} {0 0 0 4 0 0 0 8 9 0}}
205 {} {{1 0 0 0 0 0 0 0 0 10} {0 2 3 0 5 6 7 0 0 0} {0 0 0 4 0 0 0 8 9 0}}
206 {} {{1 0 0 0 0 0 0 0 0 10} {0 2 3 0 5 6 7 0 0 0} {0 0 0 4 0 0 0 8 9 0}}
207 {} {{1 0 0 0 0 0 0 0 0 10} {0 2 3 0 5 6 7 0 0 0} {0 0 0 4 0 0 0 8 9 0}}
208 {} {{1 0 0 0 0 0 0 0 0 10} {0 2 3 0 5 6 7 0 0 0} {0 0 0 4 0 0 0 8 9 0}}
209 {} {{1 0 0 0 0 0 0 0 0 10} {0 2 3 0 5 6 7 0 0 0} {0 0 0 4 0 0 0 8 9 0}}
210 {} {{1 0 0 0 0 0 0 0 0 10} {0 2 3 0 5 6 7 0 0 0} {0 0 0 4 0 0 0 8 9 0}}
211 {} {{1 0 0 0 0 0 0 0 0 10} {0 2 3 0 5 6 7 0 0 0} {0 0 0 4 0 0 0 8 9 0}}
212 {} {{1 0 0 0 0 0 0 0 0 10} {0 2 3 0 5 6 7 0 0 0} {0 0 0 4 0 0 0 8 9 0}}
213 {} {{1 0 0 0 0 0 0 0 0 10} {0 2 3 0 5 6 7 0 0 0} {0 0 0 4 0 0 0 8 9 0}}
214 {} {{1 0 0 0 0 0 0 0 0 10} {0 2 3 0 5 6 7 0 0 0} {0 0 0 4 0 0 0 8 9 0}}
215 {} {{1 0 0 0 0 0 0 0 0 10} {0 2 3 0 5 6 7 0 0 0} {0 0 0 4 0 0 0 8 9 0}}
216 {} {{1 0 0 0 0 0 0 0 0 10} {0 2 3 0 5 6 7 0 0 0} {0 0 0 4 0 0 0 8 9 0}}
217 {} {{1 0 0 0 0 0 0 0 0 10} {0 2 3 0 5 6 7 0 0 0} {0 0 0 4 0 0 0 8 9 0}}
218 {} {{1 0 0 0 0 0 0 0 0 10} {0 2 3 0 5 6 7 0 0 0} {0 0 0 4 0 0 0 8 9 0}}
219 {} {{1 0 0 0 0 0 0 0 0 10} {0 2 3 0 5 6 7 0 0 0} {0 0 0 4 0 0 0 8 9 0}}
220 {} {{1 0 0 0 0 0 0 0 0 10} {0 2 3 0 5 6 7 0 0 0} {0 0 0 4 0 0 0 8 9 0}}
221 {} {{1 0 0 0 0 0 0 0 0 10} {0 2 3 0 5 6 7 0 0 0} {0 0 0 4 0 0 0 8 9 0}}
222 {} {{1 0 0 0 0 0 0 0 0 10} {0 2 3 0 5 6 7 0 0 0} {0 0 0 4 0 0 0 8 9 0}}
223 {} {{1 0 0 0 0 0 0 0 0 10} {0 2 3 0 5 6 7 0 0 0} {0 0 0 4 0 0 0 8 9 0}}
224 {} {{1 0 0 0 0 0 0 0 0 10} {0 2 3 0 5 6 7 0 0 0} {0 0 0 4 0 0 0 8 9 0}}
225 {} {{1 0 0 0 0 0 0 0 0 10} {0 2 3 0 5 6 7 0 0 0} {0 0 0 4 0 0 0 8 9 0}}
226 {} {{1 0 0 0 0 0 0 0 0 10} {0 2 3 0 5 6 7 0 0 0} {0 0 0 4 0 0 0 8 9 0}}
227 {} {{1 0 0 0 0 0 0 0 0 10} {0 2 3 0 5 6 7 0 0 0} {0 0 0 4 0 0 0 8 9 0}}
228 {} {{1 0 0 0 0 0 0 0 0 10} {0 2 3 0 5 6 7 0 0 0} {0 0 0 4 0 0 0 8 9 0}}
229 {} {{1 0 0 0 0 0 0 0 0 10} {0 2 3 0 5 6 7 0 0 0} {0 0 0 4 0 0 0 8 9 0}}
230 {} {{1 0 0 0 0 0 0 0 0 10} {0 2 3 0 5 6 7 0 0 0} {0 0 0 4 0 0 0 8 9 0}}
231 {} {{1 0 0 0 0 0 0 0 0 10} {0 2 3 0 5 6 7 0 0 0} {0 0 0 4 0 0 0 8 9 0}}
232 {} {{1 0 0 0 0 0 0 0 0 10} {0 2 3 0 5 6 7 0 0 0} {0 0 0 4 0 0 0 8 9 0}}
233 {} {{1 0 0 0 0 0 0 0 0 10} {0 2 3 0 5 6 7 0 0 0} {0 0 0 4 0 0 0 8 9 0}}
234 {} {{1 0 0 0 0 0 0 0 0 10} {0 2 3 0 5 6 7 0 0 0} {0 0 0 4 0 0 0 8 9 0}}
235 {} {{1 0 0 0 0 0 0 0 0 10} {0 2 3 0 5 6 7 0 0 0} {0 0 0 4 0 0 0 8 9 0}}
236 {} {{1 0 0 0 0 0 0 0 0 10} {0 2 3 0 5 6 7 0 0 0} {0 0 0 4 0 0 0 8 9 0}}
237 {} {{1 0 0 0 0 0 0 0 0 10} {0 2 3 0 5 6 7 0 0 0} {0 0 0 4 0 0 0 8 9 0}}
238 {} {{1 0 0 0 0 0 0 0 0 10} {0 2 3 0 5 6 7 0 0 0} {0 0 0 4 0 0 0 8 9 0}}
239 {} {{1 0 0 0 0 0 0 0 0 10} {0 2 3 0 5 6 7 0 0 0} {0 0 0 4 0 0 0 8 9 0}}
240 {} {{1 0 0 0 0 0 0 0 0 10} {0 2 3 0 5 6 7 0 0 0} {0 0 0 4 0 0 0 8 9 0}}
241 {} {{1 0 0 0 0 0 0 0 0 10} {0 2 3 0 5 6 7 0 0 0} {0 0 0 4 0 0 0 8 9 0}}
242 {} {{1 0 0 0 0 0 0 0 0 10} {0 2 3 0 5 6 7 0 0 0} {0 0 0 4 0 0 0 8 9 0}}
243 {} {{1 0 0 0 0 0 0 0 0 10} {0 2 3 0 5 6 7 0 0 0} {0 0 0 4 0 0 0 8 9 0}}
244 {} {{1 0 0 0 0 0 0 0 0 10} {0 2 3 0 5 6 7 0 0 0} {0 0 0 4 0 0 0 8 9 0}}
245 {} {{1 0 0 0 0 0 0 0 0 10} {0 2 3 0 5 6 7 0 0 0} {0 0 0 4 0 0 0 8 9 0}}
246 {} {{1 0 0 0 0 0 0 0 0 10} {0 2 3 0 5 6 7 0 0 0} {0 0 0 4 0 0 0 8 9 0}}
247 {} {{1 0 0 0 0 0 0 0 0 10} {0 2 3 0 5 6 7 0 0 0} {0 0 0 4 0 0 0 8 9 0}}
248 {} {{1 0 0 0 0 0 0 0 0 10} {0 2 3 0 5 6 7 0 0 0} {0 0 0 4 0 0 0 8 9 0}}
249 {} {{1 0 0 0 0 0 0 0 0 10} {0 2 3 0 5 6 7 0 0 0} {0 0 0 4 0 0 0 8 9 0}}
250 {} {{1 0 0 0 0 0 0 0 0 10} {0 2 3 0 5 6 7 0 0 0} {0 0 0 4 0 0 0 8 9 0}}
251 {} {{1 0 0 0 0 0 0 0 0 10} {0 2 3 0 5 6 7 0 0 0} {0 0 0 4 0 0 0 8 9 0}}
252 {} {{1 0 0 0 0 0 0 0 0 10} {0 2 3 0 5 6 7 0 0 0} {0 0 0 4 0 0 0 8 9 0}}
253 {} {{1 0 0 0 0 0 0 0 0 10} {0 2 3 0 5 6 7 0 0 0} {0 0 0 4 0 0 0 8 9 0}}
254 {} {{1 0 0 0 0 0 0 0 0 10} {0 2 3 0 5 6 7 0 0 0} {0 0 0 4 0 0 0 8 9 0}}
255 {} {{1 0 0 0 0 0 0 0 0 10} {0 2 3 0 5 6 7 0 0 0} {0 0 0 4 0 0 0 8 9 0}}
256 {} {{1 0 0 0 0 0 0 0 0 10} {0 2 3 0 5 6 7 0 0 0} {0 0 0 4 0 0 0 8 9 0}}
257 {} {{1 0 0 0 0 0 0 0 0 10} {0 2 3 0 5 6 7 0 0 0} {0 0 0 4 0 0 0 8 9 0}}
258 {} {{1 0 0 0 0 0 0 0 0 10} {0 2 3 0 5 6 7 0 0 0} {0 0 0 4 0 0 0 8 9 0}}
259 {} {{1 0 0 0 0 0 0 0 0 10} {0 2 3 0 5 6 7 0 0 0} {0 0 0 4 0 0 0 8 9 0}}
260 {} {{1 0 0 0 0 0 0 0 0 10} {0 2 3 0 5 6 7 0 0 0} {0 0 0 4 0 0 0 8 9 0}}
261 {} {{1 0 0 0 0 0 0 0 0 10} {0 2 3 0 5 6 7 0 0 0} {0 0 0 4 0 0 0 8 9 0}}
262 {} {{1 0 0 0 0 0 0 0 0 10} {0 2 3 0 5 6 7 0 0 0} {0 0 0 4 0 0 0 8 9 0}}
263 {} {{1 0 0 0 0 0 0 0 0 10} {0 2 3 0 5 6 7 0 0 0} {0 0 0 4 0 0 0 8 9 0}}
264 {} {{1 0 0 0 0 0 0 0 0 10} {0 2 3 0 5 6 7 0 0 0} {0 0 0 4 0 0 0 8 9 0}}
265 {} {{1 0 0 0 0 0 0 0 0 10} {0 2 3 0 5 6 7 0 0 0} {0 0 0 4 0 0 0 8 9 0}}
266 {} {{1 0 0 0 0 0 0 0 0 10} {0 2 3 0 5 6 7 0 0 0} {0 0 0 4 0 0 0 8 9 0}}
267 {} {{1 0 0 0 0 0 0 0 0 10} {0 2 3 0 5 6 7 0 0 0} {0 0 0 4 0 0 0 8 9 0}}
268 {} {{1 0 0 0 0 0 0 0 0 10} {0 2 3 0 5 6 7 0 0 0} {0 0 0 4 0 0 0 8 9 0}}
269 {} {{1 0 0 0 0 0 0 0 0 10} {0 2 3 0 5 6 7 0 0 0} {0 0 0 4 0 0 0 8 9 0}}
270 {} {{1 0 0 0 0 0 0 0 0 10} {0 2 3 0 5 6 7 0 0 0} {0 0 0 4 0 0 0 8 9 0}}
271 {} {{1 0 0 0 0 0 0 0 0 10} {0 2 3 0 5 6 7 0 0 0} {0 0 0 4 0 0 0 8 9 0}}
272 {} {{1 0 0 0 0 0 0 0 0 10} {0 2 3 0 5 6 7 0 0 0} {0 0 0 4 0 0 0 8 9 0}}
273 {} {{1 0 0 0 0 0 0 0 0 10} {0 2 3 0 5 6 7 0 0 0} {0 0 0 4 0 0 0 8 9 0}}
274 {} {{1 0 0 0 0 0 0 0 0 10} {0 2 3 0 5 6 7 0 0 0} {0 0 0 4 0 0 0 8 9 0}}
275 {} {{1 0 0 0 0 0 0 0 0 10} {0 2 3 0 5 6 7 0 0 0} {0 0 0 4 0 0 0 8 9 0}}
276 {} {{1 0 0 0 0 0 0 0 0 10} {0 2 3 0 5 6 7 0 0 0} {0 0 0 4 0 0 0 8 9 0}}
277 {} {{1 0 0 0 0 0 0 0 0 10} {0 2 3 0 5 6 7 0 0 0} {0 0 0 4 0 0 0 8 9 0}}
278 {} {{1 0 0 0 0 0 0 0 0 10} {0 2 3 0 5 6 7 0 0 0} {0 0 0 4 0 0 0 8 9 0}}
279 {} {{1 0 0 0 0 0 0 0 0 10} {0 2 3 0 5 6 7 0 0 0} {0 0 0 4 0 0 0 8 9 0}}
280 {} {{1 0 0 0 0 0 0 0 0 10} {0 2 3 0 5 6 7 0 0 0} {0 0 0 4 0 0 0 8 9 0}}
281 {} {{1 0 0 0 0 0 0 0 0 10} {0 2 3 0 5 6 7 0 0 0} {0 0 0 4 0 0 0 8 9 0}}
282 {} {{1 0 0 0 0 0 0 0 0 10} {0 2 3 0 5 6 7 0 0 0} {0 0 0 4 0 0 0 8 9 0}}
283 {} {{1 0 0 0 0 0 0 0 0 10} {0 2 3 0 5 6 7 0 0 0} {0 0 0 4 0 0 0 8 9 0}}
284 {} {{1 0 0 0 0 0 0 0 0 10} {0 2 3 0 5 6 7 0 0 0} {0 0 0 4 0 0 0 8 9 0}}
285 {} {{1 0 0 0 0 0 0 0 0 10} {0 2 3 0 5 6 7 0 0 0} {0 0 0 4 0 0 0 8 9 0}}
286 {} {{1 0 0 0 0 0 0 0 0 10} {0 2 3 0 5 6 7 0 0 0} {0 0 0 4 0 0 0 8 9 0}}
287 {} {{1 0 0 0 0 0 0 0 0 10} {0 2 3 0 5 6 7 0 0 0} {0 0 0 4 0 0 0 8 9 0}}
288 {} {{1 0 0 0 0 0 0 0 0 10} {0 2 3 0 5 6 7 0 0 0} {0 0 0 4 0 0 0 8 9 0}}
289 {} {{1 0 0 0 0 0 0 0 0 10} {0 2 3 0 5 6 7 0 0 0} {0 0 0 4 0 0 0 8 9 0}}
290 {} {{1 0 0 0 0 0 0 0 0 10} {0 2 3 0 5 6 7 0 0 0} {0 0 0 4 0 0 0 8 9 0}}
291 {} {{1 0 0 0 0 0 0 0 0 10} {0 2 3 0 5 6 7 0 0 0} {0 0 0 4 0 0 0 8 9 0}}
292 {} {{1 0 0 0 0 0 0 0 0 10} {0 2 3 0 5 6 7 0 0 0} {0 0 0 4 0 0 0 8 9 0}}
293 {} {{1 0 0 0 0 0 0 0 0 10} {0 2 3 0 5 6 7 0 0 0} {0 0 0 4 0 0 0 8 9 0}}
294 {} {{1 0 0 0 0 0 0 0 0 10} {0 2 3 0 5 6 7 0 0 0} {0 0 0 4 0 0 0 8 9 0}}
295 {} {{1 0 0 0 0 0 0 0 0 10} {0 2 3 0 5 6 7 0 0 0} {0 0 0 4 0 0 0 8 9 0}}
296 {} {{1 0 0 0 0 0 0 0 0 10} {0 2 3 0 5 6 7 0 0 0} {0 0 0 4 0 0 0 8 9 0}}
297 {} {{1 0 0 0 0 0 0 0 0 10} {0 2 3 0 5 6 7 0 0 0} {0 0 0 4 0 0 0 8 9 0}}
298 {} {{1 0 0 0 0 0 0 0 0 10} {0 2 3 0 5 6 7 0 0 0} {0 0 0 4 0 0 0 8 9 0}}
299 {} {{1 0 0 0 0 0 0 0 0 10} {0 2 3 0 5 6 7 0 0 0} {0 0 0 4 0 0 0 8 9 0}}
300 {} {{1 0 0 0 0 0 0 0 0 10} {0 2 3 0 5 6 7 0 0 0} {0 0 0 4 0 0 0 8 9 0}}
301 {} {{1 0 0 0 0 0 0 0 0 10} {0 2 3 0 5 6 7 0 0 0} {0 0 0 4 0 0 0 8 9 0}}
302 {} {{1 0 0 0 0 0 0 0 0 10} {0 2 3 0 5 6 7 0 0 0} {0 0 0 4 0 0 0 8 9 0}}
303 {} {{1 0 0 0 0 0 0 0 0 10} {0 2 3 0 5 6 7 0 0 0} {0 0 0 4 0 0 0 8 9 0}}
304 {} {{1 0 0 0 0 0 0 0 0 10} {0 2 3 0 5 6 7 0 0 0} {0 0 0 4 0 0 0 8 9 0}}
305 {} {{1 0 0 0 0 0 0 0 0 10} {0 2 3 0 5 6 7 0 0 0} {0 0 0 4 0 0 0 8 9 0}}
306 {} {{1 0 0 0 0 0 0 0 0 10} {0 2 3 0 5 6 7 0 0 0} {0 0 0 4 0 0 0 8 9 0}}
307 {} {{1 0 0 0 0 0 0 0 0 10} {0 2 3 0 5 6 7 0 0 0} {0 0 0 4 0 0 0 8 9 0}}
308 {} {{1 0 0 0 0 0 0 0 0 10} {0 2 3 0 5 6 7 0 0 0} {0 0 0 4 0 0 0 8 9 0}}
309 {} {{1 0 0 0 0 0 0 0 0 10} {0 2 3 0 5 6 7 0 0 0} {0 0 0 4 0 0 0 8 9 0}}
310 {} {{1 0 0 0 0 0 0 0 0 10} {0 2 3 0 5 6 7 0 0 0} {0 0 0 4 0 0 0 8 9 0}}
311 {} {{1 0 0 0 0 0 0 0 0 10} {0 2 3 0 5 6 7 0 0 0} {0 0 0 4 0 0 0 8 9 0}}
312 {} {{1 0 0 0 0 0 0 0 0 10} {0 2 3 0 5 6 7 0 0 0} {0 0 0 4 0 0 0 8 9 0}}
313 {} {{1 0 0 0 0 0 0 0 0 10} {0 2 3 0 5 6 7 0 0 0} {0 0 0 4 0 0 0 8 9 0}}
314 {} {{1 0 0 0 0 0 0 0 0 10} {0 2 3 0 5 6 7 0 0 0} {0 0 0 4 0 0 0 8 9 0}}
315 {} {{1 0 0 0 0 0 0 0 0 10} {0 2 3 0 5 6 7 0 0 0} {0 0 0 4 0 0 0 8 9 0}}
316 {} {{1 0 0 0 0 0 0 0 0 10} {0 2 3 0 5 6 7 0 0 0} {0 0 0 4 0 0 0 8 9 0}}
317 {} {{1 0 0 0 0 0 0 0 0 10} {0 2 3 0 5 6 7 0 0 0} {0 0 0 4 0 0 0 8 9 0}}
318 {} {{1 0 0 0 0 0 0 0 0 10} {0 2 3 0 5 6 7 0 0 0} {0 0 0 4 0 0 0 8 9 0}}
319 {} {{1 0 0 0 0 0 0 0 0 10} {0 2 3 0 5 6 7 0 0 0} {0 0 0 4 0 0 0 8 9 0}}
320 {} {{1 0 0 0 0 0 0 0 0 10} {0 2 3 0 5 6 7 0 0 0} {0 0 0 4 0 0 0 8 9 0}}
321 {} {{1 0 0 0 0 0 0 0 0 10} {0 2 3 0 5 6 7 0 0 0} {0 0 0 4 0 0 0 8 9 0}}
322 {} {{1 0 0 0 0 0 0 0 0 10} {0 2 3 0 5 6 7 0 0 0} {0 0 0 4 0 0 0 8 9 0}}
323 {} {{1 0 0 0 0 0 0 0 0 10} {0 2 3 0 5 6 7 0 0 0} {0 0 0 4 0 0 0 8 9 0}}
324 {} {{1 0 0 0 0 0 0 0 0 10} {0 2 3 0 5 6 7 0 0 0} {0 0 0 4 0 0 0 8 9 0}}
325 {} {{1 0 0 0 0 0 0 0 0 10} {0 2 3 0 5 6 7 0 0 0} {0 0 0 4 0 0 0 8 9 0}}
326 {} {{1 0 0 0 0 0 0 0 0 10} {0 2 3 0 5 6 7 0 0 0} {0 0 0 4 0 0 0 8 9 0}}
327 {} {{1 0 0 0 0 0 0 0 0 10} {0 2 3 0 5 6 7 0 0 0} {0 0 0 4 0 0 0 8 9 0}}
328 {} {{1 0 0 0 0 0 0 0 0 10} {0 2 3 0 5 6 7 0 0 0} {0 0 0 4 0 0 0 8 9 0}}
329 {} {{1 0 0 0 0 0 0 0 0 10} {0 2 3 0 5 6 7 0 0 0} {0 0 0 4 0 0 0 8 9 0}}
330 {} {{1 0 0 0 0 0 0 0 0 10} {0 2 3 0 5 6 7 0 0 0} {0 0 0 4 0 0 0 8 9 0}}
331 {} {{1 0 0 0 0 0 0 0 0 10} {0 2 3 0 5 6 7 0 0 0} {0 0 0 4 0 0 0 8 9 0}}
332 {} {{1 0 0 0 0 0 0 0 0 10} {0 2 3 0 5 6 7 0 0 0} {0 0 0 4 0 0 0 8 9 0}}
333 {} {{1 0 0 0 0 0 0 0 0 10} {0 2 3 0 5 6 7 0 0 0} {0 0 0 4 0 0 0 8 9 0}}
334 {} {{1 0 0 0 0 0 0 0 0 10} {0 2 3 0 5 6 7 0 0 0} {0 0 0 4 0 0 0 8 9 0}}
335 {} {{1 0 0 0 0 0 0 0 0 10} {0 2 3 0 5 6 7 0 0 0} {0 0 0 4 0 0 0 8 9 0}}
336 {} {{1 0 0 0 0 0 0 0 0 10} {0 2 3 0 5 6 7 0 0 0} {0 0 0 4 0 0 0 8 9 0}}
337 {} {{1 0 0 0 0 0 0 0 0 10} {0 2 3 0 5 6 7 0 0 0} {0 0 0 4 0 0 0 8 9 0}}
338 {} {{1 0 0 0 0 0 0 0 0 10} {0 2 3 0 5 6 7 0 0 0} {0 0 0 4 0 0 0 8 9 0}}
339 {} {{1 0 0 0 0 0 0 0 0 10} {0 2 3 0 5 6 7 0 0 0} {0 0 0 4 0 0 0 8 9 0}}
340 {} {{1 0 0 0 0 0 0 0 0 10} {0 2 3 0 5 6 7 0 0 0} {0 0 0 4 0 0 0 8 9 0}}
341 {} {{1 0 0 0 0 0 0 0 0 10} {0 2 3 0 5 6 7 0 0 0} {0 0 0 4 0 0 0 8 9 0}}
342 {} {{1 0 0 0 0 0 0 0 0 10} {0 2 3 0 5 6 7 0 0 0} {0 0 0 4 0 0 0 8 9 0}}
343 {} {{1 0 0 0 0 0 0 0 0 10} {0 2 3 0 5 6 7 0 0 0} {0 0 0 4 0 0 0 8 9 0}}
344 {} {{1 0 0 0 0 0 0 0 0 10} {0 2 3 0 5 6 7 0 0 0} {0 0 0 4 0 0 0 8 9 0}}
345 {} {{1 0 0 0 0 0 0 0 0 10} {0 2 3 0 5 6 7 0 0 0} {0 0 0 4 0 0 0 8 9 0}}
346 {} {{1 0 0 0 0 0 0 0 0 10} {0 2 3 0 5 6 7 0 0 0} {0 0 0 4 0 0 0 8 9 0}}
347 {} {{1 0 0 0 0 0 0 0 0 10} {0 2 3 0 5 6 7 0 0 0} {0 0 0 4 0 0 0 8 9 0}}
348 {} {{1 0 0 0 0 0 0 0 0 10} {0 2 3 0 5 6 7 0 0 0} {0 0 0 4 0 0 0 8 9 0}}
349 {} {{1 0 0 0 0 0 0 0 0 10} {0 2 3 0 5 6 7 0 0 0} {0 0 0 4 0 0 0 8 9 0}}
350 {} {{1 0 0 0 0 0 0 0 0 10} {0 2 3 0 5 6 7 0 0 0} {0 0 0 4 0 0 0 8 9 0}}
351 {} {{1 0 0 0 0 0 0 0 0 10} {0 2 3 0 5 6 7 0 0 0} {0 0 0 4 0 0 0 8 9 0}}
352 {} {{1 0 0 0 0 0 0 0 0 10} {0 2 3 0 5 6 7 0 0 0} {0 0 0 4 0 0 0 8 9 0}}
353 {} {{1 0 0 0 0 0 0 0 0 10} {0 2 3 0 5 6 7 0 0 0} {0 0 0 4 0 0 0 8 9 0}}
354 {} {{1 0 0 0 0 0 0 0 0 10} {0 2 3 0 5 6 7 0 0 0} {0 0 0 4 0 0 0 8 9 0}}
355 {} {{1 0 0 0 0 0 0 0 0 10} {0 2 3 0 5 6 7 0 0 0} {0 0 0 4 0 0 0 8 9 0}}
356 {} {{1 0 0 0 0 0 0 0 0 10} {0 2 3 0 5 6 7 0 0 0} {0 0 0 4 0 0 0 8 9 0}}
357 {} {{1 0 0 0 0 0 0 0 0 10} {0 2 3 0 5 6 7 0 0 0} {0 0 0 4 0 0 0 8 9 0}}
358 {} {{1 0 0 0 0 0 0 0 0 10} {0 2 3 0 5 6 7 0 0 0} {0 0 0 4 0 0 0 8 9 0}}
359 {} {{1 0 0 0 0 0 0 0 0 10} {0 2 3 0 5 6 7 0 0 0} {0 0 0 4 0 0 0 8 9 0}}
360 {} {{1 0 0 0 0 0 0 0 0 10} {0 2 3 0 5 6 7 0 0 0} {0 0 0 4 0 0 0 8 9 0}}
361 {} {{1 0 0 0 0 0 0 0 0 10} {0 2 3 0 5 6 7 0 0 0} {0 0 0 4 0 0 0 8 9 0}}
362 {} {{1 0 0 0 0 0 0 0 0 10} {0 2 3 0 5 6 7 0 0 0} {0 0 0 4 0 0 0 8 9 0}}
363 {} {{1 0 0 0 0 0 0 0 0 10} {0 2 3 0 5 6 7 0 0 0} {0 0 0 4 0 0 0 8 9 0}}
364 {} {{1 0 0 0 0 0 0 0 0 10} {0 2 3 0 5 6 7 0 0 0} {0 0 0 4 0 0 0 8 9 0}}
365 {} {{1 0 0 0 0 0 0 0 0 10} {0 2 3 0 5 6 7 0 0 0} {0 0 0 4 0 0 0 8 9 0}}
366 {} {{1 0 0 0 0 0 0 0 0 10} {0 2 3 0 5 6 7 0 0 0} {0 0 0 4 0 0 0 8 9 0}}
367 {} {{1 0 0 0 0 0 0 0 0 10} {0 2 3 0 5 6 7 0 0 0} {0 0 0 4 0 0 0 8 9 0}}
368 {} {{1 0 0 0 0 0 0 0 0 10} {0 2 3 0 5 6 7 0 0 0} {0 0 0 4 0 0 0 8 9 0}}
369 {} {{1 0 0 0 0 0 0 0 0 10} {0 2 3 0 5 6 7 0 0 0} {0 0 0 4 0 0 0 8 9 0}}
370 {} {{1 0 0 0 0 0 0 0 0 10} {0 2 3 0 5 6 7 0 0 0} {0 0 0 4 0 0 0 8 9 0}}
371 {} {{1 0 0 0 0 0 0 0 0 10} {0 2 3 0 5 6 7 0 0 0} {0 0 0 4 0 0 0 8 9 0}}
372 {} {{1 0 0 0 0 0 0 0 0 10} {0 2 3 0 5 6 7 0 0 0} {0 0 0 4 0 0 0 8 9 0}}
373 {} {{1 0 0 0 0 0 0 0 0 10} {0 2 3 0 5 6 7 0 0 0} {0 0 0 4 0 0 0 8 9 0}}
374 {} {{1 0 0 0 0 0 0 0 0 10} {0 2 3 0 5 6 7 0 0 0} {0 0 0 4 0 0 0 8 9 0}}
375 {} {{1 0 0 0 0 0 0 0 0 10} {0 2 3 0 5 6 7 0 0 0} {0 0 0 4 0 0 0 8 9 0}}
376 {} {{1 0 0 0 0 0 0 0 0 10} {0 2 3 0 5 6 7 0 0 0} {0 0 0 4 0 0 0 8 9 0}}
377 {} {{1 0 0 0 0 0 0 0 0 10} {0 2 3 0 5 6 7 0 0 0} {0 0 0 4 0 0 0 8 9 0}}
378 {} {{1 0 0 0 0 0 0 0 0 10} {0 2 3 0 5 6 7 0 0 0} {0 0 0 4 0 0 0 8 9 0}}
379 {} {{1 0 0 0 0 0 0 0 0 10} {0 2 3 0 5 6 7 0 0 0} {0 0 0 4 0 0 0 8 9 0}}
380 {} {{1 0 0 0 0 0 0 0 0 10} {0 2 3 0 5 6 7 0 0 0} {0 0 0 4 0 0 0 8 9 0}}
381 {} {{1 0 0 0 0 0 0 0 0 10} {0 2 3 0 5 6 7 0 0 0} {0 0 0 4 0 0 0 8 9 0}}
382 {} {{1 0 0 0 0 0 0 0 0 10} {0 2 3 0 5 6 7 0 0 0} {0 0 0 4 0 0 0 8 9 0}}
383 {} {{1 0 0 0 0 0 0 0 0 10} {0 2 3 0 5 6 7 0 0 0} {0 0 0 4 0 0 0 8 9 0}}
384 {} {{1 0 0 0 0 0 0 0 0 10} {0 2 3 0 5 6 7 0 0 0} {0 0 0 4 0 0 0 8 9 0}}
385 {} {{1 0 0 0 0 0 0 0 0 10} {0 2 3 0 5 6 7 0 0 0} {0 0 0 4 0 0 0 8 9 0}}
386 {} {{1 0 0 0 0 0 0 0 0 10} {0 2 3 0 5 6 7 0 0 0} {0 0 0 4 0 0 0 8 9 0}}
387 {} {{1 0 0 0 0 0 0 0 0 10} {0 2 3 0 5 6 7 0 0 0} {0 0 0 4 0 0 0 8 9 0}}
388 {} {{1 0 0 0 0 0 0 0 0 10} {0 2 3 0 5 6 7 0 0 0} {0 0 0 4 0 0 0 8 9 0}}
389 {} {{1 0 0 0 0 0 0 0 0 10} {0 2 3 0 5 6 7 0 0 0} {0 0 0 4 0 0 0 8 9 0}}
390 {} {{1 0 0 0 0 0 0 0 0 10} {0 2 3 0 5 6 7 0 0 0} {0 0 0 4 0 0 0 8 9 0}}
391 {} {{1 0 0 0 0 0 0 0 0 10} {0 2 3 0 5 6 7 0 0 0} {0 0 0 4 0 0 0 8 9 0}}
392 {} {{1 0 0 0 0 0 0 0 0 10} {0 2 3 0 5 6 7 0 0 0} {0 0 0 4 0 0 0 8 9 0}}
393 {} {{1 0 0 0 0 0 0 0 0 10} {0 2 3 0 5 6 7 0 0 0} {0 0 0 4 0 0 0 8 9 0}}
394 {} {{1 0 0 0 0 0 0 0 0 10} {0 2 3 0 5 6 7 0 0 0} {0 0 0 4 0 0 0 8 9 0}}
395 {} {{1 0 0 0 0 0 0 0 0 10} {0 2 3 0 5 6 7 0 0 0} {0 0 0 4 0 0 0 8 9 0}}
396 {} {{1 0 0 0 0 0 0 0 0 10} {0 2 3 0 5 6 7 0 0 0} {0 0 0 4 0 0 0 8 9 0}}
397 {} {{1 0 0 0 0 0 0 0 0 10} {0 2 3 0 5 6 7 0 0 0} {0 0 0 4 0 0 0 8 9 0}}
398 {} {{1 0 0 0 0 0 0 0 0 10} {0 2 3 0 5 6 7 0 0 0} {0 0 0 4 0 0 0 8 9 0}}
399 {} {{1 0 0 0 0 0 0 0 0 10} {0 2 3 0 5 6 7 0 0 0} {0 0 0 4 0 0 0 8 9 0}}
400 {} {{1 0 0 0 0 0 0 0 0 10} {0 2 3 0 5 6 7 0 0 0} {0 0 0 4 0 0 0 8 9 0}}
401 {} {{1 0 0 0 0 0 0 0 0 10} {0 2 3 0 5 6 7 0 0 0} {0 0 0 4 0 0 0 8 9 0}}
402 {} {{1 0 0 0 0 0 0 0 0 10} {0 2 3 0 5 6 7 0 0 0} {0 0 0 4 0 0 0 8 9 0}}
403 {} {{1 0 0 0 0 0 0 0 0 10} {0 2 3 0 5 6 7 0 0 0} {0 0 0 4 0 0 0 8 9 0}}
404 {} {{1 0 0 0 0 0 0 0 0 10} {0 2 3 0 5 6 7 0 0 0} {0 0 0 4 0 0 0 8 9 0}}
405 {} {{1 0 0 0 0 0 0 0 0 10} {0 2 3 0 5 6 7 0 0 0} {0 0 0 4 0 0 0 8 9 0}}
406 {} {{1 0 0 0 0 0 0 0 0 10} {0 2 3 0 5 6 7 0 0 0} {0 0 0 4 0 0 0 8 9 0}}
407 {} {{1 0 0 0 0 0 0 0 0 10} {0 2 3 0 5 6 7 0 0 0} {0 0 0 4 0 0 0 8 9 0}}
408 {} {{1 0 0 0 0 0 0 0 0 10} {0 2 3 0 5 6 7 0 0 0} {0 0 0 4 0 0 0 8 9 0}}
409 {} {{1 0 0 0 0 0 0 0 0 10} {0 2 3 0 5 6 7 0 0 0} {0 0 0 4 0 0 0 8 9 0}}
410 {} {{1 0 0 0 0 0 0 0 0 10} {0 2 3 0 5 6 7 0 0 0} {0 0 0 4 0 0 0 8 9 0}}
411 {} {{1 0 0 0 0 0 0 0 0 10} {0 2 3 0 5 6 7 0 0 0} {0 0 0 4 0 0 0 8 9 0}}
412 {} {{1 0 0 0 0 0 0 0 0 10} {0 2 3 0 5 6 7 0 0 0} {0 0 0 4 0 0 0 8 9 0}}
413 {} {{1 0 0 0 0 0 0 0 0 10} {0 2 3 0 5 6 7 0 0 0} {0 0 0 4 0 0 0 8 9 0}}
414 {} {{1 0 0 0 0 0 0 0 0 10} {0 2 3 0 5 6 7 0 0 0} {0 0 0 4 0 0 0 8 9 0}}
415 {} {{1 0 0 0 0 0 0 0 0 10} {0 2 3 0 5 6 7 0 0 0} {0 0 0 4 0 0 0 8 9 0}}
416 {} {{1 0 0 0 0 0 0 0 0 10} {0 2 3 0 5 6 7 0 0 0} {0 0 0 4 0 0 0 8 9 0}}
417 {} {{1 0 0 0 0 0 0 0 0 10} {0 2 3 0 5 6 7 0 0 0} {0 0 0 4 0 0 0 8 9 0}}
418 {} {{1 0 0 0 0 0 0 0 0 10} {0 2 3 0 5 6 7 0 0 0} {0 0 0 4 0 0 0 8 9 0}}
419 {} {{1 0 0 0 0 0 0 0 0 10} {0 2 3 0 5 6 7 0 0 0} {0 0 0 4 0 0 0 8 9 0}}
420 {} {{1 0 0 0 0 0 0 0 0 10} {0 2 3 0 5 6 7 0 0 0} {0 0 0 4 0 0 0 8 9 0}}
421 {} {{1 0 0 0 0 0 0 0 0 10} {0 2 3 0 5 6 7 0 0 0} {0 0 0 4 0 0 0 8 9 0}}
422 {} {{1 0 0 0 0 0 0 0 0 10} {0 2 3 0 5 6 7 0 0 0} {0 0 0 4 0 0 0 8 9 0}}
423 {} {{1 0 0 0 0 0 0 0 0 10} {0 2 3 0 5 6 7 0 0 0} {0 0 0 4 0 0 0 8 9 0}}
424 {} {{1 0 0 0 0 0 0 0 0 10} {0 2 3 0 5 6 7 0 0 0} {0 0 0 4 0 0 0 8 9 0}}
425 {} {{1 0 0 0 0 0 0 0 0 10} {0 2 3 0 5 6 7 0 0 0} {0 0 0 4 0 0 0 8 9 0}}
426 {} {{1 0 0 0 0 0 0 0 0 10} {0 2 3 0 5 6 7 0 0 0} {0 0 0 4 0 0 0 8 9 0}}
427 {} {{1 0 0 0 0 0 0 0 0 10} {0 2 3 0 5 6 7 0 0 0} {0 0 0 4 0 0 0 8 9 0}}
428 {} {{1 0 0 0 0 0 0 0 0 10} {0 2 3 0 5 6 7 0 0 0} {0 0 0 4 0 0 0 8 9 0}}
429 {} {{1 0 0 0 0 0 0 0 0 10} {0 2 3 0 5 6 7 0 0 0} {0 0 0 4 0 0 0 8 9 0}}
430 {} {{1 0 0 0 0 0 0 0 0 10} {0 2 3 0 5 6 7 0 0 0} {0 0 0 4 0 0 0 8 9 0}}
431 {} {{1 0 0 0 0 0 0 0 0 10} {0 2 3 0 5 6 7 0 0 0} {0 0 0 4 0 0 0 8 9 0}}
432 {} {{1 0 0 0 0 0 0 0 0 10} {0 2 3 0 5 6 7 0 0 0} {0 0 0 4 0 0 0 8 9 0}}
433 {} {{1 0 0 0 0 0 0 0 0 10} {0 2 3 0 5 6 7 0 0 0} {0 0 0 4 0 0 0 8 9 0}}
434 {} {{1 0 0 0 0 0 0 0 0 10} {0 2 3 0 5 6 7 0 0 0} {0 0 0 4 0 0 0 8 9 0}}
435 {} {{1 0 0 0 0 0 0 0 0 10} {0 2 3 0 5 6 7 0 0 0} {0 0 0 4 0 0 0 8 9 0}}
436 {} {{1 0 0 0 0 0 0 0 0 10} {0 2 3 0 5 6 7 0 0 0} {0 0 0 4 0 0 0 8 9 0}}
437 {} {{1 0 0 0 0 0 0 0 0 10} {0 2 3 0 5 6 7 0 0 0} {0 0 0 4 0 0 0 8 9 0}}
438 {} {{1 0 0 0 0 0 0 0 0 10} {0 2 3 0 5 6 7 0 0 0} {0 0 0 4 0 0 0 8 9 0}}
439 {} {{1 0 0 0 0 0 0 0 0 10} {0 2 3 0 5 6 7 0 0 0} {0 0 0 4 0 0 0 8 9 0}}
440 {} {{1 0 0 0 0 0 0 0 0 10} {0 2 3 0 5 6 7 0 0 0} {0 0 0 4 0 0 0 8 9 0}}
441 {} {{1 0 0 0 0 0 0 0 0 10} {0 2 3 0 5 6 7 0 0 0} {0 0 0 4 0 0 0 8 9 0}}
442 {} {{1 0 0 0 0 0 0 0 0 10} {0 2 3 0 5 6 7 0 0 0} {0 0 0 4 0 0 0 8 9 0}}
443 {} {{1 0 0 0 0 0 0 0 0 10} {0 2 3 0 5 6 7 0 0 0} {0 0 0 4 0 0 0 8 9 0}}
444 {} {{1 0 0 0 0 0 0 0 0 10} {0 2 3 0 5 6 7 0 0 0} {0 0 0 4 0 0 0 8 9 0}}
445 {} {{1 0 0 0 0 0 0 0 0 10} {0 2 3 0 5 6 7 0 0 0} {0 0 0 4 0 0 0 8 9 0}}
446 {} {{1 0 0 0 0 0 0 0 0 10} {0 2 3 0 5 6 7 0 0 0} {0 0 0 4 0 0 0 8 9 0}}
447 {} {{1 0 0 0 0 0 0 0 0 10} {0 2 3 0 5 6 7 0 0 0} {0 0 0 4 0 0 0 8 9 0}}
448 {} {{1 0 0 0 0 0 0 0 0 10} {0 2 3 0 5 6 7 0 0 0} {0 0 0 4 0 0 0 8 9 0}}
449 {} {{1 0 0 0 0 0 0 0 0 10} {0 2 3 0 5 6 7 0 0 0} {0 0 0 4 0 0 0 8 9 0}}
450 {} {{1 0 0 0 0 0 0 0 0 10} {0 2 3 0 5 6 7 0 0 0} {0 0 0 4 0 0 0 8 9 0}}
451 {} {{1 0 0 0 0 0 0 0 0 10} {0 2 3 0 5 6 7 0 0 0} {0 0 0 4 0 0 0 8 9 0}}
452 {} {{1 0 0 0 0 0 0 0 0 10} {0 2 3 0 5 6 7 0 0 0} {0 0 0 4 0 0 0 8 9 0}}
453 {} {{1 0 0 0 0 0 0 0 0 10} {0 2 3 0 5 6 7 0 0 0} {0 0 0 4 0 0 0 8 9 0}}
454 {} {{1 0 0 0 0 0 0 0 0 10} {0 2 3 0 5 6 7 0 0 0} {0 0 0 4 0 0 0 8 9 0}}
455 {} {{1 0 0 0 0 0 0 0 0 10} {0 2 3 0 5 6 7 0 0 0} {0 0 0 4 0 0 0 8 9 0}}
456 {} {{1 0 0 0 0 0 0 0 0 10} {0 2 3 0 5 6 7 0 0 0} {0 0 0 4 0 0 0 8 9 0}}
457 {} {{1 0 0 0 0 0 0 0 0 10} {0 2 3 0 5 6 7 0 0 0} {0 0 0 4 0 0 0 8 9 0}}
458 {} {{1 0 0 0 0 0 0 0 0 10} {0 2 3 0 5 6 7 0 0 0} {0 0 0 4 0 0 0 8 9 0}}
459 {} {{1 0 0 0 0 0 0 0 0 10} {0 2 3 0 5 6 7 0 0 0} {0 0 0 4 0 0 0 8 9 0}}
460 {} {{1 0 0 0 0 0 0 0 0 10} {0 2 3 0 5 6 7 0 0 0} {0 0 0 4 0 0 0 8 9 0}}
461 {} {{1 0 0 0 0 0 0 0 0 10} {0 2 3 0 5 6 7 0 0 0} {0 0 0 4 0 0 0 8 9 0}}
462 {} {{1 0 0 0 0 0 0 0 0 10} {0 2 3 0 5 6 7 0 0 0} {0 0 0 4 0 0 0 8 9 0}}
463 {} {{1 0 0 0 0 0 0 0 0 10} {0 2 3 0 5 6 7 0 0 0} {0 0 0 4 0 0 0 8 9 0}}
464 {} {{1 0 0 0 0 0 0 0 0 10} {0 2 3 0 5 6 7 0 0 0} {0 0 0 4 0 0 0 8 9 0}}
465 {} {{1 0 0 0 0 0 0 0 0 10} {0 2 3 0 5 6 7 0 0 0} {0 0 0 4 0 0 0 8 9 0}}
466 {} {{1 0 0 0 0 0 0 0 0 10} {0 2 3 0 5 6 7 0 0 0} {0 0 0 4 0 0 0 8 9 0}}
467 {} {{1 0 0 0 0 0 0 0 0 10} {0 2 3 0 5 6 7 0 0 0} {0 0 0 4 0 0 0 8 9 0}}
468 {} {{1 0 0 0 0 0 0 0 0 10} {0 2 3 0 5 6 7 0 0 0} {0 0 0 4 0 0 0 8 9 0}}
469 {} {{1 0 0 0 0 0 0 0 0 10} {0 2 3 0 5 6 7 0 0 0} {0 0 0 4 0 0 0 8 9 0}}
470 {} {{1 0 0 0 0 0 0 0 0 10} {0 2 3 0 5 6 7 0 0 0} {0 0 0 4 0 0 0 8 9 0}}
471 {} {{1 0 0 0 0 0 0 0 0 10} {0 2 3 0 5 6 7 0 0 0} {0 0 0 4 0 0 0 8 9 0}}
472 {} {{1 0 0 0 0 0 0 0 0 10} {0 2 3 0 5 6 7 0 0 0} {0 0 0 4 0 0 0 8 9 0}}
473 {} {{1 0 0 0 0 0 0 0 0 10} {0 2 3 0 5 6 7 0 0 0} {0 0 0 4 0 0 0 8 9 0}}
474 {} {{1 0 0 0 0 0 0 0 0 10} {0 2 3 0 5 6 7 0 0 0} {0 0 0 4 0 0 0 8 9 0}}
475 {} {{1 0 0 0 0 0 0 0 0 10} {0 2 3 0 5 6 7 0 0 0} {0 0 0 4 0 0 0 8 9 0}}
476 {} {{1 0 0 0 0 0 0 0 0 10} {0 2 3 0 5 6 7 0 0 0} {0 0 0 4 0 0 0 8 9 0}}
477 {} {{1 0 0 0 0 0 0 0 0 10} {0 2 3 0 5 6 7 0 0 0} {0 0 0 4 0 0 0 8 9 0}}
478 {} {{1 0 0 0 0 0 0 0 0 10} {0 2 3 0 5 6 7 0 0 0} {0 0 0 4 0 0 0 8 9 0}}
479 {} {{1 0 0 0 0 0 0 0 0 10} {0 2 3 0 5 6 7 0 0 0} {0 0 0 4 0 0 0 8 9 0}}
480 {} {{1 0 0 0 0 0 0 0 0 10} {0 2 3 0 5 6 7 0 0 0} {0 0 0 4 0 0 0 8 9 0}}
481 {} {{1 0 0 0 0 0 0 0 0 10} {0 2 3 0 5 6 7 0 0 0} {0 0 0 4 0 0 0 8 9 0}}
482 {} {{1 0 0 0 0 0 0 0 0 10} {0 2 3 0 5 6 7 0 0 0} {0 0 0 4 0 0 0 8 9 0}}
483 {} {{1 0 0 0 0 0 0 0 0 10} {0 2 3 0 5 6 7 0 0 0} {0 0 0 4 0 0 0 8 9 0}}
484 {} {{1 0 0 0 0 0 0 0 0 10} {0 2 3 0 5 6 7 0 0 0} {0 0 0 4 0 0 0 8 9 0}}
485 {} {{1 0 0 0 0 0 0 0 0 10} {0 2 3 0 5 6 7 0 0 0} {0 0 0 4 0 0 0 8 9 0}}
486 {} {{1 0 0 0 0 0 0 0 0 10} {0 2 3 0 5 6 7 0 0 0} {0 0 0 4 0 0 0 8 9 0}}
487 {} {{1 0 0 0 0 0 0 0 0 10} {0 2 3 0 5 6 7 0 0 0} {0 0 0 4 0 0 0 8 9 0}}
488 {} {{1 0 0 0 0 0 0 0 0 10} {0 2 3 0 5 6 7 0 0 0} {0 0 0 4 0 0 0 8 9 0}}
489 {} {{1 0 0 0 0 0 0 0 0 10} {0 2 3 0 5 6 7 0 0 0} {0 0 0 4 0 0 0 8 9 0}}
490 {} {{1 0 0 0 0 0 0 0 0 10} {0 2 3 0 5 6 7 0 0 0} {0 0 0 4 0 0 0 8 9 0}}
491 {} {{1 0 0 0 0 0 0 0 0 10} {0 2 3 0 5 6 7 0 0 0} {0 0 0 4 0 0 0 8 9 0}}
492 {} {{1 0 0 0 0 0 0 0 0 10} {0 2 3 0 5 6 7 0 0 0} {0 0 0 4 0 0 0 8 9 0}}
493 {} {{1 0 0 0 0 0 0 0 0 10} {0 2 3 0 5 6 7 0 0 0} {0 0 0 4 0 0 0 8 9 0}}
494 {} {{1 0 0 0 0 0 0 0 0 10} {0 2 3 0 5 6 7 0 0 0} {0 0 0 4 0 0 0 8 9 0}}
495 {} {{1 0 0 0 0 0 0 0 0 10} {0 2 3 0 5 6 7 0 0 0} {0 0 0 4 0 0 0 8 9 0}}
496 {} {{1 0 0 0 0 0 0 0 0 10} {0 2 3 0 5 6 7 0 0 0} {0 0 0 4 0 0 0 8 9 0}}
497 {} {{1 0 0 0 0 0 0 0 0 10} {0 2 3 0 5 6 7 0 0 0} {0 0 0 4 0 0 0 8 9 0}}
498 {} {{1 0 0 0 0 0 0 0 0 10} {0 2 3 0 5 6 7 0 0 0} {0 0 0 4 0 0 0 8 9 0}}
499 {} {{1 0 0 0 0 0 0 0 0 10} {0 2 3 0 5 6 7 0 0 0} {0 0 0 4 0 0 0 8 9 0}}
500 {} {{1 0 0 0 0 0 0 0 0 10} {0 2 3 0 5 6 7 0 0 0} {0 0 0 4 0 0 0 8 9 0}}
501 {} {{1 0 0 0 0 0 0 0 0 10} {0 2 3 0 5 6 7 0 0 0} {0 0 0 4 0 0 0 8 9 0}}
