# Selection:resname AU W ION Restricted:name AUC AUL AUSL Radius:2.64 Start:0 End:-1
0 339.873779296875
1 342.8891296386719
2 104.67596435546875
3 74.09162139892578
4 177.0445098876953
5 98.21446990966797
6 141.29100036621094
7 92.18376922607422
8 149.90628051757813
9 93.90682220458984
10 93.0452880859375
11 70.2147445678711
12 75.38391876220703
13 64.61478424072266
14 33.168922424316406
15 87.87610626220703
16 69.78396606445313
17 87.01457977294922
18 61.59942626953125
19 67.19937133789063
20 37.04581069946289
21 82.70692443847656
22 92.61451721191406
23 51.69182205200195
24 37.90734100341797
25 47.81494140625
26 49.107234954833984
27 46.522647857666016
28 24.9843807220459
29 16.799842834472656
30 107.69131469726563
31 90.46068572998047
32 65.476318359375
33 60.30713653564453
34 37.47657012939453
35 88.73763275146484
36 62.891719818115234
37 20.24596405029297
38 45.66111373901367
39 111.99896240234375
40 80.98385620117188
41 57.291770935058594
42 72.36856079101563
43 135.69105529785156
44 83.13768005371094
45 43.938053131103516
46 71.50703430175781
47 93.04528045654297
48 87.01457977294922
49 83.99922180175781
50 103.38365173339844
51 43.50728988647461
52 98.6452407836914
53 68.92243194580078
54 58.15330505371094
55 78.83003234863281
56 39.630401611328125
57 75.81468200683594
58 79.69156646728516
59 57.291778564453125
60 41.353458404541016
61 96.92216491699219
62 58.15330123901367
63 72.36856842041016
64 87.87611389160156
65 39.63039779663086
66 90.460693359375
67 69.35320281982422
68 138.70640563964844
69 121.04502868652344
70 132.6757049560547
71 82.70691680908203
72 59.87636947631836
73 77.968505859375
74 36.615047454833984
75 32.738155364990234
76 30.58432960510254
77 51.69182205200195
78 37.90734100341797
79 48.67646789550781
80 79.69155883789063
81 46.09187698364258
82 68.0609130859375
83 68.92243194580078
84 97.3529281616211
85 96.06063842773438
86 90.0299301147461
87 113.2912368774414
88 38.76887130737305
89 143.87557983398438
90 87.4453353881836
91 59.44560241699219
92 72.79932403564453
93 46.95341110229492
94 76.24544525146484
95 59.44560241699219
96 78.39927673339844
97 28.86126708984375
98 65.0455551147461
99 104.67594909667969
100 42.645755767822266
101 55.5687141418457
102 23.69208526611328
103 20.24596405029297
104 28.43050193786621
105 47.384178161621094
106 50.399532318115234
107 59.876365661621094
108 25.845911026000977
109 69.35320281982422
110 24.98438262939453
111 47.81494140625
112 30.153562545776367
113 58.153297424316406
114 29.722801208496094
115 34.8919792175293
116 43.07651901245117
117 28.430503845214844
118 55.1379508972168
119 71.93778228759766
120 68.92243194580078
121 59.87636184692383
122 50.3995361328125
123 75.3839111328125
124 75.38391876220703
125 106.82978057861328
126 94.76834869384766
127 134.8295135498047
128 93.0452880859375
129 102.09136199951172
130 98.6452407836914
131 137.41412353515625
132 115.44507598876953
133 136.9833526611328
134 109.84513092041016
135 86.58381652832031
136 85.29151916503906
137 175.75221252441406
138 157.66006469726563
139 83.13768768310547
140 97.35294342041016
141 112.86048126220703
142 69.35321044921875
143 173.598388671875
144 157.66009521484375
145 101.22982788085938
146 25.415145874023438
147 76.24544525146484
148 143.01405334472656
149 97.78369903564453
150 36.61504364013672
151 68.92243194580078
152 58.584068298339844
153 90.8914566040039
154 66.33784484863281
155 67.19937133789063
156 102.952880859375
157 36.615047454833984
158 92.61453247070313
159 134.82952880859375
160 48.67647171020508
161 35.32274627685547
162 58.1533088684082
163 34.89198303222656
164 125.78345489501953
165 98.64523315429688
166 41.353458404541016
167 67.19937133789063
168 69.7839584350586
169 72.36856079101563
170 113.291259765625
171 59.01483917236328
172 79.69158172607422
173 39.19963836669922
174 92.18374633789063
175 52.98412322998047
176 118.02967071533203
177 87.01457214355469
178 92.61453247070313
179 93.90682983398438
180 80.98385620117188
181 42.645755767822266
182 90.0299301147461
183 88.30687713623047
184 135.26026916503906
185 95.19911193847656
186 93.90680694580078
187 96.92217254638672
188 49.107234954833984
189 50.399539947509766
190 60.737892150878906
191 86.15304565429688
192 35.32274627685547
193 96.92217254638672
194 61.16865921020508
195 56.43024826049805
196 57.72254180908203
197 63.322486877441406
198 43.07652282714844
199 68.92243957519531
200 80.12232971191406
201 58.58407211303711
202 40.92270278930664
203 71.93778991699219
204 65.04554748535156
205 99.50675201416016
206 62.03019332885742
207 158.09083557128906
208 75.8146743774414
209 96.0606460571289
210 107.26054382324219
211 108.55284118652344
212 113.72201538085938
213 111.56819152832031
214 93.04529571533203
215 150.33706665039063
216 57.722537994384766
217 52.55335235595703
218 80.55310821533203
219 55.5687141418457
220 55.999481201171875
221 54.707183837890625
222 90.8914566040039
223 71.0762710571289
224 41.78422927856445
225 30.584327697753906
226 79.26079559326172
227 44.36882019042969
228 72.36856079101563
229 37.47657775878906
230 75.38390350341797
231 92.18375396728516
232 37.90734100341797
233 55.99947738647461
234 114.15278625488281
235 119.32197570800781
236 58.584068298339844
237 108.1220703125
238 10.76913070678711
239 43.93805694580078
240 46.09187698364258
241 71.93778991699219
242 56.86101150512695
243 19.38443374633789
244 87.8760986328125
245 103.81442260742188
246 52.98412322998047
247 24.9843807220459
248 46.09187698364258
249 81.41462707519531
250 62.03019332885742
251 96.49140930175781
252 22.399791717529297
253 45.230350494384766
254 98.64523315429688
255 111.99896240234375
256 60.73789978027344
257 61.16865921020508
258 20.24596405029297
259 46.953407287597656
260 75.8146743774414
261 80.9838638305664
262 43.938053131103516
263 146.02938842773438
264 81.84539794921875
265 81.84539031982422
266 98.2144775390625
267 88.30686950683594
268 69.78397369384766
269 68.92243957519531
270 78.83003234863281
271 134.8295135498047
272 104.67594909667969
273 118.89119720458984
274 66.33783721923828
275 81.41461944580078
276 73.66085815429688
277 66.33785247802734
278 52.98412322998047
279 70.6454849243164
280 86.1530532836914
281 34.03044891357422
282 56.43024826049805
283 87.01457214355469
284 62.8917236328125
285 86.58380889892578
286 104.24518585205078
287 74.9531478881836
288 59.876373291015625
289 21.10749626159668
290 37.4765739440918
291 75.81468200683594
292 114.15279388427734
293 99.50676727294922
294 72.36856079101563
295 84.86074829101563
296 49.107242584228516
297 58.58407211303711
298 72.79932403564453
299 153.78318786621094
300 63.75325393676758
301 50.3995361328125
302 71.93778991699219
303 123.19884490966797
304 63.32249069213867
305 60.73789978027344
306 99.50676727294922
307 55.13795471191406
308 88.30686950683594
309 78.3992691040039
310 87.87611389160156
311 87.87611389160156
312 137.4141082763672
313 115.44507598876953
314 29.292034149169922
315 106.39901733398438
316 36.18428039550781
317 68.49166107177734
318 65.9070816040039
319 59.44560241699219
320 52.122589111328125
321 47.81494140625
322 47.81494140625
323 76.67620849609375
324 103.81441497802734
325 72.36856079101563
326 139.9987030029297
327 81.41461944580078
328 52.12259292602539
329 87.44535064697266
330 84.86075592041016
331 102.09135437011719
332 76.67621612548828
333 40.4919319152832
334 75.8146743774414
335 31.876623153686523
336 36.615047454833984
337 55.56871032714844
338 67.63013458251953
339 20.67673110961914
340 57.72254180908203
341 24.55361557006836
342 112.42971801757813
343 50.399532318115234
344 48.67646789550781
345 96.0606460571289
346 53.414886474609375
347 102.09136199951172
348 36.61503982543945
349 62.03019332885742
350 33.59968566894531
351 90.0299301147461
352 51.691829681396484
353 42.645755767822266
354 72.36856079101563
355 147.3217010498047
356 67.19937133789063
357 33.59968948364258
358 83.1376953125
359 97.35294342041016
360 50.399532318115234
361 42.21499252319336
362 35.322750091552734
363 124.06037902832031
364 49.9687614440918
365 70.64550018310547
366 27.568971633911133
367 50.399532318115234
368 75.38391876220703
369 57.72254180908203
370 27.568971633911133
371 59.87636947631836
372 69.78397369384766
373 68.4916763305664
374 37.045806884765625
375 95.62987518310547
376 92.18376922607422
377 64.18402099609375
378 94.76834106445313
379 49.538002014160156
380 106.39900970458984
381 90.4607162475586
382 80.9838638305664
383 83.99921417236328
384 96.92217254638672
385 54.707183837890625
386 74.9531478881836
387 26.707443237304688
388 79.26079559326172
389 42.214988708496094
390 52.98412322998047
391 62.8917236328125
392 31.015094757080078
393 52.9841194152832
394 73.23008728027344
395 66.76860809326172
396 68.92244720458984
397 16.799842834472656
398 40.06116485595703
399 80.98387908935547
400 107.26054382324219
401 77.10697174072266
402 55.1379508972168
403 69.7839584350586
404 65.90707397460938
405 82.27615356445313
406 70.64550018310547
407 116.73737335205078
408 119.32196044921875
409 88.30686950683594
410 59.876365661621094
411 75.8146743774414
412 91.32222747802734
413 121.90656280517578
414 59.014835357666016
415 76.67621612548828
416 101.2298355102539
417 119.32196807861328
418 63.75325393676758
419 49.9687614440918
420 94.33758544921875
421 67.19937896728516
422 62.03019714355469
423 58.58407211303711
424 64.18401336669922
425 83.56845092773438
426 99.93753051757813
427 77.5377426147461
428 55.13794708251953
429 49.107234954833984
430 68.92243957519531
431 123.1988525390625
432 104.67594146728516
433 96.92218017578125
434 51.69182586669922
435 42.64575958251953
436 74.9531478881836
437 55.13794708251953
438 57.29177474975586
439 101.66059875488281
440 88.73764038085938
441 58.15330505371094
442 108.1220703125
443 108.12206268310547
444 68.49166870117188
445 71.07626342773438
446 37.9073371887207
447 40.92269515991211
448 59.87636947631836
449 70.64549255371094
450 122.76809692382813
451 40.0611686706543
452 55.99948501586914
453 52.5533561706543
454 93.90681457519531
455 102.52210998535156
456 71.07626342773438
457 48.676475524902344
458 68.92243194580078
459 53.41489028930664
460 49.96876525878906
461 63.75325012207031
462 68.06090545654297
463 64.18402099609375
464 75.8146743774414
465 110.7066650390625
466 120.61426544189453
467 75.3839111328125
468 125.783447265625
469 31.445858001708984
470 30.58432960510254
471 64.18401336669922
472 72.36856079101563
473 39.630401611328125
474 40.49192810058594
475 35.322750091552734
476 71.0762710571289
477 73.66085815429688
478 43.507286071777344
479 52.55335998535156
480 41.78422546386719
481 65.0455551147461
482 51.26106262207031
483 71.0762710571289
484 57.7225456237793
485 107.69129943847656
486 69.35320281982422
487 102.95288848876953
488 49.53800582885742
489 75.8146743774414
490 40.4919319152832
491 46.95341110229492
492 75.38391876220703
493 89.59917449951172
494 89.16839599609375
495 61.59942626953125
496 46.09187698364258
497 109.41436004638672
498 117.5988998413086
499 183.50596618652344
500 176.18296813964844
501 64.18401336669922
502 74.95314025878906
503 104.24517822265625
504 86.1530532836914
505 115.44507598876953
506 49.107234954833984
507 55.1379508972168
508 139.1371612548828
509 57.291770935058594
510 93.47605895996094
511 55.13794708251953
512 90.8914566040039
513 99.50675964355469
514 99.93753814697266
515 88.30687713623047
516 80.9838638305664
517 80.12232971191406
518 90.02993774414063
519 71.50702667236328
520 31.445859909057617
521 91.32222747802734
522 64.18402099609375
523 84.42997741699219
524 121.47579193115234
525 84.42998504638672
526 59.01483917236328
527 144.3063507080078
528 118.46044158935547
529 131.8141632080078
530 113.29125213623047
531 80.55308532714844
532 44.799583435058594
533 105.9682388305664
534 155.50624084472656
535 41.78422927856445
536 122.76807403564453
537 83.13768768310547
538 66.33783721923828
539 105.96824645996094
540 87.44534301757813
541 76.24544525146484
542 92.18376159667969
543 83.13768005371094
544 82.27616119384766
545 81.41462707519531
546 79.69156646728516
547 78.83003234863281
548 59.01483154296875
549 57.29177474975586
550 55.137943267822266
551 80.5531005859375
552 68.49166870117188
553 67.19937896728516
554 87.01457214355469
555 94.76834106445313
556 101.66059112548828
557 111.99894714355469
558 61.59942626953125
559 40.4919319152832
560 61.59942626953125
561 72.3685531616211
562 99.50675964355469
563 86.15304565429688
564 105.53748321533203
565 40.4919319152832
566 75.81468200683594
567 55.5687141418457
568 51.26106643676758
569 75.81468200683594
570 104.24519348144531
571 55.5687141418457
572 56.43024444580078
573 66.33784484863281
574 57.72254180908203
575 36.61504364013672
576 50.39952850341797
577 68.06090545654297
578 43.938053131103516
579 34.030452728271484
580 76.67620849609375
581 111.13744354248047
582 78.83003997802734
583 100.3683090209961
584 40.49192810058594
585 42.64575958251953
586 100.79905700683594
587 130.95263671875
588 72.79932403564453
589 74.9531478881836
590 65.476318359375
591 46.091880798339844
592 59.87636947631836
593 76.67620849609375
594 102.95288848876953
595 39.19963836669922
596 67.63014221191406
597 89.16840362548828
598 90.89146423339844
599 67.6301498413086
600 60.30712890625
601 58.584068298339844
602 68.49166870117188
603 91.32221984863281
604 72.3685531616211
605 40.06116485595703
606 72.3685531616211
607 27.999738693237305
608 38.33810806274414
609 119.32196807861328
610 104.67596435546875
611 83.56845092773438
612 62.460960388183594
613 46.95341110229492
614 83.99921417236328
615 124.92192077636719
616 96.49141693115234
617 44.799583435058594
618 61.59942626953125
619 32.30738830566406
620 60.73789978027344
621 49.10723876953125
622 52.55335998535156
623 59.01483917236328
624 127.07574462890625
625 59.44560241699219
626 149.9062957763672
627 70.64550018310547
628 90.46070098876953
629 113.72201538085938
630 121.47579956054688
631 139.13717651367188
632 140.42947387695313
633 92.61451721191406
634 116.3066177368164
635 73.23009490966797
636 53.84565353393555
637 38.33810806274414
638 75.81468200683594
639 81.41462707519531
640 70.21472930908203
641 71.93778991699219
642 84.86074829101563
643 99.50678253173828
644 43.938053131103516
645 23.69208526611328
646 87.01457214355469
647 65.9070816040039
648 97.35293579101563
649 94.76834869384766
650 60.30713653564453
651 59.44560623168945
652 140.42945861816406
653 46.52264404296875
654 82.27616119384766
655 72.36856079101563
656 47.814945220947266
657 55.13794708251953
658 49.538002014160156
659 60.30712890625
660 47.814945220947266
661 69.78396606445313
662 36.18427658081055
663 63.75325393676758
664 77.10697937011719
665 76.24544525146484
666 95.1991195678711
667 42.64575958251953
668 89.59915924072266
669 52.55335235595703
670 50.39952850341797
671 53.84565353393555
672 53.41488265991211
673 45.6611213684082
674 40.06116485595703
675 78.3992691040039
676 96.92217254638672
677 119.32197570800781
678 32.30739212036133
679 75.38391876220703
680 113.29124450683594
681 104.67594146728516
682 99.93753051757813
683 92.18376159667969
684 53.84564971923828
685 40.4919319152832
686 61.59942626953125
687 29.29203224182129
688 93.04529571533203
689 31.876625061035156
690 39.63039779663086
691 41.78422546386719
692 59.014835357666016
693 100.79907989501953
694 70.21472930908203
695 118.0296630859375
696 183.50599670410156
697 90.8914566040039
698 68.49166107177734
699 60.30713653564453
700 117.59890747070313
701 64.18402862548828
702 62.03019332885742
703 84.42997741699219
704 80.1223373413086
705 42.21499252319336
706 61.59942626953125
707 46.09188461303711
708 74.09161376953125
709 89.59917449951172
710 34.46121597290039
711 105.10672760009766
712 42.21499252319336
713 68.49166870117188
714 81.84539794921875
715 70.64549255371094
716 77.96851348876953
717 60.307132720947266
718 80.12232971191406
719 28.861270904541016
720 115.01431274414063
721 58.15331268310547
722 42.21499252319336
723 48.24570846557617
724 87.01457977294922
725 49.10723876953125
726 46.95341110229492
727 27.568973541259766
728 53.414886474609375
729 49.96876525878906
730 57.29177474975586
731 58.15330505371094
732 66.76860809326172
733 46.522647857666016
734 89.16840362548828
735 69.35320281982422
736 43.93805694580078
737 55.13795471191406
738 100.79906463623047
739 55.99947738647461
740 41.78422546386719
741 64.18402099609375
742 71.07625579833984
743 57.72254180908203
744 53.41488265991211
745 28.86126708984375
746 48.24570083618164
747 56.86101531982422
748 50.39952850341797
749 82.27615356445313
750 45.66111373901367
751 46.52264404296875
752 69.35320281982422
753 25.84591293334961
754 59.87637710571289
755 61.59942626953125
756 46.953407287597656
757 60.73789978027344
758 49.538002014160156
759 75.8146743774414
760 59.014835357666016
761 107.26054382324219
762 32.30739212036133
763 141.291015625
764 68.06090545654297
765 93.0452880859375
766 101.22982788085938
767 72.79932403564453
768 93.0452880859375
769 62.460960388183594
770 80.1223373413086
771 114.58354949951172
772 89.16841125488281
773 67.63014221191406
774 71.50702667236328
775 86.58380889892578
776 51.26106262207031
777 58.15330505371094
778 28.861268997192383
779 61.168670654296875
780 54.27642059326172
781 41.78422927856445
782 36.61504364013672
783 78.3992691040039
784 50.830299377441406
785 28.861268997192383
786 69.35320281982422
787 67.19937896728516
788 68.92243194580078
789 21.107494354248047
790 34.8919792175293
791 62.8917236328125
792 65.0455551147461
793 79.26080322265625
794 79.26080322265625
795 41.78422927856445
796 53.414894104003906
797 24.12285041809082
798 14.646017074584961
799 62.03019332885742
800 72.36856079101563
801 71.07626342773438
802 56.86100769042969
803 96.06065368652344
804 46.091880798339844
805 155.50624084472656
806 43.50728988647461
807 69.78396606445313
808 74.09162139892578
809 49.96876907348633
810 65.04554748535156
811 63.32249069213867
812 62.46095657348633
813 112.4297103881836
814 135.6910400390625
815 87.87611389160156
816 50.83029556274414
817 65.04554748535156
818 51.691837310791016
819 32.738155364990234
820 107.26054382324219
821 58.584068298339844
822 53.414886474609375
823 66.33784484863281
824 43.507286071777344
825 55.5687141418457
826 34.030452728271484
827 47.384178161621094
828 89.59916687011719
829 52.122596740722656
830 67.19937133789063
831 67.63014221191406
832 74.95314025878906
833 86.15304565429688
834 70.64550018310547
835 41.78423309326172
836 50.830299377441406
837 71.50701904296875
838 34.89198303222656
839 70.21472930908203
840 59.87636947631836
841 74.52237701416016
842 43.07652282714844
843 53.41489028930664
844 56.43025207519531
845 99.07600402832031
846 68.4916763305664
847 94.33757781982422
848 62.03019332885742
849 73.66085815429688
850 36.18428039550781
851 43.938053131103516
852 55.5687141418457
853 106.82977294921875
854 101.66059112548828
855 66.33784484863281
856 55.13794708251953
857 59.445613861083984
858 61.168663024902344
859 111.99897003173828
860 111.13742065429688
861 55.56871795654297
862 38.338104248046875
863 59.01483917236328
864 98.21446990966797
865 66.76860809326172
866 76.67621612548828
867 45.661109924316406
868 69.78396606445313
869 102.95288848876953
870 90.8914566040039
871 111.13742065429688
872 74.52238464355469
873 77.10697937011719
874 55.999481201171875
875 80.55309295654297
876 79.26079559326172
877 62.891719818115234
878 73.66085815429688
879 89.59917449951172
880 163.69081115722656
881 110.7066650390625
882 70.21472930908203
883 129.66033935546875
884 33.168922424316406
885 87.44534301757813
886 65.0455551147461
887 39.63039779663086
888 65.04554748535156
889 66.33784484863281
890 75.3839111328125
891 100.79905700683594
892 116.73736572265625
893 106.82978057861328
894 80.9838638305664
895 115.01429748535156
896 50.39952850341797
897 57.72254180908203
898 84.42999267578125
899 105.96824645996094
900 104.24517822265625
901 57.722537994384766
902 43.938053131103516
903 77.5377426147461
904 71.07626342773438
905 77.53773498535156
906 74.52238464355469
907 90.89144897460938
908 67.63014221191406
909 75.81468200683594
910 49.538002014160156
911 97.78369903564453
912 66.76861572265625
913 90.460693359375
914 48.67646789550781
915 77.968505859375
916 118.46043395996094
917 87.4453353881836
918 72.79932403564453
919 68.0609130859375
920 104.67594909667969
921 25.84591293334961
922 110.70665740966797
923 127.50650024414063
924 46.522647857666016
925 75.81468963623047
926 71.93778991699219
927 62.46095275878906
928 115.445068359375
929 27.568973541259766
930 87.01457214355469
931 45.66111755371094
932 54.276424407958984
933 51.691829681396484
934 47.384178161621094
935 81.41461944580078
936 90.8914794921875
937 51.26105880737305
938 60.307132720947266
939 44.36881637573242
940 45.66111755371094
941 78.83003997802734
942 84.86074829101563
943 111.56819915771484
944 49.53800582885742
945 56.43024826049805
946 83.13768768310547
947 66.33784484863281
948 44.36881637573242
949 15.507547378540039
950 61.59942626953125
951 27.138208389282227
952 36.61504364013672
953 66.33784484863281
954 44.36882019042969
955 52.122596740722656
956 62.460960388183594
957 115.01431274414063
958 47.384178161621094
959 129.22955322265625
960 67.63014221191406
961 83.56845092773438
962 100.36829376220703
963 44.36881637573242
964 41.353458404541016
965 55.999481201171875
966 152.06011962890625
967 61.16866683959961
968 39.19963455200195
969 73.66085815429688
970 124.06037139892578
971 65.476318359375
972 71.07626342773438
973 67.19937133789063
974 31.015092849731445
975 74.52238464355469
976 27.138208389282227
977 60.30712890625
978 42.645751953125
979 40.0611686706543
980 47.38418197631836
981 14.646017074584961
982 54.27642059326172
983 31.445859909057617
984 34.46121597290039
985 65.476318359375
986 89.59916687011719
987 80.55309295654297
988 60.7379035949707
989 25.415145874023438
990 57.29177474975586
991 69.78398132324219
992 68.92243957519531
993 59.44561004638672
994 40.06116485595703
995 93.0452880859375
996 88.73763275146484
997 105.5374755859375
998 34.46121597290039
999 68.06090545654297
1000 39.19963836669922
1001 25.845911026000977
1002 25.845911026000977
