0 32.84748458862305
1 37.67799758911133
2 37.67799758911133
3 18.355947494506836
4 3.864410161972046
5 23.186460494995117
6 96.6102523803711
7 6.7627177238464355
8 4.830512523651123
9 18.355947494506836
10 14.491537094116211
11 13.525434494018555
12 4.830512523651123
13 2.8983075618743896
14 27.050870895385742
15 22.22035789489746
16 26.084766387939453
17 13.525435447692871
18 37.67799758911133
19 33.8135871887207
20 43.474613189697266
21 5.796615123748779
22 38.644100189208984
23 31.881383895874023
24 31.88138198852539
25 46.372920989990234
26 28.016971588134766
27 18.355947494506836
28 5.796615123748779
29 26.084766387939453
30 18.355947494506836
31 10.627127647399902
32 30.915279388427734
33 23.186460494995117
34 0.0
35 35.745792388916016
36 18.355947494506836
37 10.627127647399902
38 0.0
39 57.96615219116211
40 8.69492244720459
41 11.593230247497559
42 9.661025047302246
43 1.932205080986023
44 40.5763053894043
45 18.355947494506836
46 14.491538047790527
47 34.77968978881836
48 37.67799758911133
49 0.0
50 34.77968978881836
51 73.42378997802734
52 10.627127647399902
53 1.932205080986023
54 7.728820323944092
55 7.728819847106934
56 30.915279388427734
57 0.0
58 31.88138198852539
59 14.491537094116211
60 0.0
61 2.8983075618743896
62 65.6949691772461
63 5.796615123748779
64 26.084768295288086
65 13.525435447692871
66 20.28815269470215
67 42.50851058959961
68 13.525435447692871
69 53.13563919067383
70 35.745792388916016
71 6.7627177238464355
72 12.559332847595215
73 25.11866569519043
74 3.864410161972046
75 15.457640647888184
76 3.864410161972046
77 77.28820037841797
78 28.983076095581055
79 22.22035789489746
80 7.728819847106934
81 40.5763053894043
82 33.8135871887207
83 33.8135871887207
84 67.6271743774414
85 28.0169734954834
86 70.52548217773438
87 32.84748458862305
88 32.84748458862305
89 12.559332847595215
90 21.254255294799805
91 17.38984489440918
92 2.8983075618743896
93 28.983076095581055
94 17.38984489440918
95 35.745792388916016
96 21.254255294799805
97 0.9661025404930115
98 10.627127647399902
99 13.525435447692871
100 17.38984489440918
101 33.8135871887207
102 2.8983075618743896
103 29.94917869567871
104 21.254255294799805
105 0.9661025404930115
106 37.67799758911133
107 35.745792388916016
108 20.28815269470215
109 27.05086898803711
110 29.94917869567871
111 22.22035789489746
112 33.8135871887207
113 3.864410161972046
114 43.474613189697266
115 1.932205080986023
116 41.54240798950195
117 21.254255294799805
118 34.77968978881836
119 19.322050094604492
120 3.864410161972046
121 12.559332847595215
122 19.322050094604492
123 13.525435447692871
124 10.627127647399902
125 1.932205080986023
126 47.33902359008789
127 4.830512523651123
128 37.67799758911133
129 22.22035789489746
130 56.0339469909668
131 37.67799758911133
132 29.94917869567871
133 80.18650817871094
134 18.355947494506836
135 27.050870895385742
136 3.864410161972046
137 52.169532775878906
138 26.084768295288086
139 19.322050094604492
140 9.661025047302246
141 28.0169734954834
142 14.491537094116211
143 30.915279388427734
144 20.28815269470215
145 11.593230247497559
146 61.830562591552734
147 3.864410161972046
148 7.728820323944092
149 14.491538047790527
150 35.745792388916016
151 2.8983075618743896
152 29.949176788330078
153 42.50851058959961
154 11.593230247497559
155 14.491538047790527
156 6.7627177238464355
157 23.186460494995117
158 11.593230247497559
159 63.76276779174805
160 53.13563537597656
161 16.423742294311523
162 39.61020278930664
163 47.33902359008789
164 5.796615123748779
165 2.8983075618743896
166 35.745792388916016
167 32.84748458862305
168 70.52548217773438
169 6.7627177238464355
170 8.69492244720459
171 18.355947494506836
172 36.71189498901367
173 73.42378997802734
174 1.932205080986023
175 18.355947494506836
176 39.61020278930664
177 6.7627177238464355
178 23.186460494995117
179 29.949176788330078
180 26.084766387939453
181 20.28815269470215
182 21.254255294799805
183 20.28815269470215
184 8.69492244720459
185 28.0169734954834
186 17.38984489440918
187 20.28815269470215
188 54.101741790771484
189 28.016971588134766
190 56.0339469909668
191 52.16953659057617
192 7.728820323944092
193 14.491537094116211
194 14.491538047790527
195 24.152563095092773
196 14.491538047790527
197 8.69492244720459
198 20.28815269470215
199 2.8983075618743896
200 4.830512523651123
201 0.0
202 9.661025047302246
203 7.728820323944092
204 28.0169734954834
205 22.22035789489746
206 25.11866569519043
207 0.0
208 16.423742294311523
209 53.13563919067383
210 52.169532775878906
211 20.28815269470215
212 24.152563095092773
213 9.661025047302246
214 39.61020278930664
215 10.627127647399902
216 10.627127647399902
217 7.728820323944092
218 42.50851058959961
219 23.186460494995117
220 0.9661025404930115
221 55.06784439086914
222 15.457639694213867
223 26.084766387939453
224 64.72886657714844
225 41.54240798950195
226 21.254255294799805
227 27.05086898803711
228 25.11866569519043
229 56.0339469909668
230 24.152563095092773
231 40.5763053894043
232 34.77968978881836
233 54.101741790771484
234 11.593230247497559
235 44.44071578979492
236 39.61020278930664
237 8.69492244720459
238 3.864410161972046
239 19.322050094604492
240 25.11866569519043
241 42.50851058959961
242 27.05086898803711
243 13.525435447692871
244 25.11866569519043
245 69.55937957763672
246 44.44071578979492
247 88.88143157958984
248 6.7627177238464355
249 6.7627177238464355
250 22.22035789489746
251 51.203433990478516
252 28.0169734954834
253 40.5763053894043
254 35.745792388916016
255 28.0169734954834
256 26.084768295288086
257 62.79666519165039
258 22.22035789489746
259 8.69492244720459
260 22.22035789489746
261 29.94917869567871
262 9.661025047302246
263 44.44071578979492
264 1.932205080986023
265 11.593230247497559
266 16.423742294311523
267 20.28815269470215
268 44.44071578979492
269 39.61020278930664
270 30.915281295776367
271 14.491537094116211
272 16.423742294311523
273 37.67799758911133
274 1.932205080986023
275 11.593230247497559
276 0.9661025404930115
277 9.661025047302246
278 40.5763053894043
279 6.7627177238464355
280 0.9661025404930115
281 35.745792388916016
282 30.915279388427734
283 54.101741790771484
284 59.89835739135742
285 41.54240798950195
286 8.69492244720459
287 93.71194458007813
288 46.372920989990234
289 43.474613189697266
290 44.44071578979492
291 3.864410161972046
292 21.254255294799805
293 23.186460494995117
294 15.457640647888184
295 18.355947494506836
296 9.661025047302246
297 22.22035789489746
298 4.830512523651123
299 20.28815269470215
300 40.5763053894043
301 18.355947494506836
302 1.932205080986023
303 12.559332847595215
304 45.40681838989258
305 51.20343017578125
306 0.9661025404930115
307 6.7627177238464355
308 45.40681838989258
309 20.28815269470215
310 11.593230247497559
311 38.644100189208984
312 0.0
313 16.423742294311523
314 32.84748458862305
315 23.186460494995117
316 64.72886657714844
317 3.864410161972046
318 11.593230247497559
319 43.474613189697266
320 5.796615123748779
321 63.76276779174805
322 15.457640647888184
323 16.423742294311523
324 32.84748458862305
325 32.84748458862305
326 22.22035789489746
327 26.084768295288086
328 31.881383895874023
329 15.457639694213867
330 28.983076095581055
331 49.2712287902832
332 47.33902359008789
333 7.728820323944092
334 48.30512619018555
335 40.5763053894043
336 44.44071578979492
337 45.40681457519531
338 59.89835739135742
339 5.796615123748779
340 1.932205080986023
341 36.71189498901367
342 33.8135871887207
343 0.0
344 30.915281295776367
345 0.0
346 26.084768295288086
347 47.33902359008789
348 29.94917869567871
349 44.44071578979492
350 34.77968978881836
351 5.796615123748779
352 65.6949691772461
353 38.644100189208984
354 27.050870895385742
355 15.457639694213867
356 12.559332847595215
357 12.559332847595215
358 51.203433990478516
359 35.745792388916016
360 4.830512523651123
361 26.084768295288086
362 79.22040557861328
363 2.8983075618743896
364 1.932205080986023
365 143.9492645263672
366 4.830512523651123
367 3.864410161972046
368 21.254255294799805
369 24.152563095092773
370 41.54240798950195
371 23.186460494995117
372 31.88138198852539
373 39.61020278930664
374 32.84748458862305
375 2.8983075618743896
376 13.525435447692871
377 16.423742294311523
378 42.50851058959961
379 0.0
380 6.7627177238464355
381 18.355947494506836
382 29.94917869567871
383 2.8983075618743896
384 13.525434494018555
385 77.28820037841797
386 17.38984489440918
387 43.474613189697266
388 28.983074188232422
389 59.89835739135742
390 13.525435447692871
391 3.864410161972046
392 31.88138198852539
393 6.7627177238464355
394 0.0
395 16.423742294311523
396 36.71189498901367
397 43.474613189697266
398 0.0
399 20.28815269470215
400 24.152563095092773
401 0.9661025404930115
402 42.50851058959961
403 45.40681838989258
404 2.8983075618743896
405 3.864410161972046
406 30.915281295776367
407 6.7627177238464355
408 31.88138198852539
409 15.457640647888184
410 41.54240798950195
411 8.69492244720459
412 0.9661025404930115
413 3.864410161972046
414 4.830512523651123
415 25.11866569519043
416 3.864410161972046
417 5.796615123748779
418 27.050870895385742
419 13.525435447692871
420 16.423742294311523
421 35.745792388916016
422 24.152563095092773
423 9.661025047302246
424 12.559332847595215
425 55.06784439086914
426 43.474613189697266
427 26.084768295288086
428 40.5763053894043
429 11.593230247497559
430 13.525435447692871
431 34.77968978881836
432 17.38984489440918
433 65.6949691772461
434 23.186460494995117
435 85.98312377929688
436 45.40681838989258
437 8.69492244720459
438 41.54240798950195
439 10.627127647399902
440 23.186460494995117
441 5.796615123748779
442 19.322050094604492
443 36.71189498901367
444 28.0169734954834
445 25.11866569519043
446 9.661025047302246
447 0.0
448 19.322050094604492
449 22.22035789489746
450 18.355947494506836
451 26.084768295288086
452 23.186460494995117
453 2.8983075618743896
454 21.254255294799805
455 9.661025047302246
456 38.644100189208984
457 7.728820323944092
458 44.44071578979492
459 85.98312377929688
460 24.152563095092773
461 75.35599517822266
462 28.0169734954834
463 36.71189498901367
464 39.61020278930664
465 56.03394317626953
466 15.457639694213867
467 59.89835739135742
468 40.5763053894043
469 51.203433990478516
470 28.0169734954834
471 22.22035789489746
472 6.7627177238464355
473 5.796615123748779
474 61.830562591552734
475 75.35599517822266
476 23.186460494995117
477 52.16953659057617
478 0.9661025404930115
479 30.915281295776367
480 2.8983075618743896
481 7.728820323944092
482 9.661025047302246
483 0.0
484 57.96615219116211
485 1.932205080986023
486 20.28815269470215
487 63.76276397705078
488 13.525435447692871
489 18.355947494506836
490 17.38984489440918
491 28.0169734954834
492 6.7627177238464355
493 17.38984489440918
494 12.559332847595215
495 69.55937957763672
496 30.915281295776367
497 6.7627177238464355
498 20.28815269470215
499 7.728820323944092
500 20.28815269470215
501 34.77968978881836
502 34.77968978881836
503 50.23733139038086
504 47.33902359008789
505 17.38984489440918
506 65.6949691772461
507 10.627127647399902
508 28.983076095581055
509 5.796615123748779
510 37.67799758911133
511 1.932205080986023
512 1.932205080986023
513 71.49158477783203
514 31.881383895874023
515 34.77968978881836
516 38.644100189208984
517 32.84748458862305
518 24.152563095092773
519 12.559332847595215
520 0.0
521 0.9661025404930115
522 2.8983075618743896
523 21.254255294799805
524 0.9661025404930115
525 22.22035789489746
526 1.932205080986023
527 17.38984489440918
528 42.50851058959961
529 0.0
530 0.0
531 20.28815269470215
532 48.30512237548828
533 13.525434494018555
534 26.084768295288086
535 28.983074188232422
536 34.77968978881836
537 27.050870895385742
538 20.28815269470215
539 7.728820323944092
540 7.728820323944092
541 33.8135871887207
542 25.118663787841797
543 28.0169734954834
544 75.35599517822266
545 0.9661025404930115
546 17.38984489440918
547 25.11866569519043
548 32.84748458862305
549 2.8983075618743896
550 0.9661025404930115
551 64.72886657714844
552 18.355947494506836
553 18.355947494506836
554 9.661025047302246
555 16.423742294311523
556 20.28815269470215
557 0.0
558 4.830512523651123
559 24.152563095092773
560 32.84748458862305
561 14.491538047790527
562 54.101741790771484
563 4.830512523651123
564 51.203433990478516
565 0.0
566 22.22035789489746
567 0.0
568 66.66107177734375
569 3.864410161972046
570 22.22035789489746
571 67.6271743774414
572 9.661025047302246
573 20.28815269470215
574 32.84748458862305
575 16.423742294311523
576 9.661025047302246
577 5.796615123748779
578 5.796615123748779
579 8.69492244720459
580 2.8983075618743896
581 63.76276397705078
582 0.0
583 21.254255294799805
584 24.152563095092773
585 11.593230247497559
586 25.11866569519043
587 17.38984489440918
588 43.474613189697266
589 10.627127647399902
590 13.525435447692871
591 50.237327575683594
592 18.355947494506836
593 0.0
594 17.38984489440918
595 33.8135871887207
596 23.186460494995117
597 60.86445999145508
598 8.69492244720459
599 17.38984489440918
600 26.084768295288086
601 0.9661025404930115
602 13.525435447692871
603 44.44071578979492
604 50.237327575683594
605 10.627127647399902
606 11.593230247497559
607 32.84748458862305
608 38.644100189208984
609 46.372920989990234
610 33.8135871887207
611 21.254255294799805
612 31.881383895874023
613 7.728820323944092
614 44.44071578979492
615 14.491537094116211
616 7.728819847106934
617 57.96615219116211
618 23.186460494995117
619 39.61020278930664
620 0.0
621 22.22035789489746
622 32.84748458862305
623 18.355947494506836
624 59.89835739135742
625 40.5763053894043
626 42.50851058959961
627 58.9322509765625
628 31.881383895874023
629 49.2712287902832
630 23.186460494995117
631 26.084768295288086
632 25.11866569519043
633 32.84748458862305
634 45.40681838989258
635 21.254255294799805
636 27.050870895385742
637 24.152563095092773
638 10.627127647399902
639 61.830562591552734
640 26.084766387939453
641 28.0169734954834
642 39.61020278930664
643 75.35599517822266
644 0.0
645 76.32209777832031
646 27.050870895385742
647 2.8983075618743896
648 16.423742294311523
649 35.745792388916016
650 22.22035789489746
651 6.7627177238464355
652 18.355947494506836
653 14.491537094116211
654 23.186460494995117
655 21.254255294799805
656 17.38984489440918
657 27.050870895385742
658 28.0169734954834
659 33.8135871887207
660 16.423742294311523
661 21.254255294799805
662 51.20343017578125
663 14.491538047790527
664 32.84748458862305
665 7.728820323944092
666 20.28815269470215
667 0.9661025404930115
668 17.38984489440918
669 5.796615123748779
670 10.627127647399902
671 18.355947494506836
672 1.932205080986023
673 24.152563095092773
674 24.152563095092773
675 22.22035789489746
676 7.728820323944092
677 50.23733139038086
678 54.101741790771484
679 4.830512523651123
680 6.7627177238464355
681 5.796615123748779
682 30.915281295776367
683 34.77968978881836
684 29.949176788330078
685 4.830512523651123
686 26.084768295288086
687 6.7627177238464355
688 6.7627177238464355
689 1.932205080986023
690 0.0
691 12.559332847595215
692 56.0339469909668
693 14.491537094116211
694 20.28815269470215
695 3.864410161972046
696 30.915279388427734
697 27.05086898803711
698 2.8983075618743896
699 24.152563095092773
700 89.8475341796875
701 50.23733139038086
702 36.71189498901367
703 9.661025047302246
704 3.864410161972046
705 13.525435447692871
706 53.13563919067383
707 14.491537094116211
708 14.491538047790527
709 55.06784439086914
710 2.8983075618743896
711 73.42378997802734
712 9.661025047302246
713 16.423742294311523
714 60.86445617675781
715 38.644100189208984
716 7.728820323944092
717 48.30512619018555
718 32.84748458862305
719 8.69492244720459
720 48.30512619018555
721 6.7627177238464355
722 48.30512619018555
723 33.8135871887207
724 28.0169734954834
725 13.525435447692871
726 67.6271743774414
727 56.0339469909668
728 24.152563095092773
729 59.89835739135742
730 21.254255294799805
731 7.728820323944092
732 52.16953659057617
733 34.77968978881836
734 43.474613189697266
735 23.186460494995117
736 40.5763053894043
737 23.186458587646484
738 51.203433990478516
739 29.94917869567871
740 12.559332847595215
741 27.050870895385742
742 14.491538047790527
743 25.11866569519043
744 10.627127647399902
745 43.474613189697266
746 50.23733139038086
747 34.77968978881836
748 47.33902359008789
749 18.355947494506836
750 6.7627177238464355
751 4.830512523651123
752 32.84748458862305
753 33.8135871887207
754 7.728820323944092
755 31.881383895874023
756 35.745792388916016
757 13.525435447692871
758 54.101741790771484
759 9.661025047302246
760 56.03394317626953
761 11.593230247497559
762 28.0169734954834
763 45.40681838989258
764 31.881383895874023
765 1.932205080986023
766 3.864410161972046
767 32.84748458862305
768 13.525435447692871
769 31.881383895874023
770 24.152563095092773
771 56.03394317626953
772 38.644100189208984
773 32.84748458862305
774 6.7627177238464355
775 18.355947494506836
776 35.745792388916016
777 8.69492244720459
778 22.22035789489746
779 0.9661025404930115
780 0.9661025404930115
781 2.8983075618743896
782 20.28815269470215
783 24.152563095092773
784 41.54240798950195
785 52.16953659057617
786 1.932205080986023
787 16.423742294311523
788 0.9661025404930115
789 65.6949691772461
790 5.796615123748779
791 28.0169734954834
792 18.355947494506836
793 24.152563095092773
794 36.71189498901367
795 14.491538047790527
796 24.152563095092773
797 1.932205080986023
798 13.525435447692871
799 48.30512619018555
800 0.0
801 51.203433990478516
802 25.11866569519043
803 21.254255294799805
804 8.69492244720459
805 10.627127647399902
806 5.796615123748779
807 8.69492244720459
808 29.94917869567871
809 6.7627177238464355
810 24.152563095092773
811 14.491538047790527
812 18.355947494506836
813 11.593230247497559
814 0.9661025404930115
815 6.7627177238464355
816 45.40681838989258
817 28.0169734954834
818 5.796615123748779
819 4.830512523651123
820 28.983076095581055
821 36.71189498901367
822 9.661025047302246
823 4.830512523651123
824 2.8983075618743896
825 7.728820323944092
826 26.084768295288086
827 14.491538047790527
828 46.372920989990234
829 32.84748458862305
830 5.796615123748779
831 0.0
832 10.627127647399902
833 3.864410161972046
834 39.61020278930664
835 34.77968978881836
836 16.423742294311523
837 16.423742294311523
838 38.644100189208984
839 28.0169734954834
840 25.11866569519043
841 0.0
842 8.69492244720459
843 21.254255294799805
844 7.728820323944092
845 24.152563095092773
846 34.77968978881836
847 5.796615123748779
848 41.54240798950195
849 33.8135871887207
850 12.559332847595215
851 33.8135871887207
852 53.13563537597656
853 26.084768295288086
854 25.11866569519043
855 25.118663787841797
856 37.67799758911133
857 48.30512619018555
858 32.84748458862305
859 32.84748458862305
860 22.22035789489746
861 29.94917869567871
862 26.084766387939453
863 22.22035789489746
864 17.38984489440918
865 7.728820323944092
866 2.8983075618743896
867 39.61020278930664
868 8.69492244720459
869 39.61020278930664
870 19.322050094604492
871 31.881383895874023
872 33.8135871887207
873 35.745792388916016
874 30.915281295776367
875 17.38984489440918
876 8.69492244720459
877 15.457640647888184
878 32.84748458862305
879 39.61020278930664
880 54.10173797607422
881 19.322050094604492
882 51.203433990478516
883 9.661025047302246
884 14.491538047790527
885 18.355947494506836
886 16.423742294311523
887 74.389892578125
888 5.796615123748779
889 15.457640647888184
890 14.491537094116211
891 35.745792388916016
892 25.11866569519043
893 20.28815269470215
894 53.13563919067383
895 69.55937957763672
896 55.067840576171875
897 27.050870895385742
898 22.22035789489746
899 17.38984489440918
900 76.32209777832031
901 28.0169734954834
902 64.72886657714844
903 11.593230247497559
904 9.661025047302246
905 22.22035789489746
906 41.54240798950195
907 2.8983075618743896
908 35.745792388916016
909 8.69492244720459
910 11.593230247497559
911 39.61020278930664
912 26.084768295288086
913 67.6271743774414
914 59.89835739135742
915 13.525435447692871
916 10.627127647399902
917 14.491538047790527
918 20.28815269470215
919 63.76276397705078
920 13.525434494018555
921 9.661025047302246
922 28.983076095581055
923 37.67799758911133
924 55.067840576171875
925 31.88138198852539
926 18.355947494506836
927 10.627127647399902
928 33.8135871887207
929 17.38984489440918
930 19.322050094604492
931 45.40681838989258
932 26.084768295288086
933 31.881383895874023
934 26.084768295288086
935 44.44071578979492
936 12.559332847595215
937 53.13563919067383
938 3.864410161972046
939 20.28815269470215
940 31.881383895874023
941 6.7627177238464355
942 69.55937957763672
943 1.932205080986023
944 1.932205080986023
945 2.8983075618743896
946 72.45768737792969
947 57.00004577636719
948 16.423742294311523
949 50.23733139038086
950 5.796615123748779
951 20.28815269470215
952 22.22035789489746
953 55.06784439086914
954 13.525435447692871
955 34.77968978881836
956 27.050870895385742
957 23.186460494995117
958 38.644100189208984
959 1.932205080986023
960 21.254255294799805
961 9.661025047302246
962 11.593230247497559
963 1.932205080986023
964 4.830512523651123
965 26.084768295288086
966 1.932205080986023
967 38.644100189208984
968 21.254255294799805
969 8.69492244720459
970 22.22035789489746
971 31.881383895874023
972 8.69492244720459
973 7.728820323944092
974 26.084768295288086
975 0.0
976 35.745792388916016
977 17.38984489440918
978 26.084768295288086
979 4.830512523651123
980 5.796615123748779
981 19.322050094604492
982 23.186460494995117
983 18.355947494506836
984 2.8983075618743896
985 28.983074188232422
986 7.728820323944092
987 16.423742294311523
988 0.0
989 22.22035789489746
990 10.627127647399902
991 25.11866569519043
992 35.745792388916016
993 18.355947494506836
994 1.932205080986023
995 30.915281295776367
996 9.661025047302246
997 1.932205080986023
998 6.7627177238464355
999 19.322050094604492
1000 62.796661376953125
1001 29.949176788330078
1002 29.949176788330078
