# Selection 1:name C1A D2A C3A C4A C1B C2B C3B C4B Selection 2:name AUC AUSL AUL Cutoff:8 Start:0 End:-1
0 0
1 0
2 3
3 1
4 8
5 2
6 4
7 5
8 5
9 2
10 6
11 7
12 4
13 4
14 2
15 3
16 5
17 3
18 6
19 1
20 4
21 3
22 5
23 4
24 5
25 6
26 4
27 5
28 3
29 3
30 6
31 2
32 4
33 6
34 4
35 3
36 2
37 1
38 0
39 4
40 2
41 6
42 4
43 6
44 3
45 5
46 4
47 3
48 3
49 3
50 4
51 3
52 0
53 5
54 9
55 3
56 4
57 4
58 7
59 3
60 7
61 3
62 5
63 3
64 3
65 3
66 9
67 3
68 3
69 8
70 5
71 2
72 6
73 3
74 8
75 2
76 2
77 4
78 5
79 5
80 6
81 3
82 3
83 4
84 2
85 5
86 6
87 6
88 5
89 8
90 4
91 4
92 4
93 1
94 1
95 5
96 5
97 5
98 3
99 4
100 2
101 5
102 6
103 5
104 2
105 1
106 1
107 4
108 6
109 5
110 6
111 3
112 5
113 4
114 3
115 6
116 7
117 5
118 5
119 8
120 2
121 2
122 6
123 5
124 4
125 2
126 5
127 2
128 4
129 5
130 4
131 5
132 4
133 8
134 5
135 4
136 4
137 0
138 7
139 4
140 4
141 4
142 5
143 3
144 5
145 3
146 4
147 4
148 5
149 4
150 5
151 7
152 4
153 5
154 4
155 2
156 2
157 5
158 3
159 6
160 4
161 5
162 6
163 3
164 7
165 3
166 5
167 3
168 6
169 6
170 5
171 1
172 6
173 4
174 1
175 3
176 4
177 4
178 5
179 2
180 4
181 0
182 4
183 6
184 5
185 7
186 1
187 6
188 4
189 4
190 5
191 7
192 7
193 3
194 2
195 7
196 5
197 2
198 6
199 1
200 2
201 3
202 9
203 6
204 6
205 8
206 8
207 2
208 6
209 6
210 7
211 4
212 4
213 4
214 5
215 4
216 1
217 0
218 2
219 3
220 3
221 4
222 3
223 4
224 3
225 3
226 3
227 5
228 4
229 3
230 5
231 5
232 5
233 6
234 5
235 6
236 1
237 2
238 1
239 3
240 4
241 4
242 3
243 4
244 4
245 5
246 6
247 9
248 7
249 9
250 2
251 2
252 4
253 2
254 2
255 7
256 4
257 3
258 1
259 8
260 2
261 5
262 3
263 1
264 1
265 3
266 7
267 4
268 2
269 4
270 5
271 4
272 4
273 7
274 5
275 5
276 5
277 3
278 10
279 3
280 6
281 4
282 5
283 5
284 3
285 3
286 3
287 4
288 9
289 4
290 5
291 4
292 1
293 1
294 6
295 4
296 5
297 2
298 3
299 0
300 1
301 8
302 2
303 3
304 3
305 4
306 3
307 3
308 2
309 3
310 4
311 0
312 7
313 1
314 6
315 5
316 4
317 5
318 3
319 3
320 2
321 2
322 2
323 4
324 4
325 4
326 7
327 2
328 2
329 5
330 7
331 8
332 7
333 6
334 3
335 6
336 2
337 7
338 1
339 6
340 4
341 5
342 5
343 5
344 4
345 6
346 4
347 4
348 3
349 1
350 8
351 5
352 3
353 7
354 4
355 1
356 4
357 3
358 2
359 1
360 3
361 4
362 3
363 3
364 2
365 3
366 2
367 1
368 3
369 2
370 1
371 3
372 4
373 7
374 8
375 6
376 3
377 5
378 1
379 3
380 5
381 1
382 2
383 4
384 4
385 2
386 6
387 5
388 2
389 1
390 2
391 3
392 3
393 0
394 4
395 2
396 4
397 1
398 3
399 4
400 4
401 5
402 4
403 3
404 4
405 5
406 5
407 4
408 0
409 4
410 2
411 3
412 6
413 5
414 7
415 6
416 6
417 3
418 8
419 2
420 7
421 2
422 1
423 5
424 6
425 6
426 4
427 6
428 10
429 7
430 5
431 6
432 6
433 6
434 7
435 5
436 6
437 7
438 9
439 4
440 5
441 8
442 7
443 7
444 2
445 7
446 7
447 2
448 2
449 7
450 3
451 6
452 2
453 5
454 5
455 8
456 5
457 6
458 2
459 2
460 4
461 4
462 7
463 5
464 1
465 6
466 3
467 4
468 3
469 2
470 3
471 3
472 5
473 3
474 2
475 6
476 2
477 3
478 7
479 4
480 4
481 4
482 1
483 6
484 10
485 4
486 7
487 6
488 4
489 5
490 3
491 7
492 4
493 5
494 6
495 8
496 9
497 4
498 3
499 7
500 5
501 3
502 3
503 4
504 8
505 10
506 4
507 2
508 7
509 6
510 6
511 5
512 3
513 10
514 2
515 4
516 5
517 3
518 1
519 2
520 4
521 6
522 2
523 7
524 3
525 7
526 7
527 7
528 6
529 4
530 4
531 6
532 4
533 7
534 4
535 4
536 4
537 6
538 2
539 8
540 2
541 4
542 5
543 6
544 4
545 5
546 5
547 6
548 4
549 2
550 3
551 6
552 4
553 3
554 8
555 5
556 4
557 1
558 3
559 3
560 3
561 3
562 2
563 2
564 6
565 5
566 1
567 4
568 7
569 0
570 6
571 2
572 4
573 3
574 3
575 5
576 3
577 5
578 3
579 3
580 5
581 4
582 2
583 3
584 9
585 7
586 9
587 5
588 6
589 5
590 3
591 8
592 4
593 4
594 2
595 6
596 3
597 4
598 2
599 5
600 4
601 3
602 3
603 3
604 4
605 5
606 4
607 4
608 5
609 5
610 4
611 7
612 3
613 3
614 6
615 2
616 5
617 4
618 5
619 5
620 5
621 3
622 1
623 3
624 4
625 1
626 4
627 5
628 3
629 3
630 6
631 6
632 6
633 6
634 3
635 3
636 3
637 1
638 5
639 2
640 5
641 3
642 8
643 8
644 6
645 5
646 4
647 5
648 4
649 1
650 4
651 3
652 5
653 7
654 4
655 6
656 6
657 2
658 4
659 4
660 5
661 6
662 3
663 6
664 5
665 2
666 5
667 1
668 3
669 4
670 5
671 4
672 8
673 2
674 2
675 8
676 3
677 5
678 3
679 2
680 3
681 4
682 5
683 3
684 6
685 6
686 4
687 6
688 4
689 4
690 6
691 5
692 6
693 4
694 1
695 3
696 5
697 9
698 7
699 5
700 3
701 2
702 1
703 2
704 3
705 2
706 4
707 6
708 2
709 4
710 1
711 2
712 2
713 4
714 3
715 5
716 6
717 2
718 3
719 7
720 5
721 1
722 3
723 3
724 2
725 3
726 1
727 4
728 5
729 4
730 5
731 6
732 3
733 6
734 7
735 4
736 3
737 2
738 0
739 6
740 1
741 2
742 5
743 4
744 4
745 5
746 2
747 6
748 4
749 4
750 5
751 4
752 1
753 7
754 6
755 7
756 5
757 6
758 2
759 5
760 8
761 3
762 3
763 4
764 3
765 5
766 3
767 6
768 5
769 2
770 5
771 10
772 3
773 2
774 5
775 5
776 3
777 6
778 4
779 7
780 7
781 1
782 5
783 9
784 1
785 4
786 4
787 4
788 2
789 3
790 0
791 5
792 5
793 6
794 4
795 4
796 7
797 3
798 4
799 4
800 4
801 6
802 4
803 8
804 4
805 6
806 4
807 6
808 8
809 6
810 3
811 3
812 6
813 2
814 5
815 4
816 3
817 4
818 2
819 1
820 6
821 5
822 3
823 3
824 7
825 3
826 3
827 4
828 5
829 4
830 3
831 6
832 6
833 6
834 6
835 5
836 5
837 7
838 3
839 5
840 4
841 4
842 3
843 3
844 3
845 4
846 2
847 3
848 2
849 3
850 2
851 5
852 4
853 8
854 4
855 3
856 3
857 2
858 5
859 2
860 2
861 3
862 2
863 3
864 4
865 6
866 4
867 1
868 2
869 2
870 6
871 6
872 7
873 4
874 3
875 4
876 5
877 8
878 7
879 4
880 4
881 6
882 3
883 5
884 6
885 4
886 3
887 2
888 5
889 1
890 3
891 3
892 5
893 4
894 2
895 2
896 3
897 4
898 7
899 0
900 2
901 2
902 4
903 2
904 5
905 6
906 1
907 6
908 3
909 4
910 3
911 3
912 1
913 5
914 7
915 3
916 5
917 4
918 4
919 2
920 6
921 2
922 1
923 5
924 7
925 1
926 5
927 3
928 5
929 5
930 4
931 4
932 2
933 7
934 6
935 4
936 4
937 6
938 6
939 2
940 4
941 5
942 3
943 4
944 3
945 6
946 7
947 3
948 7
949 5
950 4
951 4
952 7
953 6
954 1
955 0
956 2
957 3
958 4
959 3
960 5
961 6
962 8
963 4
964 3
965 3
966 2
967 9
968 3
969 5
970 2
971 4
972 4
973 6
974 2
975 2
976 4
977 6
978 2
979 6
980 5
981 5
982 1
983 3
984 3
985 1
986 4
987 1
988 5
989 5
990 5
991 2
992 3
993 7
994 5
995 6
996 2
997 4
998 2
999 2
1000 3
1001 3
1002 3
