# Selection:resname AU POPC Restricted:name AUC AUL AUSL Radius:2.64 Start:0 End:-1
0 93.4760513305664
1 93.04528045654297
2 9.476835250854492
3 6.892243385314941
4 0.0
5 2.1538259983062744
6 11.630661010742188
7 4.307651996612549
8 9.046069145202637
9 4.307651996612549
10 5.599947452545166
11 10.338364601135254
12 0.43076521158218384
13 29.292034149169922
14 0.0
15 1.2922956943511963
16 9.476834297180176
17 8.184538841247559
18 4.307651996612549
19 3.4461216926574707
20 3.4461216926574707
21 15.938312530517578
22 6.892243385314941
23 2.1538259983062744
24 6.461478233337402
25 14.215251922607422
26 3.4461216926574707
27 3.8768868446350098
28 4.738417625427246
29 9.476835250854492
30 10.338364601135254
31 8.615303993225098
32 6.892243385314941
33 0.8615304231643677
34 8.615303993225098
35 0.0
36 3.4461216926574707
37 12.492191314697266
38 0.8615304231643677
39 7.3230085372924805
40 3.0153565406799316
41 5.169182300567627
42 3.4461216926574707
43 14.215251922607422
44 5.169182777404785
45 9.476835250854492
46 3.8768868446350098
47 25.84591293334961
48 9.476834297180176
49 0.8615304231643677
50 2.5845913887023926
51 8.615303993225098
52 0.8615304231643677
53 0.8615304231643677
54 0.43076521158218384
55 2.5845913887023926
56 0.0
57 0.8615304231643677
58 6.030713081359863
59 0.43076521158218384
60 5.599947929382324
61 4.307651996612549
62 2.5845911502838135
63 11.630660057067871
64 4.738417148590088
65 5.169182777404785
66 2.5845913887023926
67 3.0153565406799316
68 5.169182777404785
69 7.3230085372924805
70 6.030713081359863
71 4.738417625427246
72 21.53826141357422
73 7.3230085372924805
74 0.43076521158218384
75 4.307651996612549
76 3.8768868446350098
77 0.43076521158218384
78 5.169182777404785
79 13.784486770629883
80 1.7230608463287354
81 1.7230608463287354
82 3.8768868446350098
83 0.8615304231643677
84 5.169182300567627
85 4.738417148590088
86 0.8615304231643677
87 1.2922956943511963
88 3.8768868446350098
89 4.738417148590088
90 1.7230608463287354
91 4.738417148590088
92 0.0
93 20.24596405029297
94 3.4461216926574707
95 0.0
96 4.738417625427246
97 2.1538259983062744
98 2.5845911502838135
99 2.1538262367248535
100 9.907600402832031
101 0.0
102 9.046069145202637
103 6.030713081359863
104 0.8615304231643677
105 9.907599449157715
106 5.599947929382324
107 2.5845911502838135
108 6.892243385314941
109 0.0
110 7.3230085372924805
111 1.7230608463287354
112 2.5845911502838135
113 4.307652473449707
114 2.5845913887023926
115 5.599947929382324
116 9.046070098876953
117 5.599947929382324
118 0.0
119 0.0
120 6.892243385314941
121 11.199895858764648
122 1.7230608463287354
123 2.5845911502838135
124 0.0
125 7.3230085372924805
126 6.892243385314941
127 0.0
128 13.784486770629883
129 5.169182777404785
130 0.43076521158218384
131 13.784486770629883
132 1.7230608463287354
133 1.2922956943511963
134 0.0
135 0.8615304231643677
136 0.0
137 1.2922956943511963
138 2.5845911502838135
139 0.0
140 2.1538262367248535
141 0.8615304231643677
142 5.169182300567627
143 8.184538841247559
144 3.8768868446350098
145 7.7537736892700195
146 0.8615304231643677
147 2.5845913887023926
148 3.876887083053589
149 6.030713081359863
150 7.3230085372924805
151 5.599947929382324
152 9.046069145202637
153 0.8615304231643677
154 3.0153565406799316
155 2.1538259983062744
156 0.8615304231643677
157 1.2922956943511963
158 7.3230085372924805
159 0.0
160 0.43076521158218384
161 6.892243385314941
162 11.199895858764648
163 9.907600402832031
164 13.353721618652344
165 0.43076521158218384
166 5.599947929382324
167 6.892243385314941
168 9.907600402832031
169 7.3230085372924805
170 0.8615304231643677
171 2.5845913887023926
172 12.49219036102295
173 2.5845911502838135
174 2.5845913887023926
175 0.8615304231643677
176 2.5845913887023926
177 9.907600402832031
178 0.0
179 3.4461216926574707
180 3.0153565406799316
181 3.4461216926574707
182 1.7230608463287354
183 2.5845911502838135
184 15.507547378540039
185 4.738417625427246
186 3.44612193107605
187 0.0
188 6.030712604522705
189 4.307651996612549
190 15.938312530517578
191 5.599947452545166
192 7.7537736892700195
193 2.5845911502838135
194 9.907599449157715
195 2.5845913887023926
196 18.522903442382813
197 3.8768868446350098
198 6.892243385314941
199 0.43076521158218384
200 3.4461216926574707
201 3.0153565406799316
202 2.5845913887023926
203 5.599947929382324
204 1.2922956943511963
205 11.199894905090332
206 0.0
207 0.0
208 8.184538841247559
209 2.1538262367248535
210 6.892243385314941
211 2.1538259983062744
212 6.892243385314941
213 8.615303993225098
214 9.046069145202637
215 7.3230085372924805
216 0.8615304231643677
217 4.307651996612549
218 11.199895858764648
219 0.8615304231643677
220 8.184538841247559
221 9.046069145202637
222 2.1538259983062744
223 20.2459659576416
224 13.353721618652344
225 0.8615304231643677
226 4.738417148590088
227 0.0
228 4.738417148590088
229 2.5845913887023926
230 9.046070098876953
231 1.2922956943511963
232 0.0
233 1.2922956943511963
234 0.8615304231643677
235 3.4461216926574707
236 9.046070098876953
237 0.43076521158218384
238 1.7230608463287354
239 6.461478233337402
240 2.1538259983062744
241 1.7230608463287354
242 4.738417148590088
243 5.599947929382324
244 8.184538841247559
245 1.2922956943511963
246 0.0
247 0.43076521158218384
248 3.0153565406799316
249 0.43076521158218384
250 4.307651996612549
251 10.338364601135254
252 2.5845911502838135
253 3.8768868446350098
254 6.030713081359863
255 3.4461216926574707
256 6.030713081359863
257 0.43076521158218384
258 0.8615304231643677
259 2.5845913887023926
260 0.8615304231643677
261 0.8615304231643677
262 11.630661010742188
263 0.43076521158218384
264 4.738417148590088
265 0.0
266 0.43076521158218384
267 0.0
268 5.599947452545166
269 1.7230608463287354
270 4.738417148590088
271 7.7537736892700195
272 15.0767822265625
273 4.307651996612549
274 0.0
275 1.7230608463287354
276 5.599947929382324
277 11.630661010742188
278 10.338364601135254
279 6.030713081359863
280 0.0
281 4.307652473449707
282 2.5845913887023926
283 3.4461216926574707
284 3.4461216926574707
285 0.0
286 1.2922956943511963
287 0.8615304231643677
288 1.2922956943511963
289 0.0
290 0.0
291 2.1538262367248535
292 1.7230608463287354
293 3.0153565406799316
294 0.0
295 0.0
296 1.2922956943511963
297 2.1538259983062744
298 2.1538259983062744
299 8.184538841247559
300 11.199895858764648
301 0.43076521158218384
302 3.0153565406799316
303 4.307651996612549
304 4.307651996612549
305 6.030713081359863
306 4.738417625427246
307 8.615303993225098
308 11.199895858764648
309 1.2922956943511963
310 0.0
311 6.461478233337402
312 2.5845911502838135
313 8.184538841247559
314 6.030713081359863
315 6.892243385314941
316 9.046069145202637
317 0.8615304231643677
318 2.1538259983062744
319 0.0
320 2.1538262367248535
321 0.0
322 1.2922956943511963
323 8.184538841247559
324 3.0153565406799316
325 6.461478233337402
326 2.1538259983062744
327 0.0
328 0.8615304231643677
329 0.8615304231643677
330 11.199894905090332
331 2.1538262367248535
332 2.1538259983062744
333 0.43076521158218384
334 5.169182300567627
335 6.892243385314941
336 1.2922956943511963
337 8.184538841247559
338 7.3230085372924805
339 0.0
340 1.7230608463287354
341 6.892243385314941
342 1.7230608463287354
343 1.2922956943511963
344 24.9843807220459
345 7.3230085372924805
346 8.184538841247559
347 3.0153565406799316
348 5.599947452545166
349 4.307651996612549
350 0.0
351 14.215251922607422
352 14.215250968933105
353 5.599947929382324
354 4.307651996612549
355 14.215251922607422
356 0.8615304231643677
357 5.599947929382324
358 3.4461216926574707
359 13.784486770629883
360 0.43076521158218384
361 0.43076521158218384
362 1.7230608463287354
363 9.907599449157715
364 7.3230085372924805
365 0.0
366 0.8615304231643677
367 0.8615304231643677
368 4.307652473449707
369 0.0
370 4.307651996612549
371 0.43076521158218384
372 12.922956466674805
373 23.69208526611328
374 3.4461216926574707
375 10.76913070678711
376 9.476834297180176
377 11.199895858764648
378 8.184538841247559
379 0.43076521158218384
380 12.061426162719727
381 0.8615304231643677
382 11.630661010742188
383 3.8768868446350098
384 7.7537736892700195
385 3.44612193107605
386 2.1538262367248535
387 3.0153565406799316
388 0.43076521158218384
389 6.030713081359863
390 6.030713081359863
391 6.892243385314941
392 4.738417625427246
393 0.43076521158218384
394 1.7230608463287354
395 6.461478233337402
396 6.030713081359863
397 0.8615304231643677
398 0.0
399 3.0153565406799316
400 11.199894905090332
401 5.169182777404785
402 5.169182777404785
403 1.7230608463287354
404 15.938312530517578
405 2.5845911502838135
406 0.8615304231643677
407 3.4461216926574707
408 2.5845911502838135
409 2.5845913887023926
410 9.907599449157715
411 1.2922956943511963
412 3.8768868446350098
413 1.7230608463287354
414 2.1538259983062744
415 6.030713081359863
416 5.169182777404785
417 0.0
418 2.1538262367248535
419 3.8768868446350098
420 4.738417148590088
421 0.8615304231643677
422 8.615304946899414
423 3.8768868446350098
424 3.8768868446350098
425 12.922956466674805
426 2.1538259983062744
427 1.7230608463287354
428 1.2922956943511963
429 8.615303993225098
430 4.738417625427246
431 1.2922956943511963
432 9.476834297180176
433 0.8615304231643677
434 3.4461216926574707
435 2.1538259983062744
436 7.3230085372924805
437 0.0
438 3.4461216926574707
439 6.030712604522705
440 4.307651996612549
441 0.43076521158218384
442 23.261320114135742
443 0.0
444 6.892243385314941
445 2.5845913887023926
446 3.0153565406799316
447 1.7230608463287354
448 2.5845913887023926
449 7.3230085372924805
450 1.7230608463287354
451 9.476835250854492
452 7.3230085372924805
453 1.7230608463287354
454 1.7230608463287354
455 0.0
456 9.907599449157715
457 1.7230608463287354
458 10.33836555480957
459 3.0153565406799316
460 8.615303993225098
461 2.5845913887023926
462 3.8768868446350098
463 10.33836555480957
464 14.215251922607422
465 9.046070098876953
466 0.43076521158218384
467 14.215251922607422
468 0.8615304231643677
469 7.7537736892700195
470 0.8615304231643677
471 3.4461216926574707
472 0.8615304231643677
473 5.599947452545166
474 18.95366859436035
475 3.8768868446350098
476 3.8768868446350098
477 3.0153565406799316
478 0.0
479 0.0
480 3.0153565406799316
481 0.8615304231643677
482 6.461478233337402
483 1.2922956943511963
484 3.8768868446350098
485 5.169182777404785
486 7.7537736892700195
487 2.1538262367248535
488 2.5845913887023926
489 4.738417148590088
490 1.7230608463287354
491 10.76913070678711
492 0.0
493 1.7230608463287354
494 3.4461216926574707
495 3.4461216926574707
496 0.43076521158218384
497 0.8615304231643677
498 3.4461216926574707
499 0.43076521158218384
500 6.030713081359863
501 3.0153565406799316
502 0.8615304231643677
503 3.0153565406799316
504 2.5845913887023926
505 0.8615304231643677
506 4.307651996612549
507 6.892243385314941
508 17.230607986450195
509 0.43076521158218384
510 8.184538841247559
511 0.8615304231643677
512 0.0
513 3.8768868446350098
514 3.0153565406799316
515 0.0
516 0.43076521158218384
517 3.876887083053589
518 9.907599449157715
519 10.338364601135254
520 3.0153565406799316
521 1.2922956943511963
522 12.492191314697266
523 1.7230608463287354
524 2.5845913887023926
525 9.046070098876953
526 4.307651996612549
527 9.046069145202637
528 6.030713081359863
529 4.307651996612549
530 7.7537736892700195
531 11.630661010742188
532 0.43076521158218384
533 7.3230085372924805
534 0.43076521158218384
535 6.030713081359863
536 3.8768868446350098
537 1.7230608463287354
538 3.4461216926574707
539 0.8615304231643677
540 13.784486770629883
541 15.0767822265625
542 2.5845913887023926
543 8.184538841247559
544 2.5845913887023926
545 7.7537736892700195
546 0.43076521158218384
547 5.599947452545166
548 15.0767822265625
549 3.0153565406799316
550 12.922956466674805
551 3.4461216926574707
552 12.492191314697266
553 2.1538262367248535
554 3.0153565406799316
555 2.1538259983062744
556 7.3230085372924805
557 3.0153565406799316
558 0.0
559 0.0
560 2.5845911502838135
561 0.8615304231643677
562 0.43076521158218384
563 9.476834297180176
564 8.615303993225098
565 6.030713081359863
566 11.630660057067871
567 4.307652473449707
568 3.8768868446350098
569 3.0153565406799316
570 0.43076521158218384
571 8.184538841247559
572 8.615303993225098
573 2.5845913887023926
574 6.892243385314941
575 3.4461216926574707
576 5.169182300567627
577 7.3230085372924805
578 2.5845913887023926
579 10.769129753112793
580 1.7230608463287354
581 2.5845913887023926
582 3.8768868446350098
583 10.338364601135254
584 11.630661010742188
585 4.738417625427246
586 1.2922956943511963
587 9.046070098876953
588 10.338364601135254
589 11.630660057067871
590 2.1538259983062744
591 2.5845913887023926
592 4.307651996612549
593 0.0
594 4.738417625427246
595 10.76913070678711
596 0.43076521158218384
597 6.461478233337402
598 1.2922956943511963
599 0.8615304231643677
600 0.43076521158218384
601 4.738417148590088
602 1.7230608463287354
603 0.43076521158218384
604 0.8615304231643677
605 0.8615304231643677
606 4.738417148590088
607 3.0153565406799316
608 5.169182300567627
609 6.030713081359863
610 3.4461216926574707
611 0.0
612 0.43076521158218384
613 11.199895858764648
614 9.907599449157715
615 4.307651996612549
616 0.43076521158218384
617 12.061426162719727
618 7.323009014129639
619 9.476834297180176
620 12.922956466674805
621 1.2922956943511963
622 3.0153563022613525
623 1.7230608463287354
624 6.030713081359863
625 2.1538259983062744
626 12.492191314697266
627 8.184538841247559
628 2.5845913887023926
629 3.4461216926574707
630 3.8768868446350098
631 5.169182300567627
632 2.5845913887023926
633 0.0
634 0.8615304231643677
635 0.8615304231643677
636 3.0153565406799316
637 1.2922956943511963
638 0.0
639 7.7537736892700195
640 8.184539794921875
641 7.7537736892700195
642 2.5845913887023926
643 3.0153565406799316
644 3.4461216926574707
645 1.2922956943511963
646 6.461478233337402
647 0.0
648 3.8768868446350098
649 0.0
650 0.8615304231643677
651 5.599947929382324
652 1.7230608463287354
653 0.0
654 8.184538841247559
655 4.738417625427246
656 5.599947929382324
657 4.307651996612549
658 0.0
659 0.0
660 4.738417148590088
661 4.738417148590088
662 1.7230608463287354
663 3.0153565406799316
664 0.43076521158218384
665 7.7537736892700195
666 1.2922956943511963
667 7.3230085372924805
668 11.630661010742188
669 0.8615304231643677
670 4.307651996612549
671 15.0767822265625
672 1.7230608463287354
673 12.922956466674805
674 15.507547378540039
675 3.0153565406799316
676 3.0153565406799316
677 0.8615304231643677
678 0.43076521158218384
679 0.8615304231643677
680 0.8615304231643677
681 0.0
682 0.43076521158218384
683 5.169182777404785
684 0.8615304231643677
685 4.738417148590088
686 15.507547378540039
687 2.5845911502838135
688 2.1538259983062744
689 3.8768868446350098
690 4.307651996612549
691 0.0
692 0.43076521158218384
693 5.599947452545166
694 0.8615304231643677
695 4.307651996612549
696 1.2922956943511963
697 4.307652473449707
698 7.7537736892700195
699 11.630661010742188
700 23.261322021484375
701 5.169182777404785
702 0.0
703 15.507547378540039
704 0.8615304231643677
705 0.0
706 0.0
707 1.7230608463287354
708 4.307651996612549
709 16.369077682495117
710 6.892243385314941
711 3.4461216926574707
712 24.12285041809082
713 18.95366859436035
714 4.738417148590088
715 5.169182777404785
716 0.8615304231643677
717 18.95366859436035
718 4.738417148590088
719 7.3230085372924805
720 7.3230085372924805
721 21.10749626159668
722 6.892243385314941
723 0.0
724 8.615304946899414
725 5.169182777404785
726 8.615303993225098
727 1.2922956943511963
728 11.630660057067871
729 2.1538262367248535
730 12.922956466674805
731 5.599947929382324
732 0.43076521158218384
733 0.0
734 2.1538262367248535
735 2.5845913887023926
736 5.599947929382324
737 2.5845913887023926
738 5.169182300567627
739 0.0
740 2.1538259983062744
741 13.353721618652344
742 0.43076521158218384
743 5.599947929382324
744 1.7230608463287354
745 11.630661010742188
746 3.0153565406799316
747 0.0
748 1.2922956943511963
749 2.5845913887023926
750 1.2922956943511963
751 13.784486770629883
752 2.1538259983062744
753 0.8615304231643677
754 14.215251922607422
755 5.169182777404785
756 3.0153565406799316
757 4.307651996612549
758 16.369077682495117
759 5.169182777404785
760 1.2922956943511963
761 14.646017074584961
762 8.184538841247559
763 1.2922956943511963
764 4.738417148590088
765 6.030713081359863
766 4.307652473449707
767 6.892243385314941
768 8.615303993225098
769 3.0153565406799316
770 10.76913070678711
771 7.3230085372924805
772 3.0153565406799316
773 0.0
774 3.8768868446350098
775 0.43076521158218384
776 8.615303993225098
777 0.43076521158218384
778 2.1538259983062744
779 3.4461216926574707
780 1.7230608463287354
781 6.892243385314941
782 18.95366859436035
783 9.907599449157715
784 6.030713081359863
785 0.0
786 3.876887083053589
787 11.199895858764648
788 12.06142520904541
789 2.5845911502838135
790 12.492191314697266
791 3.8768868446350098
792 2.5845913887023926
793 7.7537736892700195
794 1.2922956943511963
795 4.738417148590088
796 4.738417148590088
797 11.630661010742188
798 1.2922956943511963
799 2.1538259983062744
800 3.4461216926574707
801 6.461477756500244
802 4.307652473449707
803 4.307651996612549
804 6.030713081359863
805 7.3230085372924805
806 4.307652473449707
807 5.169182777404785
808 3.0153565406799316
809 33.168922424316406
810 6.030713081359863
811 1.2922956943511963
812 6.892243385314941
813 11.199895858764648
814 4.307652473449707
815 3.0153563022613525
816 6.461478233337402
817 14.646017074584961
818 5.169182777404785
819 5.169182777404785
820 11.199895858764648
821 2.1538259983062744
822 1.7230608463287354
823 6.461478233337402
824 0.8615304231643677
825 4.738417148590088
826 3.0153565406799316
827 0.0
828 0.8615304231643677
829 6.030713081359863
830 5.169182777404785
831 6.461478233337402
832 5.599947929382324
833 19.38443374633789
834 9.046070098876953
835 4.738417148590088
836 1.7230608463287354
837 1.2922956943511963
838 6.030713081359863
839 14.215251922607422
840 9.046069145202637
841 1.2922956943511963
842 3.0153563022613525
843 3.0153565406799316
844 9.046069145202637
845 0.8615304231643677
846 4.738417625427246
847 11.630660057067871
848 3.0153565406799316
849 4.307652473449707
850 13.784486770629883
851 0.43076521158218384
852 9.476834297180176
853 8.184539794921875
854 0.43076521158218384
855 1.2922956943511963
856 19.38443374633789
857 9.907600402832031
858 0.43076521158218384
859 3.8768868446350098
860 0.43076521158218384
861 17.661375045776367
862 6.892243385314941
863 2.1538262367248535
864 3.876887083053589
865 5.169182777404785
866 1.2922956943511963
867 6.030713081359863
868 11.630660057067871
869 6.461478233337402
870 1.2922956943511963
871 7.7537736892700195
872 0.43076521158218384
873 4.738417148590088
874 2.1538259983062744
875 1.7230608463287354
876 7.7537736892700195
877 1.2922956943511963
878 1.2922956943511963
879 4.307651996612549
880 19.81519889831543
881 15.0767822265625
882 9.476835250854492
883 4.307652473449707
884 4.307651996612549
885 0.43076521158218384
886 7.3230085372924805
887 1.7230608463287354
888 3.0153565406799316
889 4.738417148590088
890 0.0
891 4.738417148590088
892 6.030713081359863
893 9.476834297180176
894 1.7230608463287354
895 9.907599449157715
896 9.907600402832031
897 6.030713081359863
898 0.0
899 3.4461216926574707
900 0.8615304231643677
901 20.676729202270508
902 0.43076521158218384
903 0.0
904 3.4461216926574707
905 3.0153565406799316
906 3.8768868446350098
907 0.8615304231643677
908 0.0
909 1.2922956943511963
910 0.8615304231643677
911 3.0153565406799316
912 3.8768868446350098
913 3.8768868446350098
914 8.615303993225098
915 6.892243385314941
916 15.0767822265625
917 2.1538259983062744
918 1.2922956943511963
919 5.599947452545166
920 3.8768868446350098
921 3.8768868446350098
922 1.7230608463287354
923 6.030713081359863
924 6.892243385314941
925 19.81519889831543
926 2.5845911502838135
927 3.0153565406799316
928 5.599947929382324
929 0.0
930 2.1538259983062744
931 6.030713081359863
932 3.4461216926574707
933 1.2922956943511963
934 5.169182777404785
935 6.030713081359863
936 11.199895858764648
937 2.1538259983062744
938 1.7230608463287354
939 0.43076521158218384
940 8.615303993225098
941 7.3230085372924805
942 4.307651996612549
943 15.938312530517578
944 17.230607986450195
945 6.030713081359863
946 0.43076521158218384
947 6.461478233337402
948 1.7230608463287354
949 0.43076521158218384
950 1.2922956943511963
951 3.4461216926574707
952 3.8768868446350098
953 1.2922956943511963
954 4.738417148590088
955 20.676729202270508
956 3.0153565406799316
957 7.753774166107178
958 0.8615304231643677
959 8.184538841247559
960 0.8615304231643677
961 1.2922956943511963
962 2.1538259983062744
963 7.3230085372924805
964 3.8768868446350098
965 9.046069145202637
966 4.307651996612549
967 4.738417148590088
968 2.1538262367248535
969 6.461478233337402
970 2.1538259983062744
971 16.369077682495117
972 1.7230608463287354
973 0.0
974 15.938312530517578
975 0.43076521158218384
976 1.7230608463287354
977 2.5845911502838135
978 1.7230608463287354
979 3.8768868446350098
980 10.769129753112793
981 7.7537736892700195
982 0.43076521158218384
983 3.4461216926574707
984 3.0153565406799316
985 0.0
986 3.8768868446350098
987 0.43076521158218384
988 1.2922956943511963
989 15.938312530517578
990 2.5845911502838135
991 6.030713081359863
992 0.43076521158218384
993 0.0
994 9.907600402832031
995 0.0
996 2.1538262367248535
997 4.307651996612549
998 19.38443374633789
999 6.030713081359863
1000 2.1538259983062744
1001 5.169182300567627
1002 5.169182300567627
