50 {3 4 7} {{1 2 0 0 5 0 0 0 9 0} {0 0 0 0 0 6 0 8 0 10}}
51 {3 4 7} {{1 2 0 0 5 0 0 0 9 0} {0 0 0 0 0 6 0 8 0 10}}
52 {3 4 7} {{1 2 0 0 5 0 0 0 9 0} {0 0 0 0 0 6 0 8 0 10}}
53 {3 4 7} {{1 2 0 0 5 0 0 0 9 0} {0 0 0 0 0 6 0 8 0 10}}
54 {3 4 7} {{1 2 0 0 5 0 0 0 9 0} {0 0 0 0 0 6 0 8 0 10}}
55 {3 4 7} {{1 2 0 0 5 0 0 0 9 0} {0 0 0 0 0 6 0 8 0 10}}
56 {3 4 7} {{1 2 0 0 5 0 0 0 9 0} {0 0 0 0 0 6 0 8 0 10}}
57 {3 4 7} {{1 2 0 0 5 0 0 0 9 0} {0 0 0 0 0 6 0 8 0 10}}
58 {3 4 7} {{1 2 0 0 5 0 0 0 9 0} {0 0 0 0 0 6 0 8 0 10}}
59 {3 4 7} {{1 2 0 0 5 0 0 0 9 0} {0 0 0 0 0 6 0 8 0 10}}
60 {3 4 7} {{1 2 0 0 5 0 0 0 9 0} {0 0 0 0 0 6 0 8 0 10}}
61 {3 4 7} {{1 2 0 0 5 0 0 0 9 0} {0 0 0 0 0 6 0 8 0 10}}
62 {3 4 7} {{1 2 0 0 5 0 0 0 9 0} {0 0 0 0 0 6 0 8 0 10}}
63 {3 4 7} {{1 2 0 0 5 0 0 0 9 0} {0 0 0 0 0 6 0 8 0 10}}
64 {3 4 7} {{1 2 0 0 5 0 0 0 9 0} {0 0 0 0 0 6 0 8 0 10}}
65 {3 4 7} {{1 2 0 0 5 0 0 0 9 0} {0 0 0 0 0 6 0 8 0 10}}
66 {3 4 7} {{1 2 0 0 5 0 0 0 9 0} {0 0 0 0 0 6 0 8 0 10}}
67 {3 4 7} {{1 2 0 0 5 0 0 0 9 0} {0 0 0 0 0 6 0 8 0 10}}
68 {3 4 7} {{1 2 0 0 5 0 0 0 9 0} {0 0 0 0 0 6 0 8 0 10}}
69 {3 4 7} {{1 2 0 0 5 0 0 0 9 0} {0 0 0 0 0 6 0 8 0 10}}
70 {3 4 7} {{1 2 0 0 5 0 0 0 9 0} {0 0 0 0 0 6 0 8 0 10}}
71 {3 4 7} {{1 2 0 0 5 0 0 0 9 0} {0 0 0 0 0 6 0 8 0 10}}
72 {3 4 7} {{1 2 0 0 5 0 0 0 9 0} {0 0 0 0 0 6 0 8 0 10}}
73 {3 4 7} {{1 2 0 0 5 0 0 0 9 0} {0 0 0 0 0 6 0 8 0 10}}
74 {3 4 7} {{1 2 0 0 5 0 0 0 9 0} {0 0 0 0 0 6 0 8 0 10}}
75 {3 4 7} {{1 2 0 0 5 0 0 0 9 0} {0 0 0 0 0 6 0 8 0 10}}
76 {3 4 7} {{1 2 0 0 5 0 0 0 9 0} {0 0 0 0 0 6 0 8 0 10}}
77 {3 4 7} {{1 2 0 0 5 0 0 0 9 0} {0 0 0 0 0 6 0 8 0 10}}
78 {3 4 7} {{1 2 0 0 5 0 0 0 9 0} {0 0 0 0 0 6 0 8 0 10}}
79 {3 4 7} {{1 2 0 0 5 0 0 0 9 0} {0 0 0 0 0 6 0 8 0 10}}
80 {3 4 7} {{1 2 0 0 5 0 0 0 9 0} {0 0 0 0 0 6 0 8 0 10}}
81 {3 4 7} {{1 2 0 0 5 0 0 0 9 0} {0 0 0 0 0 6 0 8 0 10}}
82 {3 4 7} {{1 2 0 0 5 0 0 0 9 0} {0 0 0 0 0 6 0 8 0 10}}
83 {3 4 7} {{1 2 0 0 5 0 0 0 9 0} {0 0 0 0 0 6 0 8 0 10}}
84 {3 4 7} {{1 2 0 0 5 0 0 0 9 0} {0 0 0 0 0 6 0 8 0 10}}
85 {3 4 7} {{1 2 0 0 5 0 0 0 9 0} {0 0 0 0 0 6 0 8 0 10}}
86 {3 4 7} {{1 2 0 0 5 0 0 0 9 0} {0 0 0 0 0 6 0 8 0 10}}
87 {3 4 7} {{1 2 0 0 5 0 0 0 9 0} {0 0 0 0 0 6 0 8 0 10}}
88 {3 4 7} {{1 2 0 0 5 0 0 0 9 0} {0 0 0 0 0 6 0 8 0 10}}
89 {3 4 7} {{1 2 0 0 5 0 0 0 9 0} {0 0 0 0 0 6 0 8 0 10}}
90 {3 4 7} {{1 2 0 0 5 0 0 0 9 0} {0 0 0 0 0 6 0 8 0 10}}
91 {3 4 7} {{1 2 0 0 5 0 0 0 9 0} {0 0 0 0 0 6 0 8 0 10}}
92 {3 4 7} {{1 2 0 0 5 0 0 0 9 0} {0 0 0 0 0 6 0 8 0 10}}
93 {3 4 7} {{1 2 0 0 5 0 0 0 9 0} {0 0 0 0 0 6 0 8 0 10}}
94 {3 4 7} {{1 2 0 0 5 0 0 0 9 0} {0 0 0 0 0 6 0 8 0 10}}
95 {3 4 7} {{1 2 0 0 5 0 0 0 9 0} {0 0 0 0 0 6 0 8 0 10}}
96 {3 4 7} {{1 2 0 0 5 0 0 0 9 0} {0 0 0 0 0 6 0 8 0 10}}
97 {3 4 7} {{1 2 0 0 5 0 0 0 9 0} {0 0 0 0 0 6 0 8 0 10}}
98 {3 4 7} {{1 2 0 0 5 0 0 0 9 0} {0 0 0 0 0 6 0 8 0 10}}
99 {3 4 7} {{1 2 0 0 5 0 0 0 9 0} {0 0 0 0 0 6 0 8 0 10}}
100 {3 4 7} {{1 2 0 0 5 0 0 8 9 0} {0 0 0 0 5 6 0 8 0 10}}
101 {3 4 7} {{1 2 0 0 5 0 0 8 9 0} {0 0 0 0 5 6 0 8 0 10}}
102 {3 4 7} {{1 2 0 0 5 0 0 8 9 0} {0 0 0 0 5 6 0 8 0 10}}
103 {3 4 7} {{1 2 0 0 5 0 0 8 9 0} {0 0 0 0 5 6 0 8 0 10}}
104 {3 4 7} {{1 2 0 0 5 0 0 8 9 0} {0 0 0 0 5 6 0 8 0 10}}
105 {3 4 7} {{1 2 0 0 5 0 0 8 9 0} {0 0 0 0 5 6 0 8 0 10}}
106 {3 4 7} {{1 2 0 0 5 0 0 8 9 0} {0 0 0 0 5 6 0 8 0 10}}
107 {3 4 7} {{1 2 0 0 5 6 0 8 9 0} {0 0 0 0 5 6 0 8 0 10}}
108 {3 4 7} {{1 2 0 0 5 6 0 8 9 10}}
109 {3 4 7} {{1 2 0 0 5 6 0 8 9 10}}
110 7 {{1 2 0 0 5 6 0 8 9 0} {0 0 3 4 0 0 0 0 0 0} {0 0 0 0 5 6 0 8 0 10}}
111 7 {{1 2 0 0 5 6 0 8 9 0} {0 0 3 4 0 0 0 0 0 0} {0 0 0 0 5 6 0 8 0 10}}
112 7 {{1 2 0 0 5 6 0 8 9 0} {0 0 3 4 0 0 0 0 0 0} {0 0 0 0 5 6 0 8 0 10}}
113 7 {{1 2 0 0 5 6 0 8 9 0} {0 0 3 4 0 0 0 0 0 0} {0 0 0 0 5 6 0 8 0 10}}
114 7 {{1 2 0 0 5 6 0 8 9 0} {0 0 3 4 0 0 0 0 0 0} {0 0 0 0 5 6 0 8 0 10}}
115 7 {{1 2 0 0 5 6 0 8 9 0} {0 0 3 4 0 0 0 0 0 0} {0 0 0 0 5 6 0 8 0 10}}
116 7 {{1 2 0 0 5 6 0 8 9 0} {0 0 3 4 0 0 0 0 0 0} {0 0 0 0 5 6 0 8 0 10}}
117 7 {{1 2 0 0 5 6 0 8 9 0} {0 0 3 4 0 0 0 0 0 0} {0 0 0 0 5 6 0 8 0 10}}
118 7 {{1 2 0 0 5 6 0 8 9 0} {0 0 3 4 0 0 0 0 0 0} {0 0 0 0 5 6 0 8 0 10}}
119 7 {{1 2 0 0 5 6 0 8 9 0} {0 0 3 4 0 0 0 0 0 0} {0 0 0 0 5 6 0 8 0 10}}
120 7 {{1 2 0 0 5 6 0 8 9 0} {0 0 3 4 0 0 0 0 0 0} {0 0 0 0 5 6 0 8 0 10}}
121 7 {{1 2 0 0 5 6 0 8 9 10} {0 0 3 4 0 0 0 0 0 0}}
122 7 {{1 2 0 0 5 6 0 8 9 0} {0 0 3 4 0 0 0 0 0 0} {0 0 0 0 5 6 0 8 0 10}}
123 7 {{1 2 0 0 5 6 0 8 9 0} {0 0 3 4 0 0 0 0 0 0} {0 0 0 0 5 6 0 8 0 10}}
124 7 {{1 2 0 0 5 6 0 8 9 0} {0 0 3 4 0 0 0 0 0 0} {0 0 0 0 5 6 0 8 0 10}}
125 7 {{1 2 0 0 5 6 0 8 9 0} {0 0 3 4 0 0 0 0 0 0} {0 0 0 0 5 6 0 8 0 10}}
126 7 {{1 2 0 0 5 6 0 8 9 0} {0 0 3 4 0 0 0 0 0 0} {0 0 0 0 5 6 0 8 0 10}}
127 7 {{1 2 0 0 5 6 0 8 9 0} {0 0 3 4 0 0 0 0 0 0} {0 0 0 0 5 6 0 8 0 10}}
128 7 {{1 2 0 0 5 6 0 8 9 0} {0 0 3 4 0 0 0 0 0 0} {0 0 0 0 5 6 0 8 0 10}}
129 7 {{1 2 0 0 5 6 0 8 0 10} {0 0 3 4 0 0 0 0 0 0} {0 2 0 0 5 0 0 0 9 0}}
130 7 {{1 2 0 0 5 6 0 8 9 0} {0 0 3 4 0 0 0 0 0 0} {0 0 0 0 5 6 0 8 0 10}}
131 7 {{1 2 0 0 5 6 0 8 9 0} {0 0 3 4 0 0 0 0 0 0} {0 0 0 0 5 6 0 8 0 10}}
132 7 {{1 2 0 0 5 6 0 8 9 0} {0 0 3 4 0 0 0 0 0 0} {0 0 0 0 5 6 0 8 0 10}}
133 7 {{1 2 0 0 5 6 0 8 9 0} {0 0 3 4 0 0 0 0 0 0} {0 0 0 0 5 6 0 8 0 10}}
134 7 {{1 2 0 0 5 6 0 8 9 0} {0 0 3 4 0 0 0 0 0 0} {0 0 0 0 5 6 0 8 0 10}}
135 7 {{1 2 0 0 5 6 0 8 9 0} {0 0 3 4 0 0 0 0 0 0} {0 0 0 0 5 6 0 8 0 10}}
136 7 {{1 2 0 0 5 6 0 8 9 0} {0 0 3 4 0 0 0 0 0 0} {0 0 0 0 5 6 0 8 0 10}}
137 7 {{1 2 0 0 5 6 0 8 9 0} {0 0 3 4 0 0 0 0 0 0} {0 0 0 0 5 6 0 8 0 10}}
138 7 {{1 2 0 0 5 6 0 8 9 0} {0 0 3 4 0 0 0 0 0 0} {0 0 0 0 5 6 0 8 0 10}}
139 7 {{1 2 0 0 5 6 0 8 9 0} {0 0 3 4 0 0 0 0 0 0} {0 0 0 0 5 6 0 8 0 10}}
140 7 {{1 2 0 0 5 6 0 8 9 0} {0 0 3 4 0 0 0 0 0 0} {0 0 0 0 5 6 0 8 0 10}}
141 7 {{1 2 0 0 5 6 0 8 9 0} {0 0 3 4 0 0 0 0 0 0} {0 0 0 0 5 6 0 8 0 10}}
142 7 {{1 2 0 0 5 6 0 8 9 0} {0 0 3 4 0 0 0 0 0 0} {0 0 0 0 5 6 0 8 0 10}}
143 7 {{1 2 0 0 5 6 0 8 9 0} {0 0 3 4 0 0 0 0 0 0} {0 0 0 0 5 6 0 8 0 10}}
144 7 {{1 2 0 0 5 6 0 8 9 0} {0 0 3 4 0 0 0 0 0 0} {0 0 0 0 5 6 0 8 0 10}}
145 7 {{1 2 0 0 5 6 0 8 9 0} {0 0 3 4 0 0 0 0 0 0} {0 0 0 0 5 6 0 8 0 10}}
146 7 {{1 2 0 0 5 6 0 8 9 0} {0 0 3 4 0 0 0 0 0 0} {0 0 0 0 5 6 0 8 0 10}}
147 7 {{1 2 0 0 5 6 0 8 9 0} {0 0 3 4 0 0 0 0 0 0} {0 0 0 0 5 6 0 8 0 10}}
148 7 {{1 2 0 0 5 6 0 8 9 0} {0 0 3 4 0 0 0 0 0 0} {0 0 0 0 5 6 0 8 0 10}}
149 7 {{1 2 0 0 5 6 0 8 9 0} {0 0 3 4 0 0 0 0 0 0} {0 0 0 0 5 6 0 8 0 10}}
150 7 {{1 2 0 0 5 6 0 8 9 0} {0 0 3 4 0 0 0 0 0 0} {0 0 0 0 5 6 0 8 0 10}}
151 7 {{1 2 0 0 5 6 0 8 9 0} {0 0 3 4 0 0 0 0 0 0} {0 0 0 0 5 6 0 8 0 10}}
152 7 {{1 2 0 0 5 6 0 8 9 0} {0 0 3 4 0 0 0 0 0 0} {0 0 0 0 5 6 0 8 0 10}}
153 7 {{1 2 0 0 5 6 0 8 9 0} {0 0 3 4 0 0 0 0 0 0} {0 0 0 0 5 6 0 8 0 10}}
154 7 {{1 2 0 0 5 6 0 8 9 0} {0 0 3 4 0 0 0 0 0 0} {0 0 0 0 5 6 0 8 0 10}}
155 7 {{1 2 0 0 5 6 0 8 9 0} {0 0 3 4 0 0 0 0 0 0} {0 0 0 0 5 6 0 8 0 10}}
