# Selection:resname AU W ION Restricted:name AUC AUL AUSL Radius:2.64 Start:0 End:-1
0 287.75115966796875
1 289.0434265136719
2 69.78396606445313
3 29.722797393798828
4 35.75351333618164
5 73.23008728027344
6 56.86101150512695
7 56.43024826049805
8 33.16891860961914
9 69.78396606445313
10 66.76860809326172
11 94.33757781982422
12 79.69156646728516
13 49.10723876953125
14 28.861268997192383
15 43.50728988647461
16 50.830299377441406
17 62.460968017578125
18 33.59968566894531
19 28.43050193786621
20 147.7524871826172
21 102.52212524414063
22 68.92243194580078
23 45.66111755371094
24 120.6142578125
25 124.06037902832031
26 135.6910400390625
27 187.8136444091797
28 140.8602294921875
29 176.18296813964844
30 127.50650024414063
31 61.59942626953125
32 96.49141693115234
33 88.30686950683594
34 69.35321044921875
35 175.3214569091797
36 184.79830932617188
37 83.56844329833984
38 94.76834869384766
39 90.46070861816406
40 108.12207794189453
41 68.92243957519531
42 134.82952880859375
43 55.99947738647461
44 86.15304565429688
45 71.0762710571289
46 110.7066650390625
47 66.33784484863281
48 138.70640563964844
49 108.12207794189453
50 119.32196807861328
51 51.26106262207031
52 129.66033935546875
53 53.414886474609375
54 58.584075927734375
55 149.0447540283203
56 124.49114227294922
57 60.307132720947266
58 101.66059875488281
59 84.86074829101563
60 118.4604263305664
61 141.29100036621094
62 106.39900970458984
63 77.10698699951172
64 80.98387145996094
65 70.21472930908203
66 63.32250213623047
67 110.7066650390625
68 108.12207794189453
69 104.67594909667969
70 137.84486389160156
71 63.32249450683594
72 74.09162139892578
73 41.78422546386719
74 62.03019332885742
75 117.59890747070313
76 111.1374282836914
77 105.5374755859375
78 162.82925415039063
79 136.98333740234375
80 159.3831329345703
81 143.87559509277344
82 147.32171630859375
83 122.76808166503906
84 136.5525665283203
85 116.30661010742188
86 110.70667266845703
87 131.81414794921875
88 195.56741333007813
89 209.3518829345703
90 142.58331298828125
91 150.767822265625
92 154.2139434814453
93 105.10671997070313
94 133.10646057128906
95 157.6600799560547
96 162.82925415039063
97 171.8753204345703
98 98.21446990966797
99 44.36882019042969
100 94.33757781982422
101 48.245704650878906
102 116.73736572265625
103 124.49114990234375
104 115.4450912475586
105 111.99896240234375
106 79.26079559326172
107 54.707183837890625
108 194.7058868408203
109 197.29049682617188
110 118.46043395996094
111 97.78369903564453
112 124.49115753173828
113 93.90682220458984
114 121.90654754638672
115 91.32221221923828
116 102.95289611816406
117 56.86101150512695
118 41.78422927856445
119 97.35294342041016
120 100.79906463623047
121 44.36882400512695
122 133.10646057128906
123 74.52237701416016
124 87.44535064697266
125 104.24517822265625
126 143.44482421875
127 96.06063842773438
128 103.38365936279297
129 134.8295135498047
130 118.89118194580078
131 136.98333740234375
132 84.86076354980469
133 112.86048126220703
134 84.86074829101563
135 117.16815948486328
136 189.5366973876953
137 210.6442108154297
138 189.9674835205078
139 131.81419372558594
140 70.21472930908203
141 135.26026916503906
142 68.49166870117188
143 123.6296157836914
144 125.35269165039063
145 147.7524871826172
146 81.41462707519531
147 94.76837158203125
148 78.39927673339844
149 76.24543762207031
150 71.93778991699219
151 63.322486877441406
152 176.1829833984375
153 139.1371612548828
154 123.19886016845703
155 82.27615356445313
156 102.52214050292969
157 63.32248306274414
158 57.7225456237793
159 116.73739624023438
160 176.61375427246094
161 106.82977294921875
162 102.09136962890625
163 81.41463470458984
164 150.76783752441406
165 99.07599639892578
166 75.38391876220703
167 93.47606658935547
168 70.64549255371094
169 130.52188110351563
170 106.39898681640625
171 105.10671997070313
172 111.13744354248047
173 139.5679168701172
174 99.93753051757813
175 127.07573699951172
176 139.13717651367188
177 90.8914566040039
178 107.6913070678711
179 177.4752960205078
180 134.3987579345703
181 55.13794708251953
182 93.04529571533203
183 87.87611389160156
184 90.8914566040039
185 123.62962341308594
186 74.09161376953125
187 41.78422927856445
188 115.87583923339844
189 86.58381652832031
190 104.67593383789063
191 97.78369903564453
192 114.15278625488281
193 166.70614624023438
194 114.15278625488281
195 102.952880859375
196 235.62857055664063
197 189.10594177246094
198 181.78292846679688
199 219.69024658203125
200 179.6291046142578
201 134.39874267578125
202 177.04452514648438
203 110.70665740966797
204 59.44560623168945
205 47.81494140625
206 128.36802673339844
207 80.98385620117188
208 141.7217559814453
209 115.44507598876953
210 124.49115753173828
211 154.64471435546875
212 169.29074096679688
213 163.69078063964844
214 149.47552490234375
215 99.50676727294922
216 152.49090576171875
217 118.0296630859375
218 43.93804931640625
219 54.27642059326172
220 94.33758544921875
221 156.36778259277344
222 211.07496643066406
223 171.01382446289063
224 183.93675231933594
225 201.59812927246094
226 103.38365173339844
227 118.89120483398438
228 190.3982391357422
229 180.0598602294922
230 115.44507598876953
231 142.58328247070313
232 87.44534301757813
233 90.460693359375
234 133.10646057128906
235 123.629638671875
236 105.10670471191406
237 133.53721618652344
238 72.79932403564453
239 90.8914566040039
240 102.52212524414063
241 184.79830932617188
242 186.090576171875
243 40.06116485595703
244 102.52213287353516
245 180.49061584472656
246 65.47631072998047
247 106.39900970458984
248 86.15304565429688
249 121.90656280517578
250 117.59890747070313
251 202.89041137695313
252 92.18376159667969
253 79.69156646728516
254 104.67595672607422
255 103.38365173339844
256 49.53800582885742
257 156.7985382080078
258 151.19859313964844
259 149.9062957763672
260 102.95289611816406
261 114.58355712890625
262 79.69156646728516
263 124.92190551757813
264 68.49166870117188
265 57.72254180908203
266 46.09187316894531
267 59.44560623168945
268 112.42973327636719
269 107.26052856445313
270 62.46095657348633
271 91.75298309326172
272 207.62881469726563
273 208.05960083007813
274 112.42971801757813
275 47.38417434692383
276 112.42971801757813
277 197.2904815673828
278 160.67543029785156
279 144.73712158203125
280 158.09083557128906
281 198.58274841308594
282 170.15228271484375
283 98.2144775390625
284 189.10595703125
285 155.0754852294922
286 141.72178649902344
287 101.66059112548828
288 127.07573699951172
289 174.8907012939453
290 85.2915267944336
291 111.99896240234375
292 110.70664978027344
293 158.95236206054688
294 150.33705139160156
295 136.55259704589844
296 108.12208557128906
297 127.93728637695313
298 120.61426544189453
299 75.38391876220703
300 115.445068359375
301 115.44507598876953
302 119.32197570800781
303 136.98333740234375
304 105.9682388305664
305 122.33732604980469
306 41.353458404541016
307 72.79933166503906
308 149.04476928710938
309 91.75299835205078
310 59.01483917236328
311 63.322486877441406
312 92.6145248413086
313 84.86074829101563
314 43.0765266418457
315 87.87610626220703
316 77.10697174072266
317 77.968505859375
318 43.50728988647461
319 91.32222747802734
320 83.13768768310547
321 55.13794708251953
322 52.122589111328125
323 111.99894714355469
324 77.10696411132813
325 76.24544525146484
326 112.86050415039063
327 161.10618591308594
328 80.12232971191406
329 99.50675964355469
330 53.84565734863281
331 23.69208526611328
332 40.922698974609375
333 95.19911193847656
334 45.23035430908203
335 96.49140930175781
336 103.38365173339844
337 39.63039779663086
338 97.78370666503906
339 79.69158172607422
340 84.42998504638672
341 63.75325012207031
342 86.1530532836914
343 49.53800582885742
344 49.10723114013672
345 121.04502868652344
346 69.35320281982422
347 46.09187698364258
348 82.27616119384766
349 102.52214050292969
350 60.307132720947266
351 74.09162139892578
352 131.38339233398438
353 102.95288848876953
354 61.168663024902344
355 99.07600402832031
356 120.18350219726563
357 159.81387329101563
358 152.06011962890625
359 89.16839599609375
360 126.2142105102539
361 92.18376159667969
362 77.968505859375
363 44.36881637573242
364 32.30738830566406
365 76.24544525146484
366 80.12232971191406
367 41.35346984863281
368 94.76835632324219
369 90.8914566040039
370 94.33758544921875
371 131.38340759277344
372 98.64523315429688
373 107.26055145263672
374 32.30738830566406
375 47.38417434692383
376 143.87557983398438
377 69.35320281982422
378 118.46043395996094
379 116.73738861083984
380 119.75272369384766
381 115.8758316040039
382 80.5531005859375
383 124.49113464355469
384 119.32195281982422
385 87.44534301757813
386 150.33706665039063
387 157.6600799560547
388 105.53748321533203
389 80.55310821533203
390 118.46043395996094
391 142.15252685546875
392 178.767578125
393 213.65957641601563
394 202.0288848876953
395 188.6751708984375
396 201.16737365722656
397 90.02993774414063
398 54.27641677856445
399 109.84513854980469
400 112.86048889160156
401 127.93726348876953
402 65.47631072998047
403 81.84539031982422
404 113.29125213623047
405 174.4599151611328
406 106.39901733398438
407 121.90654754638672
408 118.0296630859375
409 98.21446228027344
410 128.3680419921875
411 158.95237731933594
412 50.39952850341797
413 74.9531478881836
414 68.92244720458984
415 34.030452728271484
416 77.968505859375
417 60.73789978027344
418 186.95213317871094
419 208.05960083007813
420 133.10646057128906
421 127.50650024414063
422 168.42919921875
423 97.78370666503906
424 100.79905700683594
425 47.38417434692383
426 123.1988525390625
427 142.58326721191406
428 108.1220703125
429 152.92164611816406
430 191.25975036621094
431 91.75299072265625
432 97.78370666503906
433 197.72122192382813
434 72.3685531616211
435 85.72228240966797
436 92.18376922607422
437 90.460693359375
438 136.121826171875
439 93.47606658935547
440 75.3839111328125
441 103.81440734863281
442 81.41461944580078
443 117.16812896728516
444 15.507547378540039
445 65.90707397460938
446 114.15278625488281
447 157.2293243408203
448 118.89122009277344
449 120.18350982666016
450 168.42921447753906
451 155.50624084472656
452 129.6603240966797
453 83.56845092773438
454 100.36829376220703
455 138.27565002441406
456 145.16786193847656
457 102.52210998535156
458 208.4903564453125
459 147.32168579101563
460 123.19886779785156
461 88.30686950683594
462 101.2298355102539
463 69.35319519042969
464 92.6145248413086
465 87.44534301757813
466 63.322486877441406
467 83.5684585571289
468 145.1678924560547
469 93.47605895996094
470 65.476318359375
471 79.69157409667969
472 27.138206481933594
473 55.5687141418457
474 96.0606460571289
475 129.66033935546875
476 128.79881286621094
477 87.01457977294922
478 87.8760986328125
479 49.96876907348633
480 108.12207794189453
481 51.26106262207031
482 113.72201538085938
483 68.06090545654297
484 164.98312377929688
485 115.87584686279297
486 74.9531478881836
487 156.36776733398438
488 91.32222747802734
489 89.59915924072266
490 54.707183837890625
491 99.07600402832031
492 156.79855346679688
493 81.41461181640625
494 139.99868774414063
495 146.02943420410156
496 140.8602294921875
497 43.93805694580078
498 96.49141693115234
499 139.9987030029297
500 138.275634765625
501 138.70640563964844
502 148.18324279785156
503 145.16787719726563
504 197.2904815673828
505 177.90603637695313
506 225.72096252441406
507 113.72200775146484
508 117.16813659667969
509 191.69052124023438
510 80.55309295654297
511 132.67568969726563
512 109.84513092041016
513 127.07573699951172
514 105.96824645996094
515 101.2298355102539
516 114.58354187011719
517 163.26002502441406
518 34.03045654296875
519 34.89198303222656
520 80.55308532714844
521 70.6455078125
522 111.99894714355469
523 80.98385620117188
524 105.10671997070313
525 163.26002502441406
526 164.5523223876953
527 202.02890014648438
528 130.52186584472656
529 178.33680725097656
530 217.96717834472656
531 188.24441528320313
532 168.42921447753906
533 48.245704650878906
534 105.53746795654297
535 110.70665740966797
536 126.2142105102539
537 87.44534301757813
538 129.66033935546875
539 131.3833770751953
540 93.4760513305664
541 83.56845092773438
542 122.33731842041016
543 100.36830139160156
544 88.30686950683594
545 164.55230712890625
546 107.69129943847656
547 142.58328247070313
548 95.1991195678711
549 108.12207794189453
550 121.47576904296875
551 96.0606460571289
552 153.3524169921875
553 171.44456481933594
554 149.04476928710938
555 77.5377426147461
556 122.33733367919922
557 202.45965576171875
558 79.69156646728516
559 143.01405334472656
560 52.122589111328125
561 58.584075927734375
562 49.53799819946289
563 77.10697937011719
564 43.0765266418457
565 42.64575958251953
566 73.66085052490234
567 81.84539794921875
568 71.50702667236328
569 143.01406860351563
570 182.6444854736328
571 139.56793212890625
572 105.1067123413086
573 109.84512329101563
574 175.75221252441406
575 137.84486389160156
576 83.99922180175781
577 73.23008728027344
578 116.73737335205078
579 119.32196807861328
580 133.10646057128906
581 103.38365936279297
582 124.92192077636719
583 49.96876525878906
584 97.35295104980469
585 108.98359680175781
586 96.06063079833984
587 58.15330505371094
588 117.16813659667969
589 48.67646789550781
590 178.33682250976563
591 138.70639038085938
592 111.99895477294922
593 108.55284118652344
594 119.75273132324219
595 172.3060760498047
596 199.01353454589844
597 60.7379035949707
598 216.24415588378906
599 154.21395874023438
600 128.79879760742188
601 120.6142578125
602 162.3984832763672
603 81.84539031982422
604 82.70692443847656
605 126.21420288085938
606 127.93727111816406
607 95.19911193847656
608 122.33732604980469
609 110.27588653564453
610 81.84539031982422
611 135.2602996826172
612 129.6603240966797
613 87.87610626220703
614 117.59891510009766
615 102.09136199951172
616 65.47632598876953
617 50.39952850341797
618 97.35293579101563
619 23.261320114135742
620 49.968772888183594
621 85.72227478027344
622 75.81468200683594
623 88.30689239501953
624 132.6757049560547
625 40.4919319152832
626 108.5528335571289
627 108.55284118652344
628 209.35186767578125
629 65.9070816040039
630 93.47605895996094
631 76.24544525146484
632 101.22982788085938
633 77.10696411132813
634 46.52264404296875
635 92.6145248413086
636 158.95236206054688
637 114.58354949951172
638 156.36778259277344
639 81.84539794921875
640 108.98360443115234
641 92.61450958251953
642 77.10697174072266
643 113.29125213623047
644 82.27616882324219
645 53.41489028930664
646 78.39926147460938
647 75.3839111328125
648 45.66111755371094
649 34.03045654296875
650 80.9838638305664
651 61.16865921020508
652 76.24544525146484
653 33.168922424316406
654 51.69182586669922
655 49.96876525878906
656 163.26002502441406
657 61.16865921020508
658 149.4755401611328
659 126.2142105102539
660 155.0754852294922
661 128.79881286621094
662 88.73763275146484
663 142.5832977294922
664 147.7524871826172
665 92.6145248413086
666 78.83003234863281
667 55.1379508972168
668 57.722537994384766
669 133.96798706054688
670 58.1533088684082
671 110.7066650390625
672 110.27589416503906
673 63.32249069213867
674 80.12232971191406
675 46.953407287597656
676 96.06065368652344
677 78.83003997802734
678 121.47579193115234
679 66.76860809326172
680 68.06090545654297
681 110.7066650390625
682 76.24544525146484
683 74.95316314697266
684 77.5377426147461
685 55.5687141418457
686 86.15303039550781
687 97.35293579101563
688 117.16815185546875
689 103.81441497802734
690 135.26028442382813
691 115.8758316040039
692 133.96798706054688
693 84.42998504638672
694 97.78370666503906
695 138.27565002441406
696 119.75272369384766
697 118.8912124633789
698 137.4141082763672
699 129.66033935546875
700 107.69129180908203
701 92.61451721191406
702 132.6757049560547
703 186.090576171875
704 129.6603240966797
705 41.353458404541016
706 114.15278625488281
707 79.69155883789063
708 90.89146423339844
709 103.38365936279297
710 136.98333740234375
711 146.46017456054688
712 148.18324279785156
713 155.93702697753906
714 195.56739807128906
715 147.3217010498047
716 151.6293487548828
717 164.12155151367188
718 93.47605895996094
719 162.39849853515625
720 130.95265197753906
721 120.6142578125
722 212.36724853515625
723 49.538002014160156
724 122.33731842041016
725 113.7220230102539
726 103.81440734863281
727 107.69129943847656
728 75.38391876220703
729 28.86126708984375
730 101.66059875488281
731 123.62962341308594
732 84.42996978759766
733 133.1064453125
734 178.767578125
735 168.42919921875
736 159.8139190673828
737 171.0137939453125
738 99.07600402832031
739 77.10697174072266
740 170.58303833007813
741 96.06065368652344
742 156.36776733398438
743 109.41438293457031
744 45.230350494384766
745 100.79905700683594
746 34.89198303222656
747 86.58380126953125
748 75.81468200683594
749 144.3063507080078
750 133.10647583007813
751 75.3839111328125
752 73.23008728027344
753 50.830299377441406
754 83.56845092773438
755 90.02992248535156
756 74.09162139892578
757 46.52264404296875
758 77.53772735595703
759 69.78396606445313
760 84.42998504638672
761 100.36829376220703
762 92.6145248413086
763 87.87611389160156
764 98.21446990966797
765 49.107234954833984
766 135.26028442382813
767 66.76860809326172
768 111.99897003173828
769 49.538002014160156
770 40.922698974609375
771 101.22982025146484
772 156.3677978515625
773 52.55335998535156
774 111.99896240234375
775 81.84539031982422
776 110.70664978027344
777 59.87636184692383
778 104.67594909667969
779 90.89146423339844
780 103.81442260742188
781 98.21446990966797
782 128.79879760742188
783 115.01431274414063
784 120.18348693847656
785 104.67594909667969
786 112.86048126220703
787 127.50650787353516
788 107.26053619384766
789 91.32222747802734
790 43.93804931640625
791 126.2142105102539
792 157.22930908203125
793 135.26028442382813
794 57.291778564453125
795 35.753517150878906
796 112.42971801757813
797 87.01456451416016
798 139.56793212890625
799 154.21397399902344
800 162.3984832763672
801 47.814945220947266
802 95.62987518310547
803 43.0765266418457
804 69.78396606445313
805 99.50675964355469
806 76.24543762207031
807 36.61504364013672
808 48.245704650878906
809 52.98412322998047
810 105.96824645996094
811 154.2139129638672
812 116.30659484863281
813 70.6455078125
814 48.24570846557617
815 123.62963104248047
816 78.3992691040039
817 152.92164611816406
818 102.52212524414063
819 68.06090545654297
820 85.29151153564453
821 45.661109924316406
822 60.73789596557617
823 61.168663024902344
824 115.445068359375
825 85.72227478027344
826 62.460960388183594
827 60.30712890625
828 87.01457977294922
829 51.69182586669922
830 57.7225456237793
831 78.83004760742188
832 101.22982788085938
833 140.429443359375
834 59.014835357666016
835 54.70718002319336
836 87.44534301757813
837 76.24545288085938
838 71.93778991699219
839 57.72254180908203
840 105.10671997070313
841 73.2301025390625
842 105.10671997070313
843 160.67543029785156
844 132.24493408203125
845 77.10697174072266
846 77.53773498535156
847 70.64550018310547
848 89.16840362548828
849 132.2449188232422
850 86.15304565429688
851 93.04529571533203
852 80.5531005859375
853 85.29150390625
854 52.5533561706543
855 81.41463470458984
856 65.476318359375
857 51.261070251464844
858 52.55335998535156
859 47.814945220947266
860 31.445858001708984
861 155.0754852294922
862 180.0598602294922
863 153.35240173339844
864 115.87584686279297
865 168.8599853515625
866 108.1220703125
867 166.70614624023438
868 88.73764038085938
869 109.84513854980469
870 106.82978820800781
871 129.2295684814453
872 148.18324279785156
873 129.6603240966797
874 217.9672088623047
875 226.58250427246094
876 99.9375228881836
877 205.04425048828125
878 124.92192077636719
879 79.26081085205078
880 90.0299301147461
881 136.12181091308594
882 149.4755401611328
883 155.93702697753906
884 70.21473693847656
885 143.44482421875
886 136.98333740234375
887 151.6293487548828
888 90.89146423339844
889 133.9679718017578
890 81.84539031982422
891 38.76886749267578
892 102.95288848876953
893 83.99922180175781
894 117.5988998413086
895 169.72149658203125
896 89.59916687011719
897 163.6907958984375
898 212.3672637939453
899 175.3214569091797
900 108.98360443115234
901 93.0452880859375
902 131.38339233398438
903 169.7214813232422
904 123.62960815429688
905 120.18350982666016
906 91.32221984863281
907 122.76809692382813
908 127.07574462890625
909 38.76887130737305
910 105.9682388305664
911 156.7985382080078
912 158.95237731933594
913 119.75272369384766
914 65.9070816040039
915 94.76834869384766
916 108.12207794189453
917 161.5369873046875
918 264.0590515136719
919 136.55258178710938
920 58.584068298339844
921 102.952880859375
922 50.3995361328125
923 117.59891510009766
924 87.01457977294922
925 139.56793212890625
926 145.5986328125
927 171.87533569335938
928 99.93753051757813
929 133.53721618652344
930 129.2295684814453
931 102.952880859375
932 104.24518585205078
933 154.64471435546875
934 118.89120483398438
935 146.4601593017578
936 163.26002502441406
937 135.2602996826172
938 105.10671997070313
939 126.64497375488281
940 44.36881637573242
941 90.02993774414063
942 163.26002502441406
943 69.78396606445313
944 178.3367919921875
945 118.46043395996094
946 122.33731079101563
947 155.0754852294922
948 87.87610626220703
949 166.70614624023438
950 63.75325012207031
951 106.39901733398438
952 119.32197570800781
953 158.52162170410156
954 261.04376220703125
955 96.49141693115234
956 225.29019165039063
957 214.52110290527344
958 155.0754852294922
959 102.5221176147461
960 117.5988998413086
961 152.49090576171875
962 144.73712158203125
963 84.8607406616211
964 38.76887130737305
965 34.03044891357422
966 192.98280334472656
967 76.67620086669922
968 146.02940368652344
969 148.61399841308594
970 71.0762710571289
971 144.7371063232422
972 146.4601593017578
973 89.59915924072266
974 132.24493408203125
975 112.42972564697266
976 112.86048889160156
977 88.306884765625
978 94.76834106445313
979 74.09162139892578
980 73.66085052490234
981 119.32196807861328
982 140.8602294921875
983 167.5676727294922
984 76.67620849609375
985 93.90681457519531
986 91.75299072265625
987 49.538002014160156
988 107.6913070678711
989 27.138206481933594
990 70.21473693847656
991 99.50677490234375
992 154.6447296142578
993 151.19859313964844
994 56.86101531982422
995 191.25973510742188
996 219.2594757080078
997 140.42945861816406
998 193.41357421875
999 111.99894714355469
1000 94.33758544921875
1001 99.07599639892578
1002 99.07599639892578
