0 {1 2 3 4 5 6 7 10} {{0 0 0 0 0 0 0 8 9 0}}
1 {1 2 3 4 5 6 7 10} {{0 0 0 0 0 0 0 8 9 0}}
2 {2 3 4 6 10} {{1 0 0 0 0 0 7 0 0 0} {0 0 0 0 5 0 0 8 9 0}}
3 {2 3 4 6 10} {{1 0 0 0 0 0 7 0 0 0} {0 0 0 0 5 0 0 8 9 0}}
4 {4 6 10} {{1 0 0 0 0 0 7 0 0 0} {0 2 3 0 0 0 0 0 0 0} {0 0 0 0 5 0 0 8 9 0}}
5 {4 6 10} {{1 0 0 0 0 0 7 0 0 0} {0 2 3 0 0 0 0 0 0 0} {0 0 0 0 5 0 0 8 9 0}}
6 {4 6 10} {{1 0 0 0 0 0 7 0 0 0} {0 2 3 0 0 0 0 0 0 0} {0 0 0 0 5 0 0 8 9 0}}
7 {4 6 10} {{1 0 0 0 0 0 7 0 0 0} {0 2 3 0 0 0 0 0 0 0} {0 0 0 0 5 0 0 8 9 0}}
8 {4 6 10} {{1 0 0 0 0 0 7 0 0 0} {0 2 3 0 0 0 0 0 0 0} {0 0 0 0 5 0 0 8 9 0}}
9 {4 6 10} {{1 0 0 0 0 0 7 0 0 0} {0 2 3 0 0 0 0 0 0 0} {0 0 0 0 5 0 0 8 9 0}}
10 {4 6 10} {{1 0 0 0 0 0 7 0 0 0} {0 2 3 0 0 0 0 0 0 0} {0 0 0 0 5 0 0 8 9 0}}
11 {4 6 10} {{1 0 0 0 0 0 7 0 0 0} {0 2 3 0 0 0 0 0 0 0} {0 0 0 0 5 0 0 8 9 0}}
12 {4 6 10} {{1 0 0 0 0 0 7 0 0 0} {0 2 3 0 0 0 0 0 0 0} {0 0 0 0 5 0 0 8 9 0}}
13 {4 6 10} {{1 0 0 0 0 0 7 0 0 0} {0 2 3 0 0 0 0 0 0 0} {0 0 0 0 5 0 0 8 9 0}}
14 {4 6 10} {{1 0 0 0 0 0 7 0 0 0} {0 2 3 0 0 0 0 0 0 0} {0 0 0 0 5 0 0 8 9 0}}
15 {4 6 10} {{1 0 0 0 0 0 7 0 0 0} {0 2 3 0 0 0 0 0 0 0} {0 0 0 0 5 0 0 8 9 0}}
16 {4 6 10} {{1 0 0 0 0 0 7 0 0 0} {0 2 3 0 0 0 0 0 0 0} {0 0 0 0 5 0 0 8 9 0}}
17 {4 6 10} {{1 0 0 0 0 0 7 0 0 0} {0 2 3 0 0 0 0 0 0 0} {0 0 0 0 5 0 0 8 9 0}}
18 {4 6 10} {{1 0 0 0 0 0 7 0 0 0} {0 2 3 0 0 0 0 0 0 0} {0 0 0 0 5 0 0 8 9 0}}
19 {4 6 10} {{1 0 0 0 0 0 7 0 0 0} {0 2 3 0 0 0 0 0 0 0} {0 0 0 0 5 0 0 8 9 0}}
20 {4 6 10} {{1 0 0 0 0 0 7 0 0 0} {0 2 3 0 0 0 0 0 0 0} {0 0 0 0 5 0 0 8 9 0}}
21 10 {{1 0 0 0 0 0 7 0 0 0} {0 2 3 0 0 0 0 0 0 0} {0 0 0 4 0 6 0 0 0 0} {0 0 0 0 5 0 0 8 9 0}}
22 10 {{1 0 0 0 0 0 7 0 0 0} {0 2 3 0 0 0 0 0 0 0} {0 0 0 4 0 6 0 0 0 0} {0 0 0 0 5 0 0 8 9 0}}
23 10 {{1 0 0 0 0 0 7 0 0 0} {0 2 3 0 0 0 0 0 0 0} {0 0 0 4 0 6 0 0 0 0} {0 0 0 0 5 0 0 8 9 0}}
24 10 {{1 0 0 0 0 0 7 0 0 0} {0 2 3 0 0 0 0 0 0 0} {0 0 0 4 0 6 0 0 0 0} {0 0 0 0 5 0 0 8 9 0}}
25 10 {{1 0 0 0 0 0 7 0 0 0} {0 2 3 0 0 0 0 0 0 0} {0 0 0 4 0 6 0 0 0 0} {0 0 0 0 5 0 0 8 9 0}}
26 10 {{1 0 0 0 0 0 7 0 0 0} {0 2 3 0 0 0 0 0 0 0} {0 0 0 4 0 6 0 0 0 0} {0 0 0 0 5 0 0 8 9 0}}
27 10 {{1 0 0 0 0 0 7 0 0 0} {0 2 3 0 0 0 0 0 0 0} {0 0 0 4 0 6 0 0 0 0} {0 0 0 0 5 0 0 8 9 0}}
28 10 {{1 0 0 0 0 0 7 0 0 0} {0 2 3 0 0 0 0 0 0 0} {0 0 0 4 0 6 0 0 0 0} {0 0 0 0 5 0 0 8 9 0}}
29 10 {{1 0 0 0 0 0 7 0 0 0} {0 2 3 0 0 0 0 0 0 0} {0 0 0 4 0 6 0 0 0 0} {0 0 0 0 5 0 0 8 9 0}}
30 10 {{1 0 0 0 0 0 7 0 0 0} {0 2 3 0 0 0 0 0 0 0} {0 0 0 4 0 6 0 0 0 0} {0 0 0 0 5 0 0 8 9 0}}
31 10 {{1 0 0 0 0 0 7 0 0 0} {0 2 3 0 0 0 0 0 0 0} {0 0 0 4 0 6 0 0 0 0} {0 0 0 0 5 0 0 8 9 0}}
32 10 {{1 0 0 0 0 0 7 0 0 0} {0 2 3 0 0 0 0 0 0 0} {0 0 0 4 0 6 0 0 0 0} {0 0 0 0 5 0 0 8 9 0}}
33 10 {{1 0 0 0 0 0 7 0 0 0} {0 2 3 0 0 0 0 0 0 0} {0 0 0 4 0 6 0 0 0 0} {0 0 0 0 5 0 0 8 9 0}}
34 10 {{1 0 0 0 0 0 7 0 0 0} {0 2 3 0 0 0 0 0 0 0} {0 0 0 4 0 6 0 0 0 0} {0 0 0 0 5 0 0 8 9 0}}
35 10 {{1 0 0 0 0 0 7 0 0 0} {0 2 3 0 0 0 0 0 0 0} {0 0 0 4 0 6 0 0 0 0} {0 0 0 0 5 0 0 8 9 0}}
36 10 {{1 0 0 0 0 0 7 0 0 0} {0 2 3 0 0 0 0 0 0 0} {0 0 0 4 0 6 0 0 0 0} {0 0 0 0 5 0 0 8 9 0}}
37 10 {{1 0 0 0 0 0 7 0 0 0} {0 2 3 0 0 0 0 0 0 0} {0 0 0 4 0 6 0 0 0 0} {0 0 0 0 5 0 0 8 9 0}}
38 10 {{1 0 0 0 0 0 7 0 0 0} {0 2 3 0 0 0 0 0 0 0} {0 0 0 4 0 6 0 0 0 0} {0 0 0 0 5 0 0 8 9 0}}
39 10 {{1 0 0 0 0 0 7 0 0 0} {0 2 3 0 0 0 0 0 0 0} {0 0 0 4 0 6 0 0 0 0} {0 0 0 0 5 0 0 8 9 0}}
40 10 {{1 0 0 0 0 0 7 0 0 0} {0 2 3 0 0 0 0 0 0 0} {0 0 0 4 0 6 0 0 0 0} {0 0 0 0 5 0 0 8 9 0}}
41 10 {{1 0 0 0 0 0 7 0 0 0} {0 2 3 0 0 0 0 0 0 0} {0 0 0 4 0 6 0 0 0 0} {0 0 0 0 5 0 0 8 9 0}}
42 10 {{1 0 0 0 0 0 7 0 0 0} {0 2 3 0 0 0 0 0 0 0} {0 0 0 4 0 6 0 0 0 0} {0 0 0 0 5 0 0 8 9 0}}
43 10 {{1 0 0 0 0 0 7 0 0 0} {0 2 3 0 0 0 0 0 0 0} {0 0 0 4 0 6 0 0 0 0} {0 0 0 0 5 0 0 8 9 0}}
44 10 {{1 0 0 0 0 0 7 0 0 0} {0 2 3 0 0 0 0 0 0 0} {0 0 0 4 0 6 0 0 0 0} {0 0 0 0 5 0 0 8 9 0}}
45 10 {{1 0 0 0 0 0 7 0 0 0} {0 2 3 0 0 0 0 0 0 0} {0 0 0 4 0 6 0 0 0 0} {0 0 0 0 5 0 0 8 9 0}}
46 10 {{1 0 0 0 0 0 7 0 0 0} {0 2 3 0 0 0 0 0 0 0} {0 0 0 4 0 6 0 0 0 0} {0 0 0 0 5 0 0 8 9 0}}
47 10 {{1 0 0 0 0 0 7 0 0 0} {0 2 3 0 0 0 0 0 0 0} {0 0 0 4 0 6 0 0 0 0} {0 0 0 0 5 0 0 8 9 0}}
48 10 {{1 0 0 0 0 0 7 0 0 0} {0 2 3 0 0 0 0 0 0 0} {0 0 0 4 0 6 0 0 0 0} {0 0 0 0 5 0 0 8 9 0}}
49 10 {{1 0 0 0 0 0 7 0 0 0} {0 2 3 0 0 0 0 0 0 0} {0 0 0 4 0 6 0 0 0 0} {0 0 0 0 5 0 0 8 9 0}}
50 10 {{1 0 0 0 0 0 7 0 0 0} {0 2 3 0 0 0 0 0 0 0} {0 0 0 4 0 6 0 0 0 0} {0 0 0 0 5 0 0 8 9 0}}
51 10 {{1 0 0 0 0 0 7 0 0 0} {0 2 3 0 0 0 0 0 0 0} {0 0 0 4 0 6 0 0 0 0} {0 0 0 0 5 0 0 8 9 0}}
52 10 {{1 0 0 0 0 0 7 0 0 0} {0 2 3 0 0 0 0 0 0 0} {0 0 0 4 0 6 0 0 0 0} {0 0 0 0 5 0 0 8 9 0}}
53 10 {{1 0 0 0 0 0 7 0 0 0} {0 2 3 0 0 0 0 0 0 0} {0 0 0 4 0 6 0 0 0 0} {0 0 0 0 5 0 0 8 9 0}}
54 10 {{1 0 0 0 0 0 7 0 0 0} {0 2 3 0 0 0 0 0 0 0} {0 0 0 4 0 6 0 0 0 0} {0 0 0 0 5 0 0 8 9 0}}
55 10 {{1 0 0 0 0 0 7 0 0 0} {0 2 3 0 0 0 0 0 0 0} {0 0 0 4 0 6 0 0 0 0} {0 0 0 0 5 0 0 8 9 0}}
56 10 {{1 0 0 0 0 0 7 0 0 0} {0 2 3 0 0 0 0 0 0 0} {0 0 0 4 0 6 0 0 0 0} {0 0 0 0 5 0 0 8 9 0}}
57 10 {{1 0 0 0 0 0 7 0 0 0} {0 2 3 0 0 0 0 0 0 0} {0 0 0 4 0 6 0 0 0 0} {0 0 0 0 5 0 0 8 9 0}}
58 10 {{1 0 0 0 0 0 7 0 0 0} {0 2 3 0 0 0 0 0 0 0} {0 0 0 4 0 6 0 0 0 0} {0 0 0 0 5 0 0 8 9 0}}
59 10 {{1 0 0 0 0 0 7 0 0 0} {0 2 3 0 0 0 0 0 0 0} {0 0 0 4 0 6 0 0 0 0} {0 0 0 0 5 0 0 8 9 0}}
60 10 {{1 0 0 0 0 0 7 0 0 0} {0 2 3 0 0 0 0 0 0 0} {0 0 0 4 0 6 0 0 0 0} {0 0 0 0 5 0 0 8 9 0}}
61 10 {{1 0 0 0 0 0 7 0 0 0} {0 2 3 0 0 0 0 0 0 0} {0 0 0 4 0 6 0 0 0 0} {0 0 0 0 5 0 0 8 9 0}}
62 10 {{1 0 0 0 0 0 7 0 0 0} {0 2 3 0 0 0 0 0 0 0} {0 0 0 4 0 6 0 0 0 0} {0 0 0 0 5 0 0 8 9 0}}
63 10 {{1 0 0 0 0 0 7 0 0 0} {0 2 3 0 0 0 0 0 0 0} {0 0 0 4 0 6 0 0 0 0} {0 0 0 0 5 0 0 8 9 0}}
64 10 {{1 0 0 0 0 0 7 0 0 0} {0 2 3 0 0 0 0 0 0 0} {0 0 0 4 0 6 0 0 0 0} {0 0 0 0 5 0 0 8 9 0}}
65 10 {{1 0 0 0 0 0 7 0 0 0} {0 2 3 0 0 0 0 0 0 0} {0 0 0 4 0 6 0 0 0 0} {0 0 0 0 5 0 0 8 9 0}}
66 10 {{1 0 0 0 0 0 7 0 0 0} {0 2 3 0 0 0 0 0 0 0} {0 0 0 4 0 6 0 0 0 0} {0 0 0 0 5 0 0 8 9 0}}
67 10 {{1 0 0 0 0 0 7 0 0 0} {0 2 3 0 0 0 0 0 0 0} {0 0 0 4 0 6 0 0 0 0} {0 0 0 0 5 0 0 8 9 0}}
68 10 {{1 0 0 0 0 0 7 0 0 0} {0 2 3 0 0 0 0 0 0 0} {0 0 0 4 0 6 0 0 0 0} {0 0 0 0 5 0 0 8 9 0}}
69 10 {{1 0 0 0 0 0 7 0 0 0} {0 2 3 0 0 0 0 0 0 0} {0 0 0 4 0 6 0 0 0 0} {0 0 0 0 5 0 0 8 9 0}}
70 10 {{1 0 0 0 0 0 7 0 0 0} {0 2 3 0 0 0 0 0 0 0} {0 0 0 4 0 6 0 0 0 0} {0 0 0 0 5 0 0 8 9 0}}
71 10 {{1 0 0 0 0 0 7 0 0 0} {0 2 3 0 0 0 0 0 0 0} {0 0 0 4 0 6 0 0 0 0} {0 0 0 0 5 0 0 8 9 0}}
72 10 {{1 0 0 0 0 0 7 0 0 0} {0 2 3 0 0 0 0 0 0 0} {0 0 0 4 0 6 0 0 0 0} {0 0 0 0 5 0 0 8 9 0}}
73 10 {{1 0 0 0 0 0 7 0 0 0} {0 2 3 0 0 0 0 0 0 0} {0 0 0 4 0 6 0 0 0 0} {0 0 0 0 5 0 0 8 9 0}}
74 10 {{1 0 0 0 0 0 7 0 0 0} {0 2 3 0 0 0 0 0 0 0} {0 0 0 4 0 6 0 0 0 0} {0 0 0 0 5 0 0 8 9 0}}
75 10 {{1 0 0 0 0 0 7 0 0 0} {0 2 3 0 0 0 0 0 0 0} {0 0 0 4 0 6 0 0 0 0} {0 0 0 0 5 0 0 8 9 0}}
76 10 {{1 0 0 0 0 0 7 0 0 0} {0 2 3 0 0 0 0 0 0 0} {0 0 0 4 0 6 0 0 0 0} {0 0 0 0 5 0 0 8 9 0}}
77 10 {{1 0 0 0 0 0 7 0 0 0} {0 2 3 0 0 0 0 0 0 0} {0 0 0 4 0 6 0 0 0 0} {0 0 0 0 5 0 0 8 9 0}}
78 10 {{1 0 0 0 0 0 7 0 0 0} {0 2 3 0 0 0 0 0 0 0} {0 0 0 4 0 6 0 0 0 0} {0 0 0 0 5 0 0 8 9 0}}
79 10 {{1 0 0 0 0 0 7 0 0 0} {0 2 3 0 0 0 0 0 0 0} {0 0 0 4 0 6 0 0 0 0} {0 0 0 0 5 0 0 8 9 0}}
80 10 {{1 0 0 0 0 0 7 0 0 0} {0 2 3 0 0 0 0 0 0 0} {0 0 0 4 0 6 0 0 0 0} {0 0 0 0 5 0 0 8 9 0}}
81 10 {{1 0 0 0 0 0 7 0 0 0} {0 2 3 0 0 0 0 0 0 0} {0 0 0 4 0 6 0 0 0 0} {0 0 0 0 5 0 0 8 9 0}}
82 10 {{1 0 0 0 0 0 7 0 0 0} {0 2 3 0 0 0 0 0 0 0} {0 0 0 4 0 6 0 0 0 0} {0 0 0 0 5 0 0 8 9 0}}
83 10 {{1 0 0 0 0 0 7 0 0 0} {0 2 3 0 0 0 0 0 0 0} {0 0 0 4 0 6 0 0 0 0} {0 0 0 0 5 0 0 8 9 0}}
84 10 {{1 0 0 0 0 0 7 0 0 0} {0 2 3 0 0 0 0 0 0 0} {0 0 0 4 0 6 0 0 0 0} {0 0 0 0 5 0 0 8 9 0}}
85 10 {{1 0 0 0 0 0 7 0 0 0} {0 2 3 0 0 0 0 0 0 0} {0 0 0 4 0 6 0 0 0 0} {0 0 0 0 5 0 0 8 9 0}}
86 10 {{1 0 0 0 0 0 7 0 0 0} {0 2 3 0 0 0 0 0 0 0} {0 0 0 4 0 6 0 0 0 0} {0 0 0 0 5 0 0 8 9 0}}
87 10 {{1 0 0 0 0 0 7 0 0 0} {0 2 3 0 0 0 0 0 0 0} {0 0 0 4 0 6 0 0 0 0} {0 0 0 0 5 0 0 8 9 0}}
88 10 {{1 0 0 0 0 0 7 0 0 0} {0 2 3 0 0 0 0 0 0 0} {0 0 0 4 0 6 0 0 0 0} {0 0 0 0 5 0 0 8 9 0}}
89 10 {{1 0 0 0 0 0 7 0 0 0} {0 2 3 0 0 0 0 0 0 0} {0 0 0 4 0 6 0 0 0 0} {0 0 0 0 5 0 0 8 9 0}}
90 10 {{1 0 0 0 0 0 7 0 0 0} {0 2 3 0 0 0 0 0 0 0} {0 0 0 4 0 6 0 0 0 0} {0 0 0 0 5 0 0 8 9 0}}
91 10 {{1 0 0 0 0 0 7 0 0 0} {0 2 3 0 0 0 0 0 0 0} {0 0 0 4 0 6 0 0 0 0} {0 0 0 0 5 0 0 8 9 0}}
92 10 {{1 0 0 0 0 0 7 0 0 0} {0 2 3 0 0 0 0 0 0 0} {0 0 0 4 0 6 0 0 0 0} {0 0 0 0 5 0 0 8 9 0}}
93 10 {{1 0 0 0 0 0 7 0 0 0} {0 2 3 0 0 0 0 0 0 0} {0 0 0 4 0 6 0 0 0 0} {0 0 0 0 5 0 0 8 9 0}}
94 10 {{1 0 0 0 0 0 7 0 0 0} {0 2 3 0 0 0 0 0 0 0} {0 0 0 4 0 6 0 0 0 0} {0 0 0 0 5 0 0 8 9 0}}
95 10 {{1 0 0 0 0 0 7 0 0 0} {0 2 3 0 0 0 0 0 0 0} {0 0 0 4 0 6 0 0 0 0} {0 0 0 0 5 0 0 8 9 0}}
96 10 {{1 0 0 0 0 0 7 0 0 0} {0 2 3 0 0 0 0 0 0 0} {0 0 0 4 0 6 0 0 0 0} {0 0 0 0 5 0 0 8 9 0}}
97 10 {{1 0 0 0 0 0 7 0 0 0} {0 2 3 0 0 0 0 0 0 0} {0 0 0 4 0 6 0 0 0 0} {0 0 0 0 5 0 0 8 9 0}}
98 10 {{1 0 0 0 0 0 7 0 0 0} {0 2 3 0 0 0 0 0 0 0} {0 0 0 4 0 6 0 0 0 0} {0 0 0 0 5 0 0 8 9 0}}
99 10 {{1 0 0 0 0 0 7 0 0 0} {0 2 3 0 0 0 0 0 0 0} {0 0 0 4 0 6 0 0 0 0} {0 0 0 0 5 0 0 8 9 0}}
100 10 {{1 0 0 0 0 0 7 0 0 0} {0 2 3 0 0 0 0 0 0 0} {0 0 0 4 0 6 0 0 0 0} {0 0 0 0 5 0 0 8 9 0}}
101 10 {{1 0 0 0 0 0 7 0 0 0} {0 2 3 0 0 0 0 0 0 0} {0 0 0 4 0 6 0 0 0 0} {0 0 0 0 5 0 0 8 9 0}}
102 10 {{1 0 0 0 0 0 7 0 0 0} {0 2 3 0 0 0 0 0 0 0} {0 0 0 4 0 6 0 0 0 0} {0 0 0 0 5 0 0 8 9 0}}
103 10 {{1 0 0 0 0 0 7 0 0 0} {0 2 3 0 0 0 0 0 0 0} {0 0 0 4 0 6 0 0 0 0} {0 0 0 0 5 0 0 8 9 0}}
104 10 {{1 0 0 0 0 0 7 0 0 0} {0 2 3 0 0 0 0 0 0 0} {0 0 0 4 0 6 0 0 0 0} {0 0 0 0 5 0 0 8 9 0}}
105 10 {{1 0 0 0 0 0 7 0 0 0} {0 2 3 0 0 0 0 0 0 0} {0 0 0 4 0 6 0 0 0 0} {0 0 0 0 5 0 0 8 9 0}}
106 10 {{1 0 0 0 0 0 7 0 0 0} {0 2 3 0 0 0 0 0 0 0} {0 0 0 4 0 6 0 0 0 0} {0 0 0 0 5 0 0 8 9 0}}
107 10 {{1 0 0 0 0 0 7 0 0 0} {0 2 3 0 0 0 0 0 0 0} {0 0 0 4 0 6 0 0 0 0} {0 0 0 0 5 0 0 8 9 0}}
108 10 {{1 0 0 0 0 0 7 0 0 0} {0 2 3 0 0 0 0 0 0 0} {0 0 0 4 0 6 0 0 0 0} {0 0 0 0 5 0 0 8 9 0}}
109 10 {{1 0 0 0 0 0 7 0 0 0} {0 2 3 0 0 0 0 0 0 0} {0 0 0 4 0 6 0 0 0 0} {0 0 0 0 5 0 0 8 9 0}}
110 10 {{1 0 0 0 0 0 7 0 0 0} {0 2 3 0 0 0 0 0 0 0} {0 0 0 4 0 6 0 0 0 0} {0 0 0 0 5 0 0 8 9 0}}
111 10 {{1 0 0 0 0 0 7 0 0 0} {0 2 3 0 0 0 0 0 0 0} {0 0 0 4 0 6 0 0 0 0} {0 0 0 0 5 0 0 8 9 0}}
112 10 {{1 0 0 0 0 0 7 0 0 0} {0 2 3 0 0 0 0 0 0 0} {0 0 0 4 0 6 0 0 0 0} {0 0 0 0 5 0 0 8 9 0}}
113 10 {{1 0 0 0 0 0 7 0 0 0} {0 2 3 0 0 0 0 0 0 0} {0 0 0 4 0 6 0 0 0 0} {0 0 0 0 5 0 0 8 9 0}}
114 10 {{1 0 0 0 0 0 7 0 0 0} {0 2 3 0 0 0 0 0 0 0} {0 0 0 4 0 6 0 0 0 0} {0 0 0 0 5 0 0 8 9 0}}
115 10 {{1 0 0 0 0 0 7 0 0 0} {0 2 3 0 0 0 0 0 0 0} {0 0 0 4 0 6 0 0 0 0} {0 0 0 0 5 0 0 8 9 0}}
116 10 {{1 0 0 0 0 0 7 0 0 0} {0 2 3 0 0 0 0 0 0 0} {0 0 0 4 0 6 0 0 0 0} {0 0 0 0 5 0 0 8 9 0}}
117 10 {{1 0 0 0 0 0 7 0 0 0} {0 2 3 0 0 0 0 0 0 0} {0 0 0 4 0 6 0 0 0 0} {0 0 0 0 5 0 0 8 9 0}}
118 10 {{1 0 0 0 0 0 7 0 0 0} {0 2 3 0 0 0 0 0 0 0} {0 0 0 4 0 6 0 0 0 0} {0 0 0 0 5 0 0 8 9 0}}
119 10 {{1 0 0 0 0 0 7 0 0 0} {0 2 3 0 0 0 0 0 0 0} {0 0 0 4 0 6 0 0 0 0} {0 0 0 0 5 0 0 8 9 0}}
120 10 {{1 0 0 0 0 0 7 0 0 0} {0 2 3 0 0 0 0 0 0 0} {0 0 0 4 0 6 0 0 0 0} {0 0 0 0 5 0 0 8 9 0}}
121 10 {{1 0 0 0 0 0 7 0 0 0} {0 2 3 0 0 0 0 0 0 0} {0 0 0 4 0 6 0 0 0 0} {0 0 0 0 5 0 0 8 9 0}}
122 10 {{1 0 0 0 0 0 7 0 0 0} {0 2 3 0 0 0 0 0 0 0} {0 0 0 4 0 6 0 0 0 0} {0 0 0 0 5 0 0 8 9 0}}
123 10 {{1 0 0 0 0 0 7 0 0 0} {0 2 3 0 0 0 0 0 0 0} {0 0 0 4 0 6 0 0 0 0} {0 0 0 0 5 0 0 8 9 0}}
124 10 {{1 0 0 0 0 0 7 0 0 0} {0 2 3 0 0 0 0 0 0 0} {0 0 0 4 0 6 0 0 0 0} {0 0 0 0 5 0 0 8 9 0}}
125 10 {{1 0 0 0 0 0 7 0 0 0} {0 2 3 0 0 0 0 0 0 0} {0 0 0 4 0 6 0 0 0 0} {0 0 0 0 5 0 0 8 9 0}}
126 10 {{1 0 0 0 0 0 7 0 0 0} {0 2 3 0 0 0 0 0 0 0} {0 0 0 4 0 6 0 0 0 0} {0 0 0 0 5 0 0 8 9 0}}
127 10 {{1 0 0 0 0 0 7 0 0 0} {0 2 3 0 0 0 0 0 0 0} {0 0 0 4 0 6 0 0 0 0} {0 0 0 0 5 0 0 8 9 0}}
128 10 {{1 0 0 0 0 0 7 0 0 0} {0 2 3 0 0 0 0 0 0 0} {0 0 0 4 0 6 0 0 0 0} {0 0 0 0 5 0 0 8 9 0}}
129 10 {{1 0 0 0 0 0 7 0 0 0} {0 2 3 0 0 0 0 0 0 0} {0 0 0 4 0 6 0 0 0 0} {0 0 0 0 5 0 0 8 9 0}}
130 10 {{1 0 0 0 0 0 7 0 0 0} {0 2 3 0 0 0 0 0 0 0} {0 0 0 4 0 6 0 0 0 0} {0 0 0 0 5 0 0 8 9 0}}
131 10 {{1 0 0 0 0 0 7 0 0 0} {0 2 3 0 0 0 0 0 0 0} {0 0 0 4 0 6 0 0 0 0} {0 0 0 0 5 0 0 8 9 0}}
132 10 {{1 0 0 0 0 0 7 0 0 0} {0 2 3 0 0 0 0 0 0 0} {0 0 0 4 0 6 0 0 0 0} {0 0 0 0 5 0 0 8 9 0}}
133 10 {{1 0 0 0 0 0 7 0 0 0} {0 2 3 0 0 0 0 0 0 0} {0 0 0 4 0 6 0 0 0 0} {0 0 0 0 5 0 0 8 9 0}}
134 10 {{1 0 0 0 0 0 7 0 0 0} {0 2 3 0 0 0 0 0 0 0} {0 0 0 4 0 6 0 0 0 0} {0 0 0 0 5 0 0 8 9 0}}
135 10 {{1 0 0 0 0 0 7 0 0 0} {0 2 3 0 0 0 0 0 0 0} {0 0 0 4 0 6 0 0 0 0} {0 0 0 0 5 0 0 8 9 0}}
136 10 {{1 0 0 0 0 0 7 0 0 0} {0 2 3 0 0 0 0 0 0 0} {0 0 0 4 0 6 0 0 0 0} {0 0 0 0 5 0 0 8 9 0}}
137 10 {{1 0 0 0 0 0 7 0 0 0} {0 2 3 0 0 0 0 0 0 0} {0 0 0 4 0 6 0 0 0 0} {0 0 0 0 5 0 0 8 9 0}}
138 10 {{1 0 0 0 0 0 7 0 0 0} {0 2 3 0 0 0 0 0 0 0} {0 0 0 4 0 6 0 0 0 0} {0 0 0 0 5 0 0 8 9 0}}
139 10 {{1 0 0 0 0 0 7 0 0 0} {0 2 3 0 0 0 0 0 0 0} {0 0 0 4 0 6 0 0 0 0} {0 0 0 0 5 0 0 8 9 0}}
140 10 {{1 0 0 0 0 0 7 0 0 0} {0 2 3 0 0 0 0 0 0 0} {0 0 0 4 0 6 0 0 0 0} {0 0 0 0 5 0 0 8 9 0}}
141 10 {{1 0 0 0 0 0 7 0 0 0} {0 2 3 0 0 0 0 0 0 0} {0 0 0 4 0 6 0 0 0 0} {0 0 0 0 5 0 0 8 9 0}}
142 10 {{1 0 0 0 0 0 7 0 0 0} {0 2 3 0 0 0 0 0 0 0} {0 0 0 4 0 6 0 0 0 0} {0 0 0 0 5 0 0 8 9 0}}
143 10 {{1 0 0 0 0 0 7 0 0 0} {0 2 3 0 0 0 0 0 0 0} {0 0 0 4 0 6 0 0 0 0} {0 0 0 0 5 0 0 8 9 0}}
144 10 {{1 0 0 0 0 0 7 0 0 0} {0 2 3 0 0 0 0 0 0 0} {0 0 0 4 0 6 0 0 0 0} {0 0 0 0 5 0 0 8 9 0}}
145 10 {{1 0 0 0 0 0 7 0 0 0} {0 2 3 0 0 0 0 0 0 0} {0 0 0 4 0 6 0 0 0 0} {0 0 0 0 5 0 0 8 9 0}}
146 10 {{1 0 0 0 0 0 7 0 0 0} {0 2 3 0 0 0 0 0 0 0} {0 0 0 4 0 6 0 0 0 0} {0 0 0 0 5 0 0 8 9 0}}
147 10 {{1 0 0 0 0 0 7 0 0 0} {0 2 3 0 0 0 0 0 0 0} {0 0 0 4 0 6 0 0 0 0} {0 0 0 0 5 0 0 8 9 0}}
148 10 {{1 0 0 0 0 0 7 0 0 0} {0 2 3 0 0 0 0 0 0 0} {0 0 0 4 0 6 0 0 0 0} {0 0 0 0 5 0 0 8 9 0}}
149 10 {{1 0 0 0 0 0 7 0 0 0} {0 2 3 0 0 0 0 0 0 0} {0 0 0 4 0 6 0 0 0 0} {0 0 0 0 5 0 0 8 9 0}}
150 10 {{1 0 0 0 0 0 7 0 0 0} {0 2 3 0 0 0 0 0 0 0} {0 0 0 4 0 6 0 0 0 0} {0 0 0 0 5 0 0 8 9 0}}
151 10 {{1 0 0 0 0 0 7 0 0 0} {0 2 3 0 0 0 0 0 0 0} {0 0 0 4 0 6 0 0 0 0} {0 0 0 0 5 0 0 8 9 0}}
152 10 {{1 0 0 0 0 0 7 0 0 0} {0 2 3 0 0 0 0 0 0 0} {0 0 0 4 0 6 0 0 0 0} {0 0 0 0 5 0 0 8 9 0}}
153 10 {{1 0 0 0 0 0 7 0 0 0} {0 2 3 0 0 0 0 0 0 0} {0 0 0 4 0 6 0 0 0 0} {0 0 0 0 5 0 0 8 9 0}}
154 10 {{1 0 0 0 0 0 7 0 0 0} {0 2 3 0 0 0 0 0 0 0} {0 0 0 4 0 6 0 0 0 0} {0 0 0 0 5 0 0 8 9 0}}
155 10 {{1 0 0 0 0 0 7 0 0 0} {0 2 3 0 0 0 0 0 0 0} {0 0 0 4 0 6 0 0 0 0} {0 0 0 0 5 0 0 8 9 0}}
156 10 {{1 0 0 0 0 0 7 0 0 0} {0 2 3 0 0 0 0 0 0 0} {0 0 0 4 0 6 0 0 0 0} {0 0 0 0 5 0 0 8 9 0}}
157 10 {{1 0 0 0 0 0 7 0 0 0} {0 2 3 0 0 0 0 0 0 0} {0 0 0 4 0 6 0 0 0 0} {0 0 0 0 5 0 0 8 9 0}}
158 10 {{1 0 0 0 0 0 7 0 0 0} {0 2 3 0 0 0 0 0 0 0} {0 0 0 4 0 6 0 0 0 0} {0 0 0 0 5 0 0 8 9 0}}
159 10 {{1 0 0 0 0 0 7 0 0 0} {0 2 3 0 0 0 0 0 0 0} {0 0 0 4 0 6 0 0 0 0} {0 0 0 0 5 0 0 8 9 0}}
160 10 {{1 0 0 0 0 0 7 0 0 0} {0 2 3 0 0 0 0 0 0 0} {0 0 0 4 0 6 0 0 0 0} {0 0 0 0 5 0 0 8 9 0}}
161 10 {{1 0 0 0 0 0 7 0 0 0} {0 2 3 0 0 0 0 0 0 0} {0 0 0 4 0 6 0 0 0 0} {0 0 0 0 5 0 0 8 9 0}}
162 10 {{1 0 0 0 0 0 7 0 0 0} {0 2 3 0 0 0 0 0 0 0} {0 0 0 4 0 6 0 0 0 0} {0 0 0 0 5 0 0 8 9 0}}
163 10 {{1 0 0 0 0 0 7 0 0 0} {0 2 3 0 0 0 0 0 0 0} {0 0 0 4 0 6 0 0 0 0} {0 0 0 0 5 0 0 8 9 0}}
164 10 {{1 0 0 0 0 0 7 0 0 0} {0 2 3 0 0 0 0 0 0 0} {0 0 0 4 0 6 0 0 0 0} {0 0 0 0 5 0 0 8 9 0}}
165 10 {{1 0 0 0 0 0 7 0 0 0} {0 2 3 0 0 0 0 0 0 0} {0 0 0 4 0 6 0 0 0 0} {0 0 0 0 5 0 0 8 9 0}}
166 10 {{1 0 0 0 0 0 7 0 0 0} {0 2 3 0 0 0 0 0 0 0} {0 0 0 4 0 6 0 0 0 0} {0 0 0 0 5 0 0 8 9 0}}
167 10 {{1 0 0 0 0 0 7 0 0 0} {0 2 3 0 0 0 0 0 0 0} {0 0 0 4 0 6 0 0 0 0} {0 0 0 0 5 0 0 8 9 0}}
168 10 {{1 0 0 0 0 0 7 0 0 0} {0 2 3 0 0 0 0 0 0 0} {0 0 0 4 0 6 0 0 0 0} {0 0 0 0 5 0 0 8 9 0}}
169 10 {{1 0 0 0 0 0 7 0 0 0} {0 2 3 0 0 0 0 0 0 0} {0 0 0 4 0 6 0 0 0 0} {0 0 0 0 5 0 0 8 9 0}}
170 10 {{1 0 0 0 0 0 7 0 0 0} {0 2 3 0 0 0 0 0 0 0} {0 0 0 4 0 6 0 0 0 0} {0 0 0 0 5 0 0 8 9 0}}
171 10 {{1 0 0 0 0 0 7 0 0 0} {0 2 3 0 0 0 0 0 0 0} {0 0 0 4 0 6 0 0 0 0} {0 0 0 0 5 0 0 8 9 0}}
172 10 {{1 0 0 0 0 0 7 0 0 0} {0 2 3 0 0 0 0 0 0 0} {0 0 0 4 0 6 0 0 0 0} {0 0 0 0 5 0 0 8 9 0}}
173 10 {{1 0 0 0 0 0 7 0 0 0} {0 2 3 0 0 0 0 0 0 0} {0 0 0 4 0 6 0 0 0 0} {0 0 0 0 5 0 0 8 9 0}}
174 10 {{1 0 0 0 0 0 7 0 0 0} {0 2 3 0 0 0 0 0 0 0} {0 0 0 4 0 6 0 0 0 0} {0 0 0 0 5 0 0 8 9 0}}
175 10 {{1 0 0 0 0 0 7 0 0 0} {0 2 3 0 0 0 0 0 0 0} {0 0 0 4 0 6 0 0 0 0} {0 0 0 0 5 0 0 8 9 0}}
176 10 {{1 0 0 0 0 0 7 0 0 0} {0 2 3 0 0 0 0 0 0 0} {0 0 0 4 0 6 0 0 0 0} {0 0 0 0 5 0 0 8 9 0}}
177 10 {{1 0 0 0 0 0 7 0 0 0} {0 2 3 0 0 0 0 0 0 0} {0 0 0 4 0 6 0 0 0 0} {0 0 0 0 5 0 0 8 9 0}}
178 {} {{1 0 0 0 0 0 7 0 0 0} {0 2 3 0 0 0 0 0 0 10} {0 0 0 4 0 6 0 0 0 0} {0 0 0 0 5 0 0 8 9 0}}
179 {} {{1 0 0 0 0 0 7 0 0 0} {0 2 3 0 0 0 0 0 0 10} {0 0 0 4 0 6 0 0 0 0} {0 0 0 0 5 0 0 8 9 0}}
180 {} {{1 0 0 0 0 0 7 0 0 0} {0 2 3 0 0 0 0 0 0 10} {0 0 0 4 0 6 0 0 0 0} {0 0 0 0 5 0 0 8 9 0}}
181 {} {{1 0 0 0 0 0 7 0 0 0} {0 2 3 0 0 0 0 0 0 10} {0 0 0 4 0 6 0 0 0 0} {0 0 0 0 5 0 0 8 9 0}}
182 {} {{1 0 0 0 0 0 7 0 0 0} {0 2 3 0 0 0 0 0 0 10} {0 0 0 4 0 6 0 0 0 0} {0 0 0 0 5 0 0 8 9 0}}
183 {} {{1 0 0 0 0 0 7 0 0 0} {0 2 3 0 0 0 0 0 0 10} {0 0 0 4 0 6 0 0 0 0} {0 0 0 0 5 0 0 8 9 0}}
184 {} {{1 0 0 0 0 0 7 0 0 0} {0 2 3 0 0 0 0 0 0 10} {0 0 0 4 0 6 0 0 0 0} {0 0 0 0 5 0 0 8 9 0}}
185 {} {{1 0 0 0 0 0 7 0 0 0} {0 2 3 0 0 0 0 0 0 10} {0 0 0 4 0 6 0 0 0 0} {0 0 0 0 5 0 0 8 9 0}}
186 {} {{1 0 0 0 0 0 7 0 0 0} {0 2 3 0 0 0 0 0 0 10} {0 0 0 4 0 6 0 0 0 0} {0 0 0 0 5 0 0 8 9 0}}
187 {} {{1 0 0 0 0 0 7 0 0 0} {0 2 3 0 0 0 0 0 0 10} {0 0 0 4 0 6 0 0 0 0} {0 0 0 0 5 0 0 8 9 0}}
188 {} {{1 0 0 0 0 0 7 0 0 0} {0 2 3 0 0 0 0 0 0 10} {0 0 0 4 0 6 0 0 0 0} {0 0 0 0 5 0 0 8 9 0}}
189 {} {{1 0 0 0 0 0 7 0 0 0} {0 2 3 0 0 0 0 0 0 10} {0 0 0 4 0 6 0 0 0 0} {0 0 0 0 5 0 0 8 9 0}}
190 {} {{1 0 0 0 0 0 7 0 0 0} {0 2 3 0 0 0 0 0 0 10} {0 0 0 4 0 6 0 0 0 0} {0 0 0 0 5 0 0 8 9 0}}
191 {} {{1 0 0 0 0 0 7 0 0 0} {0 2 3 0 0 0 0 0 0 10} {0 0 0 4 0 6 0 0 0 0} {0 0 0 0 5 0 0 8 9 0}}
192 {} {{1 0 0 0 0 0 7 0 0 0} {0 2 3 0 0 0 0 0 0 10} {0 0 0 4 0 6 0 0 0 0} {0 0 0 0 5 0 0 8 9 0}}
193 {} {{1 0 0 0 0 0 7 0 0 0} {0 2 3 0 0 0 0 0 0 10} {0 0 0 4 0 6 0 0 0 0} {0 0 0 0 5 0 0 8 9 0}}
194 {} {{1 0 0 0 0 0 7 0 0 0} {0 2 3 0 0 0 0 0 0 10} {0 0 0 4 0 6 0 0 0 0} {0 0 0 0 5 0 0 8 9 0}}
195 {} {{1 0 0 0 0 0 7 0 0 0} {0 2 3 0 0 0 0 0 0 10} {0 0 0 4 0 6 0 0 0 0} {0 0 0 0 5 0 0 8 9 0}}
196 {} {{1 0 0 0 0 0 7 0 0 0} {0 2 3 0 0 0 0 0 0 10} {0 0 0 4 0 6 0 0 0 0} {0 0 0 0 5 0 0 8 9 0}}
197 {} {{1 0 0 0 0 0 7 0 0 0} {0 2 3 0 0 0 0 0 0 10} {0 0 0 4 0 6 0 0 0 0} {0 0 0 0 5 0 0 8 9 0}}
198 {} {{1 0 0 0 0 0 7 0 0 0} {0 2 3 0 0 0 0 0 0 10} {0 0 0 4 0 6 0 0 0 0} {0 0 0 0 5 0 0 8 9 0}}
199 {} {{1 0 0 0 0 0 7 0 0 0} {0 2 3 0 0 0 0 0 0 10} {0 0 0 4 0 6 0 0 0 0} {0 0 0 0 5 0 0 8 9 0}}
200 {} {{1 0 0 0 0 0 7 0 0 0} {0 2 3 0 0 0 0 0 0 10} {0 0 0 4 0 6 0 0 0 0} {0 0 0 0 5 0 0 8 9 0}}
201 {} {{1 0 0 0 0 0 7 0 0 0} {0 2 3 0 0 0 0 0 0 10} {0 0 0 4 0 6 0 0 0 0} {0 0 0 0 5 0 0 8 9 0}}
202 {} {{1 0 0 0 0 0 7 0 0 0} {0 2 3 0 0 0 0 0 0 10} {0 0 0 4 0 6 0 0 0 0} {0 0 0 0 5 0 0 8 9 0}}
203 {} {{1 0 0 0 0 0 7 0 0 0} {0 2 3 0 0 0 0 0 0 10} {0 0 0 4 0 6 0 0 0 0} {0 0 0 0 5 0 0 8 9 0}}
204 {} {{1 0 0 0 0 0 7 0 0 0} {0 2 3 0 0 0 0 0 0 10} {0 0 0 4 0 6 0 0 0 0} {0 0 0 0 5 0 0 8 9 0}}
205 {} {{1 0 0 0 0 0 7 0 0 0} {0 2 3 0 0 0 0 0 0 10} {0 0 0 4 0 6 0 0 0 0} {0 0 0 0 5 0 0 8 9 0}}
206 {} {{1 0 0 0 0 0 7 0 0 0} {0 2 3 0 0 0 0 0 0 10} {0 0 0 4 0 6 0 0 0 0} {0 0 0 0 5 0 0 8 9 0}}
207 {} {{1 0 0 0 0 0 7 0 0 0} {0 2 3 0 0 0 0 0 0 10} {0 0 0 4 0 6 0 0 0 0} {0 0 0 0 5 0 0 8 9 0}}
208 {} {{1 0 0 0 0 0 7 0 0 0} {0 2 3 0 0 0 0 0 0 10} {0 0 0 4 0 6 0 0 0 0} {0 0 0 0 5 0 0 8 9 0}}
209 {} {{1 0 0 0 0 0 7 0 0 0} {0 2 3 0 0 0 0 0 0 10} {0 0 0 4 0 6 0 0 0 0} {0 0 0 0 5 0 0 8 9 0}}
210 {} {{1 0 0 0 0 0 7 0 0 0} {0 2 3 0 0 0 0 0 0 10} {0 0 0 4 0 6 0 0 0 0} {0 0 0 0 5 0 0 8 9 0}}
211 {} {{1 0 0 0 0 0 7 0 0 0} {0 2 3 0 0 0 0 0 0 10} {0 0 0 4 0 6 0 0 0 0} {0 0 0 0 5 0 0 8 9 0}}
212 {} {{1 0 0 0 0 0 7 0 0 0} {0 2 3 0 0 0 0 0 0 10} {0 0 0 4 0 6 0 0 0 0} {0 0 0 0 5 0 0 8 9 0}}
213 {} {{1 0 0 0 0 0 7 0 0 0} {0 2 3 0 0 0 0 0 0 10} {0 0 0 4 0 6 0 0 0 0} {0 0 0 0 5 0 0 8 9 0}}
214 {} {{1 0 0 0 0 0 7 0 0 0} {0 2 3 0 0 0 0 0 0 10} {0 0 0 4 0 6 0 0 0 0} {0 0 0 0 5 0 0 8 9 0}}
215 {} {{1 0 0 0 0 0 7 0 0 0} {0 2 3 0 0 0 0 0 0 10} {0 0 0 4 0 6 0 0 0 0} {0 0 0 0 5 0 0 8 9 0}}
216 {} {{1 0 0 0 0 0 7 0 0 0} {0 2 3 0 0 0 0 0 0 10} {0 0 0 4 0 6 0 0 0 0} {0 0 0 0 5 0 0 8 9 0}}
217 {} {{1 0 0 0 0 0 7 0 0 0} {0 2 3 0 0 0 0 0 0 10} {0 0 0 4 0 6 0 0 0 0} {0 0 0 0 5 0 0 8 9 0}}
218 {} {{1 0 0 0 0 0 7 0 0 0} {0 2 3 0 0 0 0 0 0 10} {0 0 0 4 0 6 0 0 0 0} {0 0 0 0 5 0 0 8 9 0}}
219 {} {{1 0 0 0 0 0 7 0 0 0} {0 2 3 0 0 0 0 0 0 10} {0 0 0 4 0 6 0 0 0 0} {0 0 0 0 5 0 0 8 9 0}}
220 {} {{1 0 0 0 0 0 7 0 0 0} {0 2 3 0 0 0 0 0 0 10} {0 0 0 4 0 6 0 0 0 0} {0 0 0 0 5 0 0 8 9 0}}
221 {} {{1 0 0 0 0 0 7 0 0 0} {0 2 3 0 0 0 0 0 0 10} {0 0 0 4 0 6 0 0 0 0} {0 0 0 0 5 0 0 8 9 0}}
222 {} {{1 0 0 0 0 0 7 0 0 0} {0 2 3 0 0 0 0 0 0 10} {0 0 0 4 0 6 0 0 0 0} {0 0 0 0 5 0 0 8 9 0}}
223 {} {{1 0 0 0 0 0 7 0 0 0} {0 2 3 0 0 0 0 0 0 10} {0 0 0 4 0 6 0 0 0 0} {0 0 0 0 5 0 0 8 9 0}}
224 {} {{1 0 0 0 0 0 7 0 0 0} {0 2 3 0 0 0 0 0 0 10} {0 0 0 4 0 6 0 0 0 0} {0 0 0 0 5 0 0 8 9 0}}
225 {} {{1 0 0 0 0 0 7 0 0 0} {0 2 3 0 0 0 0 0 0 10} {0 0 0 4 0 6 0 0 0 0} {0 0 0 0 5 0 0 8 9 0}}
226 {} {{1 0 0 0 0 0 7 0 0 0} {0 2 3 0 0 0 0 0 0 10} {0 0 0 4 0 6 0 0 0 0} {0 0 0 0 5 0 0 8 9 0}}
227 {} {{1 0 0 0 0 0 7 0 0 0} {0 2 3 0 0 0 0 0 0 10} {0 0 0 4 0 6 0 0 0 0} {0 0 0 0 5 0 0 8 9 0}}
228 {} {{1 0 0 0 0 0 7 0 0 0} {0 2 3 0 0 0 0 0 0 10} {0 0 0 4 0 6 0 0 0 0} {0 0 0 0 5 0 0 8 9 0}}
229 {} {{1 0 0 0 0 0 7 0 0 0} {0 2 3 0 0 0 0 0 0 10} {0 0 0 4 0 6 0 0 0 0} {0 0 0 0 5 0 0 8 9 0}}
230 {} {{1 0 0 0 0 0 7 0 0 0} {0 2 3 0 0 0 0 0 0 10} {0 0 0 4 0 6 0 0 0 0} {0 0 0 0 5 0 0 8 9 0}}
231 {} {{1 0 0 0 0 0 7 0 0 0} {0 2 3 0 0 0 0 0 0 10} {0 0 0 4 0 6 0 0 0 0} {0 0 0 0 5 0 0 8 9 0}}
232 {} {{1 0 0 0 0 0 7 0 0 0} {0 2 3 0 0 0 0 0 0 10} {0 0 0 4 0 6 0 0 0 0} {0 0 0 0 5 0 0 8 9 0}}
233 {} {{1 0 0 0 0 0 7 0 0 0} {0 2 3 0 0 0 0 0 0 10} {0 0 0 4 0 6 0 0 0 0} {0 0 0 0 5 0 0 8 9 0}}
234 {} {{1 0 0 0 0 0 7 0 0 0} {0 2 3 0 0 0 0 0 0 10} {0 0 0 4 0 6 0 0 0 0} {0 0 0 0 5 0 0 8 9 0}}
235 {} {{1 0 0 0 0 0 7 0 0 0} {0 2 3 0 0 0 0 0 0 10} {0 0 0 4 0 6 0 0 0 0} {0 0 0 0 5 0 0 8 9 0}}
236 {} {{1 0 0 0 0 0 7 0 0 0} {0 2 3 0 0 0 0 0 0 10} {0 0 0 4 0 6 0 0 0 0} {0 0 0 0 5 0 0 8 9 0}}
237 {} {{1 0 0 0 0 0 7 0 0 0} {0 2 3 0 0 0 0 0 0 10} {0 0 0 4 0 6 0 0 0 0} {0 0 0 0 5 0 0 8 9 0}}
238 {} {{1 0 0 0 0 0 7 0 0 0} {0 2 3 0 0 0 0 0 0 10} {0 0 0 4 0 6 0 0 0 0} {0 0 0 0 5 0 0 8 9 0}}
239 {} {{1 0 0 0 0 0 7 0 0 0} {0 2 3 0 0 0 0 0 0 10} {0 0 0 4 0 6 0 0 0 0} {0 0 0 0 5 0 0 8 9 0}}
240 {} {{1 0 0 0 0 0 7 0 0 0} {0 2 3 0 0 0 0 0 0 10} {0 0 0 4 0 6 0 0 0 0} {0 0 0 0 5 0 0 8 9 0}}
241 {} {{1 0 0 0 0 0 7 0 0 0} {0 2 3 0 0 0 0 0 0 10} {0 0 0 4 0 6 0 0 0 0} {0 0 0 0 5 0 0 8 9 0}}
242 {} {{1 0 0 0 0 0 7 0 0 0} {0 2 3 0 0 0 0 0 0 10} {0 0 0 4 0 6 0 0 0 0} {0 0 0 0 5 0 0 8 9 0}}
243 {} {{1 0 0 0 0 0 7 0 0 0} {0 2 3 0 0 0 0 0 0 10} {0 0 0 4 0 6 0 0 0 0} {0 0 0 0 5 0 0 8 9 0}}
244 {} {{1 0 0 0 0 0 7 0 0 0} {0 2 3 0 0 0 0 0 0 10} {0 0 0 4 0 6 0 0 0 0} {0 0 0 0 5 0 0 8 9 0}}
245 {} {{1 0 0 0 0 0 7 0 0 0} {0 2 3 0 0 0 0 0 0 10} {0 0 0 4 0 6 0 0 0 0} {0 0 0 0 5 0 0 8 9 0}}
246 {} {{1 0 0 0 0 0 7 0 0 0} {0 2 3 0 0 0 0 0 0 10} {0 0 0 4 0 6 0 0 0 0} {0 0 0 0 5 0 0 8 9 0}}
247 {} {{1 0 0 0 0 0 7 0 0 0} {0 2 3 0 0 0 0 0 0 10} {0 0 0 4 0 6 0 0 0 0} {0 0 0 0 5 0 0 8 9 0}}
248 {} {{1 0 0 0 0 0 7 0 0 0} {0 2 3 0 0 0 0 0 0 10} {0 0 0 4 0 6 0 0 0 0} {0 0 0 0 5 0 0 8 9 0}}
249 {} {{1 0 0 0 0 0 7 0 0 0} {0 2 3 0 0 0 0 0 0 10} {0 0 0 4 0 6 0 0 0 0} {0 0 0 0 5 0 0 8 9 0}}
250 {} {{1 0 0 0 0 0 7 0 0 0} {0 2 3 0 0 0 0 0 0 10} {0 0 0 4 0 6 0 0 0 0} {0 0 0 0 5 0 0 8 9 0}}
251 {} {{1 0 0 0 0 0 7 0 0 0} {0 2 3 0 0 0 0 0 0 10} {0 0 0 4 0 6 0 0 0 0} {0 0 0 0 5 0 0 8 9 0}}
252 {} {{1 0 0 0 0 0 7 0 0 0} {0 2 3 0 0 0 0 0 0 10} {0 0 0 4 0 6 0 0 0 0} {0 0 0 0 5 0 0 8 9 0}}
253 {} {{1 0 0 0 0 0 7 0 0 0} {0 2 3 0 0 0 0 0 0 10} {0 0 0 4 0 6 0 0 0 0} {0 0 0 0 5 0 0 8 9 0}}
254 {} {{1 0 0 0 0 0 7 0 0 0} {0 2 3 0 0 0 0 0 0 10} {0 0 0 4 0 6 0 0 0 0} {0 0 0 0 5 0 0 8 9 0}}
255 {} {{1 0 0 0 0 0 7 0 0 0} {0 2 3 0 0 0 0 0 0 10} {0 0 0 4 0 6 0 0 0 0} {0 0 0 0 5 0 0 8 9 0}}
256 {} {{1 0 0 0 0 0 7 0 0 0} {0 2 3 0 0 0 0 0 0 10} {0 0 0 4 0 6 0 0 0 0} {0 0 0 0 5 0 0 8 9 0}}
257 {} {{1 0 0 0 0 0 7 0 0 0} {0 2 3 0 0 0 0 0 0 10} {0 0 0 4 0 6 0 0 0 0} {0 0 0 0 5 0 0 8 9 0}}
258 {} {{1 0 0 0 0 0 7 0 0 0} {0 2 3 0 0 0 0 0 0 10} {0 0 0 4 0 6 0 0 0 0} {0 0 0 0 5 0 0 8 9 0}}
259 {} {{1 0 0 0 0 0 7 0 0 0} {0 2 3 0 0 0 0 0 0 10} {0 0 0 4 0 6 0 0 0 0} {0 0 0 0 5 0 0 8 9 0}}
260 {} {{1 0 0 0 0 0 7 0 0 0} {0 2 3 0 0 0 0 0 0 10} {0 0 0 4 0 6 0 0 0 0} {0 0 0 0 5 0 0 8 9 0}}
261 {} {{1 0 0 0 0 0 7 0 0 0} {0 2 3 0 0 0 0 0 0 10} {0 0 0 4 0 6 0 0 0 0} {0 0 0 0 5 0 0 8 9 0}}
262 {} {{1 0 0 0 0 0 7 0 0 0} {0 2 3 0 0 0 0 0 0 10} {0 0 0 4 0 6 0 0 0 0} {0 0 0 0 5 0 0 8 9 0}}
263 {} {{1 0 0 0 0 0 7 0 0 0} {0 2 3 0 0 0 0 0 0 10} {0 0 0 4 0 6 0 0 0 0} {0 0 0 0 5 0 0 8 9 0}}
264 {} {{1 0 0 0 0 0 7 0 0 0} {0 2 3 0 0 0 0 0 0 10} {0 0 0 4 0 6 0 0 0 0} {0 0 0 0 5 0 0 8 9 0}}
265 {} {{1 0 0 0 0 0 7 0 0 0} {0 2 3 0 0 0 0 0 0 10} {0 0 0 4 0 6 0 0 0 0} {0 0 0 0 5 0 0 8 9 0}}
266 {} {{1 0 0 0 0 0 7 0 0 0} {0 2 3 0 0 0 0 0 0 10} {0 0 0 4 0 6 0 0 0 0} {0 0 0 0 5 0 0 8 9 0}}
267 {} {{1 0 0 0 0 0 7 0 0 0} {0 2 3 0 0 0 0 0 0 10} {0 0 0 4 0 6 0 0 0 0} {0 0 0 0 5 0 0 8 9 0}}
268 {} {{1 0 0 0 0 0 7 0 0 0} {0 2 3 0 0 0 0 0 0 10} {0 0 0 4 0 6 0 0 0 0} {0 0 0 0 5 0 0 8 9 0}}
269 {} {{1 0 0 0 0 0 7 0 0 0} {0 2 3 0 0 0 0 0 0 10} {0 0 0 4 0 6 0 0 0 0} {0 0 0 0 5 0 0 8 9 0}}
270 {} {{1 0 0 0 0 0 7 0 0 0} {0 2 3 0 0 0 0 0 0 10} {0 0 0 4 0 6 0 0 0 0} {0 0 0 0 5 0 0 8 9 0}}
271 {} {{1 0 0 0 0 0 7 0 0 0} {0 2 3 0 0 0 0 0 0 10} {0 0 0 4 0 6 0 0 0 0} {0 0 0 0 5 0 0 8 9 0}}
272 {} {{1 0 0 0 0 0 7 0 0 0} {0 2 3 0 0 0 0 0 0 10} {0 0 0 4 0 6 0 0 0 0} {0 0 0 0 5 0 0 8 9 0}}
273 {} {{1 0 0 0 0 0 7 0 0 0} {0 2 3 0 0 0 0 0 0 10} {0 0 0 4 0 6 0 0 0 0} {0 0 0 0 5 0 0 8 9 0}}
274 {} {{1 0 0 0 0 0 7 0 0 0} {0 2 3 0 0 0 0 0 0 10} {0 0 0 4 0 6 0 0 0 0} {0 0 0 0 5 0 0 8 9 0}}
275 {} {{1 0 0 0 0 0 7 0 0 0} {0 2 3 0 0 0 0 0 0 10} {0 0 0 4 0 6 0 0 0 0} {0 0 0 0 5 0 0 8 9 0}}
276 {} {{1 0 0 0 0 0 7 0 0 0} {0 2 3 0 0 0 0 0 0 10} {0 0 0 4 0 6 0 0 0 0} {0 0 0 0 5 0 0 8 9 0}}
277 {} {{1 0 0 0 0 0 7 0 0 0} {0 2 3 0 0 0 0 0 0 10} {0 0 0 4 0 6 0 0 0 0} {0 0 0 0 5 0 0 8 9 0}}
278 {} {{1 0 0 0 0 0 7 0 0 0} {0 2 3 0 0 0 0 0 0 10} {0 0 0 4 0 6 0 0 0 0} {0 0 0 0 5 0 0 8 9 0}}
279 {} {{1 0 0 0 0 0 7 0 0 0} {0 2 3 0 0 0 0 0 0 10} {0 0 0 4 0 6 0 0 0 0} {0 0 0 0 5 0 0 8 9 0}}
280 {} {{1 0 0 0 0 0 7 0 0 0} {0 2 3 0 0 0 0 0 0 10} {0 0 0 4 0 6 0 0 0 0} {0 0 0 0 5 0 0 8 9 0}}
281 {} {{1 0 0 0 0 0 7 0 0 0} {0 2 3 0 0 0 0 0 0 10} {0 0 0 4 0 6 0 0 0 0} {0 0 0 0 5 0 0 8 9 0}}
282 {} {{1 0 0 0 0 0 7 0 0 0} {0 2 3 0 0 0 0 0 0 10} {0 0 0 4 0 6 0 0 0 0} {0 0 0 0 5 0 0 8 9 0}}
283 {} {{1 0 0 0 0 0 7 0 0 0} {0 2 3 0 0 0 0 0 0 10} {0 0 0 4 0 6 0 0 0 0} {0 0 0 0 5 0 0 8 9 0}}
284 {} {{1 0 0 0 0 0 7 0 0 0} {0 2 3 0 0 0 0 0 0 10} {0 0 0 4 0 6 0 0 0 0} {0 0 0 0 5 0 0 8 9 0}}
285 {} {{1 0 0 0 0 0 7 0 0 0} {0 2 3 0 0 0 0 0 0 10} {0 0 0 4 0 6 0 0 0 0} {0 0 0 0 5 0 0 8 9 0}}
286 {} {{1 0 0 0 0 0 7 0 0 0} {0 2 3 0 0 0 0 0 0 10} {0 0 0 4 0 6 0 0 0 0} {0 0 0 0 5 0 0 8 9 0}}
287 {} {{1 0 0 0 0 0 7 0 0 0} {0 2 3 0 0 0 0 0 0 10} {0 0 0 4 0 6 0 0 0 0} {0 0 0 0 5 0 0 8 9 0}}
288 {} {{1 0 0 0 0 0 7 0 0 0} {0 2 3 0 0 0 0 0 0 10} {0 0 0 4 0 6 0 0 0 0} {0 0 0 0 5 0 0 8 9 0}}
289 {} {{1 0 0 0 0 0 7 0 0 0} {0 2 3 0 0 0 0 0 0 10} {0 0 0 4 0 6 0 0 0 0} {0 0 0 0 5 0 0 8 9 0}}
290 {} {{1 0 0 0 0 0 7 0 0 0} {0 2 3 0 0 0 0 0 0 10} {0 0 0 4 0 6 0 0 0 0} {0 0 0 0 5 0 0 8 9 0}}
291 {} {{1 0 0 0 0 0 7 0 0 0} {0 2 3 0 0 0 0 0 0 10} {0 0 0 4 0 6 0 0 0 0} {0 0 0 0 5 0 0 8 9 0}}
292 {} {{1 0 0 0 0 0 7 0 0 0} {0 2 3 0 0 0 0 0 0 10} {0 0 0 4 0 6 0 0 0 0} {0 0 0 0 5 0 0 8 9 0}}
293 {} {{1 0 0 0 0 0 7 0 0 0} {0 2 3 0 0 0 0 0 0 10} {0 0 0 4 0 6 0 0 0 0} {0 0 0 0 5 0 0 8 9 0}}
294 {} {{1 0 0 0 0 0 7 0 0 0} {0 2 3 0 0 0 0 0 0 10} {0 0 0 4 0 6 0 0 0 0} {0 0 0 0 5 0 0 8 9 0}}
295 {} {{1 0 0 0 0 0 7 0 0 0} {0 2 3 0 0 0 0 0 0 10} {0 0 0 4 0 6 0 0 0 0} {0 0 0 0 5 0 0 8 9 0}}
296 {} {{1 0 0 0 0 0 7 0 0 0} {0 2 3 0 0 0 0 0 0 10} {0 0 0 4 0 6 0 0 0 0} {0 0 0 0 5 0 0 8 9 0}}
297 {} {{1 0 0 0 0 0 7 0 0 0} {0 2 3 0 0 0 0 0 0 10} {0 0 0 4 0 6 0 0 0 0} {0 0 0 0 5 0 0 8 9 0}}
298 {} {{1 0 0 0 0 0 7 0 0 0} {0 2 3 0 0 0 0 0 0 10} {0 0 0 4 0 6 0 0 0 0} {0 0 0 0 5 0 0 8 9 0}}
299 {} {{1 0 0 0 0 0 7 0 0 0} {0 2 3 0 0 0 0 0 0 10} {0 0 0 4 0 6 0 0 0 0} {0 0 0 0 5 0 0 8 9 0}}
300 {} {{1 0 0 0 0 0 7 0 0 0} {0 2 3 0 0 0 0 0 0 10} {0 0 0 4 0 6 0 0 0 0} {0 0 0 0 5 0 0 8 9 0}}
301 {} {{1 0 0 0 0 0 7 0 0 0} {0 2 3 0 0 0 0 0 0 10} {0 0 0 4 0 6 0 0 0 0} {0 0 0 0 5 0 0 8 9 0}}
302 {} {{1 0 0 0 0 0 7 0 0 0} {0 2 3 0 0 0 0 0 0 10} {0 0 0 4 0 6 0 0 0 0} {0 0 0 0 5 0 0 8 9 0}}
303 {} {{1 0 0 0 0 0 7 0 0 0} {0 2 3 0 0 0 0 0 0 10} {0 0 0 4 0 6 0 0 0 0} {0 0 0 0 5 0 0 8 9 0}}
304 {} {{1 0 0 0 0 0 7 0 0 0} {0 2 3 0 0 0 0 0 0 10} {0 0 0 4 0 6 0 0 0 0} {0 0 0 0 5 0 0 8 9 0}}
305 {} {{1 0 0 0 0 0 7 0 0 0} {0 2 3 0 0 0 0 0 0 10} {0 0 0 4 0 6 0 0 0 0} {0 0 0 0 5 0 0 8 9 0}}
306 {} {{1 0 0 0 0 0 7 0 0 0} {0 2 3 0 0 0 0 0 0 10} {0 0 0 4 0 6 0 0 0 0} {0 0 0 0 5 0 0 8 9 0}}
307 {} {{1 0 0 0 0 0 7 0 0 0} {0 2 3 0 0 0 0 0 0 10} {0 0 0 4 0 6 0 0 0 0} {0 0 0 0 5 0 0 8 9 0}}
308 {} {{1 0 0 0 0 0 7 0 0 0} {0 2 3 0 0 0 0 0 0 10} {0 0 0 4 0 6 0 0 0 0} {0 0 0 0 5 0 0 8 9 0}}
309 {} {{1 0 0 0 0 0 7 0 0 0} {0 2 3 4 0 6 0 0 0 10} {0 0 0 0 5 0 0 8 9 0}}
310 {} {{1 0 0 0 0 0 7 0 0 0} {0 2 3 4 0 6 0 0 0 10} {0 0 0 0 5 0 0 8 9 0}}
311 {} {{1 0 0 0 0 0 7 0 0 0} {0 2 3 4 0 6 0 0 0 10} {0 0 0 0 5 0 0 8 9 0}}
312 {} {{1 0 0 0 0 0 7 0 0 0} {0 2 3 4 0 6 0 0 0 10} {0 0 0 0 5 0 0 8 9 0}}
313 {} {{1 0 0 0 0 0 7 0 0 0} {0 2 3 4 0 6 0 0 0 10} {0 0 0 0 5 0 0 8 9 0}}
314 {} {{1 0 0 0 0 0 7 0 0 0} {0 2 3 4 0 6 0 0 0 10} {0 0 0 0 5 0 0 8 9 0}}
315 {} {{1 0 0 0 0 0 7 0 0 0} {0 2 3 4 0 6 0 0 0 10} {0 0 0 0 5 0 0 8 9 0}}
316 {} {{1 0 0 0 0 0 7 0 0 0} {0 2 3 4 0 6 0 0 0 10} {0 0 0 0 5 0 0 8 9 0}}
317 {} {{1 0 0 0 0 0 7 0 0 0} {0 2 3 4 0 6 0 0 0 10} {0 0 0 0 5 0 0 8 9 0}}
318 {} {{1 0 0 0 0 0 7 0 0 0} {0 2 3 4 0 6 0 0 0 10} {0 0 0 0 5 0 0 8 9 0}}
319 {} {{1 0 0 0 0 0 7 0 0 0} {0 2 3 4 0 6 0 0 0 10} {0 0 0 0 5 0 0 8 9 0}}
320 {} {{1 0 0 0 0 0 7 0 0 0} {0 2 3 4 0 6 0 0 0 10} {0 0 0 0 5 0 0 8 9 0}}
321 {} {{1 0 0 0 0 0 7 0 0 0} {0 2 3 4 0 6 0 0 0 10} {0 0 0 0 5 0 0 8 9 0}}
322 {} {{1 0 0 0 0 0 7 0 0 0} {0 2 3 4 0 6 0 0 0 10} {0 0 0 0 5 0 0 8 9 0}}
323 {} {{1 0 0 0 0 0 7 0 0 0} {0 2 3 4 0 6 0 0 0 10} {0 0 0 0 5 0 0 8 9 0}}
324 {} {{1 0 0 0 0 0 7 0 0 0} {0 2 3 4 0 6 0 0 0 10} {0 0 0 0 5 0 0 8 9 0}}
325 {} {{1 0 0 0 0 0 7 0 0 0} {0 2 3 4 0 6 0 0 0 10} {0 0 0 0 5 0 0 8 9 0}}
326 {} {{1 0 0 0 0 0 7 0 0 0} {0 2 3 4 0 6 0 0 0 10} {0 0 0 0 5 0 0 8 9 0}}
327 {} {{1 0 0 0 0 0 7 0 0 0} {0 2 3 4 0 6 0 0 0 10} {0 0 0 0 5 0 0 8 9 0}}
328 {} {{1 0 0 0 0 0 7 0 0 0} {0 2 3 4 0 6 0 0 0 10} {0 0 0 0 5 0 0 8 9 0}}
329 {} {{1 0 0 0 0 0 7 0 0 0} {0 2 3 4 0 6 0 0 0 10} {0 0 0 0 5 0 0 8 9 0}}
330 {} {{1 0 0 0 0 0 7 0 0 0} {0 2 3 4 0 6 0 0 0 10} {0 0 0 0 5 0 0 8 9 0}}
331 {} {{1 0 0 0 0 0 7 0 0 0} {0 2 3 4 0 6 0 0 0 10} {0 0 0 0 5 0 0 8 9 0}}
332 {} {{1 0 0 0 0 0 7 0 0 0} {0 2 3 4 0 6 0 0 0 10} {0 0 0 0 5 0 0 8 9 0}}
333 {} {{1 0 0 0 0 0 7 0 0 0} {0 2 3 4 0 6 0 0 0 10} {0 0 0 0 5 0 0 8 9 0}}
334 {} {{1 0 0 0 0 0 7 0 0 0} {0 2 3 4 0 6 0 0 0 10} {0 0 0 0 5 0 0 8 9 0}}
335 {} {{1 0 0 0 0 0 7 0 0 0} {0 2 3 4 0 6 0 0 0 10} {0 0 0 0 5 0 0 8 9 0}}
336 {} {{1 0 0 0 0 0 7 0 0 0} {0 2 3 4 0 6 0 0 0 10} {0 0 0 0 5 0 0 8 9 0}}
337 {} {{1 0 0 0 0 0 7 0 0 0} {0 2 3 4 0 6 0 0 0 10} {0 0 0 0 5 0 0 8 9 0}}
338 {} {{1 0 0 0 0 0 7 0 0 0} {0 2 3 4 0 6 0 0 0 10} {0 0 0 0 5 0 0 8 9 0}}
339 {} {{1 0 0 0 0 0 7 0 0 0} {0 2 3 4 0 6 0 0 0 10} {0 0 0 0 5 0 0 8 9 0}}
340 {} {{1 0 0 0 0 0 7 0 0 0} {0 2 3 4 0 6 0 0 0 10} {0 0 0 0 5 0 0 8 9 0}}
341 {} {{1 0 0 0 0 0 7 0 0 0} {0 2 3 4 0 6 0 0 0 10} {0 0 0 0 5 0 0 8 9 0}}
342 {} {{1 0 0 0 0 0 7 0 0 0} {0 2 3 4 0 6 0 0 0 10} {0 0 0 0 5 0 0 8 9 0}}
343 {} {{1 0 0 0 0 0 7 0 0 0} {0 2 3 4 5 6 0 8 9 10}}
344 {} {{1 0 0 0 0 0 7 0 0 0} {0 2 3 4 0 6 0 0 0 10} {0 0 0 0 5 0 0 8 9 0}}
345 {} {{1 0 0 0 0 0 7 0 0 0} {0 2 3 4 0 6 0 0 0 10} {0 0 0 0 5 0 0 8 9 0}}
346 {} {{1 0 0 0 0 0 7 0 0 0} {0 2 3 4 0 6 0 0 0 10} {0 0 0 0 5 0 0 8 9 0}}
347 {} {{1 0 0 0 0 0 7 0 0 0} {0 2 3 4 5 6 0 8 9 10}}
348 {} {{1 0 0 0 0 0 7 0 0 0} {0 2 3 4 5 6 0 8 9 10}}
349 {} {{1 0 0 0 0 0 7 0 0 0} {0 2 3 4 5 6 0 8 9 10}}
350 {} {{1 0 0 0 0 0 7 0 0 0} {0 2 3 4 5 6 0 8 9 10}}
351 {} {{1 0 0 0 0 0 7 0 0 0} {0 2 3 4 5 6 0 8 9 10}}
352 {} {{1 0 0 0 0 0 7 0 0 0} {0 2 3 4 5 6 0 8 9 10}}
353 {} {{1 0 0 0 0 0 7 0 0 0} {0 2 3 4 5 6 0 8 9 10}}
354 {} {{1 0 0 0 0 0 7 0 0 0} {0 2 3 4 5 6 0 8 9 10}}
355 {} {{1 0 0 0 0 0 7 0 0 0} {0 2 3 4 5 6 0 8 9 10}}
356 {} {{1 0 0 0 0 0 7 0 0 0} {0 2 3 4 5 6 0 8 9 10}}
357 {} {{1 0 0 0 0 0 7 0 0 0} {0 2 3 4 5 6 0 8 9 10}}
358 {} {{1 0 0 0 0 0 7 0 0 0} {0 2 3 4 5 6 0 8 9 10}}
359 {} {{1 0 0 0 0 0 7 0 0 0} {0 2 3 4 5 6 0 8 9 10}}
360 {} {{1 0 0 0 0 0 7 0 0 0} {0 2 3 4 5 6 0 8 9 10}}
361 {} {{1 0 0 0 0 0 7 0 0 0} {0 2 3 4 5 6 0 8 9 10}}
362 {} {{1 0 0 0 0 0 7 0 0 0} {0 2 3 4 5 6 0 8 9 10}}
363 {} {{1 0 0 0 0 0 7 0 0 0} {0 2 3 4 5 6 0 8 9 10}}
364 {} {{1 0 0 0 0 0 7 0 0 0} {0 2 3 4 5 6 0 8 9 10}}
365 {} {{1 0 0 0 0 0 7 0 0 0} {0 2 3 4 5 6 0 8 9 10}}
366 {} {{1 0 0 0 0 0 7 0 0 0} {0 2 3 4 5 6 0 8 9 10}}
367 {} {{1 0 0 0 0 0 7 0 0 0} {0 2 3 4 5 6 0 8 9 10}}
368 {} {{1 0 0 0 0 0 7 0 0 0} {0 2 3 4 5 6 0 8 9 10}}
369 {} {{1 0 0 0 0 0 7 0 0 0} {0 2 3 4 5 6 0 8 9 10}}
370 {} {{1 0 0 0 0 0 7 0 0 0} {0 2 3 4 5 6 0 8 9 10}}
371 {} {{1 0 0 0 0 0 7 0 0 0} {0 2 3 4 5 6 0 8 9 10}}
372 {} {{1 0 0 0 0 0 7 0 0 0} {0 2 3 4 5 6 0 8 9 10}}
373 {} {{1 0 0 0 0 0 7 0 0 0} {0 2 3 4 5 6 0 8 9 10}}
374 {} {{1 0 0 0 0 0 7 0 0 0} {0 2 3 4 5 6 0 8 9 10}}
375 {} {{1 0 0 0 0 0 7 0 0 0} {0 2 3 4 5 6 0 8 9 10}}
376 {} {{1 0 0 0 0 0 7 0 0 0} {0 2 3 4 5 6 0 8 9 10}}
377 {} {{1 0 0 0 0 0 7 0 0 0} {0 2 3 4 5 6 0 8 9 10}}
378 {} {{1 0 0 0 0 0 7 0 0 0} {0 2 3 4 5 6 0 8 9 10}}
379 {} {{1 0 0 0 0 0 7 0 0 0} {0 2 3 4 5 6 0 8 9 10}}
380 {} {{1 0 0 0 0 0 7 0 0 0} {0 2 3 4 5 6 0 8 9 10}}
381 {} {{1 0 0 0 0 0 7 0 0 0} {0 2 3 4 5 6 0 8 9 10}}
382 {} {{1 0 0 0 0 0 7 0 0 0} {0 2 3 4 5 6 0 8 9 10}}
383 {} {{1 0 0 0 0 0 7 0 0 0} {0 2 3 4 5 6 0 8 9 10}}
384 {} {{1 0 0 0 0 0 7 0 0 0} {0 2 3 4 5 6 0 8 9 10}}
385 {} {{1 0 0 0 0 0 7 0 0 0} {0 2 3 4 5 6 0 8 9 10}}
386 {} {{1 0 0 0 0 0 7 0 0 0} {0 2 3 4 5 6 0 8 9 10}}
387 {} {{1 0 0 0 0 0 7 0 0 0} {0 2 3 4 5 6 0 8 9 10}}
388 {} {{1 0 0 0 0 0 7 0 0 0} {0 2 3 4 5 6 0 8 9 10}}
389 {} {{1 0 0 0 0 0 7 0 0 0} {0 2 3 4 5 6 0 8 9 10}}
390 {} {{1 0 0 0 0 0 7 0 0 0} {0 2 3 4 5 6 0 8 9 10}}
391 {} {{1 0 0 0 0 0 7 0 0 0} {0 2 3 4 5 6 0 8 9 10}}
392 {} {{1 0 0 0 0 0 7 0 0 0} {0 2 3 4 5 6 0 8 9 10}}
393 {} {{1 0 0 0 0 0 7 0 0 0} {0 2 3 4 5 6 0 8 9 10}}
394 {} {{1 0 0 0 0 0 7 0 0 0} {0 2 3 4 5 6 0 8 9 10}}
395 {} {{1 0 0 0 0 0 7 0 0 0} {0 2 3 4 5 6 0 8 9 10}}
396 {} {{1 0 0 0 0 0 7 0 0 0} {0 2 3 4 5 6 0 8 9 10}}
397 {} {{1 0 0 0 0 0 7 0 0 0} {0 2 3 4 5 6 0 8 9 10}}
398 {} {{1 0 0 0 0 0 7 0 0 0} {0 2 3 4 5 6 0 8 9 10}}
399 {} {{1 0 0 0 0 0 7 0 0 0} {0 2 3 4 5 6 0 8 9 10}}
400 {} {{1 0 0 0 0 0 7 0 0 0} {0 2 3 4 5 6 0 8 9 10}}
401 {} {{1 0 0 0 0 0 7 0 0 0} {0 2 3 4 5 6 0 8 9 10}}
402 {} {{1 0 0 0 0 0 7 0 0 0} {0 2 3 4 5 6 0 8 9 10}}
403 {} {{1 0 0 0 0 0 7 0 0 0} {0 2 3 4 5 6 0 8 9 10}}
404 {} {{1 0 0 0 0 0 7 0 0 0} {0 2 3 4 5 6 0 8 9 10}}
405 {} {{1 0 0 0 0 0 7 0 0 0} {0 2 3 4 5 6 0 8 9 10}}
406 {} {{1 0 0 0 0 0 7 0 0 0} {0 2 3 4 5 6 0 8 9 10}}
407 {} {{1 0 0 0 0 0 7 0 0 0} {0 2 3 4 5 6 0 8 9 10}}
408 {} {{1 0 0 0 0 0 7 0 0 0} {0 2 3 4 5 6 0 8 9 10}}
409 {} {{1 0 0 0 0 0 7 0 0 0} {0 2 3 4 5 6 0 8 9 10}}
410 {} {{1 0 0 0 0 0 7 0 0 0} {0 2 3 4 5 6 0 8 9 10}}
411 {} {{1 0 0 0 0 0 7 0 0 0} {0 2 3 4 5 6 0 8 9 10}}
412 {} {{1 0 0 0 0 0 7 0 0 0} {0 2 3 4 5 6 0 8 9 10}}
413 {} {{1 0 0 0 0 0 7 0 0 0} {0 2 3 4 5 6 0 8 9 10}}
414 {} {{1 0 0 0 0 0 7 0 0 0} {0 2 3 4 5 6 0 8 9 10}}
415 {} {{1 0 0 0 0 0 7 0 0 0} {0 2 3 4 5 6 0 8 9 10}}
416 {} {{1 0 0 0 0 0 7 0 0 0} {0 2 3 4 5 6 0 8 9 10}}
417 {} {{1 0 0 0 0 0 7 0 0 0} {0 2 3 4 5 6 0 8 9 10}}
418 {} {{1 0 0 0 0 0 7 0 0 0} {0 2 3 4 5 6 0 8 9 10}}
419 {} {{1 0 0 0 0 0 7 0 0 0} {0 2 3 4 5 6 0 8 9 10}}
420 {} {{1 0 0 0 0 0 7 0 0 0} {0 2 3 4 5 6 0 8 9 10}}
421 {} {{1 0 0 0 0 0 7 0 0 0} {0 2 3 4 5 6 0 8 9 10}}
422 {} {{1 0 0 0 0 0 7 0 0 0} {0 2 3 4 5 6 0 8 9 10}}
423 {} {{1 0 0 0 0 0 7 0 0 0} {0 2 3 4 5 6 0 8 9 10}}
424 {} {{1 0 0 0 0 0 7 0 0 0} {0 2 3 4 5 6 0 8 9 10}}
425 {} {{1 0 0 0 0 0 7 0 0 0} {0 2 3 4 5 6 0 8 9 10}}
426 {} {{1 0 0 0 0 0 7 0 0 0} {0 2 3 4 5 6 0 8 9 10}}
427 {} {{1 0 0 0 0 0 7 0 0 0} {0 2 3 4 5 6 0 8 9 10}}
428 {} {{1 0 0 0 0 0 7 0 0 0} {0 2 3 4 5 6 0 8 9 10}}
429 {} {{1 0 0 0 0 0 7 0 0 0} {0 2 3 4 5 6 0 8 9 10}}
430 {} {{1 0 0 0 0 0 7 0 0 0} {0 2 3 4 5 6 0 8 9 10}}
431 {} {{1 0 0 0 0 0 7 0 0 0} {0 2 3 4 5 6 0 8 9 10}}
432 {} {{1 0 0 0 0 0 7 0 0 0} {0 2 3 4 5 6 0 8 9 10}}
433 {} {{1 0 0 0 0 0 7 0 0 0} {0 2 3 4 5 6 0 8 9 10}}
434 {} {{1 0 0 0 0 0 7 0 0 0} {0 2 3 4 5 6 0 8 9 10}}
435 {} {{1 0 0 0 0 0 7 0 0 0} {0 2 3 4 5 6 0 8 9 10}}
436 {} {{1 0 0 0 0 0 7 0 0 0} {0 2 3 4 5 6 0 8 9 10}}
437 {} {{1 0 0 0 0 0 7 0 0 0} {0 2 3 4 5 6 0 8 9 10}}
438 {} {{1 0 0 0 0 0 7 0 0 0} {0 2 3 4 5 6 0 8 9 10}}
439 {} {{1 0 0 0 0 0 7 0 0 0} {0 2 3 4 5 6 0 8 9 10}}
440 {} {{1 0 0 0 0 0 7 0 0 0} {0 2 3 4 5 6 0 8 9 10}}
441 {} {{1 0 0 0 0 0 7 0 0 0} {0 2 3 4 5 6 0 8 9 10}}
442 {} {{1 0 0 0 0 0 7 0 0 0} {0 2 3 4 5 6 0 8 9 10}}
443 {} {{1 0 0 0 0 0 7 0 0 0} {0 2 3 4 5 6 0 8 9 10}}
444 {} {{1 0 0 0 0 0 7 0 0 0} {0 2 3 4 5 6 0 8 9 10}}
445 {} {{1 0 0 0 0 0 7 0 0 0} {0 2 3 4 5 6 0 8 9 10}}
446 {} {{1 0 0 0 0 0 7 0 0 0} {0 2 3 4 5 6 0 8 9 10}}
447 {} {{1 0 0 0 0 0 7 0 0 0} {0 2 3 4 5 6 0 8 9 10}}
448 {} {{1 0 0 0 0 0 7 0 0 0} {0 2 3 4 5 6 0 8 9 10}}
449 {} {{1 0 0 0 0 0 7 0 0 0} {0 2 3 4 5 6 0 8 9 10}}
450 {} {{1 0 0 0 0 0 7 0 0 0} {0 2 3 4 5 6 0 8 9 10}}
451 {} {{1 0 0 0 0 0 7 0 0 0} {0 2 3 4 5 6 0 8 9 10}}
452 {} {{1 0 0 0 0 0 7 0 0 0} {0 2 3 4 5 6 0 8 9 10}}
453 {} {{1 0 0 0 0 0 7 0 0 0} {0 2 3 4 5 6 0 8 9 10}}
454 {} {{1 0 0 0 0 0 7 0 0 0} {0 2 3 4 5 6 0 8 9 10}}
455 {} {{1 0 0 0 0 0 7 0 0 0} {0 2 3 4 5 6 0 8 9 10}}
456 {} {{1 0 0 0 0 0 7 0 0 0} {0 2 3 4 5 6 0 8 9 10}}
457 {} {{1 0 0 0 0 0 7 0 0 0} {0 2 3 4 5 6 0 8 9 10}}
458 {} {{1 0 0 0 0 0 7 0 0 0} {0 2 3 4 5 6 0 8 9 10}}
459 {} {{1 0 0 0 0 0 7 0 0 0} {0 2 3 4 5 6 0 8 9 10}}
460 {} {{1 0 0 0 0 0 7 0 0 0} {0 2 3 4 5 6 0 8 9 10}}
461 {} {{1 0 0 0 0 0 7 0 0 0} {0 2 3 4 5 6 0 8 9 10}}
462 {} {{1 0 0 0 0 0 7 0 0 0} {0 2 3 4 5 6 0 8 9 10}}
463 {} {{1 0 0 0 0 0 7 0 0 0} {0 2 3 4 5 6 0 8 9 10}}
464 {} {{1 0 0 0 0 0 7 0 0 0} {0 2 3 4 5 6 0 8 9 10}}
465 {} {{1 0 0 0 0 0 7 0 0 0} {0 2 3 4 5 6 0 8 9 10}}
466 {} {{1 0 0 0 0 0 7 0 0 0} {0 2 3 4 5 6 0 8 9 10}}
467 {} {{1 0 0 0 0 0 7 0 0 0} {0 2 3 4 5 6 0 8 9 10}}
468 {} {{1 0 0 0 0 0 7 0 0 0} {0 2 3 4 5 6 0 8 9 10}}
469 {} {{1 0 0 0 0 0 7 0 0 0} {0 2 3 4 5 6 0 8 9 10}}
470 {} {{1 0 0 0 0 0 7 0 0 0} {0 2 3 4 5 6 0 8 9 10}}
471 {} {{1 0 0 0 0 0 7 0 0 0} {0 2 3 4 5 6 0 8 9 10}}
472 {} {{1 0 0 0 0 0 7 0 0 0} {0 2 3 4 5 6 0 8 9 10}}
473 {} {{1 0 0 0 0 0 7 0 0 0} {0 2 3 4 5 6 0 8 9 10}}
474 {} {{1 0 0 0 0 0 7 0 0 0} {0 2 3 4 5 6 0 8 9 10}}
475 {} {{1 0 0 0 0 0 7 0 0 0} {0 2 3 4 5 6 0 8 9 10}}
476 {} {{1 0 0 0 0 0 7 0 0 0} {0 2 3 4 5 6 0 8 9 10}}
477 {} {{1 0 0 0 0 0 7 0 0 0} {0 2 3 4 5 6 0 8 9 10}}
478 {} {{1 0 0 0 0 0 7 0 0 0} {0 2 3 4 5 6 0 8 9 10}}
479 {} {{1 0 0 0 0 0 7 0 0 0} {0 2 3 4 5 6 0 8 9 10}}
480 {} {{1 0 0 0 0 0 7 0 0 0} {0 2 3 4 5 6 0 8 9 10}}
481 {} {{1 0 0 0 0 0 7 0 0 0} {0 2 3 4 5 6 0 8 9 10}}
482 {} {{1 0 0 0 0 0 7 0 0 0} {0 2 3 4 5 6 0 8 9 10}}
483 {} {{1 0 0 0 0 0 7 0 0 0} {0 2 3 4 5 6 0 8 9 10}}
484 {} {{1 0 0 0 0 0 7 0 0 0} {0 2 3 4 5 6 0 8 9 10}}
485 {} {{1 0 0 0 0 0 7 0 0 0} {0 2 3 4 5 6 0 8 9 10}}
486 {} {{1 0 0 0 0 0 7 0 0 0} {0 2 3 4 5 6 0 8 9 10}}
487 {} {{1 0 0 0 0 0 7 0 0 0} {0 2 3 4 5 6 0 8 9 10}}
488 {} {{1 0 0 0 0 0 7 0 0 0} {0 2 3 4 5 6 0 8 9 10}}
489 {} {{1 0 0 0 0 0 7 0 0 0} {0 2 3 4 5 6 0 8 9 10}}
490 {} {{1 0 0 0 0 0 7 0 0 0} {0 2 3 4 5 6 0 8 9 10}}
491 {} {{1 0 0 0 0 0 7 0 0 0} {0 2 3 4 5 6 0 8 9 10}}
492 {} {{1 0 0 0 0 0 7 0 0 0} {0 2 3 4 5 6 0 8 9 10}}
493 {} {{1 0 0 0 0 0 7 0 0 0} {0 2 3 4 5 6 0 8 9 10}}
494 {} {{1 0 0 0 0 0 7 0 0 0} {0 2 3 4 5 6 0 8 9 10}}
495 {} {{1 0 0 0 0 0 7 0 0 0} {0 2 3 4 5 6 0 8 9 10}}
496 {} {{1 0 0 0 0 0 7 0 0 0} {0 2 3 4 5 6 0 8 9 10}}
497 {} {{1 0 0 0 0 0 7 0 0 0} {0 2 3 4 5 6 0 8 9 10}}
498 {} {{1 0 0 0 0 0 7 0 0 0} {0 2 3 4 5 6 0 8 9 10}}
499 {} {{1 0 0 0 0 0 7 0 0 0} {0 2 3 4 5 6 0 8 9 10}}
500 {} {{1 0 0 0 0 0 7 0 0 0} {0 2 3 4 5 6 0 8 9 10}}
501 {} {{1 0 0 0 0 0 7 0 0 0} {0 2 3 4 5 6 0 8 9 10}}
