350 21.64208984375
351 21.566650390625
352 21.424072265625
353 21.87965202331543
354 21.304058074951172
355 21.489730834960938
356 21.871456146240234
357 21.66764259338379
358 21.720123291015625
359 21.582548141479492
360 21.599031448364258
361 21.38096046447754
362 21.74803924560547
363 21.671947479248047
364 21.670913696289063
365 21.626243591308594
366 21.690250396728516
367 21.74208641052246
368 21.8897762298584
369 21.633060455322266
370 21.65721321105957
371 21.453292846679688
372 21.680328369140625
373 21.59001922607422
374 21.769535064697266
375 21.41384506225586
376 21.852548599243164
377 21.621070861816406
378 21.464679718017578
379 21.514469146728516
380 21.626951217651367
381 21.650747299194336
382 21.65622329711914
383 21.711530685424805
384 21.858261108398438
385 21.488332748413086
386 21.452844619750977
387 21.551137924194336
388 21.57637596130371
389 21.6232852935791
390 21.794639587402344
391 21.61289405822754
392 21.439638137817383
393 21.6463623046875
394 21.1877498626709
395 21.336042404174805
396 21.7431583404541
397 21.184297561645508
398 21.6959171295166
399 21.4818058013916
400 21.522945404052734
401 21.589420318603516
402 21.614704132080078
403 21.65634536743164
404 21.359323501586914
405 21.40532684326172
406 21.674013137817383
407 21.41053009033203
408 21.62527847290039
409 21.558349609375
410 21.559860229492188
411 21.289920806884766
412 21.394081115722656
413 21.609066009521484
414 21.872243881225586
415 21.790952682495117
416 21.643014907836914
417 21.679248809814453
418 21.54702377319336
419 21.511600494384766
420 21.429306030273438
421 21.811779022216797
422 21.756677627563477
423 21.62797737121582
424 21.78870964050293
425 21.581846237182617
426 21.598400115966797
427 21.541545867919922
428 21.658447265625
429 21.489187240600586
430 21.618408203125
431 21.457414627075195
432 21.484413146972656
433 21.646272659301758
434 21.593538284301758
435 21.507953643798828
436 21.54608154296875
437 21.670848846435547
438 21.484853744506836
439 21.502607345581055
440 21.3366641998291
441 21.623483657836914
442 21.670637130737305
443 21.555545806884766
444 21.627065658569336
445 21.52766227722168
446 21.56404685974121
447 21.673601150512695
448 21.617666244506836
449 21.665395736694336
450 21.558731079101563
451 21.644184112548828
452 21.621471405029297
453 21.645584106445313
454 21.784257888793945
455 21.724292755126953
456 21.54212760925293
457 21.38746452331543
458 21.396657943725586
459 21.442155838012695
460 21.28115463256836
461 21.388723373413086
462 21.27895736694336
463 21.441612243652344
464 21.2860050201416
465 21.413902282714844
466 21.65929412841797
467 21.58557891845703
468 21.6461124420166
469 21.659770965576172
470 21.681079864501953
471 21.623239517211914
472 21.57794189453125
473 21.485565185546875
474 21.36776351928711
475 21.609416961669922
476 21.663911819458008
477 21.405834197998047
478 21.354965209960938
479 21.651592254638672
480 21.40367317199707
481 21.394269943237305
482 21.39372444152832
483 21.474088668823242
484 21.35537338256836
485 21.487567901611328
486 21.48906898498535
487 21.379056930541992
488 21.307313919067383
489 21.559370040893555
490 21.60630226135254
491 21.385637283325195
492 21.406627655029297
493 21.48303985595703
494 21.686195373535156
495 21.606346130371094
496 21.662960052490234
497 21.53888702392578
498 21.625993728637695
499 21.714080810546875
500 21.601547241210938
501 21.682628631591797
