# Selection:resname AU W ION Restricted:name AUC AUL AUSL Radius:2.64 Start:0 End:-1
0 333.41229248046875
1 329.96612548828125
2 153.78318786621094
3 114.15278625488281
4 75.8146743774414
5 169.7215118408203
6 64.18402099609375
7 99.50677490234375
8 47.38417053222656
9 54.27642059326172
10 115.44507598876953
11 145.59864807128906
12 174.02915954589844
13 130.52186584472656
14 171.0137939453125
15 167.99842834472656
16 168.42921447753906
17 212.7980194091797
18 120.61426544189453
19 118.02967834472656
20 117.16813659667969
21 109.84512329101563
22 143.01405334472656
23 66.33784484863281
24 107.69129943847656
25 82.70692443847656
26 69.35319519042969
27 125.783447265625
28 121.90655517578125
29 92.18376159667969
30 23.69208526611328
31 72.3685531616211
32 79.26081085205078
33 87.01457214355469
34 118.89119720458984
35 158.52162170410156
36 193.8443603515625
37 98.64523315429688
38 110.27589416503906
39 123.6296157836914
40 114.15277862548828
41 146.02940368652344
42 190.3982391357422
43 107.69131469726563
44 94.33758544921875
45 77.968505859375
46 115.01429748535156
47 67.19937896728516
48 123.62962341308594
49 166.27537536621094
50 156.7985382080078
51 138.27561950683594
52 151.62936401367188
53 102.09136962890625
54 146.0294189453125
55 94.76834106445313
56 97.78369903564453
57 117.16815185546875
58 44.79958724975586
59 57.291770935058594
60 57.722537994384766
61 30.153564453125
62 28.43050193786621
63 83.99922943115234
64 59.44560241699219
65 86.58380889892578
66 44.79958724975586
67 71.93780517578125
68 39.630401611328125
69 55.56871795654297
70 101.66060638427734
71 131.81414794921875
72 152.49090576171875
73 74.95315551757813
74 184.3675079345703
75 49.107234954833984
76 90.89146423339844
77 37.9073371887207
78 52.122589111328125
79 80.12232971191406
80 44.36881637573242
81 64.61478424072266
82 52.9841194152832
83 76.67621612548828
84 110.7066650390625
85 75.38391876220703
86 31.015094757080078
87 134.82952880859375
88 85.29151916503906
89 86.1530532836914
90 104.67594909667969
91 65.47631072998047
92 116.73738098144531
93 158.95237731933594
94 117.5988998413086
95 80.5531005859375
96 164.55230712890625
97 200.30581665039063
98 129.6603240966797
99 192.1212921142578
100 90.02992248535156
101 98.21448516845703
102 175.32144165039063
103 240.79779052734375
104 201.59814453125
105 149.04476928710938
106 124.92190551757813
107 167.13690185546875
108 115.445068359375
109 87.8761215209961
110 81.84539794921875
111 108.5528335571289
112 114.58355712890625
113 86.15304565429688
114 149.9062957763672
115 106.39900207519531
116 141.72177124023438
117 111.56819915771484
118 145.16787719726563
119 139.1371612548828
120 165.41383361816406
121 128.79879760742188
122 164.9830780029297
123 95.1991195678711
124 121.90655517578125
125 133.10646057128906
126 125.35269165039063
127 139.56793212890625
128 103.38365173339844
129 102.52212524414063
130 70.21472930908203
131 100.36830139160156
132 99.50677490234375
133 138.70639038085938
134 53.84565734863281
135 43.07652282714844
136 74.09162139892578
137 111.99895477294922
138 89.16840362548828
139 103.38365936279297
140 107.26054382324219
141 99.50675964355469
142 76.24544525146484
143 74.95315551757813
144 226.1517333984375
145 191.25975036621094
146 171.0137939453125
147 203.32119750976563
148 136.12179565429688
149 194.7058868408203
150 235.6285858154297
151 173.598388671875
152 163.6907958984375
153 112.86050415039063
154 110.70664978027344
155 154.2139434814453
156 155.93701171875
157 86.58380889892578
158 135.26026916503906
159 83.56845092773438
160 103.81442260742188
161 35.75351333618164
162 121.04502868652344
163 86.15306091308594
164 108.9836196899414
165 118.89119720458984
166 74.95315551757813
167 119.75273132324219
168 84.86074829101563
169 74.52239227294922
170 87.4453353881836
171 89.16839599609375
172 124.49115753173828
173 60.307132720947266
174 124.92192077636719
175 140.42945861816406
176 129.6603240966797
177 72.3685531616211
178 71.93779754638672
179 39.630401611328125
180 85.72228240966797
181 75.8146743774414
182 156.79855346679688
183 57.72254180908203
184 91.32222747802734
185 121.90655517578125
186 177.9060516357422
187 116.3066177368164
188 170.15225219726563
189 96.49142456054688
190 59.014835357666016
191 98.21446228027344
192 180.92140197753906
193 96.92216491699219
194 104.24519348144531
195 150.76783752441406
196 194.2751007080078
197 240.36700439453125
198 108.5528335571289
199 127.9372787475586
200 88.30687713623047
201 129.22955322265625
202 119.75273132324219
203 89.16840362548828
204 105.96824645996094
205 132.2449188232422
206 92.18376159667969
207 171.87533569335938
208 233.90554809570313
209 189.9674835205078
210 205.90579223632813
211 164.12156677246094
212 211.07496643066406
213 205.0442657470703
214 154.2139434814453
215 217.5364532470703
216 155.50624084472656
217 97.7837142944336
218 153.78317260742188
219 115.44507598876953
220 140.86024475097656
221 94.33758544921875
222 139.9987030029297
223 81.41461181640625
224 118.02967071533203
225 116.73738098144531
226 67.63014221191406
227 61.59942626953125
228 81.41462707519531
229 99.07599639892578
230 118.89118957519531
231 117.59890747070313
232 111.99897003173828
233 136.12181091308594
234 67.63014221191406
235 98.2144775390625
236 77.968505859375
237 178.33682250976563
238 131.8141632080078
239 116.73737335205078
240 155.50624084472656
241 68.4916763305664
242 164.12156677246094
243 109.41437530517578
244 177.47528076171875
245 133.10643005371094
246 116.30661010742188
247 146.46018981933594
248 90.460693359375
249 101.2298355102539
250 83.99921417236328
251 75.3839111328125
252 65.476318359375
253 93.4760513305664
254 53.414894104003906
255 102.95289611816406
256 67.63014221191406
257 121.47579956054688
258 133.53720092773438
259 157.6600799560547
260 111.56820678710938
261 93.4760513305664
262 161.10621643066406
263 110.2759017944336
264 133.10646057128906
265 94.33757781982422
266 204.18270874023438
267 152.4908905029297
268 108.12207794189453
269 119.75272369384766
270 79.26080322265625
271 104.67594146728516
272 119.32196044921875
273 61.599422454833984
274 102.09134674072266
275 142.1525115966797
276 154.6447296142578
277 189.5366973876953
278 176.18299865722656
279 120.61426544189453
280 65.04554748535156
281 76.24543762207031
282 111.99896240234375
283 99.50676727294922
284 93.4760513305664
285 163.6907958984375
286 79.69156646728516
287 146.02940368652344
288 94.76834106445313
289 91.32222747802734
290 108.55282592773438
291 129.66033935546875
292 113.72201538085938
293 174.89068603515625
294 47.38417434692383
295 130.95263671875
296 139.1371612548828
297 87.87610626220703
298 113.72200775146484
299 130.5218505859375
300 171.4445343017578
301 195.1366424560547
302 123.19883728027344
303 167.1369171142578
304 187.8136444091797
305 165.41384887695313
306 59.44559860229492
307 83.56845092773438
308 82.70691680908203
309 121.90654754638672
310 214.09033203125
311 202.02891540527344
312 182.64443969726563
313 178.33680725097656
314 46.52264404296875
315 113.7220230102539
316 171.8753204345703
317 79.69157409667969
318 59.87636947631836
319 191.69052124023438
320 186.09060668945313
321 128.79879760742188
322 123.19886779785156
323 52.984130859375
324 109.84513092041016
325 102.52212524414063
326 157.22930908203125
327 89.59915924072266
328 170.5830535888672
329 121.47578430175781
330 102.09135437011719
331 26.707441329956055
332 115.01431274414063
333 131.38340759277344
334 102.09136199951172
335 99.07600402832031
336 138.70640563964844
337 115.44508361816406
338 42.21499252319336
339 102.952880859375
340 163.6907958984375
341 115.44507598876953
342 101.2298355102539
343 121.47579193115234
344 91.32221984863281
345 135.6910400390625
346 95.19910430908203
347 81.41462707519531
348 59.01483917236328
349 137.84487915039063
350 112.42971801757813
351 104.24517822265625
352 202.02890014648438
353 75.81468200683594
354 116.73737335205078
355 71.50702667236328
356 111.56820678710938
357 138.275634765625
358 122.7680892944336
359 159.81390380859375
360 115.44508361816406
361 108.1220703125
362 105.96824645996094
363 116.30660247802734
364 84.86074829101563
365 80.98385620117188
366 236.059326171875
367 164.1215362548828
368 219.69024658203125
369 183.5060272216797
370 109.41435241699219
371 129.22955322265625
372 114.15279388427734
373 159.38314819335938
374 110.2759017944336
375 139.56793212890625
376 231.3209228515625
377 172.3060760498047
378 119.75273895263672
379 110.2759017944336
380 86.58381652832031
381 48.67647171020508
382 77.96849822998047
383 137.4141082763672
384 133.96800231933594
385 128.36802673339844
386 132.67567443847656
387 183.93675231933594
388 90.46070098876953
389 141.29098510742188
390 193.41357421875
391 164.5523223876953
392 160.6754150390625
393 226.5824737548828
394 184.79827880859375
395 269.6590270996094
396 179.6291046142578
397 164.1215362548828
398 77.53773498535156
399 161.53697204589844
400 115.01432037353516
401 184.36749267578125
402 121.47578430175781
403 92.61451721191406
404 87.44534301757813
405 125.78343963623047
406 72.79931640625
407 50.83029556274414
408 134.8295135498047
409 91.32222747802734
410 51.26106643676758
411 153.78317260742188
412 169.2907257080078
413 195.13665771484375
414 233.0439910888672
415 48.676475524902344
416 71.07625579833984
417 202.0288848876953
418 99.93753814697266
419 173.59840393066406
420 136.55258178710938
421 98.64523315429688
422 127.07572937011719
423 88.3068618774414
424 108.98359680175781
425 101.66058349609375
426 195.56739807128906
427 189.10594177246094
428 231.75167846679688
429 100.36830139160156
430 144.3063507080078
431 131.38339233398438
432 84.42997741699219
433 123.19884490966797
434 141.29100036621094
435 79.26080322265625
436 139.1371612548828
437 176.1829833984375
438 173.59835815429688
439 202.8904266357422
440 102.52212524414063
441 105.5374755859375
442 181.35214233398438
443 116.30661010742188
444 116.30660247802734
445 137.84486389160156
446 177.47525024414063
447 167.99844360351563
448 93.90682220458984
449 172.7368621826172
450 167.1369171142578
451 179.19834899902344
452 180.05987548828125
453 193.41360473632813
454 201.59812927246094
455 192.98281860351563
456 195.9982147216797
457 183.93675231933594
458 180.4906463623047
459 111.56818389892578
460 127.93727111816406
461 110.27589416503906
462 139.1371612548828
463 61.16866683959961
464 138.275634765625
465 82.7069320678711
466 136.12179565429688
467 194.70587158203125
468 146.46017456054688
469 96.49141693115234
470 77.5377426147461
471 149.0447540283203
472 183.07522583007813
473 193.41358947753906
474 87.01458740234375
475 136.55259704589844
476 134.3987579345703
477 230.0286102294922
478 211.50570678710938
479 209.78265380859375
480 91.75299072265625
481 70.64549255371094
482 21.10749626159668
483 79.26081085205078
484 77.96851348876953
485 85.2915267944336
486 55.1379508972168
487 87.44534301757813
488 113.72203063964844
489 136.12181091308594
490 52.5533561706543
491 30.584327697753906
492 59.01483917236328
493 69.78396606445313
494 81.41462707519531
495 57.722537994384766
496 132.24493408203125
497 127.5064926147461
498 150.33706665039063
499 122.33732604980469
500 63.322486877441406
501 114.58354187011719
502 40.49192810058594
503 87.44532775878906
504 83.56845092773438
505 139.99867248535156
506 139.9987030029297
507 145.16787719726563
508 117.59891510009766
509 129.2295684814453
510 156.36778259277344
511 171.0137939453125
512 121.04503631591797
513 86.15304565429688
514 64.61478424072266
515 91.75299072265625
516 146.46017456054688
517 72.79931640625
518 40.4919319152832
519 96.92217254638672
520 82.70692443847656
521 95.19911193847656
522 82.70691680908203
523 146.02943420410156
524 137.4141082763672
525 102.09136199951172
526 167.13690185546875
527 241.22854614257813
528 119.32197570800781
529 115.01431274414063
530 164.98306274414063
531 134.82949829101563
532 120.18350219726563
533 147.75247192382813
534 152.0601348876953
535 58.1533088684082
536 118.46044158935547
537 129.6603240966797
538 98.64523315429688
539 150.76785278320313
540 157.66006469726563
541 126.2142105102539
542 77.10698699951172
543 182.64447021484375
544 121.90657043457031
545 121.47579956054688
546 124.92192840576172
547 109.84512329101563
548 64.61478424072266
549 97.78369903564453
550 112.42972564697266
551 80.9838638305664
552 138.7064208984375
553 155.07545471191406
554 207.19810485839844
555 131.81414794921875
556 160.67544555664063
557 135.26028442382813
558 102.09135437011719
559 104.24517822265625
560 205.4750213623047
561 84.42997741699219
562 107.26054382324219
563 192.9827880859375
564 149.4755401611328
565 151.19859313964844
566 112.42971801757813
567 141.29098510742188
568 63.32249450683594
569 92.18376922607422
570 171.01380920410156
571 161.106201171875
572 135.69105529785156
573 140.8602294921875
574 99.50676727294922
575 108.5528335571289
576 96.49140930175781
577 71.50704193115234
578 114.58356475830078
579 110.27589416503906
580 37.4765739440918
581 54.707183837890625
582 158.95236206054688
583 114.58354187011719
584 50.39952850341797
585 144.30636596679688
586 126.64498901367188
587 164.55230712890625
588 80.9838638305664
589 158.52162170410156
590 119.32197570800781
591 164.98306274414063
592 146.02940368652344
593 103.38365936279297
594 108.98360443115234
595 64.61478424072266
596 132.6757049560547
597 143.0140380859375
598 101.66058349609375
599 156.36778259277344
600 122.7680892944336
601 118.89120483398438
602 70.64549255371094
603 163.260009765625
604 74.9531478881836
605 118.02967071533203
606 103.38365173339844
607 168.8599853515625
608 205.04421997070313
609 144.73712158203125
610 132.2449188232422
611 236.49009704589844
612 125.783447265625
613 124.92192077636719
614 97.35293579101563
615 133.1064453125
616 128.36805725097656
617 139.56793212890625
618 131.38339233398438
619 193.41358947753906
620 219.25946044921875
621 150.3370361328125
622 112.42972564697266
623 125.78343200683594
624 78.83003997802734
625 137.84487915039063
626 75.8146743774414
627 47.81494140625
628 43.938053131103516
629 67.19937896728516
630 58.15330505371094
631 77.96851348876953
632 66.33784484863281
633 69.35319519042969
634 90.02992248535156
635 110.7066650390625
636 72.79932403564453
637 127.93728637695313
638 136.55258178710938
639 61.168663024902344
640 66.33784484863281
641 115.44507598876953
642 175.75222778320313
643 115.0143051147461
644 145.59864807128906
645 143.01406860351563
646 152.49090576171875
647 112.86048126220703
648 99.07600402832031
649 137.4141082763672
650 133.96800231933594
651 159.8138885498047
652 180.05987548828125
653 136.5525665283203
654 178.3367919921875
655 202.45965576171875
656 180.49063110351563
657 92.18376159667969
658 139.9987030029297
659 91.32223510742188
660 56.86101150512695
661 133.53721618652344
662 203.75196838378906
663 240.79779052734375
664 118.46043395996094
665 129.2295684814453
666 87.01457977294922
667 93.90680694580078
668 45.230350494384766
669 86.15304565429688
670 71.50702667236328
671 86.58380126953125
672 106.82978057861328
673 42.21500015258789
674 91.75299072265625
675 62.03019332885742
676 77.968505859375
677 106.82978057861328
678 60.73789596557617
679 80.98387145996094
680 77.53773498535156
681 52.122596740722656
682 52.12259292602539
683 101.22982788085938
684 74.52237701416016
685 115.8758544921875
686 168.85995483398438
687 108.5528335571289
688 205.04425048828125
689 163.26004028320313
690 85.29151153564453
691 77.968505859375
692 122.33732604980469
693 160.24465942382813
694 236.05935668945313
695 144.73712158203125
696 128.3680419921875
697 125.783447265625
698 202.02891540527344
699 146.4601593017578
700 120.61425018310547
701 123.1988525390625
702 182.6444549560547
703 186.090576171875
704 183.50599670410156
705 146.8909454345703
706 90.46070861816406
707 48.24570846557617
708 65.47631072998047
709 169.72149658203125
710 162.8292694091797
711 158.5216064453125
712 123.1988525390625
713 85.72227478027344
714 152.0601348876953
715 116.73738861083984
716 184.3675079345703
717 177.04449462890625
718 83.99922180175781
719 163.26004028320313
720 203.3211669921875
721 149.4755401611328
722 132.2449188232422
723 151.19859313964844
724 107.69129943847656
725 111.1374282836914
726 66.76860809326172
727 43.938053131103516
728 95.6298828125
729 103.81442260742188
730 93.4760513305664
731 112.8604965209961
732 61.59943389892578
733 175.752197265625
734 133.53721618652344
735 245.1054229736328
736 162.3984832763672
737 110.27589416503906
738 179.19834899902344
739 110.70665740966797
740 170.15225219726563
741 183.5059814453125
742 222.27484130859375
743 178.33680725097656
744 148.614013671875
745 192.98281860351563
746 145.16787719726563
747 73.23008728027344
748 119.75273895263672
749 182.21368408203125
750 112.86048889160156
751 153.78317260742188
752 146.89093017578125
753 138.70640563964844
754 155.07550048828125
755 115.8758316040039
756 127.50650787353516
757 85.29151916503906
758 61.168663024902344
759 65.476318359375
760 166.70616149902344
761 133.10646057128906
762 80.98387145996094
763 185.2290802001953
764 97.7837142944336
765 123.1988525390625
766 62.46096420288086
767 136.9833526611328
768 139.56793212890625
769 55.56871795654297
770 89.59917449951172
771 138.275634765625
772 112.8604965209961
773 115.0143051147461
774 153.78318786621094
775 131.38339233398438
776 128.79879760742188
777 93.4760513305664
778 110.70665740966797
779 150.76783752441406
780 124.92191314697266
781 100.7990493774414
782 105.10670471191406
783 189.10597229003906
784 117.59890747070313
785 160.67543029785156
786 161.10621643066406
787 240.36697387695313
788 211.50570678710938
789 146.02943420410156
790 224.42868041992188
791 74.52238464355469
792 148.61399841308594
793 106.39900207519531
794 102.95288848876953
795 171.44456481933594
796 96.06065368652344
797 183.0751953125
798 209.35194396972656
799 153.35243225097656
800 166.7061309814453
801 182.64447021484375
802 187.8136444091797
803 105.1067123413086
804 52.98412322998047
805 119.32197570800781
806 140.8602294921875
807 121.90655517578125
808 80.55310821533203
809 143.01402282714844
810 124.06039428710938
811 161.53697204589844
812 96.49140930175781
813 100.79906463623047
814 99.50676727294922
815 90.02994537353516
816 65.9070816040039
817 62.89173126220703
818 74.09162139892578
819 104.24517822265625
820 161.10618591308594
821 55.1379508972168
822 202.8904266357422
823 217.5364227294922
824 140.42945861816406
825 112.8604965209961
826 116.73737335205078
827 110.2759017944336
828 133.96798706054688
829 96.92218017578125
830 168.42921447753906
831 111.56819915771484
832 162.82925415039063
833 183.50599670410156
834 136.5525665283203
835 67.19938659667969
836 120.61426544189453
837 186.09059143066406
838 143.87559509277344
839 39.19963455200195
840 71.93778991699219
841 77.968505859375
842 192.98284912109375
843 143.8755645751953
844 195.13665771484375
845 89.16839599609375
846 115.87584686279297
847 90.0299301147461
848 92.61451721191406
849 174.02914428710938
850 167.5676727294922
851 70.21472930908203
852 111.56818389892578
853 40.061161041259766
854 69.78396606445313
855 108.1220703125
856 108.98361206054688
857 167.5676727294922
858 98.64523315429688
859 169.72149658203125
860 189.9674835205078
861 218.39794921875
862 131.8141632080078
863 140.42947387695313
864 169.2907257080078
865 151.19859313964844
866 81.84539794921875
867 150.76783752441406
868 118.0296630859375
869 136.55259704589844
870 97.35293579101563
871 75.3839111328125
872 202.02890014648438
873 101.22982788085938
874 105.53749084472656
875 184.79824829101563
876 68.49166870117188
877 102.952880859375
878 186.090576171875
879 164.55235290527344
880 168.42921447753906
881 173.598388671875
882 159.81390380859375
883 152.0601348876953
884 80.1223373413086
885 158.5216064453125
886 165.41384887695313
887 239.50543212890625
888 150.33706665039063
889 50.399532318115234
890 116.73738098144531
891 115.01432800292969
892 114.15278625488281
893 129.2295684814453
894 102.09136199951172
895 121.47578430175781
896 108.55284118652344
897 207.19805908203125
898 102.09135437011719
899 88.30686950683594
900 119.32196044921875
901 93.0452880859375
902 141.29100036621094
903 160.2446746826172
904 144.3063507080078
905 199.87506103515625
906 209.35189819335938
907 103.8144302368164
908 125.35267639160156
909 93.47606658935547
910 136.121826171875
911 161.96774291992188
912 233.905517578125
913 165.41384887695313
914 152.06011962890625
915 168.42921447753906
916 121.47578430175781
917 52.9841194152832
918 116.73735809326172
919 210.64419555664063
920 146.02940368652344
921 135.26028442382813
922 151.62937927246094
923 88.30687713623047
924 142.5832977294922
925 149.4755401611328
926 129.66033935546875
927 211.9364776611328
928 167.56768798828125
929 183.936767578125
930 115.44508361816406
931 156.36776733398438
932 202.4596710205078
933 160.2446746826172
934 186.95211791992188
935 322.6431579589844
936 130.52186584472656
937 152.4908905029297
938 140.42947387695313
939 116.3066177368164
940 93.47605895996094
941 172.73684692382813
942 141.29098510742188
943 95.19911193847656
944 110.70665740966797
945 191.259765625
946 195.9981689453125
947 204.6134796142578
948 211.93649291992188
949 165.41383361816406
950 185.2290496826172
951 183.0751953125
952 163.6907958984375
953 240.79779052734375
954 159.81390380859375
955 173.598388671875
956 108.12206268310547
957 201.59814453125
958 89.59916687011719
959 68.06090545654297
960 88.30686950683594
961 129.6603240966797
962 94.33757781982422
963 53.414886474609375
964 65.9070816040039
965 113.7220230102539
966 103.38365173339844
967 169.2907257080078
968 95.62987518310547
969 183.5059814453125
970 236.92088317871094
971 109.84512329101563
972 152.06015014648438
973 90.02993774414063
974 157.6600799560547
975 159.3831329345703
976 95.19911193847656
977 117.59889221191406
978 144.3063507080078
979 178.767578125
980 152.92166137695313
981 71.50702667236328
982 126.21421813964844
983 86.58380889892578
984 49.968772888183594
985 90.46070861816406
986 144.3063507080078
987 65.0455551147461
988 90.460693359375
989 66.33785247802734
990 41.35346221923828
991 82.70691680908203
992 109.84512329101563
993 90.46068572998047
994 41.35346221923828
995 209.78265380859375
996 181.78292846679688
997 86.1530532836914
998 167.56765747070313
999 167.99842834472656
1000 95.6298828125
1001 87.44534301757813
1002 87.44534301757813
