# Selection 1:name C1A D2A C3A C4A C1B C2B C3B C4B Selection 2:name AUC AUSL AUL Cutoff:8 Start:0 End:-1
0 0
1 0
2 32
3 21
4 29
5 27
6 24
7 29
8 30
9 27
10 32
11 33
12 33
13 31
14 24
15 32
16 35
17 33
18 28
19 30
20 32
21 28
22 26
23 24
24 32
25 23
26 24
27 31
28 26
29 28
30 18
31 25
32 24
33 26
34 25
35 32
36 33
37 27
38 27
39 22
40 31
41 39
42 33
43 28
44 26
45 20
46 30
47 24
48 28
49 34
50 29
51 33
52 25
53 33
54 32
55 27
56 31
57 29
58 23
59 26
60 18
61 22
62 20
63 25
64 30
65 23
66 21
67 19
68 22
69 26
70 25
71 30
72 27
73 26
74 32
75 26
76 17
77 23
78 23
79 34
80 28
81 29
82 26
83 24
84 25
85 25
86 23
87 25
88 23
89 35
90 25
91 25
92 34
93 32
94 25
95 28
96 36
97 33
98 27
99 32
100 24
101 23
102 33
103 37
104 38
105 25
106 29
107 34
108 29
109 32
110 30
111 27
112 31
113 26
114 32
115 24
116 22
117 37
118 26
119 36
120 30
121 29
122 34
123 29
124 26
125 36
126 28
127 38
128 27
129 29
130 16
131 24
132 30
133 32
134 26
135 27
136 31
137 28
138 29
139 24
140 32
141 30
142 31
143 25
144 32
145 30
146 30
147 32
148 31
149 26
150 36
151 35
152 27
153 30
154 29
155 32
156 28
157 26
158 38
159 27
160 24
161 22
162 33
163 28
164 30
165 32
166 19
167 27
168 27
169 29
170 27
171 32
172 29
173 27
174 32
175 31
176 30
177 26
178 23
179 27
180 22
181 28
182 31
183 24
184 29
185 24
186 34
187 33
188 32
189 33
190 21
191 28
192 32
193 28
194 32
195 33
196 36
197 34
198 31
199 27
200 28
201 29
202 22
203 29
204 33
205 28
206 34
207 26
208 36
209 34
210 28
211 30
212 36
213 34
214 29
215 32
216 30
217 26
218 34
219 34
220 30
221 26
222 36
223 25
224 29
225 30
226 29
227 24
228 29
229 26
230 27
231 26
232 31
233 31
234 23
235 24
236 21
237 31
238 23
239 28
240 17
241 26
242 33
243 35
244 32
245 28
246 33
247 36
248 25
249 33
250 21
251 28
252 24
253 25
254 28
255 26
256 27
257 27
258 30
259 32
260 29
261 28
262 36
263 27
264 30
265 27
266 37
267 29
268 21
269 26
270 27
271 19
272 24
273 25
274 30
275 29
276 33
277 32
278 29
279 28
280 26
281 25
282 25
283 27
284 28
285 30
286 25
287 30
288 31
289 22
290 30
291 31
292 25
293 30
294 21
295 28
296 32
297 29
298 34
299 30
300 31
301 25
302 23
303 33
304 31
305 35
306 28
307 23
308 22
309 34
310 37
311 34
312 32
313 25
314 22
315 29
316 31
317 23
318 22
319 36
320 29
321 29
322 34
323 27
324 28
325 28
326 28
327 28
328 28
329 26
330 26
331 17
332 27
333 26
334 24
335 28
336 22
337 27
338 24
339 25
340 33
341 32
342 37
343 29
344 26
345 25
346 28
347 27
348 17
349 29
350 32
351 30
352 29
353 20
354 27
355 28
356 25
357 36
358 31
359 32
360 33
361 28
362 23
363 26
364 29
365 33
366 36
367 28
368 29
369 33
370 25
371 37
372 22
373 32
374 26
375 29
376 31
377 36
378 27
379 31
380 28
381 18
382 24
383 32
384 31
385 31
386 35
387 36
388 25
389 27
390 31
391 36
392 33
393 38
394 25
395 33
396 31
397 35
398 27
399 32
400 27
401 29
402 23
403 31
404 20
405 27
406 21
407 22
408 24
409 25
410 18
411 32
412 29
413 29
414 36
415 25
416 22
417 45
418 28
419 33
420 25
421 31
422 30
423 31
424 27
425 27
426 31
427 35
428 31
429 29
430 30
431 22
432 25
433 24
434 29
435 28
436 24
437 33
438 28
439 31
440 20
441 24
442 37
443 25
444 29
445 23
446 35
447 32
448 24
449 31
450 31
451 34
452 31
453 27
454 32
455 30
456 29
457 29
458 27
459 31
460 33
461 32
462 27
463 16
464 30
465 30
466 28
467 34
468 30
469 29
470 29
471 27
472 39
473 34
474 25
475 34
476 27
477 30
478 32
479 34
480 30
481 24
482 18
483 26
484 23
485 24
486 18
487 32
488 34
489 22
490 18
491 19
492 19
493 25
494 20
495 27
496 26
497 31
498 31
499 21
500 26
501 27
502 18
503 26
504 24
505 36
506 25
507 34
508 27
509 31
510 34
511 30
512 36
513 30
514 30
515 29
516 30
517 25
518 19
519 26
520 23
521 27
522 25
523 32
524 30
525 28
526 39
527 30
528 26
529 28
530 25
531 29
532 22
533 22
534 27
535 26
536 25
537 27
538 23
539 33
540 33
541 32
542 25
543 30
544 30
545 22
546 31
547 24
548 23
549 24
550 25
551 19
552 29
553 28
554 34
555 25
556 33
557 25
558 25
559 24
560 38
561 26
562 26
563 34
564 31
565 26
566 25
567 41
568 27
569 29
570 39
571 38
572 38
573 29
574 33
575 27
576 31
577 21
578 26
579 26
580 19
581 25
582 24
583 27
584 21
585 33
586 26
587 38
588 30
589 27
590 25
591 30
592 33
593 31
594 26
595 23
596 34
597 32
598 32
599 30
600 25
601 26
602 27
603 32
604 29
605 29
606 29
607 29
608 26
609 31
610 32
611 36
612 29
613 26
614 27
615 33
616 34
617 28
618 35
619 33
620 27
621 30
622 30
623 34
624 28
625 30
626 28
627 24
628 21
629 26
630 25
631 29
632 27
633 28
634 25
635 30
636 26
637 29
638 33
639 22
640 24
641 32
642 34
643 26
644 33
645 34
646 30
647 26
648 26
649 29
650 32
651 34
652 30
653 25
654 35
655 36
656 28
657 29
658 25
659 18
660 22
661 27
662 31
663 38
664 31
665 32
666 25
667 21
668 24
669 26
670 28
671 27
672 28
673 20
674 28
675 20
676 25
677 32
678 26
679 28
680 31
681 23
682 24
683 34
684 26
685 20
686 31
687 30
688 35
689 35
690 29
691 25
692 34
693 31
694 33
695 22
696 24
697 30
698 41
699 38
700 30
701 30
702 37
703 34
704 32
705 34
706 28
707 23
708 21
709 31
710 34
711 25
712 26
713 20
714 24
715 24
716 31
717 32
718 30
719 34
720 38
721 29
722 30
723 33
724 25
725 34
726 21
727 23
728 26
729 31
730 28
731 29
732 21
733 33
734 35
735 34
736 27
737 25
738 34
739 25
740 37
741 30
742 25
743 27
744 35
745 38
746 25
747 24
748 28
749 38
750 29
751 33
752 29
753 25
754 31
755 31
756 30
757 27
758 22
759 30
760 37
761 29
762 25
763 32
764 28
765 32
766 25
767 31
768 38
769 22
770 32
771 33
772 27
773 30
774 35
775 35
776 28
777 22
778 34
779 31
780 27
781 26
782 24
783 36
784 28
785 29
786 34
787 31
788 37
789 25
790 37
791 24
792 27
793 28
794 26
795 35
796 30
797 27
798 39
799 38
800 24
801 35
802 37
803 26
804 24
805 20
806 22
807 25
808 30
809 34
810 31
811 37
812 28
813 29
814 25
815 25
816 29
817 31
818 27
819 31
820 24
821 19
822 34
823 36
824 27
825 28
826 23
827 22
828 34
829 30
830 30
831 26
832 29
833 34
834 25
835 18
836 32
837 31
838 36
839 22
840 25
841 29
842 31
843 30
844 29
845 27
846 29
847 29
848 27
849 30
850 27
851 21
852 33
853 24
854 19
855 27
856 33
857 29
858 30
859 33
860 32
861 37
862 26
863 26
864 29
865 28
866 26
867 32
868 25
869 28
870 26
871 26
872 35
873 20
874 22
875 32
876 30
877 24
878 33
879 26
880 28
881 28
882 36
883 28
884 26
885 30
886 29
887 27
888 29
889 21
890 32
891 28
892 27
893 24
894 28
895 35
896 30
897 25
898 26
899 33
900 31
901 29
902 28
903 29
904 33
905 30
906 32
907 29
908 29
909 26
910 37
911 29
912 38
913 28
914 33
915 30
916 26
917 22
918 34
919 32
920 34
921 28
922 32
923 29
924 28
925 38
926 24
927 30
928 32
929 39
930 29
931 25
932 29
933 31
934 30
935 40
936 34
937 23
938 27
939 32
940 30
941 36
942 27
943 22
944 30
945 33
946 28
947 37
948 33
949 27
950 31
951 34
952 32
953 35
954 28
955 34
956 26
957 36
958 29
959 30
960 25
961 34
962 25
963 24
964 21
965 34
966 23
967 31
968 25
969 29
970 32
971 21
972 32
973 31
974 37
975 30
976 35
977 26
978 25
979 31
980 30
981 25
982 26
983 28
984 24
985 25
986 36
987 20
988 23
989 22
990 25
991 24
992 26
993 23
994 24
995 32
996 34
997 27
998 30
999 31
1000 19
1001 30
1002 30
