# Selection:resname AU POPC Restricted:name AUC AUL AUSL Radius:2.64 Start:0 End:-1
0 333.41229248046875
1 329.96612548828125
2 0.0
3 2.1538259983062744
4 0.0
5 4.738417148590088
6 1.7230608463287354
7 0.0
8 0.0
9 1.7230608463287354
10 0.0
11 0.8615304231643677
12 0.0
13 0.8615304231643677
14 6.030713081359863
15 5.169182777404785
16 0.8615304231643677
17 0.0
18 0.0
19 1.2922956943511963
20 0.43076521158218384
21 4.307652473449707
22 3.4461216926574707
23 1.7230608463287354
24 0.0
25 0.0
26 0.43076521158218384
27 0.0
28 1.7230608463287354
29 0.0
30 0.0
31 0.8615304231643677
32 0.0
33 0.0
34 0.0
35 0.0
36 0.43076521158218384
37 2.1538259983062744
38 0.0
39 5.169182777404785
40 0.43076521158218384
41 7.3230085372924805
42 0.43076521158218384
43 8.184539794921875
44 0.43076521158218384
45 0.8615304231643677
46 8.184539794921875
47 0.0
48 0.8615304231643677
49 2.5845911502838135
50 3.4461216926574707
51 0.0
52 0.0
53 0.0
54 4.307651996612549
55 5.599947929382324
56 0.0
57 0.0
58 0.0
59 0.0
60 0.8615304231643677
61 6.892243385314941
62 2.1538259983062744
63 0.0
64 0.0
65 0.0
66 4.307651996612549
67 1.2922956943511963
68 2.1538259983062744
69 1.2922956943511963
70 0.0
71 3.0153565406799316
72 4.738417625427246
73 0.0
74 0.8615304231643677
75 0.0
76 0.43076521158218384
77 0.0
78 3.4461216926574707
79 0.0
80 9.476835250854492
81 7.3230085372924805
82 0.0
83 1.2922956943511963
84 0.0
85 0.0
86 0.0
87 0.8615304231643677
88 0.0
89 7.753774166107178
90 0.8615304231643677
91 1.7230608463287354
92 12.061426162719727
93 0.8615304231643677
94 3.4461216926574707
95 0.43076521158218384
96 0.0
97 2.5845913887023926
98 0.43076521158218384
99 0.0
100 0.8615304231643677
101 1.7230608463287354
102 1.7230608463287354
103 0.8615304231643677
104 0.8615304231643677
105 0.8615304231643677
106 0.0
107 0.0
108 0.8615304231643677
109 3.4461216926574707
110 0.0
111 0.0
112 0.0
113 5.599947929382324
114 1.7230608463287354
115 1.2922956943511963
116 0.0
117 0.43076521158218384
118 2.5845913887023926
119 0.0
120 0.0
121 0.0
122 4.738417625427246
123 0.0
124 0.0
125 2.5845911502838135
126 0.43076521158218384
127 0.0
128 2.1538259983062744
129 0.0
130 0.43076521158218384
131 4.738417148590088
132 7.7537736892700195
133 0.0
134 0.0
135 0.43076521158218384
136 7.3230085372924805
137 0.43076521158218384
138 0.0
139 11.199895858764648
140 0.8615304231643677
141 0.0
142 0.0
143 1.2922956943511963
144 0.0
145 0.8615304231643677
146 0.0
147 0.0
148 0.0
149 0.0
150 0.8615304231643677
151 0.0
152 0.0
153 0.0
154 0.43076521158218384
155 0.0
156 0.0
157 0.0
158 1.2922956943511963
159 6.461478233337402
160 9.476834297180176
161 2.1538259983062744
162 0.0
163 0.43076521158218384
164 0.0
165 2.1538259983062744
166 0.0
167 0.0
168 0.0
169 0.0
170 0.0
171 0.0
172 0.0
173 0.0
174 0.0
175 0.0
176 0.0
177 5.599947929382324
178 0.0
179 0.0
180 1.2922956943511963
181 0.0
182 0.0
183 0.0
184 0.0
185 2.1538259983062744
186 0.43076521158218384
187 0.0
188 0.0
189 0.43076521158218384
190 0.0
191 0.0
192 0.8615304231643677
193 0.0
194 0.43076521158218384
195 0.0
196 0.0
197 0.0
198 0.0
199 0.0
200 6.892243385314941
201 0.8615304231643677
202 0.0
203 0.8615304231643677
204 0.0
205 0.43076521158218384
206 0.0
207 0.0
208 0.0
209 3.0153565406799316
210 0.0
211 0.43076521158218384
212 4.738417625427246
213 0.0
214 0.0
215 0.0
216 2.1538259983062744
217 5.169182777404785
218 0.0
219 8.184538841247559
220 12.922956466674805
221 12.922956466674805
222 8.615303993225098
223 3.0153565406799316
224 0.0
225 6.461478233337402
226 0.0
227 1.2922956943511963
228 0.0
229 0.0
230 0.0
231 0.43076521158218384
232 0.0
233 0.0
234 1.2922956943511963
235 4.307651996612549
236 0.0
237 0.8615304231643677
238 0.0
239 2.5845911502838135
240 10.338364601135254
241 0.0
242 0.0
243 0.0
244 0.0
245 0.0
246 0.0
247 0.0
248 2.1538262367248535
249 3.4461216926574707
250 11.630660057067871
251 14.646017074584961
252 3.4461216926574707
253 0.0
254 0.0
255 0.0
256 0.0
257 0.8615304231643677
258 0.0
259 2.1538259983062744
260 0.0
261 1.2922956943511963
262 0.8615304231643677
263 2.1538259983062744
264 3.0153565406799316
265 0.8615304231643677
266 0.43076521158218384
267 1.2922956943511963
268 0.0
269 0.0
270 0.0
271 0.0
272 0.0
273 0.0
274 0.0
275 3.4461216926574707
276 0.0
277 0.0
278 0.43076521158218384
279 0.43076521158218384
280 0.0
281 0.0
282 0.0
283 1.7230608463287354
284 1.2922956943511963
285 0.8615304231643677
286 2.1538259983062744
287 0.0
288 0.0
289 0.0
290 6.030713081359863
291 13.784486770629883
292 18.092138290405273
293 4.307651996612549
294 0.0
295 1.7230608463287354
296 0.0
297 1.2922956943511963
298 0.0
299 0.0
300 0.43076521158218384
301 0.8615304231643677
302 0.0
303 0.0
304 0.0
305 0.0
306 0.43076521158218384
307 0.0
308 0.43076521158218384
309 3.876887083053589
310 0.8615304231643677
311 0.0
312 9.476835250854492
313 0.0
314 0.43076521158218384
315 1.2922956943511963
316 2.5845911502838135
317 5.169182300567627
318 3.0153565406799316
319 0.0
320 0.0
321 0.8615304231643677
322 0.0
323 0.0
324 0.0
325 1.2922956943511963
326 2.5845913887023926
327 0.0
328 1.7230608463287354
329 0.0
330 0.0
331 0.43076521158218384
332 2.1538262367248535
333 2.5845913887023926
334 0.8615304231643677
335 0.0
336 0.0
337 1.2922956943511963
338 0.43076521158218384
339 1.2922956943511963
340 0.0
341 0.0
342 0.8615304231643677
343 1.2922956943511963
344 0.8615304231643677
345 0.43076521158218384
346 0.0
347 0.0
348 2.1538259983062744
349 1.2922956943511963
350 0.0
351 3.0153565406799316
352 4.738417625427246
353 3.0153565406799316
354 0.43076521158218384
355 0.0
356 6.892243385314941
357 2.5845913887023926
358 1.7230608463287354
359 1.2922956943511963
360 8.615303993225098
361 7.3230085372924805
362 0.0
363 0.0
364 0.0
365 0.0
366 0.43076521158218384
367 0.0
368 6.461478233337402
369 0.8615304231643677
370 6.461477756500244
371 0.0
372 0.0
373 0.0
374 0.0
375 0.0
376 2.1538259983062744
377 0.0
378 0.0
379 0.8615304231643677
380 2.1538259983062744
381 0.0
382 0.8615304231643677
383 0.0
384 0.0
385 0.8615304231643677
386 1.2922956943511963
387 0.0
388 0.43076521158218384
389 1.2922956943511963
390 0.0
391 0.0
392 1.2922956943511963
393 0.0
394 0.0
395 0.0
396 0.0
397 0.8615304231643677
398 0.0
399 0.8615304231643677
400 1.7230608463287354
401 0.0
402 0.0
403 0.43076521158218384
404 0.0
405 0.43076521158218384
406 0.0
407 6.030713081359863
408 0.43076521158218384
409 1.2922956943511963
410 0.0
411 3.0153565406799316
412 1.2922956943511963
413 0.0
414 0.0
415 0.8615304231643677
416 0.0
417 0.43076521158218384
418 0.0
419 1.2922956943511963
420 0.8615304231643677
421 1.2922956943511963
422 1.7230608463287354
423 0.0
424 3.0153565406799316
425 0.0
426 2.1538259983062744
427 0.0
428 0.0
429 15.938312530517578
430 12.922956466674805
431 3.0153565406799316
432 0.0
433 0.0
434 0.0
435 0.8615304231643677
436 0.0
437 0.0
438 0.8615304231643677
439 3.4461216926574707
440 0.43076521158218384
441 0.0
442 0.0
443 2.1538259983062744
444 0.8615304231643677
445 7.3230085372924805
446 0.43076521158218384
447 3.4461216926574707
448 0.8615304231643677
449 0.0
450 0.0
451 0.0
452 3.8768868446350098
453 0.43076521158218384
454 0.8615304231643677
455 0.43076521158218384
456 0.43076521158218384
457 7.7537736892700195
458 1.7230608463287354
459 3.0153565406799316
460 0.8615304231643677
461 0.0
462 0.0
463 2.1538259983062744
464 14.646017074584961
465 0.0
466 0.0
467 0.43076521158218384
468 1.2922956943511963
469 1.2922956943511963
470 0.43076521158218384
471 0.8615304231643677
472 0.43076521158218384
473 1.2922956943511963
474 0.8615304231643677
475 0.8615304231643677
476 1.2922956943511963
477 0.8615304231643677
478 0.0
479 0.0
480 4.738417148590088
481 1.7230608463287354
482 0.0
483 3.4461216926574707
484 0.43076521158218384
485 3.4461216926574707
486 3.0153565406799316
487 21.10749626159668
488 17.230609893798828
489 4.738417625427246
490 3.8768868446350098
491 10.338364601135254
492 3.8768868446350098
493 0.0
494 0.8615304231643677
495 0.8615304231643677
496 0.0
497 0.43076521158218384
498 0.0
499 1.2922956943511963
500 0.0
501 0.0
502 0.0
503 0.43076521158218384
504 0.8615304231643677
505 0.0
506 3.0153565406799316
507 0.0
508 0.0
509 2.5845911502838135
510 0.8615304231643677
511 4.307651996612549
512 3.4461216926574707
513 0.8615304231643677
514 8.615303993225098
515 0.0
516 0.0
517 0.8615304231643677
518 5.169182777404785
519 0.0
520 0.0
521 0.0
522 0.43076521158218384
523 0.0
524 0.0
525 0.8615304231643677
526 0.0
527 0.0
528 0.8615304231643677
529 0.8615304231643677
530 0.43076521158218384
531 1.7230608463287354
532 1.2922956943511963
533 0.0
534 1.2922956943511963
535 0.0
536 0.0
537 2.5845911502838135
538 0.0
539 0.0
540 0.0
541 0.0
542 0.0
543 3.8768868446350098
544 0.0
545 0.43076521158218384
546 0.0
547 0.0
548 0.0
549 1.7230608463287354
550 21.107494354248047
551 15.507547378540039
552 14.215251922607422
553 16.799842834472656
554 0.0
555 0.43076521158218384
556 1.2922956943511963
557 4.307651996612549
558 0.8615304231643677
559 0.0
560 0.0
561 0.0
562 0.0
563 0.0
564 0.43076521158218384
565 0.0
566 0.0
567 0.43076521158218384
568 0.0
569 4.738417148590088
570 0.43076521158218384
571 0.8615304231643677
572 1.2922956943511963
573 0.0
574 0.43076521158218384
575 0.43076521158218384
576 0.0
577 0.0
578 0.0
579 0.0
580 0.0
581 0.43076521158218384
582 4.307651996612549
583 31.015094757080078
584 19.38443374633789
585 10.33836555480957
586 0.0
587 0.0
588 0.0
589 0.0
590 16.799842834472656
591 16.799842834472656
592 1.2922956943511963
593 0.0
594 3.4461216926574707
595 2.5845913887023926
596 4.307651996612549
597 0.43076521158218384
598 0.43076521158218384
599 1.2922956943511963
600 2.1538259983062744
601 0.8615304231643677
602 3.8768868446350098
603 11.630661010742188
604 9.046069145202637
605 0.0
606 0.0
607 0.0
608 7.7537736892700195
609 1.7230608463287354
610 0.0
611 0.0
612 6.030713081359863
613 0.43076521158218384
614 0.8615304231643677
615 0.0
616 0.43076521158218384
617 0.43076521158218384
618 0.0
619 0.0
620 0.43076521158218384
621 4.738417625427246
622 0.0
623 1.7230608463287354
624 0.43076521158218384
625 0.43076521158218384
626 0.0
627 0.43076521158218384
628 2.5845913887023926
629 0.43076521158218384
630 0.0
631 0.0
632 2.1538262367248535
633 0.8615304231643677
634 0.8615304231643677
635 2.5845911502838135
636 0.0
637 0.8615304231643677
638 0.0
639 0.0
640 0.0
641 4.307652473449707
642 0.0
643 0.0
644 0.0
645 0.0
646 0.43076521158218384
647 0.0
648 2.1538259983062744
649 3.876887083053589
650 0.8615304231643677
651 0.0
652 0.43076521158218384
653 0.8615304231643677
654 1.2922956943511963
655 2.5845911502838135
656 0.8615304231643677
657 0.43076521158218384
658 0.0
659 0.0
660 0.43076521158218384
661 0.0
662 0.43076521158218384
663 0.0
664 4.307651996612549
665 0.0
666 0.0
667 0.8615304231643677
668 0.0
669 22.830556869506836
670 28.861270904541016
671 7.3230085372924805
672 3.4461216926574707
673 4.307652473449707
674 0.0
675 4.738417625427246
676 3.0153565406799316
677 0.0
678 0.0
679 4.307651996612549
680 0.43076521158218384
681 0.8615304231643677
682 0.0
683 0.43076521158218384
684 0.0
685 0.0
686 0.0
687 0.43076521158218384
688 0.0
689 2.1538259983062744
690 0.8615304231643677
691 0.0
692 0.0
693 0.43076521158218384
694 0.0
695 0.0
696 1.2922956943511963
697 0.0
698 0.43076521158218384
699 0.0
700 1.2922956943511963
701 0.43076521158218384
702 6.892243385314941
703 0.0
704 3.4461216926574707
705 0.0
706 3.0153565406799316
707 0.0
708 0.8615304231643677
709 12.492191314697266
710 0.0
711 0.0
712 1.7230608463287354
713 0.43076521158218384
714 0.43076521158218384
715 0.0
716 0.43076521158218384
717 0.0
718 0.0
719 0.8615304231643677
720 0.0
721 1.2922956943511963
722 3.4461216926574707
723 0.0
724 9.476835250854492
725 10.338364601135254
726 8.184539794921875
727 1.2922956943511963
728 0.0
729 0.0
730 0.43076521158218384
731 1.7230608463287354
732 0.43076521158218384
733 0.0
734 0.0
735 0.0
736 0.0
737 12.922956466674805
738 0.0
739 19.38443374633789
740 12.492191314697266
741 1.2922956943511963
742 0.43076521158218384
743 1.2922956943511963
744 7.3230085372924805
745 0.0
746 0.0
747 0.0
748 0.0
749 0.0
750 0.8615304231643677
751 1.7230608463287354
752 0.0
753 7.7537736892700195
754 0.0
755 4.738417148590088
756 6.030713081359863
757 3.8768868446350098
758 0.0
759 0.0
760 0.0
761 2.5845911502838135
762 0.8615304231643677
763 0.43076521158218384
764 0.0
765 2.1538259983062744
766 11.630660057067871
767 0.0
768 0.0
769 5.599947929382324
770 0.0
771 0.43076521158218384
772 0.0
773 0.0
774 0.0
775 0.0
776 0.43076521158218384
777 0.0
778 0.0
779 0.0
780 0.0
781 0.0
782 0.0
783 0.0
784 0.0
785 1.7230608463287354
786 0.0
787 1.2922956943511963
788 0.0
789 0.43076521158218384
790 0.0
791 1.2922956943511963
792 0.0
793 0.0
794 0.0
795 0.43076521158218384
796 0.43076521158218384
797 0.0
798 1.2922956943511963
799 0.0
800 0.0
801 2.5845911502838135
802 0.0
803 3.8768868446350098
804 0.0
805 7.7537736892700195
806 3.4461216926574707
807 0.0
808 0.0
809 2.5845913887023926
810 0.0
811 4.307651996612549
812 0.43076521158218384
813 0.0
814 0.43076521158218384
815 1.7230608463287354
816 0.0
817 0.0
818 0.0
819 0.0
820 2.5845913887023926
821 0.0
822 0.43076521158218384
823 2.5845913887023926
824 0.43076521158218384
825 1.2922956943511963
826 0.0
827 16.369077682495117
828 3.876887083053589
829 0.43076521158218384
830 0.0
831 0.0
832 2.1538259983062744
833 0.0
834 1.7230608463287354
835 0.0
836 0.0
837 1.2922956943511963
838 3.0153565406799316
839 0.43076521158218384
840 3.44612193107605
841 0.0
842 0.0
843 0.8615304231643677
844 3.4461216926574707
845 3.8768868446350098
846 2.1538259983062744
847 0.0
848 0.0
849 0.0
850 9.476835250854492
851 8.184538841247559
852 10.76913070678711
853 11.199894905090332
854 0.0
855 0.0
856 0.8615304231643677
857 1.2922956943511963
858 1.7230608463287354
859 1.2922956943511963
860 0.0
861 0.0
862 2.1538259983062744
863 5.169182300567627
864 4.307652473449707
865 6.030713081359863
866 9.907600402832031
867 1.7230608463287354
868 1.2922956943511963
869 0.0
870 0.8615304231643677
871 0.0
872 0.0
873 0.43076521158218384
874 0.0
875 3.0153565406799316
876 0.0
877 0.0
878 0.0
879 0.0
880 0.0
881 2.5845911502838135
882 0.43076521158218384
883 0.0
884 2.1538259983062744
885 0.43076521158218384
886 3.4461216926574707
887 0.0
888 0.8615304231643677
889 0.0
890 2.5845913887023926
891 3.8768868446350098
892 5.169182777404785
893 0.43076521158218384
894 0.43076521158218384
895 2.1538259983062744
896 0.0
897 3.8768868446350098
898 0.0
899 0.0
900 0.43076521158218384
901 0.0
902 0.8615304231643677
903 2.5845911502838135
904 0.0
905 0.43076521158218384
906 2.5845911502838135
907 0.0
908 0.43076521158218384
909 16.369077682495117
910 0.0
911 0.0
912 0.0
913 0.8615304231643677
914 0.0
915 0.0
916 0.0
917 0.0
918 0.0
919 0.0
920 0.43076521158218384
921 0.0
922 0.43076521158218384
923 0.0
924 0.43076521158218384
925 0.0
926 0.0
927 0.0
928 0.8615304231643677
929 0.0
930 0.0
931 0.0
932 0.8615304231643677
933 0.0
934 0.0
935 0.0
936 0.0
937 0.0
938 16.36907958984375
939 0.0
940 2.1538259983062744
941 3.0153565406799316
942 0.0
943 0.43076521158218384
944 3.8768868446350098
945 0.0
946 0.0
947 0.0
948 0.0
949 4.307651996612549
950 0.43076521158218384
951 3.0153565406799316
952 0.0
953 0.0
954 0.0
955 3.0153565406799316
956 0.0
957 3.0153565406799316
958 0.43076521158218384
959 1.7230608463287354
960 0.0
961 0.43076521158218384
962 0.0
963 2.1538259983062744
964 0.43076521158218384
965 0.8615304231643677
966 1.2922956943511963
967 2.5845913887023926
968 0.0
969 2.5845913887023926
970 8.184538841247559
971 0.0
972 0.0
973 0.0
974 0.0
975 0.43076521158218384
976 0.0
977 1.2922956943511963
978 0.0
979 2.5845913887023926
980 0.0
981 2.5845913887023926
982 0.0
983 0.0
984 0.0
985 0.43076521158218384
986 0.0
987 1.7230608463287354
988 1.2922956943511963
989 0.43076521158218384
990 9.907599449157715
991 4.307651996612549
992 15.938312530517578
993 13.353721618652344
994 15.0767822265625
995 1.2922956943511963
996 2.5845911502838135
997 1.2922956943511963
998 2.5845913887023926
999 0.0
1000 0.0
1001 0.0
1002 0.0
