# Selection:resname AU W ION Restricted:name AUC AUL AUSL Radius:2.64 Start:0 End:-1
0 113.291259765625
1 111.99897003173828
2 171.8753204345703
3 220.1210479736328
4 181.3521728515625
5 143.01405334472656
6 178.76759338378906
7 267.93597412109375
8 139.13717651367188
9 152.06011962890625
10 162.82928466796875
11 164.98309326171875
12 142.58326721191406
13 100.36830139160156
14 116.30661010742188
15 195.56739807128906
16 176.61373901367188
17 108.5528335571289
18 119.75274658203125
19 235.19781494140625
20 112.86048889160156
21 144.3063507080078
22 231.32090759277344
23 288.6126708984375
24 161.96774291992188
25 230.45941162109375
26 145.1678924560547
27 241.228515625
28 176.1829833984375
29 163.26004028320313
30 120.6142578125
31 187.81361389160156
32 155.50625610351563
33 211.93649291992188
34 190.82901000976563
35 155.93701171875
36 141.29100036621094
37 141.7217559814453
38 193.84432983398438
39 143.01406860351563
40 194.275146484375
41 160.67544555664063
42 168.85997009277344
43 215.3826141357422
44 123.1988525390625
45 133.1064453125
46 163.69078063964844
47 202.02890014648438
48 242.52081298828125
49 109.84513854980469
50 186.090576171875
51 272.67437744140625
52 201.16737365722656
53 169.29075622558594
54 107.69129943847656
55 211.074951171875
56 116.3066177368164
57 176.61373901367188
58 124.92192840576172
59 120.6142578125
60 176.61373901367188
61 90.89146423339844
62 183.07522583007813
63 137.84487915039063
64 225.2902069091797
65 190.82899475097656
66 243.81314086914063
67 196.8596954345703
68 185.22906494140625
69 228.30555725097656
70 100.79905700683594
71 239.50547790527344
72 214.52108764648438
73 112.42972564697266
74 131.81414794921875
75 151.62936401367188
76 199.4442901611328
77 121.04503631591797
78 236.4901123046875
79 248.551513671875
80 131.81414794921875
81 157.6600799560547
82 169.7214813232422
83 117.16814422607422
84 139.1371612548828
85 152.92166137695313
86 267.074462890625
87 185.2290802001953
88 165.41384887695313
89 143.44482421875
90 159.81390380859375
91 177.90603637695313
92 173.598388671875
93 72.79932403564453
94 159.8139190673828
95 161.96771240234375
96 154.21395874023438
97 196.42893981933594
98 161.9677276611328
99 158.52159118652344
100 233.04400634765625
101 180.0598602294922
102 140.8602294921875
103 198.58277893066406
104 134.82952880859375
105 176.18296813964844
106 171.87535095214844
107 115.87584686279297
108 181.78292846679688
109 113.29125213623047
110 102.52212524414063
111 228.30555725097656
112 183.07522583007813
113 217.10568237304688
114 148.1832275390625
115 168.85997009277344
116 171.8753204345703
117 88.3068618774414
118 220.5518035888672
119 165.41384887695313
120 106.3990249633789
121 220.1210479736328
122 252.85919189453125
123 203.32119750976563
124 161.9677276611328
125 149.47552490234375
126 132.2449188232422
127 98.64523315429688
128 269.6590576171875
129 166.7061309814453
130 223.13638305664063
131 157.66006469726563
132 212.36724853515625
133 155.07546997070313
134 134.39877319335938
135 209.35191345214844
136 199.0135498046875
137 217.53643798828125
138 117.59890747070313
139 128.3680419921875
140 211.93650817871094
141 155.50624084472656
142 140.42945861816406
143 151.19859313964844
144 133.10646057128906
145 149.4755401611328
146 133.96798706054688
147 157.2292938232422
148 135.69102478027344
149 109.84512329101563
150 119.32196807861328
151 111.99897003173828
152 92.18377685546875
153 176.18296813964844
154 208.05960083007813
155 112.42972564697266
156 115.44508361816406
157 157.22930908203125
158 146.46017456054688
159 252.8592071533203
160 168.85997009277344
161 199.44427490234375
162 199.8750762939453
163 183.07522583007813
164 124.49115753173828
165 98.21448516845703
166 154.64471435546875
167 101.22985076904297
168 148.614013671875
169 198.15200805664063
170 88.30686950683594
171 143.44482421875
172 143.44480895996094
173 150.767822265625
174 195.1366729736328
175 241.65927124023438
176 178.76756286621094
177 198.15200805664063
178 124.49114227294922
179 148.18324279785156
180 166.70616149902344
181 184.36752319335938
182 109.84513854980469
183 140.42947387695313
184 145.59866333007813
185 145.59864807128906
186 105.10671997070313
187 183.07522583007813
188 189.10594177246094
189 176.18295288085938
190 173.59837341308594
191 157.22930908203125
192 132.2449188232422
193 172.30609130859375
194 171.444580078125
195 128.36802673339844
196 156.3677978515625
197 135.26026916503906
198 111.13742065429688
199 130.09109497070313
200 170.1522674560547
201 121.90656280517578
202 134.82952880859375
203 151.1986083984375
204 158.0908660888672
205 109.41437530517578
206 128.79879760742188
207 211.9365234375
208 205.4750213623047
209 152.49087524414063
210 140.86021423339844
211 253.72073364257813
212 163.6907958984375
213 102.09135437011719
214 158.09085083007813
215 106.3990249633789
216 100.36829376220703
217 220.98255920410156
218 87.01457214355469
219 184.36752319335938
220 141.72174072265625
221 119.32196044921875
222 147.75245666503906
223 164.12156677246094
224 173.16763305664063
225 171.87533569335938
226 108.55284118652344
227 128.36805725097656
228 115.4450912475586
229 220.98260498046875
230 121.90656280517578
231 166.7061309814453
232 128.79881286621094
233 190.39822387695313
234 154.6446990966797
235 162.82928466796875
236 108.98361206054688
237 208.92112731933594
238 126.64496612548828
239 161.10621643066406
240 136.55258178710938
241 189.1059112548828
242 122.33731842041016
243 154.6446990966797
244 117.16812896728516
245 139.13719177246094
246 197.29046630859375
247 159.38311767578125
248 211.93650817871094
249 162.82925415039063
250 89.59917449951172
251 204.6134490966797
252 201.1673583984375
253 177.0445098876953
254 183.50601196289063
255 118.46044158935547
256 195.5674285888672
257 131.8141632080078
258 183.07522583007813
259 174.0291748046875
260 132.67568969726563
261 164.12155151367188
262 149.04476928710938
263 241.65928649902344
264 143.01405334472656
265 164.55233764648438
266 174.8907012939453
267 151.6293487548828
268 156.3677978515625
269 214.09031677246094
270 69.35320281982422
271 122.33732604980469
272 157.6600799560547
273 72.3685531616211
274 116.73738098144531
275 164.9830780029297
276 95.62987518310547
277 186.09056091308594
278 117.16813659667969
279 149.04476928710938
280 147.7524871826172
281 140.8602294921875
282 133.96798706054688
283 205.04425048828125
284 93.4760513305664
285 178.76759338378906
286 167.1369171142578
287 185.2290496826172
288 159.81390380859375
289 192.1212921142578
290 224.85943603515625
291 135.26028442382813
292 182.21368408203125
293 157.66006469726563
294 148.614013671875
295 152.0601348876953
296 110.7066650390625
297 112.42972564697266
298 125.783447265625
299 173.16761779785156
300 192.55206298828125
301 174.45993041992188
302 142.15252685546875
303 214.09030151367188
304 149.04476928710938
305 170.58302307128906
306 112.86048126220703
307 165.41383361816406
308 87.01457214355469
309 77.10697174072266
310 184.79827880859375
311 143.87557983398438
312 102.52212524414063
313 53.41489028930664
314 180.92140197753906
315 95.6298828125
316 135.69105529785156
317 171.87533569335938
318 118.89120483398438
319 153.783203125
320 186.5213623046875
321 176.61375427246094
322 158.95237731933594
323 204.18272399902344
324 152.4908905029297
325 159.8138885498047
326 158.5216064453125
327 132.24493408203125
328 194.70590209960938
329 138.70639038085938
330 183.93675231933594
331 191.25978088378906
332 230.02862548828125
333 145.1678924560547
334 156.7985382080078
335 108.98359680175781
336 163.26004028320313
337 147.75247192382813
338 176.61373901367188
339 139.9987030029297
340 96.0606460571289
341 138.70639038085938
342 159.3831329345703
343 205.0442352294922
344 178.767578125
345 138.70640563964844
346 121.90655517578125
347 167.99842834472656
348 115.01432800292969
349 154.6446990966797
350 181.35214233398438
351 242.0900421142578
352 136.5525665283203
353 236.4901123046875
354 216.244140625
355 127.93726348876953
356 135.6910400390625
357 223.9979248046875
358 124.06039428710938
359 64.61477661132813
360 258.8899230957031
361 92.6145248413086
362 189.53671264648438
363 145.59864807128906
364 186.9521026611328
365 133.96798706054688
366 148.18324279785156
367 118.46043395996094
368 175.3214569091797
369 110.70665740966797
370 216.24412536621094
371 124.92192077636719
372 175.3214569091797
373 227.44407653808594
374 171.87535095214844
375 120.61427307128906
376 230.0286407470703
377 111.56819915771484
378 119.75273132324219
379 241.6593017578125
380 57.72254180908203
381 199.44430541992188
382 72.79932403564453
383 120.61427307128906
384 158.5216064453125
385 158.09083557128906
386 130.95262145996094
387 178.33680725097656
388 195.56741333007813
389 158.95236206054688
390 128.79879760742188
391 148.18325805664063
392 129.6603240966797
393 84.86076354980469
394 199.01353454589844
395 174.0291290283203
396 132.24493408203125
397 196.85971069335938
398 188.6751708984375
399 136.5525665283203
400 179.1983642578125
401 149.9062957763672
402 140.42945861816406
403 131.8141632080078
404 115.87586212158203
405 151.19859313964844
406 177.47528076171875
407 177.0445098876953
408 171.4445343017578
409 174.89068603515625
410 234.3363037109375
411 169.29074096679688
412 111.13742065429688
413 202.45968627929688
414 83.13768768310547
415 138.275634765625
416 117.59890747070313
417 145.59864807128906
418 141.7217559814453
419 193.84434509277344
420 136.12181091308594
421 125.78345489501953
422 104.24518585205078
423 251.9976806640625
424 84.86074829101563
425 109.41436004638672
426 127.07573699951172
427 216.24412536621094
428 179.6291046142578
429 136.98333740234375
430 84.42998504638672
431 105.1067123413086
432 108.12207794189453
433 84.42998504638672
434 108.1220703125
435 90.89146423339844
436 127.50650787353516
437 127.50652313232422
438 115.87584686279297
439 131.8141632080078
440 178.767578125
441 133.53721618652344
442 176.61375427246094
443 249.4130401611328
444 208.921142578125
445 129.22955322265625
446 175.32142639160156
447 174.8907012939453
448 202.8904571533203
449 213.22879028320313
450 183.93673706054688
451 211.5057373046875
452 175.75221252441406
453 136.9833526611328
454 204.18270874023438
455 94.76834869384766
456 202.89044189453125
457 178.767578125
458 137.4141082763672
459 212.7980499267578
460 150.76783752441406
461 97.78370666503906
462 124.92192077636719
463 197.29049682617188
464 133.10646057128906
465 148.61399841308594
466 96.49142456054688
467 222.27484130859375
468 166.27536010742188
469 158.95236206054688
470 161.106201171875
471 136.12181091308594
472 118.46043395996094
473 191.6905059814453
474 190.39820861816406
475 199.44427490234375
476 185.65982055664063
477 163.260009765625
478 153.78318786621094
479 99.93753814697266
480 149.04476928710938
481 187.38287353515625
482 144.30636596679688
483 130.52186584472656
484 134.39874267578125
485 239.9362335205078
486 194.27508544921875
487 185.65980529785156
488 188.67518615722656
489 170.15228271484375
490 169.72149658203125
491 212.3672637939453
492 218.82872009277344
493 153.78317260742188
494 214.95181274414063
495 150.33706665039063
496 222.27484130859375
497 122.33731842041016
498 157.6600799560547
499 149.90628051757813
500 222.70562744140625
501 204.18272399902344
502 120.61426544189453
503 166.27536010742188
504 164.55233764648438
505 172.73687744140625
506 178.33680725097656
507 141.29098510742188
508 135.69105529785156
509 99.50675964355469
510 127.07574462890625
511 243.8131103515625
512 119.75272369384766
513 120.6142578125
514 119.32196044921875
515 117.16814422607422
516 167.99844360351563
517 221.84408569335938
518 90.02994537353516
519 145.16786193847656
520 173.59837341308594
521 263.19757080078125
522 124.06037902832031
523 161.53697204589844
524 164.12156677246094
525 174.89068603515625
526 115.87584686279297
527 80.12234497070313
528 188.244384765625
529 163.26002502441406
530 131.38339233398438
531 220.98252868652344
532 188.67515563964844
533 179.6291046142578
534 310.58172607421875
535 169.72146606445313
536 189.96746826171875
537 175.32144165039063
538 248.551513671875
539 96.06063842773438
540 181.78292846679688
541 168.42921447753906
542 195.99819946289063
543 142.15252685546875
544 138.27561950683594
545 158.5216064453125
546 189.5366973876953
547 147.3217010498047
548 153.78318786621094
549 177.4752655029297
550 147.75250244140625
551 129.6603240966797
552 118.02967834472656
553 169.7214813232422
554 143.01405334472656
555 197.2904815673828
556 75.81468963623047
557 192.5520782470703
558 164.12155151367188
559 188.67518615722656
560 107.26055145263672
561 145.16787719726563
562 146.8909454345703
563 149.04476928710938
564 207.62884521484375
565 146.0294189453125
566 136.121826171875
567 179.62908935546875
568 130.52186584472656
569 221.84410095214844
570 233.04400634765625
571 90.0299301147461
572 123.6296157836914
573 177.4752655029297
574 174.45993041992188
575 178.33682250976563
576 129.6603240966797
577 151.62936401367188
578 186.52133178710938
579 188.24440002441406
580 140.86024475097656
581 159.3831329345703
582 181.35215759277344
583 131.81414794921875
584 176.18295288085938
585 128.79881286621094
586 175.75222778320313
587 100.79905700683594
588 150.76783752441406
589 189.9674835205078
590 192.5520782470703
591 160.2446746826172
592 139.5679473876953
593 131.8141632080078
594 232.6132354736328
595 203.3211669921875
596 107.6913070678711
597 138.70640563964844
598 129.2295684814453
599 174.4598846435547
600 154.64471435546875
601 97.78372192382813
602 152.9216766357422
603 177.04449462890625
604 145.59864807128906
605 206.33656311035156
606 138.70639038085938
607 103.81441497802734
608 147.32171630859375
609 162.82925415039063
610 181.35215759277344
611 118.46043395996094
612 103.38365173339844
613 146.89093017578125
614 145.59864807128906
615 180.92137145996094
616 155.07550048828125
617 234.33628845214844
618 203.32119750976563
619 210.64418029785156
620 128.79881286621094
621 189.10594177246094
622 136.9833526611328
623 113.72200775146484
624 133.5372314453125
625 178.3367919921875
626 152.49090576171875
627 86.58380889892578
628 185.65982055664063
629 205.04425048828125
630 171.87530517578125
631 156.79855346679688
632 121.90656280517578
633 175.75221252441406
634 108.98361206054688
635 84.42998504638672
636 162.82925415039063
637 78.83003997802734
638 208.92115783691406
639 191.25973510742188
640 127.07572937011719
641 149.0447540283203
642 186.95211791992188
643 177.47528076171875
644 118.89119720458984
645 137.4141082763672
646 124.49114227294922
647 129.66033935546875
648 195.56744384765625
649 112.86048889160156
650 114.58354949951172
651 207.19808959960938
652 108.12208557128906
653 164.9830780029297
654 146.89093017578125
655 188.6751708984375
656 110.70667266845703
657 187.3828582763672
658 74.52239227294922
659 117.16815185546875
660 94.33760070800781
661 115.01431274414063
662 160.24468994140625
663 138.70639038085938
664 88.30686950683594
665 127.93727111816406
666 157.22930908203125
667 207.19805908203125
668 190.82899475097656
669 230.0286407470703
670 214.95184326171875
671 145.16787719726563
672 148.18324279785156
673 129.22955322265625
674 152.92164611816406
675 112.42972564697266
676 98.64524841308594
677 174.02914428710938
678 115.01432037353516
679 171.8753204345703
680 101.66059875488281
681 226.1517333984375
682 156.79852294921875
683 91.32223510742188
684 192.12130737304688
685 165.41383361816406
686 103.81441497802734
687 137.84486389160156
688 143.0140380859375
689 186.95208740234375
690 131.38339233398438
691 138.275634765625
692 105.9682388305664
693 130.95262145996094
694 174.45993041992188
695 160.67544555664063
696 180.92138671875
697 194.2751007080078
698 132.67568969726563
699 162.39849853515625
700 146.0294189453125
701 119.75272369384766
702 149.90628051757813
703 135.69105529785156
704 139.1371612548828
705 62.03019714355469
706 96.0606460571289
707 148.18324279785156
708 249.4130859375
709 269.2282409667969
710 102.09135437011719
711 137.4141082763672
712 142.15252685546875
713 137.4141082763672
714 155.93701171875
715 80.55308532714844
716 228.30557250976563
717 192.12130737304688
718 148.61399841308594
719 217.10565185546875
720 111.99895477294922
721 155.5062255859375
722 92.18376159667969
723 143.87559509277344
724 182.2136993408203
725 149.04478454589844
726 72.3685531616211
727 126.64498138427734
728 118.89120483398438
729 148.18325805664063
730 144.73712158203125
731 212.36724853515625
732 129.2295684814453
733 161.53695678710938
734 142.1525115966797
735 152.06011962890625
736 190.82901000976563
737 134.3987579345703
738 154.6447296142578
739 148.614013671875
740 114.15279388427734
741 111.99894714355469
742 147.7524871826172
743 221.41331481933594
744 118.02967834472656
745 153.35240173339844
746 185.6597900390625
747 170.15228271484375
748 230.89015197753906
749 96.0606460571289
750 149.04476928710938
751 135.6910400390625
752 150.767822265625
753 188.24441528320313
754 144.3063507080078
755 128.36802673339844
756 192.55206298828125
757 124.06037902832031
758 181.78292846679688
759 194.70587158203125
760 190.39820861816406
761 111.13744354248047
762 199.87503051757813
763 198.15199279785156
764 136.98333740234375
765 183.50596618652344
766 108.98360443115234
767 182.6444549560547
768 150.3370819091797
769 132.67568969726563
770 205.04421997070313
771 187.8136444091797
772 144.7371063232422
773 144.73712158203125
774 142.15252685546875
775 149.04476928710938
776 174.02914428710938
777 184.3675079345703
778 217.5364532470703
779 147.75247192382813
780 134.39874267578125
781 187.38287353515625
782 191.259765625
783 71.07625579833984
784 119.32196807861328
785 150.767822265625
786 184.7982940673828
787 126.64497375488281
788 168.42919921875
789 149.47555541992188
790 187.3828582763672
791 109.41437530517578
792 209.78265380859375
793 177.47528076171875
794 189.1059112548828
795 177.9060516357422
796 98.2144775390625
797 158.952392578125
798 210.64419555664063
799 149.9062957763672
800 135.26026916503906
801 82.70692443847656
802 195.99819946289063
803 139.5679473876953
804 202.0288848876953
805 201.59811401367188
806 169.2907257080078
807 105.10671997070313
808 155.07550048828125
809 157.2293243408203
810 147.32171630859375
811 182.64447021484375
812 89.59917449951172
813 90.02992248535156
814 114.58354187011719
815 199.01353454589844
816 129.2295684814453
817 168.85997009277344
818 188.244384765625
819 194.70590209960938
820 217.53646850585938
821 148.1832275390625
822 218.82872009277344
823 103.38365936279297
824 172.30609130859375
825 189.5366973876953
826 96.06063842773438
827 87.01457214355469
828 197.29046630859375
829 153.783203125
830 218.39794921875
831 114.15278625488281
832 103.81442260742188
833 73.23008728027344
834 212.7980194091797
835 119.75272369384766
836 138.70639038085938
837 205.90577697753906
838 153.78318786621094
839 95.19911193847656
840 159.81390380859375
841 160.2446746826172
842 234.76705932617188
843 202.89041137695313
844 148.18324279785156
845 100.36829376220703
846 115.8758544921875
847 192.1212921142578
848 188.6751708984375
849 198.58277893066406
850 209.78271484375
851 135.69107055664063
852 113.7220230102539
853 238.6439208984375
854 154.2139434814453
855 167.99844360351563
856 201.16737365722656
857 91.32223510742188
858 93.4760513305664
859 163.26002502441406
860 199.44430541992188
861 161.5369415283203
862 153.35244750976563
863 154.6446990966797
864 161.53695678710938
865 160.2446746826172
866 197.29049682617188
867 204.61346435546875
868 160.2446746826172
869 151.62936401367188
870 114.58353424072266
871 109.41436004638672
872 104.24518585205078
873 144.30636596679688
874 194.27513122558594
875 171.44456481933594
876 138.70640563964844
877 114.15277862548828
878 184.7982940673828
879 130.0911102294922
880 133.53721618652344
881 139.13717651367188
882 141.29098510742188
883 196.85968017578125
884 221.41334533691406
885 125.78343200683594
886 98.2144775390625
887 120.18348693847656
888 171.44456481933594
889 69.78396606445313
890 142.58328247070313
891 99.07599639892578
892 146.8909454345703
893 181.3521728515625
894 187.81362915039063
895 92.6145248413086
896 186.09059143066406
897 175.7522430419922
898 155.0754852294922
899 127.93726348876953
900 174.8907012939453
901 141.72177124023438
902 90.8914566040039
903 187.81365966796875
904 120.1834945678711
905 142.15252685546875
906 149.04476928710938
907 160.24465942382813
908 91.32222747802734
909 161.10621643066406
910 157.2293243408203
911 136.9833526611328
912 177.0445098876953
913 75.38391876220703
914 107.26054382324219
915 155.50628662109375
916 135.26028442382813
917 171.0137939453125
918 200.3058319091797
919 180.4906463623047
920 121.4758071899414
921 198.582763671875
922 137.84487915039063
923 98.64525604248047
924 154.64471435546875
925 130.95263671875
926 128.36805725097656
927 122.33731079101563
928 147.75247192382813
929 79.26080322265625
930 78.3992691040039
931 228.73629760742188
932 217.96722412109375
933 115.44507598876953
934 87.4453353881836
935 199.87509155273438
936 178.33682250976563
937 181.35215759277344
938 111.99896240234375
939 139.9987030029297
940 173.598388671875
941 99.07599639892578
942 151.6293487548828
943 124.92192840576172
944 230.4593963623047
945 136.55258178710938
946 208.05960083007813
947 171.01377868652344
948 91.32222747802734
949 114.15278625488281
950 96.06065368652344
951 111.99896240234375
952 139.56793212890625
953 133.5372314453125
954 164.12155151367188
955 75.81468200683594
956 177.04449462890625
957 244.67465209960938
958 146.46018981933594
959 150.76783752441406
960 204.6134796142578
961 223.56715393066406
962 128.36802673339844
963 141.72174072265625
964 142.58328247070313
965 117.16813659667969
966 125.7834701538086
967 136.98333740234375
968 132.67568969726563
969 163.26002502441406
970 141.7217559814453
971 189.5366973876953
972 113.72201538085938
973 180.4906005859375
974 111.56818389892578
975 235.19781494140625
976 272.24365234375
977 138.275634765625
978 252.4283905029297
979 175.32147216796875
980 149.04476928710938
981 161.106201171875
982 198.58277893066406
983 104.24518585205078
984 246.39772033691406
985 138.275634765625
986 155.93699645996094
987 113.29125213623047
988 77.10697937011719
989 195.99818420410156
990 225.72097778320313
991 148.1832275390625
992 262.33599853515625
993 125.78343200683594
994 168.8599853515625
995 121.04503631591797
996 153.78318786621094
997 105.9682388305664
998 133.5372314453125
999 186.95213317871094
1000 167.56768798828125
1001 169.29074096679688
1002 169.29074096679688
