# Selection 1:name C1A D2A C3A C4A C1B C2B C3B C4B Selection 2:name AUC AUSL AUL Cutoff:8 Start:0 End:-1
0 3
1 2
2 41
3 39
4 41
5 42
6 43
7 47
8 41
9 43
10 35
11 38
12 37
13 37
14 41
15 38
16 40
17 38
18 32
19 35
20 32
21 34
22 41
23 46
24 40
25 41
26 36
27 35
28 37
29 37
30 32
31 41
32 42
33 40
34 44
35 42
36 40
37 36
38 40
39 40
40 45
41 34
42 38
43 40
44 40
45 36
46 38
47 51
48 39
49 29
50 32
51 48
52 42
53 44
54 38
55 42
56 39
57 39
58 42
59 36
60 35
61 30
62 37
63 37
64 45
65 43
66 41
67 49
68 42
69 40
70 35
71 47
72 45
73 31
74 33
75 38
76 42
77 37
78 40
79 41
80 37
81 40
82 44
83 35
84 46
85 41
86 48
87 42
88 36
89 33
90 39
91 45
92 33
93 25
94 39
95 41
96 42
97 44
98 36
99 42
100 42
101 42
102 37
103 40
104 33
105 43
106 34
107 41
108 43
109 34
110 29
111 36
112 36
113 45
114 36
115 38
116 34
117 29
118 43
119 47
120 34
121 40
122 45
123 43
124 36
125 34
126 38
127 35
128 46
129 37
130 35
131 38
132 48
133 38
134 34
135 40
136 41
137 39
138 41
139 36
140 41
141 42
142 43
143 46
144 34
145 36
146 38
147 43
148 40
149 38
150 37
151 34
152 33
153 38
154 42
155 35
156 39
157 33
158 35
159 47
160 38
161 39
162 37
163 40
164 38
165 34
166 42
167 37
168 38
169 43
170 32
171 38
172 37
173 34
174 35
175 49
176 43
177 37
178 29
179 37
180 43
181 39
182 32
183 41
184 43
185 39
186 38
187 46
188 40
189 40
190 35
191 37
192 42
193 33
194 39
195 38
196 35
197 36
198 41
199 38
200 39
201 36
202 39
203 38
204 35
205 33
206 32
207 50
208 48
209 40
210 39
211 46
212 41
213 26
214 38
215 39
216 31
217 48
218 37
219 50
220 36
221 35
222 38
223 40
224 35
225 45
226 40
227 31
228 37
229 45
230 37
231 43
232 34
233 33
234 40
235 38
236 40
237 45
238 34
239 38
240 37
241 44
242 39
243 42
244 35
245 38
246 44
247 40
248 44
249 44
250 35
251 40
252 41
253 36
254 51
255 41
256 41
257 41
258 40
259 36
260 36
261 40
262 39
263 43
264 38
265 45
266 39
267 42
268 37
269 42
270 32
271 31
272 40
273 38
274 37
275 37
276 29
277 38
278 35
279 36
280 33
281 38
282 40
283 47
284 33
285 39
286 38
287 41
288 41
289 32
290 43
291 37
292 42
293 41
294 43
295 39
296 34
297 35
298 38
299 42
300 43
301 38
302 38
303 43
304 27
305 41
306 37
307 37
308 33
309 35
310 34
311 42
312 33
313 34
314 35
315 27
316 35
317 41
318 37
319 36
320 44
321 40
322 38
323 41
324 38
325 45
326 41
327 35
328 42
329 29
330 38
331 45
332 50
333 43
334 39
335 40
336 41
337 46
338 45
339 34
340 34
341 43
342 41
343 45
344 43
345 38
346 44
347 39
348 39
349 41
350 40
351 45
352 34
353 38
354 39
355 34
356 29
357 41
358 38
359 35
360 44
361 32
362 46
363 36
364 33
365 41
366 42
367 35
368 36
369 37
370 45
371 34
372 41
373 47
374 42
375 34
376 41
377 32
378 34
379 42
380 38
381 41
382 26
383 37
384 31
385 36
386 33
387 40
388 46
389 39
390 27
391 35
392 35
393 32
394 49
395 44
396 38
397 52
398 41
399 45
400 50
401 43
402 41
403 47
404 41
405 31
406 42
407 37
408 44
409 36
410 43
411 35
412 34
413 35
414 31
415 41
416 36
417 42
418 36
419 46
420 40
421 35
422 35
423 43
424 30
425 35
426 41
427 45
428 45
429 39
430 30
431 33
432 38
433 29
434 33
435 35
436 34
437 38
438 32
439 33
440 44
441 39
442 44
443 36
444 43
445 33
446 31
447 39
448 41
449 43
450 39
451 48
452 39
453 36
454 45
455 35
456 48
457 43
458 37
459 42
460 33
461 42
462 34
463 39
464 31
465 43
466 33
467 44
468 35
469 45
470 39
471 33
472 33
473 42
474 45
475 43
476 41
477 49
478 36
479 33
480 47
481 36
482 32
483 38
484 36
485 40
486 41
487 42
488 41
489 42
490 41
491 47
492 47
493 39
494 45
495 35
496 41
497 39
498 37
499 38
500 34
501 45
502 36
503 38
504 46
505 46
506 45
507 34
508 33
509 32
510 43
511 41
512 28
513 39
514 39
515 39
516 46
517 42
518 34
519 41
520 47
521 45
522 33
523 42
524 45
525 36
526 31
527 27
528 42
529 38
530 38
531 40
532 40
533 38
534 47
535 40
536 39
537 39
538 39
539 41
540 38
541 38
542 41
543 43
544 42
545 45
546 36
547 35
548 39
549 35
550 49
551 38
552 41
553 40
554 35
555 44
556 26
557 41
558 36
559 46
560 30
561 41
562 41
563 37
564 43
565 36
566 38
567 38
568 36
569 48
570 42
571 28
572 37
573 40
574 40
575 44
576 35
577 35
578 39
579 42
580 33
581 40
582 34
583 42
584 38
585 36
586 40
587 33
588 32
589 46
590 44
591 40
592 37
593 31
594 41
595 43
596 40
597 38
598 34
599 37
600 38
601 37
602 39
603 45
604 34
605 39
606 32
607 35
608 40
609 46
610 40
611 37
612 34
613 40
614 40
615 43
616 37
617 44
618 44
619 45
620 38
621 42
622 34
623 40
624 39
625 42
626 41
627 38
628 37
629 37
630 43
631 42
632 42
633 40
634 35
635 33
636 40
637 30
638 38
639 39
640 38
641 41
642 48
643 35
644 42
645 37
646 30
647 35
648 43
649 33
650 41
651 40
652 30
653 41
654 35
655 46
656 37
657 42
658 29
659 40
660 34
661 37
662 45
663 40
664 32
665 37
666 41
667 42
668 39
669 43
670 40
671 35
672 33
673 32
674 35
675 38
676 34
677 40
678 39
679 36
680 34
681 41
682 37
683 33
684 39
685 33
686 34
687 43
688 43
689 35
690 35
691 34
692 43
693 32
694 43
695 45
696 49
697 41
698 44
699 46
700 35
701 38
702 38
703 33
704 35
705 32
706 39
707 38
708 51
709 46
710 30
711 32
712 37
713 44
714 37
715 28
716 48
717 45
718 29
719 45
720 35
721 37
722 31
723 40
724 38
725 40
726 33
727 32
728 41
729 39
730 35
731 49
732 36
733 39
734 37
735 34
736 41
737 32
738 34
739 37
740 25
741 36
742 39
743 49
744 34
745 33
746 40
747 41
748 45
749 38
750 36
751 37
752 39
753 42
754 35
755 37
756 44
757 35
758 43
759 42
760 42
761 38
762 40
763 44
764 41
765 41
766 39
767 41
768 37
769 39
770 45
771 38
772 45
773 36
774 34
775 34
776 35
777 41
778 42
779 36
780 39
781 47
782 39
783 34
784 39
785 37
786 41
787 37
788 38
789 43
790 40
791 38
792 41
793 39
794 44
795 41
796 33
797 37
798 44
799 37
800 34
801 32
802 39
803 40
804 48
805 37
806 39
807 35
808 44
809 41
810 35
811 41
812 29
813 34
814 32
815 44
816 34
817 42
818 35
819 44
820 42
821 41
822 40
823 33
824 41
825 44
826 31
827 39
828 39
829 36
830 41
831 36
832 38
833 39
834 48
835 44
836 38
837 46
838 36
839 36
840 35
841 35
842 47
843 39
844 36
845 29
846 37
847 45
848 45
849 38
850 37
851 42
852 34
853 48
854 43
855 37
856 47
857 28
858 35
859 42
860 42
861 36
862 45
863 38
864 42
865 44
866 42
867 49
868 40
869 44
870 38
871 32
872 36
873 43
874 39
875 39
876 38
877 35
878 38
879 36
880 37
881 39
882 36
883 44
884 45
885 39
886 30
887 34
888 40
889 34
890 28
891 34
892 30
893 40
894 45
895 36
896 39
897 41
898 37
899 33
900 45
901 36
902 38
903 42
904 38
905 32
906 37
907 45
908 37
909 35
910 42
911 40
912 44
913 28
914 36
915 42
916 41
917 36
918 42
919 37
920 43
921 45
922 44
923 36
924 36
925 40
926 36
927 32
928 41
929 31
930 29
931 49
932 46
933 29
934 30
935 39
936 43
937 49
938 32
939 37
940 35
941 38
942 35
943 40
944 41
945 37
946 42
947 40
948 35
949 37
950 33
951 36
952 39
953 36
954 40
955 36
956 36
957 46
958 41
959 43
960 39
961 44
962 37
963 45
964 36
965 42
966 40
967 41
968 32
969 43
970 33
971 40
972 34
973 38
974 36
975 47
976 48
977 42
978 40
979 45
980 44
981 43
982 33
983 33
984 45
985 31
986 38
987 43
988 32
989 42
990 45
991 39
992 46
993 36
994 36
995 36
996 43
997 30
998 37
999 40
1000 40
1001 47
1002 47
