# Selection:resname AU POPC Restricted:name AUC AUL AUSL Radius:2.64 Start:0 End:-1
0 111.56820678710938
1 110.70667266845703
2 0.0
3 0.0
4 2.1538259983062744
5 0.8615304231643677
6 0.0
7 0.0
8 0.43076521158218384
9 0.43076521158218384
10 0.0
11 0.0
12 0.0
13 0.0
14 0.43076521158218384
15 0.43076521158218384
16 0.0
17 4.307652473449707
18 0.0
19 1.7230608463287354
20 5.169182777404785
21 0.0
22 0.0
23 0.0
24 0.0
25 2.1538259983062744
26 0.8615304231643677
27 2.5845913887023926
28 0.43076521158218384
29 0.0
30 0.0
31 0.0
32 1.2922956943511963
33 2.1538259983062744
34 0.0
35 0.8615304231643677
36 0.43076521158218384
37 6.030713081359863
38 0.43076521158218384
39 0.0
40 0.0
41 1.2922956943511963
42 2.5845911502838135
43 0.43076521158218384
44 0.0
45 0.0
46 0.0
47 0.8615304231643677
48 0.43076521158218384
49 0.0
50 0.0
51 3.8768868446350098
52 0.8615304231643677
53 0.8615304231643677
54 2.5845911502838135
55 0.8615304231643677
56 0.0
57 0.0
58 0.0
59 0.0
60 9.046069145202637
61 0.43076521158218384
62 0.0
63 0.43076521158218384
64 1.2922956943511963
65 2.1538259983062744
66 3.0153565406799316
67 3.0153565406799316
68 0.8615304231643677
69 1.2922956943511963
70 0.43076521158218384
71 0.0
72 0.0
73 0.0
74 0.43076521158218384
75 0.0
76 0.43076521158218384
77 0.8615304231643677
78 1.2922956943511963
79 0.0
80 2.1538262367248535
81 0.43076521158218384
82 0.0
83 0.0
84 0.0
85 0.0
86 2.5845913887023926
87 0.0
88 0.8615304231643677
89 0.0
90 0.43076521158218384
91 3.8768868446350098
92 2.1538259983062744
93 0.0
94 0.43076521158218384
95 0.0
96 3.4461216926574707
97 9.907599449157715
98 0.0
99 0.0
100 3.4461216926574707
101 0.0
102 1.7230608463287354
103 0.0
104 0.43076521158218384
105 0.8615304231643677
106 0.43076521158218384
107 0.0
108 0.43076521158218384
109 0.0
110 0.0
111 0.8615304231643677
112 0.0
113 0.0
114 0.0
115 0.8615304231643677
116 13.784486770629883
117 0.0
118 0.43076521158218384
119 0.0
120 0.0
121 0.0
122 0.43076521158218384
123 0.0
124 0.0
125 0.0
126 0.0
127 0.8615304231643677
128 0.0
129 0.0
130 0.0
131 0.0
132 2.1538262367248535
133 0.0
134 0.0
135 0.43076521158218384
136 0.0
137 0.0
138 0.0
139 0.0
140 2.1538262367248535
141 6.030713081359863
142 0.8615304231643677
143 0.0
144 0.0
145 0.0
146 0.0
147 0.43076521158218384
148 0.0
149 0.0
150 0.0
151 0.0
152 0.43076521158218384
153 0.0
154 0.8615304231643677
155 0.0
156 0.0
157 24.12285041809082
158 4.307652473449707
159 7.3230085372924805
160 0.0
161 0.0
162 1.7230608463287354
163 7.7537736892700195
164 0.0
165 0.43076521158218384
166 0.8615304231643677
167 0.8615304231643677
168 1.2922956943511963
169 0.0
170 0.0
171 0.0
172 1.2922956943511963
173 0.0
174 9.476835250854492
175 0.0
176 1.2922956943511963
177 4.738417148590088
178 1.7230608463287354
179 0.43076521158218384
180 3.8768868446350098
181 2.1538259983062744
182 0.0
183 0.43076521158218384
184 0.8615304231643677
185 0.8615304231643677
186 0.43076521158218384
187 0.0
188 1.7230608463287354
189 4.307652473449707
190 0.0
191 0.43076521158218384
192 0.0
193 0.0
194 0.0
195 0.0
196 8.184538841247559
197 1.7230608463287354
198 0.0
199 11.199895858764648
200 0.0
201 1.7230608463287354
202 0.0
203 0.0
204 0.0
205 1.7230608463287354
206 1.2922956943511963
207 0.0
208 1.7230608463287354
209 0.0
210 0.0
211 1.2922956943511963
212 0.8615304231643677
213 1.7230608463287354
214 0.8615304231643677
215 0.0
216 7.7537736892700195
217 0.0
218 0.43076521158218384
219 0.0
220 0.0
221 0.0
222 0.43076521158218384
223 0.0
224 0.0
225 0.8615304231643677
226 0.8615304231643677
227 0.0
228 0.0
229 0.0
230 0.0
231 0.43076521158218384
232 0.0
233 0.0
234 0.0
235 0.0
236 0.0
237 0.0
238 0.0
239 1.2922956943511963
240 0.43076521158218384
241 0.0
242 0.0
243 0.0
244 1.2922956943511963
245 0.0
246 0.0
247 0.0
248 0.0
249 0.8615304231643677
250 0.0
251 0.43076521158218384
252 0.0
253 0.8615304231643677
254 1.2922956943511963
255 7.753774166107178
256 0.8615304231643677
257 0.8615304231643677
258 0.0
259 2.1538262367248535
260 0.0
261 0.0
262 1.7230608463287354
263 6.461478233337402
264 5.599947929382324
265 9.046069145202637
266 10.33836555480957
267 2.1538259983062744
268 0.0
269 0.0
270 0.0
271 0.43076521158218384
272 0.0
273 0.0
274 0.0
275 2.5845913887023926
276 0.0
277 0.0
278 0.43076521158218384
279 0.0
280 0.0
281 0.0
282 0.8615304231643677
283 1.7230608463287354
284 0.8615304231643677
285 0.8615304231643677
286 0.43076521158218384
287 0.0
288 0.43076521158218384
289 0.0
290 1.2922956943511963
291 0.0
292 8.615303993225098
293 7.3230085372924805
294 0.0
295 0.8615304231643677
296 0.0
297 0.0
298 0.0
299 0.0
300 0.43076521158218384
301 0.0
302 0.8615304231643677
303 0.43076521158218384
304 0.0
305 0.43076521158218384
306 0.43076521158218384
307 0.0
308 0.0
309 1.2922956943511963
310 3.8768868446350098
311 0.0
312 0.43076521158218384
313 0.0
314 0.43076521158218384
315 0.0
316 0.8615304231643677
317 2.5845913887023926
318 0.8615304231643677
319 0.0
320 5.169182777404785
321 0.0
322 0.0
323 0.0
324 0.43076521158218384
325 1.2922956943511963
326 0.0
327 0.0
328 0.0
329 1.2922956943511963
330 0.0
331 0.0
332 3.4461216926574707
333 0.0
334 3.4461216926574707
335 0.0
336 0.0
337 0.0
338 0.43076521158218384
339 1.2922956943511963
340 0.0
341 0.8615304231643677
342 2.1538262367248535
343 0.8615304231643677
344 0.0
345 0.0
346 0.43076521158218384
347 0.43076521158218384
348 2.5845911502838135
349 0.8615304231643677
350 0.43076521158218384
351 0.0
352 2.1538262367248535
353 0.0
354 1.7230608463287354
355 0.43076521158218384
356 1.2922956943511963
357 0.0
358 0.43076521158218384
359 2.5845913887023926
360 0.0
361 0.0
362 13.784486770629883
363 0.0
364 0.0
365 0.43076521158218384
366 0.0
367 0.0
368 0.0
369 0.0
370 0.0
371 0.0
372 4.738417148590088
373 0.0
374 0.43076521158218384
375 3.4461216926574707
376 0.0
377 0.0
378 0.43076521158218384
379 0.43076521158218384
380 0.0
381 0.8615304231643677
382 0.0
383 1.7230608463287354
384 0.0
385 0.0
386 0.0
387 2.1538259983062744
388 0.0
389 0.0
390 0.43076521158218384
391 1.7230608463287354
392 3.0153565406799316
393 0.0
394 0.0
395 1.2922956943511963
396 0.0
397 0.0
398 1.2922956943511963
399 0.0
400 1.7230608463287354
401 0.0
402 0.43076521158218384
403 0.0
404 0.0
405 0.0
406 0.0
407 0.43076521158218384
408 0.8615304231643677
409 0.0
410 0.0
411 14.646017074584961
412 3.0153565406799316
413 0.0
414 1.2922956943511963
415 0.0
416 0.0
417 0.0
418 0.0
419 2.1538259983062744
420 4.738417148590088
421 0.43076521158218384
422 1.7230608463287354
423 0.43076521158218384
424 0.0
425 0.0
426 0.43076521158218384
427 0.0
428 0.43076521158218384
429 0.0
430 4.307652473449707
431 0.0
432 1.7230608463287354
433 0.0
434 0.0
435 0.8615304231643677
436 0.8615304231643677
437 0.0
438 0.0
439 2.5845913887023926
440 0.0
441 2.1538262367248535
442 0.0
443 3.0153565406799316
444 0.43076521158218384
445 0.0
446 2.1538259983062744
447 0.0
448 0.43076521158218384
449 4.738417148590088
450 0.0
451 0.0
452 0.0
453 0.43076521158218384
454 0.0
455 1.7230608463287354
456 0.0
457 0.0
458 0.0
459 0.0
460 4.307652473449707
461 0.0
462 0.0
463 0.0
464 0.8615304231643677
465 0.0
466 0.0
467 0.0
468 6.892243385314941
469 0.0
470 0.0
471 0.43076521158218384
472 0.0
473 0.0
474 0.0
475 1.2922956943511963
476 0.0
477 0.43076521158218384
478 0.8615304231643677
479 0.43076521158218384
480 0.0
481 2.5845911502838135
482 1.2922956943511963
483 0.43076521158218384
484 1.7230608463287354
485 2.5845913887023926
486 0.0
487 3.4461216926574707
488 0.0
489 0.0
490 1.2922956943511963
491 0.0
492 2.1538262367248535
493 0.0
494 1.7230608463287354
495 0.0
496 0.0
497 0.0
498 0.8615304231643677
499 0.0
500 0.43076521158218384
501 0.43076521158218384
502 0.0
503 1.2922956943511963
504 0.0
505 0.0
506 3.8768868446350098
507 0.0
508 0.0
509 0.43076521158218384
510 0.0
511 5.599947929382324
512 1.2922956943511963
513 0.0
514 0.0
515 0.0
516 0.0
517 1.2922956943511963
518 6.892243385314941
519 0.0
520 0.43076521158218384
521 0.0
522 16.799842834472656
523 10.33836555480957
524 0.0
525 0.0
526 8.615303993225098
527 0.43076521158218384
528 0.0
529 4.738417625427246
530 0.0
531 0.0
532 0.0
533 2.1538259983062744
534 0.0
535 0.43076521158218384
536 5.169182777404785
537 0.0
538 0.0
539 1.2922956943511963
540 0.0
541 0.0
542 3.4461216926574707
543 0.0
544 9.046070098876953
545 4.738417148590088
546 3.4461216926574707
547 0.0
548 0.0
549 0.0
550 0.0
551 0.0
552 0.0
553 2.1538259983062744
554 0.0
555 2.1538259983062744
556 5.599947452545166
557 5.599947929382324
558 0.0
559 0.43076521158218384
560 6.461478233337402
561 0.0
562 0.0
563 1.2922956943511963
564 0.8615304231643677
565 0.43076521158218384
566 0.0
567 0.0
568 3.4461216926574707
569 5.169182300567627
570 2.1538259983062744
571 0.0
572 3.4461216926574707
573 0.0
574 0.0
575 1.7230608463287354
576 0.0
577 0.0
578 1.7230608463287354
579 0.0
580 0.0
581 0.43076521158218384
582 1.7230608463287354
583 0.8615304231643677
584 0.0
585 0.0
586 0.0
587 0.0
588 0.43076521158218384
589 3.8768868446350098
590 0.43076521158218384
591 3.0153565406799316
592 0.0
593 0.43076521158218384
594 1.7230608463287354
595 0.0
596 0.0
597 0.43076521158218384
598 0.8615304231643677
599 0.0
600 5.599947929382324
601 0.8615304231643677
602 0.0
603 0.0
604 2.1538259983062744
605 0.0
606 0.0
607 0.43076521158218384
608 0.43076521158218384
609 0.0
610 0.0
611 0.0
612 0.8615304231643677
613 2.5845911502838135
614 6.892243385314941
615 0.43076521158218384
616 1.2922956943511963
617 0.0
618 2.1538259983062744
619 0.0
620 0.0
621 0.0
622 0.8615304231643677
623 7.3230085372924805
624 0.0
625 0.0
626 1.2922956943511963
627 4.738417148590088
628 0.0
629 1.2922956943511963
630 0.0
631 0.0
632 8.615304946899414
633 0.0
634 0.0
635 0.0
636 0.43076521158218384
637 2.5845911502838135
638 0.0
639 0.43076521158218384
640 0.0
641 3.4461216926574707
642 3.0153565406799316
643 0.0
644 0.8615304231643677
645 0.43076521158218384
646 0.0
647 0.0
648 0.0
649 1.7230608463287354
650 5.169182777404785
651 3.0153565406799316
652 0.43076521158218384
653 11.199895858764648
654 9.907600402832031
655 0.0
656 0.0
657 0.0
658 8.184538841247559
659 11.630661010742188
660 0.43076521158218384
661 0.0
662 3.8768868446350098
663 0.0
664 0.8615304231643677
665 0.0
666 0.0
667 1.2922956943511963
668 0.0
669 0.0
670 0.0
671 0.0
672 0.0
673 0.0
674 0.0
675 0.0
676 0.43076521158218384
677 0.0
678 0.0
679 3.0153565406799316
680 12.492191314697266
681 15.938312530517578
682 0.0
683 12.061426162719727
684 0.0
685 0.8615304231643677
686 0.0
687 0.8615304231643677
688 0.0
689 0.0
690 1.2922956943511963
691 0.0
692 0.0
693 0.0
694 1.2922956943511963
695 0.0
696 0.0
697 0.0
698 0.0
699 0.0
700 0.0
701 9.046069145202637
702 9.046069145202637
703 8.184538841247559
704 9.476834297180176
705 8.615303993225098
706 0.0
707 0.0
708 0.0
709 0.8615304231643677
710 1.2922956943511963
711 0.0
712 0.8615304231643677
713 0.0
714 0.0
715 0.0
716 0.8615304231643677
717 0.43076521158218384
718 0.0
719 0.0
720 0.43076521158218384
721 0.0
722 0.0
723 0.8615304231643677
724 0.0
725 0.8615304231643677
726 0.8615304231643677
727 0.0
728 0.8615304231643677
729 0.0
730 4.307651996612549
731 4.307651996612549
732 17.661373138427734
733 0.0
734 3.4461216926574707
735 0.8615304231643677
736 0.0
737 0.0
738 0.0
739 0.0
740 0.8615304231643677
741 0.0
742 0.0
743 0.0
744 0.8615304231643677
745 0.0
746 1.7230608463287354
747 0.0
748 3.876887083053589
749 0.0
750 0.0
751 2.5845911502838135
752 0.43076521158218384
753 3.0153565406799316
754 0.0
755 0.0
756 0.0
757 0.0
758 0.0
759 0.0
760 1.7230608463287354
761 0.0
762 0.0
763 0.0
764 2.1538259983062744
765 0.0
766 1.7230608463287354
767 0.0
768 0.0
769 2.5845911502838135
770 4.307651996612549
771 0.0
772 0.0
773 0.0
774 0.0
775 0.0
776 0.0
777 0.0
778 0.0
779 0.0
780 0.0
781 0.43076521158218384
782 0.0
783 0.0
784 3.8768868446350098
785 6.461478233337402
786 9.907600402832031
787 0.0
788 6.461478233337402
789 0.0
790 2.1538259983062744
791 0.0
792 0.0
793 0.0
794 0.8615304231643677
795 0.43076521158218384
796 0.0
797 2.1538262367248535
798 2.5845913887023926
799 0.0
800 0.8615304231643677
801 0.0
802 0.43076521158218384
803 0.0
804 0.0
805 0.8615304231643677
806 0.0
807 0.0
808 0.0
809 0.0
810 6.461478233337402
811 0.8615304231643677
812 6.461478233337402
813 4.307651996612549
814 0.43076521158218384
815 0.0
816 0.0
817 0.0
818 0.0
819 0.0
820 0.43076521158218384
821 0.43076521158218384
822 0.0
823 2.1538259983062744
824 3.0153565406799316
825 0.0
826 0.0
827 0.0
828 0.0
829 0.43076521158218384
830 0.0
831 0.0
832 0.43076521158218384
833 3.4461216926574707
834 0.0
835 0.0
836 0.0
837 0.0
838 0.0
839 0.8615304231643677
840 0.0
841 0.0
842 1.2922956943511963
843 2.1538262367248535
844 0.0
845 4.307652473449707
846 0.0
847 0.0
848 0.0
849 0.0
850 14.646017074584961
851 0.0
852 0.0
853 0.0
854 0.8615304231643677
855 0.43076521158218384
856 0.43076521158218384
857 1.2922956943511963
858 0.8615304231643677
859 0.0
860 0.0
861 0.0
862 1.2922956943511963
863 0.0
864 2.5845913887023926
865 0.0
866 0.0
867 0.0
868 10.76913070678711
869 1.2922956943511963
870 0.0
871 0.8615304231643677
872 0.0
873 1.2922956943511963
874 0.0
875 0.0
876 2.1538259983062744
877 1.7230608463287354
878 0.0
879 0.0
880 1.2922956943511963
881 0.0
882 1.7230608463287354
883 4.738417625427246
884 0.0
885 0.0
886 0.0
887 0.43076521158218384
888 0.43076521158218384
889 0.8615304231643677
890 0.0
891 3.0153565406799316
892 1.2922956943511963
893 0.8615304231643677
894 0.8615304231643677
895 0.0
896 0.0
897 1.2922956943511963
898 0.0
899 0.0
900 1.2922956943511963
901 0.0
902 0.0
903 1.7230608463287354
904 0.0
905 0.0
906 0.43076521158218384
907 1.7230608463287354
908 0.0
909 0.0
910 0.0
911 2.1538262367248535
912 0.0
913 0.8615304231643677
914 1.2922956943511963
915 8.615304946899414
916 1.2922956943511963
917 1.7230608463287354
918 0.0
919 0.0
920 0.0
921 0.0
922 0.0
923 3.0153565406799316
924 4.307651996612549
925 0.0
926 2.5845913887023926
927 1.2922956943511963
928 0.0
929 0.0
930 0.0
931 0.0
932 0.43076521158218384
933 0.0
934 0.8615304231643677
935 0.43076521158218384
936 0.0
937 1.7230608463287354
938 0.8615304231643677
939 0.43076521158218384
940 0.0
941 0.43076521158218384
942 0.0
943 0.0
944 2.1538259983062744
945 0.0
946 0.43076521158218384
947 0.0
948 1.7230608463287354
949 0.0
950 1.2922956943511963
951 0.0
952 0.8615304231643677
953 0.0
954 0.0
955 0.0
956 0.8615304231643677
957 0.0
958 0.0
959 8.615303993225098
960 3.0153565406799316
961 0.0
962 0.43076521158218384
963 0.0
964 0.0
965 0.0
966 0.0
967 0.0
968 0.0
969 0.43076521158218384
970 0.0
971 6.892243385314941
972 0.0
973 5.599947929382324
974 3.4461216926574707
975 0.0
976 0.8615304231643677
977 3.0153565406799316
978 3.4461216926574707
979 0.0
980 0.0
981 0.0
982 0.0
983 0.0
984 0.0
985 2.5845913887023926
986 2.1538259983062744
987 0.0
988 0.0
989 0.0
990 3.0153563022613525
991 0.0
992 0.0
993 16.799842834472656
994 0.43076521158218384
995 0.0
996 0.43076521158218384
997 0.8615304231643677
998 0.0
999 2.1538259983062744
1000 0.43076521158218384
1001 1.2922956943511963
1002 1.2922956943511963
