# Selection:resname AU W ION Restricted:name AUC AUL AUSL Radius:2.64 Start:0 End:-1
0 416.1192626953125
1 412.2424011230469
2 28.430503845214844
3 63.75325012207031
4 64.18402099609375
5 63.32249069213867
6 49.96876907348633
7 62.46095275878906
8 38.338104248046875
9 16.799842834472656
10 23.261320114135742
11 29.29203224182129
12 62.46095657348633
13 34.89198303222656
14 42.645755767822266
15 76.24544525146484
16 33.16891860961914
17 44.799583435058594
18 21.969024658203125
19 17.230607986450195
20 33.59968948364258
21 46.95341110229492
22 12.922955513000488
23 18.95366859436035
24 43.50728988647461
25 34.030452728271484
26 49.96876907348633
27 54.27641677856445
28 84.42998504638672
29 75.81468200683594
30 45.2303466796875
31 43.07652282714844
32 64.61478424072266
33 66.33784484863281
34 119.32196044921875
35 29.722797393798828
36 90.02993774414063
37 29.722797393798828
38 62.891719818115234
39 80.12232971191406
40 43.507286071777344
41 58.58407211303711
42 87.87611389160156
43 105.10672760009766
44 55.5687141418457
45 80.12232971191406
46 62.030189514160156
47 19.81519889831543
48 3.8768868446350098
49 60.307132720947266
50 46.52264404296875
51 61.59942626953125
52 32.30738830566406
53 91.32222747802734
54 72.79933166503906
55 87.44534301757813
56 53.84565734863281
57 84.42997741699219
58 55.13795471191406
59 42.645755767822266
60 87.87610626220703
61 85.29151153564453
62 58.15330505371094
63 36.18428039550781
64 37.9073371887207
65 28.86126708984375
66 24.55361557006836
67 47.384178161621094
68 56.86100769042969
69 57.7225456237793
70 11.199895858764648
71 29.292034149169922
72 40.922698974609375
73 34.46121597290039
74 73.66085815429688
75 2.5845913887023926
76 102.95288848876953
77 25.415145874023438
78 97.78370666503906
79 51.26106262207031
80 65.47631072998047
81 31.445859909057617
82 58.58407211303711
83 87.44535827636719
84 65.47632598876953
85 38.76887130737305
86 42.214996337890625
87 107.26053619384766
88 98.64523315429688
89 24.55361557006836
90 87.01457977294922
91 107.69129943847656
92 62.030189514160156
93 74.52238464355469
94 84.86074829101563
95 64.18401336669922
96 65.476318359375
97 65.0455551147461
98 99.07600402832031
99 72.36856842041016
100 49.107234954833984
101 50.3995361328125
102 27.138206481933594
103 65.90708923339844
104 87.4453353881836
105 88.73763275146484
106 70.21472930908203
107 89.16841125488281
108 75.81468200683594
109 59.876365661621094
110 85.72228240966797
111 50.399532318115234
112 42.645755767822266
113 43.07651901245117
114 45.661109924316406
115 37.04581069946289
116 62.460960388183594
117 33.168922424316406
118 50.39952850341797
119 49.107242584228516
120 46.09187698364258
121 65.04554748535156
122 66.76861572265625
123 51.691829681396484
124 55.56871795654297
125 61.59942626953125
126 47.38418197631836
127 20.24596405029297
128 65.04554748535156
129 85.29151916503906
130 36.61504364013672
131 51.26105880737305
132 80.9838638305664
133 38.76886749267578
134 11.630660057067871
135 54.27642059326172
136 35.32274627685547
137 32.738155364990234
138 53.84564971923828
139 48.676475524902344
140 65.90707397460938
141 62.460960388183594
142 65.04554748535156
143 42.645755767822266
144 70.64550018310547
145 61.59942626953125
146 51.69183349609375
147 49.96876525878906
148 81.84539031982422
149 40.0611686706543
150 103.81442260742188
151 69.78397369384766
152 63.32249069213867
153 14.215251922607422
154 84.42997741699219
155 39.630401611328125
156 108.98358917236328
157 59.87636947631836
158 81.41462707519531
159 38.76886749267578
160 43.50728988647461
161 41.353458404541016
162 37.47657775878906
163 102.95289611816406
164 131.81414794921875
165 68.06090545654297
166 91.32222747802734
167 93.4760513305664
168 59.44559860229492
169 103.3836669921875
170 100.79906463623047
171 65.47631072998047
172 89.16840362548828
173 52.98412322998047
174 103.38365936279297
175 64.61479187011719
176 68.92243957519531
177 57.72254943847656
178 87.01457214355469
179 93.90682220458984
180 60.30713653564453
181 45.66111373901367
182 39.63040542602539
183 24.9843807220459
184 49.96876907348633
185 90.0299301147461
186 54.27642059326172
187 47.814937591552734
188 31.445859909057617
189 72.79932403564453
190 47.38418197631836
191 44.799583435058594
192 60.307132720947266
193 81.84539794921875
194 58.584075927734375
195 29.29203224182129
196 71.0762710571289
197 92.18375396728516
198 46.522647857666016
199 83.99921417236328
200 104.24517822265625
201 96.49140930175781
202 52.5533561706543
203 41.78422546386719
204 108.9836196899414
205 84.86074829101563
206 56.86101150512695
207 65.476318359375
208 52.98412322998047
209 52.12259292602539
210 77.53773498535156
211 102.09136199951172
212 100.79906463623047
213 95.62987518310547
214 95.6298828125
215 56.86100769042969
216 96.06063842773438
217 62.03019332885742
218 48.67646789550781
219 38.76886749267578
220 41.35346221923828
221 62.460960388183594
222 46.09188461303711
223 46.95341110229492
224 58.15330505371094
225 50.399532318115234
226 72.79932403564453
227 33.168922424316406
228 6.461478233337402
229 94.33758544921875
230 71.07625579833984
231 55.1379508972168
232 45.2303466796875
233 71.93778991699219
234 39.63040542602539
235 40.4919319152832
236 36.18427658081055
237 9.046069145202637
238 66.76861572265625
239 32.30739212036133
240 33.59968948364258
241 57.291770935058594
242 41.78422546386719
243 35.32274627685547
244 17.230607986450195
245 52.12259292602539
246 45.230350494384766
247 80.98385620117188
248 50.3995361328125
249 50.830299377441406
250 30.153564453125
251 49.96876525878906
252 65.90708923339844
253 59.014835357666016
254 60.307125091552734
255 62.891719818115234
256 41.35346221923828
257 48.67647171020508
258 50.83030319213867
259 65.9070816040039
260 64.61478424072266
261 34.461219787597656
262 47.814937591552734
263 40.4919319152832
264 47.814937591552734
265 51.691829681396484
266 75.3839111328125
267 71.93780517578125
268 53.41489028930664
269 42.21499252319336
270 14.215251922607422
271 130.52186584472656
272 74.52238464355469
273 55.999481201171875
274 83.5684585571289
275 82.27616119384766
276 110.7066650390625
277 34.030452728271484
278 64.18402099609375
279 60.307132720947266
280 64.18402099609375
281 55.1379508972168
282 12.492191314697266
283 96.49140930175781
284 77.10697937011719
285 51.69183349609375
286 42.214988708496094
287 96.0606460571289
288 37.045814514160156
289 32.738155364990234
290 122.7680892944336
291 18.95366859436035
292 75.81468200683594
293 29.29203224182129
294 46.52264404296875
295 19.815200805664063
296 55.5687141418457
297 58.58407211303711
298 49.107234954833984
299 89.16840362548828
300 51.69182586669922
301 35.75352478027344
302 52.5533561706543
303 64.61478424072266
304 35.75351333618164
305 68.92243957519531
306 27.568973541259766
307 96.49140167236328
308 118.46043395996094
309 52.122589111328125
310 90.02992248535156
311 95.62987518310547
312 42.64575958251953
313 54.707191467285156
314 93.90682220458984
315 40.06116485595703
316 57.7225456237793
317 42.214996337890625
318 82.27615356445313
319 59.01483917236328
320 64.18402099609375
321 101.66057586669922
322 47.38417434692383
323 41.35346221923828
324 59.44560241699219
325 74.52238464355469
326 29.722801208496094
327 73.23008728027344
328 56.86100769042969
329 78.3992691040039
330 88.3068618774414
331 64.61478424072266
332 65.04554748535156
333 83.5684585571289
334 64.18401336669922
335 72.79933166503906
336 42.214988708496094
337 37.4765739440918
338 46.95341110229492
339 31.876623153686523
340 53.41489028930664
341 26.27667808532715
342 25.845911026000977
343 68.49166870117188
344 26.707441329956055
345 64.18402099609375
346 34.46121597290039
347 35.32274627685547
348 90.46070861816406
349 94.76835632324219
350 81.41462707519531
351 102.95288848876953
352 88.30686950683594
353 90.0299301147461
354 65.9070816040039
355 61.16866683959961
356 49.9687614440918
357 60.737892150878906
358 63.75325393676758
359 27.999736785888672
360 44.36881637573242
361 57.72254180908203
362 20.676729202270508
363 26.707443237304688
364 24.55361557006836
365 46.091880798339844
366 40.06116485595703
367 95.6298828125
368 74.09162139892578
369 45.230350494384766
370 77.968505859375
371 43.938053131103516
372 45.2303466796875
373 42.645755767822266
374 74.09162139892578
375 100.79905700683594
376 87.8760986328125
377 43.938053131103516
378 39.19963455200195
379 92.18375396728516
380 59.87636947631836
381 93.4760513305664
382 87.01457214355469
383 71.50701904296875
384 87.87610626220703
385 52.122596740722656
386 72.3685531616211
387 34.46121597290039
388 33.59968566894531
389 36.18428039550781
390 64.61478424072266
391 17.661373138427734
392 18.522903442382813
393 34.461219787597656
394 45.230350494384766
395 37.9073371887207
396 43.93805694580078
397 27.568973541259766
398 33.59968566894531
399 62.46095657348633
400 38.33810806274414
401 32.30739212036133
402 50.830291748046875
403 16.36907958984375
404 63.32249069213867
405 72.3685531616211
406 91.75299072265625
407 61.59942626953125
408 55.99947738647461
409 12.061426162719727
410 74.52237701416016
411 81.84538269042969
412 86.58381652832031
413 58.58407211303711
414 52.984127044677734
415 101.22982025146484
416 42.6457633972168
417 46.953407287597656
418 37.907344818115234
419 72.79932403564453
420 43.0765266418457
421 58.584075927734375
422 66.33784484863281
423 49.10723876953125
424 22.830556869506836
425 66.33784484863281
426 15.0767822265625
427 69.35320281982422
428 20.676729202270508
429 36.61504364013672
430 41.78423309326172
431 54.27642059326172
432 25.41514778137207
433 58.15330505371094
434 60.73789596557617
435 37.907344818115234
436 52.12259292602539
437 49.10723876953125
438 74.95314025878906
439 74.09162902832031
440 44.36881637573242
441 31.87662696838379
442 19.38443374633789
443 59.44559860229492
444 42.64575958251953
445 27.138208389282227
446 93.90682220458984
447 59.01483154296875
448 74.09161376953125
449 67.19937896728516
450 84.42999267578125
451 78.3992691040039
452 61.168663024902344
453 37.04581069946289
454 124.92191314697266
455 44.79958724975586
456 82.7069320678711
457 30.584331512451172
458 69.78396606445313
459 73.23008728027344
460 44.36881637573242
461 56.43024444580078
462 40.49192810058594
463 37.045806884765625
464 43.07652282714844
465 12.922955513000488
466 28.86126708984375
467 83.99920654296875
468 39.63040542602539
469 39.630401611328125
470 3.0153565406799316
471 71.50702667236328
472 34.461219787597656
473 30.153562545776367
474 53.41488265991211
475 31.015094757080078
476 65.0455551147461
477 93.04529571533203
478 113.72201538085938
479 62.03020095825195
480 75.3839111328125
481 58.1533088684082
482 118.4604263305664
483 74.52238464355469
484 76.24544525146484
485 65.476318359375
486 77.10697937011719
487 97.78370666503906
488 27.999736785888672
489 119.75273895263672
490 99.07601165771484
491 83.56845092773438
492 101.66059875488281
493 76.67621612548828
494 52.5533561706543
495 43.07652282714844
496 83.13768768310547
497 105.1067123413086
498 97.35293579101563
499 54.70718765258789
500 64.18402099609375
501 53.84565734863281
502 91.75299835205078
503 60.307132720947266
504 21.10749626159668
505 50.3995361328125
506 19.38443374633789
507 76.67620849609375
508 52.98412322998047
509 63.75324630737305
510 77.53772735595703
511 40.06116485595703
512 11.630661010742188
513 49.107234954833984
514 24.12285041809082
515 50.830299377441406
516 36.18428039550781
517 62.46095657348633
518 56.86100769042969
519 40.92269515991211
520 26.27667808532715
521 11.630661010742188
522 30.153562545776367
523 32.738155364990234
524 55.5687141418457
525 35.322750091552734
526 39.63039779663086
527 73.66085052490234
528 79.69156646728516
529 73.66085052490234
530 24.12285041809082
531 24.12285041809082
532 41.353458404541016
533 18.95366859436035
534 26.707441329956055
535 53.84565353393555
536 73.66085052490234
537 96.06063842773438
538 43.93805694580078
539 71.93778228759766
540 52.98412322998047
541 83.99922180175781
542 77.5377426147461
543 74.09162139892578
544 42.21499252319336
545 43.507286071777344
546 60.737892150878906
547 47.384178161621094
548 85.29151153564453
549 39.19963836669922
550 49.537994384765625
551 26.707441329956055
552 82.27616119384766
553 67.19937896728516
554 16.799842834472656
555 33.59968948364258
556 34.46121597290039
557 62.46096420288086
558 85.72227478027344
559 10.76913070678711
560 49.53799819946289
561 63.75325012207031
562 127.50650024414063
563 125.78343963623047
564 38.338104248046875
565 24.55361557006836
566 42.21499252319336
567 47.81494140625
568 80.9838638305664
569 20.676729202270508
570 40.49192810058594
571 38.76886749267578
572 71.07626342773438
573 79.26079559326172
574 55.13794708251953
575 88.30687713623047
576 49.96876907348633
577 135.6910400390625
578 143.44480895996094
579 28.86126708984375
580 62.03019714355469
581 61.168663024902344
582 36.61504364013672
583 32.738155364990234
584 24.122852325439453
585 85.72227478027344
586 49.53799819946289
587 53.41489028930664
588 86.58380889892578
589 33.168922424316406
590 12.922956466674805
591 34.89198303222656
592 12.061426162719727
593 16.36907958984375
594 21.538259506225586
595 49.96876907348633
596 9.476834297180176
597 80.9838638305664
598 26.27667808532715
599 72.36856079101563
600 59.01483917236328
601 61.59942626953125
602 55.5687141418457
603 56.43024444580078
604 55.56871795654297
605 28.430503845214844
606 36.18427658081055
607 72.36856079101563
608 52.9841194152832
609 68.0609130859375
610 67.19937896728516
611 9.476834297180176
612 25.84591293334961
613 41.35346221923828
614 30.153564453125
615 29.292034149169922
616 43.07652282714844
617 69.78396606445313
618 119.75273895263672
619 5.599947929382324
620 44.36882019042969
621 55.1379508972168
622 97.35293579101563
623 72.3685531616211
624 69.78396606445313
625 104.24519348144531
626 33.59968566894531
627 65.90707397460938
628 82.27616882324219
629 84.42997741699219
630 88.30686950683594
631 128.79881286621094
632 91.75299835205078
633 87.01456451416016
634 89.16839599609375
635 27.999736785888672
636 73.66085052490234
637 90.0299301147461
638 51.26106262207031
639 80.9838638305664
640 102.52212524414063
641 68.4916763305664
642 126.64497375488281
643 61.168663024902344
644 55.13794708251953
645 72.79932403564453
646 43.938053131103516
647 66.76860809326172
648 113.29124450683594
649 96.92217254638672
650 74.9531478881836
651 53.84564971923828
652 93.0452880859375
653 55.5687141418457
654 20.24596405029297
655 58.1533088684082
656 64.18401336669922
657 27.999738693237305
658 52.98412322998047
659 64.61478424072266
660 74.52239227294922
661 100.36830139160156
662 53.84565353393555
663 57.72254180908203
664 91.32222747802734
665 71.07626342773438
666 115.0143051147461
667 100.79905700683594
668 102.09134674072266
669 58.58407211303711
670 40.922698974609375
671 65.90708923339844
672 36.18428039550781
673 5.599947929382324
674 60.73789596557617
675 26.707441329956055
676 80.55309295654297
677 59.87636947631836
678 65.9070816040039
679 135.26028442382813
680 96.49141693115234
681 69.35319519042969
682 51.261070251464844
683 108.1220703125
684 122.33731842041016
685 98.64524841308594
686 98.6452407836914
687 35.75351333618164
688 74.9531478881836
689 44.36882019042969
690 32.7381591796875
691 65.476318359375
692 78.39926147460938
693 75.81468200683594
694 14.215251922607422
695 40.4919319152832
696 19.81519889831543
697 29.292034149169922
698 64.61479187011719
699 90.89144897460938
700 71.93779754638672
701 52.98412322998047
702 22.830554962158203
703 22.830554962158203
704 81.84539031982422
705 32.30739212036133
706 38.338111877441406
707 70.21473693847656
708 71.0762710571289
709 73.66085052490234
710 33.168922424316406
711 79.69156646728516
712 34.89198303222656
713 48.67647171020508
714 54.27641677856445
715 51.26106643676758
716 37.045806884765625
717 32.30739212036133
718 71.50703430175781
719 74.52238464355469
720 18.953670501708984
721 81.84539031982422
722 40.49192810058594
723 64.18402099609375
724 78.39927673339844
725 45.66111373901367
726 25.41514778137207
727 100.36830139160156
728 63.32249069213867
729 93.04529571533203
730 43.938053131103516
731 51.26105880737305
732 26.27667808532715
733 31.445859909057617
734 23.261320114135742
735 42.21499252319336
736 51.69182586669922
737 66.76860809326172
738 66.33784484863281
739 64.18402099609375
740 95.19911193847656
741 67.19937133789063
742 45.66111373901367
743 65.47631072998047
744 63.753257751464844
745 65.0455551147461
746 72.79931640625
747 67.63014221191406
748 49.96876907348633
749 60.30713653564453
750 92.18375396728516
751 64.18402099609375
752 77.96849822998047
753 48.245704650878906
754 66.33784484863281
755 62.460960388183594
756 28.43050193786621
757 49.53800964355469
758 39.630401611328125
759 47.814945220947266
760 47.814937591552734
761 23.261320114135742
762 53.84565734863281
763 26.707443237304688
764 36.61504364013672
765 82.70691680908203
766 61.168663024902344
767 93.90682983398438
768 128.3680419921875
769 99.50675964355469
770 56.430240631103516
771 33.168922424316406
772 30.58432960510254
773 83.13768768310547
774 31.445859909057617
775 71.0762710571289
776 34.46122360229492
777 71.50702667236328
778 56.43024826049805
779 24.9843807220459
780 43.07652282714844
781 108.55282592773438
782 30.58432960510254
783 66.76861572265625
784 89.16840362548828
785 96.49141693115234
786 34.46121597290039
787 100.36829376220703
788 80.5531005859375
789 18.95366859436035
790 51.26105499267578
791 41.35346221923828
792 45.2303466796875
793 60.737892150878906
794 39.63039779663086
795 96.0606460571289
796 105.96824645996094
797 55.13794708251953
798 39.630401611328125
799 22.399791717529297
800 36.18427658081055
801 132.67568969726563
802 20.676729202270508
803 18.522903442382813
804 51.26106262207031
805 25.845911026000977
806 28.861268997192383
807 61.16866683959961
808 52.98412322998047
809 45.66111373901367
810 78.83003234863281
811 65.476318359375
812 30.153562545776367
813 53.84565353393555
814 30.153566360473633
815 89.59916687011719
816 87.87610626220703
817 68.49166870117188
818 62.891727447509766
819 29.722797393798828
820 35.322750091552734
821 55.56871795654297
822 62.8917236328125
823 68.49166870117188
824 16.369077682495117
825 42.21499252319336
826 46.52264404296875
827 20.67673110961914
828 57.29177474975586
829 46.09187698364258
830 71.50702667236328
831 77.96849822998047
832 72.36856079101563
833 80.5531005859375
834 55.99947738647461
835 69.78396606445313
836 30.58432960510254
837 16.36907958984375
838 56.86100769042969
839 39.63040542602539
840 61.16866683959961
841 54.27641677856445
842 86.58380126953125
843 80.9838638305664
844 52.984127044677734
845 129.66033935546875
846 90.46070098876953
847 55.137943267822266
848 72.3685531616211
849 58.584068298339844
850 33.168922424316406
851 49.107234954833984
852 66.33784484863281
853 63.32249069213867
854 90.89146423339844
855 40.4919319152832
856 18.95366859436035
857 40.49192810058594
858 40.49192810058594
859 24.122852325439453
860 28.86126708984375
861 48.24570083618164
862 53.414886474609375
863 47.814937591552734
864 21.107494354248047
865 66.33784484863281
866 52.98412322998047
867 20.24596405029297
868 110.2759017944336
869 67.63014221191406
870 60.307132720947266
871 52.98412322998047
872 47.814937591552734
873 44.799583435058594
874 44.799583435058594
875 21.969026565551758
876 95.6298828125
877 77.10697174072266
878 56.43024826049805
879 36.61504364013672
880 37.90734100341797
881 27.568971633911133
882 79.69156646728516
883 17.230607986450195
884 38.76887512207031
885 45.66111755371094
886 39.630401611328125
887 60.737911224365234
888 87.44535064697266
889 83.99922180175781
890 53.414886474609375
891 94.76835632324219
892 80.55309295654297
893 14.215251922607422
894 59.44560623168945
895 69.35320281982422
896 50.830291748046875
897 131.8141632080078
898 76.67620849609375
899 85.29151153564453
900 99.93753051757813
901 62.03018569946289
902 68.92243957519531
903 72.36856079101563
904 64.18401336669922
905 43.0765266418457
906 69.78396606445313
907 78.39927673339844
908 59.876365661621094
909 49.107234954833984
910 65.9070816040039
911 27.138208389282227
912 96.49140167236328
913 105.96824645996094
914 61.16865921020508
915 143.01405334472656
916 89.16840362548828
917 36.61504364013672
918 68.49166870117188
919 51.691837310791016
920 41.78422546386719
921 55.999481201171875
922 71.0762710571289
923 68.06090545654297
924 18.522903442382813
925 55.99947738647461
926 21.10749626159668
927 52.9841194152832
928 85.72227478027344
929 41.78422546386719
930 52.984127044677734
931 56.43024444580078
932 58.15330505371094
933 84.42999267578125
934 52.9841194152832
935 27.568973541259766
936 33.59968948364258
937 76.67620849609375
938 37.045806884765625
939 50.3995361328125
940 76.67620849609375
941 39.19963836669922
942 59.876365661621094
943 65.04554748535156
944 34.46121597290039
945 37.9073371887207
946 45.66111373901367
947 8.615303993225098
948 34.030452728271484
949 50.39952850341797
950 88.73763275146484
951 115.0143051147461
952 71.07625579833984
953 75.81468200683594
954 28.430503845214844
955 69.78396606445313
956 40.06116485595703
957 54.27641296386719
958 51.691829681396484
959 58.584068298339844
960 49.96876525878906
961 60.30712890625
962 63.75325012207031
963 31.015094757080078
964 60.307132720947266
965 11.630661010742188
966 39.630401611328125
967 31.015092849731445
968 21.107494354248047
969 63.32249450683594
970 63.75325393676758
971 24.12285041809082
972 36.18427658081055
973 55.999481201171875
974 56.430240631103516
975 71.50702667236328
976 54.70718765258789
977 40.92269515991211
978 66.33784484863281
979 62.030189514160156
980 71.50703430175781
981 83.13768768310547
982 50.83029556274414
983 159.3831329345703
984 60.73789978027344
985 98.6452407836914
986 14.646017074584961
987 47.814937591552734
988 75.3839111328125
989 72.36856079101563
990 15.938312530517578
991 26.70744514465332
992 60.30712890625
993 69.78396606445313
994 123.62962341308594
995 118.02965545654297
996 86.15303802490234
997 51.69182205200195
998 32.738155364990234
999 87.01457214355469
1000 111.56819915771484
1001 62.46096420288086
1002 62.46096420288086
