# Selection:resname AU POPC Restricted:name AUC AUL AUSL Radius:2.64 Start:0 End:-1
0 416.1192626953125
1 412.2424011230469
2 0.0
3 0.0
4 0.0
5 0.0
6 3.4461216926574707
7 0.8615304231643677
8 4.307651996612549
9 2.1538259983062744
10 0.0
11 0.0
12 0.0
13 0.8615304231643677
14 0.0
15 0.0
16 5.169182777404785
17 0.0
18 0.0
19 0.0
20 0.0
21 0.0
22 1.7230608463287354
23 3.0153565406799316
24 1.2922956943511963
25 0.0
26 1.2922956943511963
27 2.1538262367248535
28 3.4461216926574707
29 1.2922956943511963
30 0.0
31 0.0
32 0.43076521158218384
33 1.2922956943511963
34 0.43076521158218384
35 0.0
36 1.2922956943511963
37 0.0
38 0.0
39 0.43076521158218384
40 0.8615304231643677
41 0.43076521158218384
42 1.2922956943511963
43 4.307651996612549
44 1.2922956943511963
45 0.0
46 0.8615304231643677
47 0.0
48 0.0
49 0.0
50 0.0
51 2.5845913887023926
52 0.0
53 0.0
54 0.0
55 0.0
56 0.0
57 6.892243385314941
58 0.0
59 0.0
60 0.43076521158218384
61 0.0
62 0.0
63 0.0
64 0.0
65 2.5845913887023926
66 0.0
67 0.0
68 0.43076521158218384
69 0.43076521158218384
70 0.0
71 6.892243385314941
72 2.5845913887023926
73 0.0
74 0.0
75 0.0
76 2.1538259983062744
77 0.0
78 0.43076521158218384
79 4.738417148590088
80 0.43076521158218384
81 0.0
82 0.0
83 0.0
84 1.7230608463287354
85 0.0
86 1.7230608463287354
87 0.0
88 0.0
89 0.0
90 0.0
91 0.0
92 0.8615304231643677
93 0.0
94 0.0
95 0.43076521158218384
96 0.0
97 0.0
98 2.1538262367248535
99 0.0
100 0.8615304231643677
101 0.43076521158218384
102 0.0
103 1.2922956943511963
104 2.1538259983062744
105 0.8615304231643677
106 2.5845913887023926
107 0.0
108 0.8615304231643677
109 0.0
110 0.0
111 2.1538259983062744
112 0.0
113 0.0
114 0.0
115 0.0
116 0.0
117 0.0
118 0.0
119 0.0
120 0.0
121 0.0
122 0.0
123 0.8615304231643677
124 1.7230608463287354
125 0.0
126 0.0
127 0.0
128 0.8615304231643677
129 0.0
130 0.0
131 0.0
132 0.0
133 1.2922956943511963
134 0.0
135 1.7230608463287354
136 0.0
137 0.0
138 0.0
139 0.43076521158218384
140 0.0
141 0.43076521158218384
142 0.43076521158218384
143 0.0
144 0.0
145 0.0
146 0.8615304231643677
147 3.0153565406799316
148 0.0
149 0.0
150 0.8615304231643677
151 5.169182777404785
152 0.8615304231643677
153 0.0
154 0.0
155 0.0
156 0.0
157 3.4461216926574707
158 3.0153565406799316
159 0.0
160 1.2922956943511963
161 0.0
162 0.43076521158218384
163 0.0
164 0.0
165 2.1538259983062744
166 0.0
167 0.0
168 1.2922956943511963
169 1.2922956943511963
170 0.0
171 1.2922956943511963
172 0.0
173 0.0
174 2.1538259983062744
175 6.461478233337402
176 0.43076521158218384
177 3.0153565406799316
178 4.738417625427246
179 0.0
180 0.0
181 0.0
182 0.0
183 0.0
184 0.0
185 0.0
186 0.0
187 0.0
188 2.5845911502838135
189 2.1538262367248535
190 0.0
191 0.0
192 0.0
193 0.0
194 0.43076521158218384
195 0.43076521158218384
196 0.43076521158218384
197 0.0
198 0.0
199 2.1538259983062744
200 3.4461216926574707
201 0.0
202 0.8615304231643677
203 0.0
204 0.0
205 1.7230608463287354
206 0.0
207 0.43076521158218384
208 0.0
209 2.1538259983062744
210 0.0
211 0.0
212 1.7230608463287354
213 0.43076521158218384
214 0.0
215 0.0
216 2.1538259983062744
217 0.0
218 0.8615304231643677
219 0.0
220 1.7230608463287354
221 0.43076521158218384
222 0.43076521158218384
223 0.0
224 0.43076521158218384
225 0.0
226 0.8615304231643677
227 0.0
228 0.0
229 0.8615304231643677
230 0.0
231 0.8615304231643677
232 0.0
233 0.8615304231643677
234 1.2922956943511963
235 0.0
236 0.0
237 0.0
238 0.0
239 4.738417148590088
240 0.0
241 2.5845911502838135
242 2.1538259983062744
243 0.43076521158218384
244 0.0
245 3.4461216926574707
246 0.0
247 0.0
248 0.0
249 3.0153565406799316
250 0.0
251 1.2922956943511963
252 0.0
253 0.0
254 0.8615304231643677
255 0.0
256 3.4461216926574707
257 0.0
258 0.0
259 0.0
260 0.0
261 0.0
262 0.0
263 0.0
264 0.0
265 0.0
266 0.8615304231643677
267 0.0
268 1.2922956943511963
269 0.0
270 3.0153565406799316
271 2.1538259983062744
272 0.0
273 0.0
274 0.0
275 1.2922956943511963
276 2.5845913887023926
277 0.0
278 3.8768868446350098
279 0.0
280 4.738417148590088
281 1.2922956943511963
282 0.0
283 0.0
284 0.0
285 0.0
286 1.2922956943511963
287 0.0
288 0.0
289 0.0
290 0.43076521158218384
291 0.0
292 0.0
293 0.0
294 0.0
295 0.0
296 4.738417625427246
297 0.0
298 0.0
299 0.0
300 2.1538262367248535
301 2.5845911502838135
302 0.0
303 0.0
304 0.0
305 4.307652473449707
306 0.0
307 0.0
308 0.0
309 8.184539794921875
310 0.0
311 0.0
312 0.0
313 0.0
314 0.43076521158218384
315 0.0
316 3.4461216926574707
317 0.8615304231643677
318 0.0
319 0.0
320 1.2922956943511963
321 0.8615304231643677
322 0.43076521158218384
323 0.0
324 0.43076521158218384
325 0.0
326 1.7230608463287354
327 0.43076521158218384
328 0.8615304231643677
329 2.1538262367248535
330 0.0
331 0.0
332 0.0
333 2.5845913887023926
334 0.0
335 0.43076521158218384
336 0.0
337 0.0
338 0.0
339 0.43076521158218384
340 0.43076521158218384
341 0.0
342 0.0
343 0.0
344 0.0
345 3.8768868446350098
346 0.0
347 0.0
348 0.43076521158218384
349 0.0
350 0.0
351 0.0
352 2.5845913887023926
353 0.0
354 4.738417148590088
355 0.0
356 0.0
357 0.0
358 3.0153565406799316
359 0.43076521158218384
360 3.0153565406799316
361 0.0
362 1.7230608463287354
363 0.0
364 2.5845913887023926
365 0.0
366 0.0
367 3.876887083053589
368 0.0
369 0.0
370 0.0
371 3.4461216926574707
372 0.8615304231643677
373 0.0
374 1.2922956943511963
375 0.0
376 0.0
377 0.0
378 0.0
379 0.43076521158218384
380 0.43076521158218384
381 0.0
382 0.0
383 0.0
384 0.43076521158218384
385 0.43076521158218384
386 0.0
387 0.0
388 0.0
389 1.2922956943511963
390 0.0
391 0.0
392 0.0
393 0.8615304231643677
394 0.0
395 3.0153565406799316
396 0.8615304231643677
397 0.0
398 0.8615304231643677
399 0.0
400 0.43076521158218384
401 0.0
402 0.0
403 0.0
404 0.0
405 0.43076521158218384
406 0.0
407 1.7230608463287354
408 0.0
409 2.5845913887023926
410 0.0
411 2.1538259983062744
412 0.0
413 0.0
414 0.8615304231643677
415 0.0
416 0.43076521158218384
417 8.184538841247559
418 1.7230608463287354
419 0.0
420 0.0
421 1.2922956943511963
422 0.0
423 0.0
424 0.0
425 1.2922956943511963
426 1.2922956943511963
427 0.0
428 0.43076521158218384
429 0.0
430 0.0
431 0.43076521158218384
432 0.0
433 3.0153565406799316
434 2.1538259983062744
435 1.7230608463287354
436 0.0
437 0.0
438 0.0
439 0.8615304231643677
440 0.0
441 6.461478233337402
442 6.461478233337402
443 1.2922956943511963
444 0.0
445 2.1538259983062744
446 0.0
447 0.0
448 0.0
449 5.169182777404785
450 0.0
451 0.0
452 0.43076521158218384
453 0.0
454 0.0
455 1.2922956943511963
456 0.0
457 0.0
458 0.0
459 1.7230608463287354
460 0.43076521158218384
461 0.8615304231643677
462 0.0
463 0.0
464 0.0
465 0.0
466 0.0
467 0.0
468 0.0
469 0.43076521158218384
470 0.0
471 0.0
472 0.0
473 0.0
474 0.0
475 0.43076521158218384
476 0.0
477 0.0
478 0.0
479 0.43076521158218384
480 0.0
481 1.2922956943511963
482 0.43076521158218384
483 0.8615304231643677
484 0.0
485 11.630661010742188
486 10.76913070678711
487 6.461478233337402
488 0.0
489 0.0
490 5.169182777404785
491 0.0
492 0.0
493 1.2922956943511963
494 1.2922956943511963
495 0.43076521158218384
496 0.0
497 1.7230608463287354
498 3.0153565406799316
499 0.43076521158218384
500 0.43076521158218384
501 0.0
502 0.0
503 0.0
504 0.0
505 2.1538259983062744
506 0.0
507 3.4461216926574707
508 0.0
509 0.0
510 0.0
511 0.0
512 0.0
513 0.0
514 0.0
515 0.0
516 2.5845913887023926
517 0.0
518 0.43076521158218384
519 0.8615304231643677
520 2.5845911502838135
521 0.0
522 0.0
523 0.0
524 0.0
525 0.43076521158218384
526 9.046069145202637
527 3.8768868446350098
528 0.0
529 0.0
530 0.0
531 0.0
532 0.0
533 0.0
534 0.0
535 2.1538262367248535
536 0.0
537 0.0
538 0.0
539 7.7537736892700195
540 0.0
541 0.0
542 0.8615304231643677
543 0.8615304231643677
544 1.2922956943511963
545 0.8615304231643677
546 3.0153565406799316
547 1.7230608463287354
548 6.030713081359863
549 5.169182300567627
550 5.599947929382324
551 1.7230608463287354
552 0.0
553 0.0
554 2.5845911502838135
555 0.0
556 0.0
557 0.43076521158218384
558 0.0
559 0.0
560 0.0
561 0.0
562 0.0
563 0.43076521158218384
564 0.0
565 0.0
566 0.0
567 0.0
568 0.0
569 2.5845911502838135
570 0.0
571 0.0
572 0.0
573 0.0
574 2.1538262367248535
575 0.8615304231643677
576 0.0
577 0.8615304231643677
578 2.5845913887023926
579 0.0
580 0.0
581 0.0
582 0.43076521158218384
583 0.0
584 0.0
585 9.046069145202637
586 0.0
587 0.8615304231643677
588 0.0
589 1.2922956943511963
590 0.0
591 0.0
592 1.7230608463287354
593 0.8615304231643677
594 4.738417148590088
595 0.8615304231643677
596 0.0
597 0.0
598 0.8615304231643677
599 0.0
600 0.0
601 0.0
602 0.0
603 0.0
604 0.0
605 3.8768868446350098
606 2.1538262367248535
607 5.599947929382324
608 7.7537736892700195
609 5.169182777404785
610 2.1538262367248535
611 0.0
612 0.0
613 3.0153565406799316
614 0.0
615 0.0
616 0.0
617 0.0
618 4.738417148590088
619 0.0
620 0.8615304231643677
621 0.43076521158218384
622 0.0
623 0.43076521158218384
624 0.0
625 0.0
626 0.0
627 1.2922956943511963
628 3.8768868446350098
629 0.43076521158218384
630 0.8615304231643677
631 0.0
632 0.0
633 0.0
634 0.0
635 5.599947929382324
636 0.43076521158218384
637 0.0
638 0.0
639 0.43076521158218384
640 0.0
641 0.0
642 0.8615304231643677
643 2.5845913887023926
644 0.0
645 0.0
646 4.307651996612549
647 0.0
648 0.0
649 1.7230608463287354
650 1.2922956943511963
651 0.0
652 0.0
653 0.0
654 0.0
655 0.43076521158218384
656 0.0
657 0.0
658 6.892243385314941
659 0.0
660 0.0
661 1.2922956943511963
662 1.2922956943511963
663 0.43076521158218384
664 0.0
665 0.0
666 0.0
667 4.738417148590088
668 0.0
669 8.615303993225098
670 3.0153565406799316
671 0.0
672 5.599947929382324
673 0.0
674 0.0
675 0.0
676 0.0
677 0.43076521158218384
678 0.0
679 0.0
680 1.7230608463287354
681 0.0
682 0.0
683 0.0
684 0.43076521158218384
685 0.8615304231643677
686 0.8615304231643677
687 0.0
688 0.0
689 0.43076521158218384
690 3.4461216926574707
691 0.0
692 0.0
693 0.0
694 0.43076521158218384
695 0.43076521158218384
696 0.0
697 0.0
698 0.0
699 0.0
700 0.8615304231643677
701 1.7230608463287354
702 0.0
703 0.0
704 0.0
705 0.0
706 0.43076521158218384
707 0.0
708 0.0
709 0.0
710 0.0
711 0.43076521158218384
712 0.0
713 0.0
714 1.2922956943511963
715 0.0
716 0.0
717 0.0
718 1.7230608463287354
719 0.0
720 0.0
721 0.0
722 0.0
723 0.0
724 8.184539794921875
725 0.0
726 0.0
727 5.599947452545166
728 1.7230608463287354
729 0.43076521158218384
730 0.0
731 1.7230608463287354
732 0.0
733 0.0
734 0.0
735 0.0
736 0.8615304231643677
737 0.0
738 0.0
739 0.0
740 0.8615304231643677
741 0.0
742 0.0
743 0.0
744 0.43076521158218384
745 0.0
746 0.0
747 0.8615304231643677
748 0.0
749 0.0
750 0.0
751 0.0
752 3.4461216926574707
753 0.0
754 0.0
755 0.0
756 0.43076521158218384
757 0.43076521158218384
758 0.0
759 10.33836555480957
760 6.030713081359863
761 0.0
762 0.8615304231643677
763 0.0
764 0.0
765 0.0
766 1.2922956943511963
767 2.5845911502838135
768 0.0
769 0.0
770 3.0153565406799316
771 0.43076521158218384
772 0.0
773 0.0
774 0.0
775 0.0
776 0.0
777 0.0
778 0.0
779 13.353721618652344
780 1.2922956943511963
781 2.5845911502838135
782 2.1538259983062744
783 0.0
784 0.0
785 8.184538841247559
786 0.0
787 0.0
788 1.7230608463287354
789 0.0
790 0.43076521158218384
791 1.2922956943511963
792 2.5845913887023926
793 0.0
794 0.0
795 1.7230608463287354
796 0.43076521158218384
797 0.0
798 0.0
799 0.0
800 2.5845913887023926
801 0.0
802 0.8615304231643677
803 0.0
804 11.630661010742188
805 0.0
806 0.8615304231643677
807 0.0
808 0.8615304231643677
809 9.476834297180176
810 1.2922956943511963
811 2.1538259983062744
812 0.0
813 5.169182777404785
814 3.4461216926574707
815 4.307651996612549
816 6.892243385314941
817 0.0
818 0.0
819 0.43076521158218384
820 0.43076521158218384
821 0.0
822 0.0
823 0.0
824 0.0
825 0.43076521158218384
826 0.0
827 0.0
828 3.0153565406799316
829 0.0
830 1.7230608463287354
831 1.2922956943511963
832 0.0
833 0.0
834 0.0
835 0.0
836 3.8768868446350098
837 0.0
838 0.0
839 0.8615304231643677
840 1.7230608463287354
841 0.0
842 2.1538259983062744
843 0.0
844 0.0
845 0.0
846 0.0
847 1.7230608463287354
848 0.0
849 0.0
850 3.0153565406799316
851 2.5845911502838135
852 0.0
853 0.0
854 0.0
855 3.0153565406799316
856 0.43076521158218384
857 0.0
858 0.0
859 0.0
860 0.0
861 0.43076521158218384
862 0.0
863 3.0153565406799316
864 0.0
865 0.43076521158218384
866 0.0
867 0.0
868 0.8615304231643677
869 0.0
870 0.0
871 0.43076521158218384
872 0.0
873 0.43076521158218384
874 0.43076521158218384
875 1.7230608463287354
876 1.2922956943511963
877 0.43076521158218384
878 0.43076521158218384
879 0.0
880 0.0
881 0.0
882 0.0
883 0.0
884 5.169182777404785
885 1.7230608463287354
886 1.2922956943511963
887 0.8615304231643677
888 2.5845913887023926
889 0.0
890 0.0
891 0.0
892 0.43076521158218384
893 0.0
894 0.43076521158218384
895 2.1538259983062744
896 0.8615304231643677
897 2.1538262367248535
898 0.43076521158218384
899 0.43076521158218384
900 0.0
901 0.0
902 5.169182777404785
903 0.0
904 0.0
905 0.0
906 3.4461216926574707
907 0.0
908 0.0
909 0.0
910 0.43076521158218384
911 0.0
912 0.8615304231643677
913 0.0
914 0.0
915 0.43076521158218384
916 0.0
917 0.0
918 0.8615304231643677
919 2.5845913887023926
920 0.0
921 0.0
922 0.0
923 1.7230608463287354
924 0.0
925 0.0
926 0.0
927 0.0
928 0.43076521158218384
929 0.43076521158218384
930 0.0
931 0.43076521158218384
932 0.0
933 0.0
934 0.0
935 0.0
936 0.0
937 0.0
938 0.0
939 0.8615304231643677
940 0.0
941 0.43076521158218384
942 0.0
943 0.0
944 0.0
945 0.0
946 0.0
947 2.5845911502838135
948 0.0
949 0.0
950 0.8615304231643677
951 0.0
952 0.0
953 0.0
954 0.0
955 3.4461216926574707
956 0.0
957 0.0
958 0.0
959 0.8615304231643677
960 0.0
961 0.43076521158218384
962 0.43076521158218384
963 0.8615304231643677
964 0.0
965 0.43076521158218384
966 0.0
967 0.0
968 0.0
969 0.0
970 2.1538259983062744
971 0.0
972 0.0
973 0.0
974 1.2922956943511963
975 0.0
976 0.0
977 0.43076521158218384
978 0.0
979 0.0
980 0.0
981 2.5845913887023926
982 0.0
983 0.0
984 0.0
985 0.0
986 0.0
987 0.0
988 0.0
989 0.0
990 1.2922956943511963
991 1.2922956943511963
992 0.43076521158218384
993 0.0
994 2.1538262367248535
995 0.43076521158218384
996 1.7230608463287354
997 0.0
998 0.8615304231643677
999 0.43076521158218384
1000 0.43076521158218384
1001 0.43076521158218384
1002 0.43076521158218384
