# Selection 1:name C1A D2A C3A C4A C1B C2B C3B C4B Selection 2:name AUC AUSL AUL Cutoff:8 Start:0 End:-1
0 7
1 7
2 38
3 39
4 43
5 45
6 37
7 41
8 53
9 50
10 38
11 38
12 38
13 40
14 38
15 42
16 44
17 36
18 40
19 41
20 43
21 38
22 51
23 38
24 46
25 46
26 46
27 35
28 35
29 46
30 46
31 41
32 48
33 54
34 44
35 48
36 46
37 43
38 43
39 43
40 46
41 44
42 47
43 44
44 42
45 39
46 47
47 40
48 39
49 42
50 46
51 50
52 40
53 37
54 36
55 42
56 47
57 41
58 39
59 46
60 43
61 49
62 40
63 43
64 48
65 50
66 48
67 39
68 39
69 48
70 41
71 44
72 44
73 44
74 43
75 42
76 37
77 37
78 45
79 46
80 41
81 30
82 42
83 35
84 42
85 42
86 48
87 42
88 48
89 36
90 43
91 43
92 43
93 37
94 45
95 41
96 46
97 49
98 42
99 41
100 42
101 38
102 43
103 44
104 44
105 30
106 33
107 45
108 41
109 44
110 37
111 42
112 40
113 42
114 44
115 52
116 43
117 42
118 40
119 38
120 41
121 45
122 40
123 40
124 37
125 39
126 37
127 43
128 40
129 40
130 39
131 36
132 36
133 41
134 48
135 40
136 47
137 42
138 37
139 39
140 41
141 37
142 36
143 40
144 40
145 41
146 42
147 42
148 47
149 44
150 40
151 38
152 37
153 39
154 38
155 29
156 40
157 47
158 45
159 43
160 43
161 52
162 43
163 40
164 45
165 43
166 36
167 39
168 39
169 37
170 39
171 40
172 44
173 39
174 44
175 49
176 38
177 44
178 46
179 42
180 39
181 43
182 43
183 51
184 48
185 40
186 40
187 43
188 43
189 31
190 48
191 38
192 38
193 45
194 35
195 49
196 38
197 35
198 43
199 39
200 30
201 46
202 34
203 42
204 44
205 43
206 38
207 44
208 41
209 48
210 39
211 39
212 42
213 44
214 39
215 44
216 42
217 43
218 34
219 41
220 38
221 35
222 46
223 37
224 43
225 31
226 40
227 45
228 42
229 36
230 46
231 50
232 35
233 40
234 44
235 47
236 44
237 35
238 51
239 44
240 46
241 37
242 40
243 38
244 46
245 37
246 43
247 42
248 43
249 38
250 41
251 42
252 37
253 46
254 50
255 40
256 48
257 41
258 39
259 38
260 37
261 44
262 42
263 40
264 44
265 33
266 43
267 42
268 38
269 44
270 43
271 49
272 46
273 37
274 40
275 42
276 37
277 41
278 47
279 39
280 39
281 35
282 39
283 42
284 43
285 44
286 43
287 44
288 39
289 39
290 41
291 38
292 36
293 44
294 44
295 42
296 37
297 41
298 36
299 46
300 44
301 38
302 44
303 42
304 38
305 44
306 36
307 43
308 36
309 46
310 39
311 40
312 42
313 37
314 45
315 47
316 36
317 40
318 40
319 34
320 41
321 43
322 35
323 41
324 37
325 47
326 40
327 43
328 43
329 44
330 35
331 45
332 52
333 42
334 42
335 41
336 42
337 44
338 47
339 40
340 33
341 45
342 40
343 43
344 38
345 41
346 45
347 44
348 38
349 45
350 37
351 44
352 48
353 46
354 45
355 50
356 49
357 46
358 43
359 41
360 47
361 34
362 31
363 47
364 44
365 41
366 40
367 41
368 48
369 43
370 46
371 45
372 44
373 49
374 35
375 36
376 39
377 42
378 45
379 43
380 44
381 45
382 42
383 43
384 40
385 40
386 36
387 43
388 38
389 44
390 35
391 45
392 42
393 47
394 40
395 47
396 38
397 46
398 41
399 50
400 38
401 38
402 44
403 40
404 54
405 37
406 37
407 38
408 48
409 36
410 47
411 39
412 44
413 36
414 42
415 44
416 39
417 43
418 43
419 41
420 36
421 40
422 41
423 44
424 44
425 38
426 36
427 35
428 39
429 45
430 42
431 38
432 49
433 44
434 36
435 40
436 43
437 47
438 39
439 49
440 44
441 41
442 42
443 46
444 41
445 50
446 43
447 39
448 42
449 37
450 35
451 43
452 42
453 45
454 45
455 42
456 29
457 40
458 46
459 41
460 46
461 42
462 42
463 37
464 33
465 45
466 38
467 39
468 40
469 45
470 36
471 34
472 45
473 43
474 41
475 42
476 44
477 51
478 45
479 47
480 45
481 30
482 50
483 41
484 38
485 40
486 45
487 38
488 44
489 39
490 44
491 42
492 33
493 38
494 33
495 46
496 36
497 49
498 37
499 35
500 41
501 42
502 45
503 35
504 39
505 45
506 36
507 41
508 43
509 44
510 39
511 34
512 45
513 48
514 41
515 37
516 46
517 38
518 36
519 40
520 35
521 41
522 48
523 46
524 45
525 39
526 38
527 42
528 42
529 39
530 38
531 40
532 42
533 35
534 40
535 37
536 43
537 46
538 38
539 35
540 45
541 48
542 37
543 40
544 37
545 32
546 40
547 47
548 43
549 52
550 35
551 42
552 44
553 47
554 38
555 35
556 42
557 42
558 45
559 44
560 46
561 44
562 44
563 40
564 35
565 47
566 37
567 36
568 50
569 46
570 45
571 37
572 28
573 45
574 43
575 45
576 53
577 47
578 45
579 42
580 39
581 40
582 41
583 43
584 48
585 47
586 41
587 37
588 44
589 45
590 42
591 39
592 35
593 34
594 39
595 42
596 38
597 36
598 46
599 38
600 42
601 44
602 44
603 49
604 45
605 43
606 35
607 46
608 44
609 40
610 41
611 38
612 36
613 52
614 38
615 37
616 44
617 46
618 36
619 44
620 47
621 43
622 40
623 43
624 40
625 38
626 43
627 45
628 44
629 37
630 41
631 39
632 42
633 43
634 48
635 39
636 38
637 40
638 43
639 36
640 36
641 47
642 41
643 40
644 46
645 43
646 35
647 38
648 49
649 45
650 43
651 38
652 43
653 35
654 45
655 39
656 42
657 36
658 31
659 40
660 44
661 44
662 43
663 51
664 40
665 34
666 42
667 44
668 42
669 41
670 36
671 42
672 35
673 43
674 40
675 39
676 40
677 43
678 45
679 37
680 37
681 36
682 38
683 50
684 48
685 46
686 38
687 37
688 42
689 41
690 45
691 44
692 39
693 38
694 35
695 30
696 38
697 43
698 42
699 40
700 32
701 41
702 43
703 41
704 48
705 43
706 42
707 46
708 44
709 46
710 45
711 43
712 37
713 45
714 43
715 38
716 42
717 43
718 39
719 45
720 43
721 41
722 40
723 34
724 44
725 43
726 39
727 38
728 51
729 43
730 41
731 40
732 38
733 39
734 42
735 45
736 52
737 44
738 42
739 47
740 45
741 40
742 39
743 44
744 42
745 43
746 43
747 43
748 41
749 44
750 35
751 42
752 39
753 45
754 43
755 39
756 45
757 37
758 37
759 41
760 39
761 39
762 43
763 43
764 41
765 45
766 42
767 48
768 42
769 43
770 47
771 40
772 46
773 44
774 34
775 42
776 44
777 36
778 38
779 34
780 46
781 43
782 42
783 37
784 46
785 41
786 41
787 43
788 45
789 51
790 47
791 40
792 48
793 42
794 40
795 43
796 44
797 42
798 34
799 39
800 41
801 39
802 43
803 42
804 44
805 40
806 51
807 37
808 39
809 47
810 44
811 39
812 40
813 35
814 41
815 40
816 37
817 42
818 46
819 31
820 38
821 41
822 41
823 48
824 46
825 47
826 40
827 51
828 38
829 43
830 41
831 44
832 42
833 40
834 43
835 41
836 44
837 41
838 40
839 46
840 43
841 42
842 42
843 42
844 33
845 42
846 37
847 40
848 43
849 37
850 34
851 39
852 42
853 41
854 45
855 47
856 39
857 42
858 39
859 42
860 51
861 41
862 47
863 46
864 42
865 50
866 45
867 45
868 37
869 32
870 38
871 38
872 42
873 39
874 36
875 37
876 46
877 41
878 40
879 44
880 44
881 41
882 38
883 41
884 44
885 44
886 40
887 37
888 47
889 39
890 40
891 45
892 31
893 42
894 42
895 45
896 51
897 44
898 41
899 39
900 37
901 47
902 50
903 41
904 38
905 39
906 44
907 41
908 45
909 39
910 44
911 43
912 41
913 38
914 36
915 38
916 47
917 39
918 47
919 38
920 41
921 37
922 41
923 41
924 42
925 38
926 44
927 41
928 35
929 43
930 46
931 43
932 45
933 40
934 38
935 44
936 39
937 38
938 41
939 43
940 43
941 41
942 39
943 48
944 46
945 37
946 47
947 44
948 39
949 39
950 37
951 37
952 42
953 42
954 37
955 48
956 40
957 37
958 39
959 41
960 37
961 47
962 39
963 41
964 41
965 41
966 41
967 43
968 28
969 41
970 38
971 40
972 32
973 40
974 45
975 36
976 45
977 43
978 41
979 41
980 39
981 41
982 43
983 42
984 44
985 34
986 47
987 48
988 44
989 33
990 49
991 37
992 40
993 36
994 39
995 37
996 38
997 50
998 39
999 40
1000 42
1001 39
1002 39
