# Selection:resname AU POPC Restricted:name AUC AUL AUSL Radius:2.64 Start:0 End:-1
0 265.78216552734375
1 265.35137939453125
2 0.0
3 0.43076521158218384
4 0.0
5 0.43076521158218384
6 0.43076521158218384
7 0.0
8 0.0
9 0.0
10 0.0
11 0.8615304231643677
12 0.0
13 0.43076521158218384
14 0.0
15 0.8615304231643677
16 0.0
17 0.43076521158218384
18 0.0
19 0.0
20 0.0
21 0.0
22 0.43076521158218384
23 0.0
24 0.43076521158218384
25 5.169182777404785
26 0.0
27 0.8615304231643677
28 0.43076521158218384
29 0.0
30 2.1538259983062744
31 0.43076521158218384
32 0.0
33 1.7230608463287354
34 0.8615304231643677
35 1.7230608463287354
36 0.0
37 0.0
38 0.0
39 0.0
40 0.8615304231643677
41 0.0
42 0.0
43 0.0
44 0.8615304231643677
45 0.0
46 0.0
47 0.43076521158218384
48 1.7230608463287354
49 0.8615304231643677
50 0.8615304231643677
51 0.0
52 0.0
53 0.0
54 0.8615304231643677
55 0.8615304231643677
56 0.0
57 0.0
58 0.0
59 0.0
60 0.0
61 0.0
62 0.0
63 0.0
64 0.0
65 0.0
66 0.0
67 0.0
68 0.0
69 0.0
70 2.5845913887023926
71 0.0
72 0.0
73 0.43076521158218384
74 0.0
75 2.1538259983062744
76 0.0
77 0.43076521158218384
78 0.0
79 0.0
80 0.43076521158218384
81 0.0
82 0.43076521158218384
83 0.43076521158218384
84 0.0
85 0.0
86 0.0
87 0.0
88 0.0
89 0.43076521158218384
90 0.0
91 0.43076521158218384
92 0.43076521158218384
93 0.0
94 0.0
95 2.1538259983062744
96 0.43076521158218384
97 0.0
98 3.4461216926574707
99 0.43076521158218384
100 3.0153565406799316
101 0.0
102 0.0
103 1.2922956943511963
104 2.1538259983062744
105 1.7230608463287354
106 2.5845913887023926
107 0.0
108 0.0
109 2.5845913887023926
110 1.2922956943511963
111 1.7230608463287354
112 0.0
113 0.0
114 0.0
115 0.0
116 0.0
117 0.0
118 1.7230608463287354
119 1.7230608463287354
120 18.522903442382813
121 0.0
122 0.43076521158218384
123 0.8615304231643677
124 0.0
125 0.0
126 1.2922956943511963
127 0.43076521158218384
128 0.43076521158218384
129 0.0
130 0.0
131 0.0
132 0.0
133 0.43076521158218384
134 0.0
135 0.0
136 1.7230608463287354
137 1.2922956943511963
138 0.8615304231643677
139 0.0
140 0.0
141 0.0
142 0.8615304231643677
143 0.0
144 0.43076521158218384
145 0.0
146 1.2922956943511963
147 0.0
148 2.1538259983062744
149 0.0
150 0.0
151 4.307651996612549
152 0.8615304231643677
153 0.43076521158218384
154 0.0
155 0.0
156 0.8615304231643677
157 0.43076521158218384
158 0.0
159 0.43076521158218384
160 0.43076521158218384
161 0.8615304231643677
162 0.43076521158218384
163 0.0
164 0.0
165 0.0
166 0.0
167 0.0
168 0.43076521158218384
169 0.43076521158218384
170 0.43076521158218384
171 0.8615304231643677
172 1.7230608463287354
173 0.0
174 0.0
175 0.0
176 0.0
177 0.43076521158218384
178 0.8615304231643677
179 0.0
180 9.046069145202637
181 0.0
182 0.0
183 0.0
184 0.8615304231643677
185 0.0
186 0.0
187 0.0
188 1.7230608463287354
189 0.0
190 1.7230608463287354
191 0.8615304231643677
192 2.1538259983062744
193 0.0
194 0.0
195 0.0
196 0.0
197 0.0
198 0.0
199 0.0
200 2.1538259983062744
201 0.0
202 0.0
203 0.0
204 0.0
205 0.0
206 0.0
207 0.0
208 0.0
209 0.0
210 0.0
211 0.0
212 0.0
213 0.0
214 0.0
215 0.0
216 0.0
217 0.0
218 0.8615304231643677
219 0.0
220 2.5845913887023926
221 1.2922956943511963
222 0.0
223 0.0
224 1.7230608463287354
225 0.0
226 0.0
227 1.2922956943511963
228 0.43076521158218384
229 0.0
230 1.2922956943511963
231 0.0
232 0.8615304231643677
233 0.43076521158218384
234 0.0
235 0.0
236 0.0
237 1.2922956943511963
238 0.0
239 0.0
240 0.43076521158218384
241 0.0
242 0.0
243 0.0
244 0.0
245 8.615303993225098
246 0.0
247 0.0
248 3.0153565406799316
249 0.0
250 0.0
251 0.0
252 0.0
253 0.0
254 0.0
255 7.7537736892700195
256 1.2922956943511963
257 0.0
258 0.0
259 0.43076521158218384
260 0.43076521158218384
261 0.0
262 0.0
263 0.8615304231643677
264 0.0
265 0.0
266 0.0
267 0.0
268 0.0
269 0.0
270 0.0
271 2.5845913887023926
272 0.0
273 0.0
274 0.8615304231643677
275 0.0
276 0.0
277 0.0
278 0.0
279 0.0
280 0.0
281 7.3230085372924805
282 0.0
283 0.0
284 0.0
285 1.7230608463287354
286 0.8615304231643677
287 0.8615304231643677
288 0.0
289 0.0
290 0.0
291 0.0
292 0.8615304231643677
293 0.0
294 0.0
295 3.0153563022613525
296 0.0
297 0.0
298 0.8615304231643677
299 0.0
300 0.43076521158218384
301 1.7230608463287354
302 1.2922956943511963
303 0.8615304231643677
304 0.8615304231643677
305 0.0
306 0.43076521158218384
307 0.0
308 1.2922956943511963
309 0.0
310 0.0
311 0.0
312 0.43076521158218384
313 0.0
314 0.0
315 0.0
316 0.0
317 0.0
318 0.0
319 0.0
320 0.0
321 0.43076521158218384
322 3.0153565406799316
323 0.0
324 1.2922956943511963
325 0.8615304231643677
326 2.1538262367248535
327 0.0
328 0.0
329 0.0
330 0.0
331 0.43076521158218384
332 0.0
333 0.0
334 0.0
335 0.43076521158218384
336 0.8615304231643677
337 0.0
338 1.2922956943511963
339 1.7230608463287354
340 3.8768868446350098
341 0.0
342 0.0
343 3.0153565406799316
344 0.0
345 2.5845913887023926
346 0.0
347 0.0
348 0.0
349 0.0
350 0.43076521158218384
351 1.7230608463287354
352 0.0
353 0.0
354 1.2922956943511963
355 0.0
356 0.0
357 0.0
358 0.43076521158218384
359 0.43076521158218384
360 0.0
361 0.43076521158218384
362 0.0
363 0.0
364 0.0
365 0.0
366 0.43076521158218384
367 0.43076521158218384
368 3.8768868446350098
369 0.0
370 0.8615304231643677
371 0.0
372 0.0
373 0.0
374 0.0
375 0.0
376 0.0
377 0.0
378 0.0
379 0.43076521158218384
380 0.8615304231643677
381 0.0
382 0.43076521158218384
383 0.0
384 0.0
385 0.0
386 0.0
387 0.0
388 0.0
389 0.0
390 0.0
391 1.2922956943511963
392 3.0153565406799316
393 0.0
394 0.0
395 0.0
396 0.0
397 0.0
398 0.8615304231643677
399 0.0
400 2.5845913887023926
401 0.0
402 0.0
403 1.7230608463287354
404 0.0
405 0.43076521158218384
406 2.5845913887023926
407 0.8615304231643677
408 0.0
409 0.0
410 0.0
411 0.0
412 3.4461216926574707
413 0.8615304231643677
414 0.0
415 2.5845913887023926
416 0.0
417 0.0
418 1.2922956943511963
419 0.43076521158218384
420 1.7230608463287354
421 0.8615304231643677
422 1.2922956943511963
423 0.43076521158218384
424 0.0
425 0.0
426 2.1538259983062744
427 0.43076521158218384
428 0.0
429 0.43076521158218384
430 0.0
431 0.8615304231643677
432 0.8615304231643677
433 1.7230608463287354
434 0.0
435 0.0
436 0.43076521158218384
437 0.43076521158218384
438 0.0
439 0.0
440 0.43076521158218384
441 0.0
442 0.0
443 0.0
444 0.0
445 0.0
446 0.0
447 0.0
448 0.0
449 0.0
450 0.0
451 0.0
452 0.0
453 0.0
454 0.0
455 0.43076521158218384
456 0.0
457 2.1538262367248535
458 0.0
459 0.0
460 0.0
461 0.0
462 0.0
463 0.43076521158218384
464 0.43076521158218384
465 0.0
466 0.0
467 0.0
468 0.0
469 4.307651996612549
470 0.0
471 3.0153565406799316
472 0.0
473 0.0
474 1.2922956943511963
475 0.0
476 0.0
477 1.7230608463287354
478 0.43076521158218384
479 0.0
480 1.2922956943511963
481 0.8615304231643677
482 0.43076521158218384
483 1.7230608463287354
484 2.1538259983062744
485 0.0
486 0.0
487 0.0
488 0.0
489 4.307651996612549
490 0.43076521158218384
491 10.33836555480957
492 2.5845913887023926
493 0.0
494 0.0
495 0.0
496 0.0
497 0.0
498 1.2922956943511963
499 4.307651996612549
500 0.0
501 0.0
502 5.599947452545166
503 0.43076521158218384
504 0.0
505 1.2922956943511963
506 0.0
507 0.0
508 0.43076521158218384
509 0.0
510 0.43076521158218384
511 0.43076521158218384
512 2.5845911502838135
513 0.0
514 0.0
515 0.0
516 0.0
517 0.0
518 0.0
519 0.0
520 2.1538259983062744
521 0.43076521158218384
522 0.8615304231643677
523 0.8615304231643677
524 0.0
525 0.0
526 0.0
527 0.0
528 0.0
529 0.0
530 0.43076521158218384
531 0.0
532 0.0
533 0.0
534 0.8615304231643677
535 0.0
536 0.0
537 0.0
538 0.43076521158218384
539 1.2922956943511963
540 0.0
541 0.0
542 1.2922956943511963
543 0.8615304231643677
544 0.0
545 3.0153565406799316
546 0.0
547 0.8615304231643677
548 0.0
549 1.2922956943511963
550 0.0
551 0.0
552 0.0
553 0.0
554 0.0
555 0.0
556 0.0
557 0.0
558 0.0
559 0.0
560 0.0
561 1.7230608463287354
562 0.0
563 6.030713081359863
564 0.43076521158218384
565 0.0
566 0.0
567 1.2922956943511963
568 0.0
569 0.0
570 0.0
571 0.0
572 0.0
573 0.0
574 0.43076521158218384
575 0.0
576 0.0
577 0.8615304231643677
578 0.0
579 0.0
580 0.8615304231643677
581 0.0
582 0.0
583 0.0
584 0.0
585 0.0
586 6.461478233337402
587 0.0
588 0.0
589 1.2922956943511963
590 0.0
591 0.0
592 0.0
593 0.0
594 1.7230608463287354
595 0.0
596 0.0
597 0.0
598 0.0
599 0.0
600 0.0
601 0.0
602 0.8615304231643677
603 0.0
604 2.5845913887023926
605 0.0
606 0.8615304231643677
607 3.0153565406799316
608 0.0
609 1.2922956943511963
610 0.0
611 0.0
612 0.0
613 0.0
614 1.7230608463287354
615 0.0
616 0.43076521158218384
617 0.0
618 0.0
619 0.43076521158218384
620 2.1538259983062744
621 0.0
622 0.0
623 0.8615304231643677
624 0.43076521158218384
625 0.0
626 0.43076521158218384
627 0.0
628 0.0
629 0.0
630 0.0
631 0.0
632 0.0
633 0.0
634 0.0
635 1.7230608463287354
636 0.0
637 0.43076521158218384
638 0.0
639 0.0
640 0.0
641 0.0
642 0.0
643 2.1538259983062744
644 0.0
645 0.43076521158218384
646 0.0
647 0.0
648 0.0
649 0.0
650 0.0
651 0.43076521158218384
652 3.8768868446350098
653 0.0
654 0.8615304231643677
655 0.0
656 0.0
657 0.0
658 0.0
659 0.0
660 0.0
661 0.0
662 0.43076521158218384
663 0.0
664 0.0
665 0.43076521158218384
666 0.43076521158218384
667 0.0
668 0.0
669 0.0
670 1.7230608463287354
671 0.43076521158218384
672 0.0
673 0.0
674 1.7230608463287354
675 0.8615304231643677
676 0.0
677 0.0
678 0.0
679 0.8615304231643677
680 0.8615304231643677
681 2.1538262367248535
682 0.0
683 0.0
684 3.8768868446350098
685 1.2922956943511963
686 0.0
687 0.0
688 2.5845913887023926
689 0.8615304231643677
690 0.0
691 0.0
692 0.0
693 0.0
694 0.0
695 0.0
696 0.0
697 0.0
698 1.2922956943511963
699 0.0
700 0.0
701 0.0
702 0.43076521158218384
703 0.43076521158218384
704 0.0
705 2.1538259983062744
706 0.43076521158218384
707 0.0
708 0.0
709 0.0
710 0.0
711 0.0
712 0.0
713 0.0
714 0.0
715 2.1538259983062744
716 0.0
717 0.0
718 0.43076521158218384
719 0.0
720 0.0
721 0.0
722 0.43076521158218384
723 0.0
724 0.43076521158218384
725 0.0
726 3.0153565406799316
727 0.0
728 0.0
729 0.0
730 0.0
731 0.0
732 2.1538262367248535
733 0.0
734 1.2922956943511963
735 0.43076521158218384
736 0.43076521158218384
737 0.0
738 0.0
739 1.2922956943511963
740 0.0
741 0.0
742 0.0
743 0.0
744 0.0
745 0.0
746 0.0
747 3.4461216926574707
748 0.0
749 0.0
750 0.43076521158218384
751 0.0
752 9.907599449157715
753 0.0
754 0.0
755 0.0
756 0.0
757 1.2922956943511963
758 1.2922956943511963
759 0.0
760 0.0
761 1.7230608463287354
762 0.8615304231643677
763 9.046070098876953
764 0.0
765 0.0
766 0.0
767 0.0
768 0.0
769 0.0
770 0.0
771 0.0
772 0.43076521158218384
773 0.0
774 3.0153565406799316
775 0.43076521158218384
776 0.0
777 0.0
778 0.0
779 0.8615304231643677
780 0.0
781 0.0
782 0.0
783 1.2922956943511963
784 0.43076521158218384
785 0.43076521158218384
786 1.7230608463287354
787 7.3230085372924805
788 0.0
789 0.0
790 2.5845913887023926
791 0.43076521158218384
792 0.0
793 0.43076521158218384
794 0.0
795 0.0
796 0.0
797 0.0
798 1.2922956943511963
799 0.0
800 0.0
801 0.0
802 0.0
803 0.0
804 0.0
805 0.8615304231643677
806 0.0
807 0.0
808 0.0
809 0.0
810 0.0
811 0.0
812 0.0
813 0.0
814 0.43076521158218384
815 0.0
816 0.43076521158218384
817 0.0
818 0.0
819 0.0
820 0.0
821 0.43076521158218384
822 0.0
823 2.1538262367248535
824 0.0
825 0.0
826 0.0
827 0.43076521158218384
828 0.0
829 0.0
830 0.0
831 0.43076521158218384
832 0.0
833 2.5845913887023926
834 2.5845913887023926
835 0.43076521158218384
836 0.0
837 0.0
838 8.184538841247559
839 0.0
840 0.0
841 0.43076521158218384
842 0.0
843 0.43076521158218384
844 0.8615304231643677
845 1.2922956943511963
846 0.0
847 0.0
848 0.43076521158218384
849 0.0
850 0.0
851 0.0
852 0.0
853 0.0
854 0.8615304231643677
855 0.0
856 0.8615304231643677
857 0.0
858 3.8768868446350098
859 0.0
860 0.0
861 9.476834297180176
862 0.43076521158218384
863 0.0
864 0.0
865 0.0
866 0.0
867 0.0
868 0.43076521158218384
869 0.0
870 0.0
871 8.184538841247559
872 0.0
873 0.0
874 0.0
875 0.8615304231643677
876 0.0
877 0.43076521158218384
878 0.0
879 1.7230608463287354
880 0.0
881 0.43076521158218384
882 9.476835250854492
883 0.8615304231643677
884 0.0
885 6.461478233337402
886 0.43076521158218384
887 0.0
888 0.0
889 0.0
890 0.43076521158218384
891 0.43076521158218384
892 0.0
893 0.0
894 0.0
895 0.0
896 0.0
897 0.43076521158218384
898 0.0
899 0.0
900 0.0
901 0.0
902 1.2922956943511963
903 0.0
904 5.169182777404785
905 0.8615304231643677
906 0.0
907 0.0
908 0.0
909 0.8615304231643677
910 0.0
911 0.0
912 0.0
913 0.0
914 0.0
915 0.0
916 0.0
917 0.43076521158218384
918 0.0
919 0.0
920 0.0
921 0.8615304231643677
922 0.0
923 0.0
924 0.0
925 0.0
926 0.0
927 0.0
928 0.0
929 0.0
930 0.0
931 0.8615304231643677
932 0.43076521158218384
933 2.1538259983062744
934 0.0
935 0.8615304231643677
936 3.0153565406799316
937 1.2922956943511963
938 0.0
939 2.1538259983062744
940 0.43076521158218384
941 0.43076521158218384
942 2.1538259983062744
943 1.7230608463287354
944 0.0
945 0.43076521158218384
946 0.8615304231643677
947 1.2922956943511963
948 0.0
949 0.0
950 0.0
951 1.2922956943511963
952 0.0
953 0.0
954 1.7230608463287354
955 0.8615304231643677
956 0.8615304231643677
957 0.0
958 0.0
959 0.0
960 2.1538259983062744
961 0.0
962 0.43076521158218384
963 0.8615304231643677
964 3.4461216926574707
965 0.0
966 0.0
967 0.0
968 0.0
969 0.0
970 0.0
971 0.8615304231643677
972 0.0
973 0.0
974 0.0
975 0.0
976 0.0
977 0.43076521158218384
978 0.0
979 0.0
980 0.8615304231643677
981 0.0
982 0.0
983 0.0
984 0.0
985 0.0
986 0.0
987 0.0
988 0.0
989 0.0
990 0.8615304231643677
991 9.046069145202637
992 0.0
993 0.0
994 0.0
995 0.0
996 0.0
997 0.0
998 0.0
999 2.1538262367248535
1000 0.0
1001 0.0
1002 0.0
