# Selection:resname AU POPC Restricted:name AUC AUL AUSL Radius:2.64 Start:0 End:-1
0 306.7048645019531
1 303.25872802734375
2 19.38443374633789
3 16.799842834472656
4 12.492191314697266
5 20.676729202270508
6 6.892243385314941
7 8.615303993225098
8 12.061426162719727
9 8.184539794921875
10 0.0
11 2.1538259983062744
12 0.8615304231643677
13 0.0
14 0.8615304231643677
15 18.522903442382813
16 0.43076521158218384
17 0.0
18 0.0
19 0.0
20 1.7230608463287354
21 0.0
22 0.0
23 2.5845911502838135
24 0.0
25 15.076783180236816
26 13.784486770629883
27 9.046069145202637
28 2.1538259983062744
29 0.0
30 3.0153565406799316
31 0.0
32 9.046069145202637
33 0.0
34 2.5845911502838135
35 2.1538262367248535
36 0.0
37 0.0
38 4.738417148590088
39 1.2922956943511963
40 0.0
41 16.799842834472656
42 0.0
43 0.0
44 1.7230608463287354
45 0.0
46 3.0153565406799316
47 0.0
48 0.0
49 0.0
50 0.0
51 0.0
52 0.0
53 0.8615304231643677
54 1.2922956943511963
55 0.8615304231643677
56 0.0
57 0.43076521158218384
58 0.0
59 7.3230085372924805
60 9.046070098876953
61 17.661375045776367
62 12.061426162719727
63 0.0
64 2.1538259983062744
65 0.8615304231643677
66 8.184539794921875
67 0.0
68 0.8615304231643677
69 0.43076521158218384
70 1.2922956943511963
71 0.43076521158218384
72 0.43076521158218384
73 1.2922956943511963
74 4.307652473449707
75 3.4461216926574707
76 0.0
77 0.0
78 0.0
79 0.43076521158218384
80 0.8615304231643677
81 1.2922956943511963
82 0.43076521158218384
83 0.0
84 0.0
85 0.0
86 0.8615304231643677
87 3.4461216926574707
88 0.43076521158218384
89 3.4461216926574707
90 0.0
91 0.0
92 0.0
93 0.8615304231643677
94 0.0
95 0.0
96 0.0
97 3.0153565406799316
98 2.1538259983062744
99 0.0
100 0.0
101 0.0
102 0.0
103 0.0
104 0.0
105 4.307651996612549
106 0.0
107 2.5845913887023926
108 6.030713081359863
109 0.0
110 2.1538262367248535
111 0.0
112 0.43076521158218384
113 0.8615304231643677
114 0.8615304231643677
115 0.0
116 0.0
117 0.0
118 2.1538262367248535
119 0.8615304231643677
120 4.307651996612549
121 0.0
122 0.43076521158218384
123 0.43076521158218384
124 0.0
125 0.0
126 0.0
127 0.0
128 0.0
129 0.0
130 0.0
131 3.4461216926574707
132 0.8615304231643677
133 0.8615304231643677
134 0.0
135 0.0
136 2.5845913887023926
137 3.0153565406799316
138 0.8615304231643677
139 1.7230608463287354
140 0.0
141 1.7230608463287354
142 0.0
143 0.43076521158218384
144 0.0
145 1.2922956943511963
146 5.169182300567627
147 4.307652473449707
148 8.615303993225098
149 9.907600402832031
150 3.4461216926574707
151 0.0
152 0.8615304231643677
153 0.0
154 0.0
155 0.0
156 1.7230608463287354
157 0.0
158 0.0
159 0.0
160 0.0
161 0.0
162 0.0
163 0.8615304231643677
164 1.2922956943511963
165 0.8615304231643677
166 0.0
167 0.43076521158218384
168 16.36907958984375
169 0.0
170 0.0
171 0.0
172 0.0
173 1.2922956943511963
174 0.0
175 2.5845913887023926
176 1.7230608463287354
177 0.0
178 0.0
179 0.0
180 0.0
181 0.0
182 0.0
183 3.4461216926574707
184 12.922956466674805
185 2.1538259983062744
186 3.8768868446350098
187 0.43076521158218384
188 1.2922956943511963
189 0.0
190 0.0
191 0.0
192 0.0
193 3.4461216926574707
194 0.43076521158218384
195 0.0
196 1.2922956943511963
197 0.0
198 0.43076521158218384
199 0.0
200 3.0153565406799316
201 0.43076521158218384
202 0.8615304231643677
203 1.7230608463287354
204 6.892243385314941
205 1.2922956943511963
206 1.2922956943511963
207 0.43076521158218384
208 0.0
209 1.2922956943511963
210 0.0
211 10.769129753112793
212 0.0
213 0.8615304231643677
214 0.8615304231643677
215 11.199895858764648
216 13.784486770629883
217 3.876887083053589
218 0.0
219 0.0
220 0.0
221 0.0
222 2.5845913887023926
223 3.0153563022613525
224 2.1538262367248535
225 0.8615304231643677
226 0.8615304231643677
227 1.7230608463287354
228 0.0
229 3.4461216926574707
230 0.8615304231643677
231 0.0
232 0.43076521158218384
233 0.0
234 0.8615304231643677
235 1.7230608463287354
236 3.8768868446350098
237 2.1538259983062744
238 0.0
239 15.507547378540039
240 0.0
241 1.2922956943511963
242 0.0
243 1.2922956943511963
244 0.8615304231643677
245 0.43076521158218384
246 0.0
247 0.0
248 0.0
249 2.1538259983062744
250 0.8615304231643677
251 0.0
252 1.7230608463287354
253 0.0
254 0.0
255 1.2922956943511963
256 0.0
257 2.1538262367248535
258 0.0
259 4.307651996612549
260 0.8615304231643677
261 1.2922956943511963
262 1.2922956943511963
263 0.43076521158218384
264 0.43076521158218384
265 8.184538841247559
266 1.2922956943511963
267 1.7230608463287354
268 8.184538841247559
269 1.2922956943511963
270 0.0
271 0.0
272 6.030713081359863
273 8.615304946899414
274 0.8615304231643677
275 2.1538259983062744
276 0.0
277 0.43076521158218384
278 0.8615304231643677
279 1.7230608463287354
280 0.0
281 1.2922956943511963
282 10.76913070678711
283 1.2922956943511963
284 0.0
285 0.0
286 0.0
287 0.0
288 0.0
289 1.2922956943511963
290 0.0
291 0.8615304231643677
292 0.0
293 0.0
294 1.7230608463287354
295 0.0
296 0.0
297 3.0153565406799316
298 0.0
299 0.0
300 5.599947452545166
301 16.799842834472656
302 20.24596405029297
303 0.43076521158218384
304 0.0
305 1.2922956943511963
306 0.8615304231643677
307 0.0
308 0.0
309 0.0
310 0.0
311 0.0
312 9.046069145202637
313 0.0
314 0.0
315 0.8615304231643677
316 0.8615304231643677
317 0.0
318 0.0
319 2.1538262367248535
320 0.0
321 4.738417148590088
322 0.0
323 1.2922956943511963
324 0.0
325 0.8615304231643677
326 3.8768868446350098
327 2.1538259983062744
328 0.43076521158218384
329 1.2922956943511963
330 1.7230608463287354
331 0.43076521158218384
332 0.8615304231643677
333 0.0
334 0.43076521158218384
335 0.0
336 0.0
337 1.7230608463287354
338 0.8615304231643677
339 0.0
340 9.907600402832031
341 0.0
342 0.0
343 0.8615304231643677
344 0.0
345 0.0
346 1.2922956943511963
347 0.0
348 0.0
349 0.0
350 0.0
351 0.0
352 7.7537736892700195
353 0.0
354 0.0
355 0.0
356 0.0
357 2.1538259983062744
358 0.8615304231643677
359 6.892243385314941
360 0.43076521158218384
361 0.0
362 0.0
363 1.2922956943511963
364 1.7230608463287354
365 0.0
366 2.1538262367248535
367 0.0
368 7.7537736892700195
369 0.0
370 0.43076521158218384
371 0.8615304231643677
372 1.7230608463287354
373 0.43076521158218384
374 0.0
375 0.43076521158218384
376 0.0
377 0.0
378 3.4461216926574707
379 2.1538259983062744
380 0.0
381 11.630660057067871
382 0.0
383 0.0
384 0.0
385 0.0
386 0.0
387 0.0
388 0.0
389 0.0
390 3.0153565406799316
391 0.43076521158218384
392 0.0
393 0.8615304231643677
394 0.0
395 2.1538262367248535
396 0.0
397 2.1538259983062744
398 0.43076521158218384
399 5.599947929382324
400 7.7537736892700195
401 0.0
402 0.0
403 1.2922956943511963
404 0.0
405 0.0
406 0.43076521158218384
407 0.0
408 7.3230085372924805
409 0.8615304231643677
410 0.8615304231643677
411 0.0
412 0.0
413 0.8615304231643677
414 0.0
415 3.4461216926574707
416 0.43076521158218384
417 0.43076521158218384
418 3.4461216926574707
419 0.0
420 0.43076521158218384
421 20.24596405029297
422 0.0
423 0.43076521158218384
424 0.0
425 3.8768868446350098
426 0.8615304231643677
427 1.7230608463287354
428 2.5845913887023926
429 0.0
430 0.0
431 4.307652473449707
432 0.0
433 2.5845913887023926
434 0.8615304231643677
435 1.2922956943511963
436 0.0
437 0.0
438 0.0
439 1.2922956943511963
440 0.43076521158218384
441 0.0
442 0.0
443 0.0
444 2.5845911502838135
445 0.0
446 0.0
447 0.0
448 0.43076521158218384
449 1.7230608463287354
450 9.907599449157715
451 0.43076521158218384
452 2.5845913887023926
453 7.7537736892700195
454 1.7230608463287354
455 4.738417148590088
456 18.092138290405273
457 0.43076521158218384
458 0.0
459 0.0
460 0.0
461 0.0
462 19.81519889831543
463 0.0
464 0.43076521158218384
465 11.630661010742188
466 2.1538259983062744
467 0.0
468 2.1538259983062744
469 0.0
470 0.0
471 0.0
472 3.4461216926574707
473 0.0
474 0.0
475 0.8615304231643677
476 11.630661010742188
477 0.8615304231643677
478 0.0
479 0.43076521158218384
480 1.2922956943511963
481 0.43076521158218384
482 0.0
483 0.0
484 1.2922956943511963
485 0.0
486 0.0
487 9.046069145202637
488 0.0
489 1.2922956943511963
490 0.43076521158218384
491 0.0
492 0.0
493 0.0
494 0.43076521158218384
495 0.0
496 0.0
497 0.43076521158218384
498 1.2922956943511963
499 0.0
500 1.7230608463287354
501 0.0
502 1.2922956943511963
503 0.0
504 0.8615304231643677
505 0.0
506 10.33836555480957
507 1.7230608463287354
508 14.215251922607422
509 2.1538259983062744
510 5.169182777404785
511 1.2922956943511963
512 0.0
513 0.0
514 0.0
515 0.43076521158218384
516 0.43076521158218384
517 0.0
518 0.0
519 1.7230608463287354
520 0.0
521 0.0
522 0.0
523 1.7230608463287354
524 6.892243385314941
525 0.43076521158218384
526 1.2922956943511963
527 1.7230608463287354
528 0.0
529 0.8615304231643677
530 0.0
531 3.4461216926574707
532 2.1538262367248535
533 11.199895858764648
534 0.43076521158218384
535 0.0
536 0.0
537 4.307651996612549
538 1.7230608463287354
539 7.7537736892700195
540 0.0
541 0.43076521158218384
542 0.43076521158218384
543 0.43076521158218384
544 0.43076521158218384
545 0.43076521158218384
546 0.0
547 2.1538259983062744
548 0.0
549 0.0
550 4.738417625427246
551 0.0
552 0.43076521158218384
553 0.0
554 0.8615304231643677
555 0.43076521158218384
556 0.43076521158218384
557 4.307651996612549
558 0.0
559 0.0
560 4.738417148590088
561 1.2922956943511963
562 0.43076521158218384
563 15.0767822265625
564 12.06142520904541
565 0.8615304231643677
566 0.0
567 0.43076521158218384
568 0.43076521158218384
569 0.43076521158218384
570 0.0
571 0.43076521158218384
572 0.8615304231643677
573 0.0
574 0.8615304231643677
575 0.0
576 3.8768868446350098
577 0.0
578 0.8615304231643677
579 0.8615304231643677
580 0.0
581 1.2922956943511963
582 1.2922956943511963
583 1.7230608463287354
584 1.2922956943511963
585 0.0
586 0.0
587 0.0
588 0.0
589 0.0
590 0.0
591 0.0
592 0.0
593 2.1538259983062744
594 9.476835250854492
595 0.0
596 0.0
597 0.0
598 2.1538259983062744
599 0.43076521158218384
600 0.0
601 2.5845911502838135
602 0.0
603 0.0
604 0.0
605 0.0
606 0.0
607 1.7230608463287354
608 1.2922956943511963
609 0.43076521158218384
610 0.0
611 3.4461216926574707
612 0.8615304231643677
613 3.4461216926574707
614 5.599947929382324
615 0.0
616 0.0
617 0.0
618 0.0
619 0.0
620 6.030713081359863
621 0.0
622 0.0
623 3.4461216926574707
624 0.0
625 0.0
626 0.0
627 0.0
628 2.1538262367248535
629 1.7230608463287354
630 12.922956466674805
631 1.7230608463287354
632 0.0
633 9.046069145202637
634 0.0
635 3.4461216926574707
636 0.43076521158218384
637 1.2922956943511963
638 0.43076521158218384
639 0.0
640 0.0
641 0.0
642 0.43076521158218384
643 0.0
644 0.0
645 0.43076521158218384
646 0.43076521158218384
647 0.8615304231643677
648 0.0
649 1.2922956943511963
650 3.8768868446350098
651 0.8615304231643677
652 1.2922956943511963
653 0.8615304231643677
654 0.8615304231643677
655 0.43076521158218384
656 2.1538262367248535
657 0.0
658 1.2922956943511963
659 0.8615304231643677
660 0.0
661 9.046070098876953
662 0.0
663 1.7230608463287354
664 0.8615304231643677
665 0.43076521158218384
666 0.0
667 0.0
668 0.43076521158218384
669 0.8615304231643677
670 1.7230608463287354
671 0.43076521158218384
672 0.0
673 0.0
674 0.0
675 0.0
676 0.0
677 2.1538262367248535
678 0.0
679 0.0
680 0.8615304231643677
681 0.0
682 0.0
683 0.0
684 0.43076521158218384
685 0.0
686 0.0
687 9.907600402832031
688 0.0
689 0.0
690 1.2922956943511963
691 2.1538262367248535
692 0.0
693 0.0
694 0.0
695 2.1538259983062744
696 7.3230085372924805
697 0.0
698 0.0
699 0.0
700 3.4461216926574707
701 0.8615304231643677
702 0.0
703 0.0
704 2.5845913887023926
705 7.3230085372924805
706 0.0
707 1.2922956943511963
708 0.0
709 2.1538262367248535
710 0.43076521158218384
711 0.0
712 0.0
713 0.0
714 0.0
715 0.0
716 0.0
717 0.0
718 0.8615304231643677
719 11.199895858764648
720 0.43076521158218384
721 0.0
722 0.43076521158218384
723 0.0
724 0.8615304231643677
725 0.0
726 0.0
727 0.0
728 1.2922956943511963
729 0.0
730 0.0
731 0.0
732 0.0
733 0.43076521158218384
734 0.0
735 0.0
736 1.2922956943511963
737 0.43076521158218384
738 5.169182777404785
739 0.8615304231643677
740 15.0767822265625
741 6.030713081359863
742 18.092140197753906
743 0.0
744 0.8615304231643677
745 0.0
746 0.0
747 0.0
748 0.0
749 2.5845911502838135
750 3.0153565406799316
751 0.0
752 0.43076521158218384
753 0.0
754 0.43076521158218384
755 0.43076521158218384
756 2.5845911502838135
757 0.0
758 0.8615304231643677
759 1.7230608463287354
760 1.7230608463287354
761 0.0
762 0.0
763 2.5845913887023926
764 5.169182777404785
765 10.769129753112793
766 0.0
767 3.0153565406799316
768 0.0
769 0.43076521158218384
770 0.43076521158218384
771 3.0153565406799316
772 0.0
773 0.0
774 0.0
775 0.0
776 1.2922956943511963
777 3.4461216926574707
778 0.0
779 0.0
780 2.5845913887023926
781 0.0
782 0.0
783 1.7230608463287354
784 0.0
785 0.0
786 0.8615304231643677
787 0.0
788 0.0
789 0.0
790 0.0
791 0.43076521158218384
792 1.7230608463287354
793 3.4461216926574707
794 0.0
795 0.0
796 0.0
797 1.2922956943511963
798 4.307652473449707
799 0.0
800 0.0
801 1.2922956943511963
802 0.43076521158218384
803 3.8768868446350098
804 0.0
805 0.0
806 1.7230608463287354
807 0.0
808 0.43076521158218384
809 1.2922956943511963
810 0.0
811 0.0
812 0.8615304231643677
813 0.0
814 0.0
815 0.0
816 0.8615304231643677
817 0.43076521158218384
818 9.907600402832031
819 0.0
820 0.0
821 0.8615304231643677
822 0.0
823 0.43076521158218384
824 0.0
825 0.0
826 0.0
827 8.184538841247559
828 0.0
829 0.0
830 0.43076521158218384
831 0.8615304231643677
832 0.0
833 0.0
834 0.0
835 0.0
836 6.030713081359863
837 1.2922956943511963
838 0.0
839 0.0
840 0.0
841 1.7230608463287354
842 0.43076521158218384
843 0.43076521158218384
844 3.0153565406799316
845 4.738417148590088
846 0.0
847 1.2922956943511963
848 0.0
849 0.0
850 0.0
851 0.0
852 8.615304946899414
853 0.0
854 3.876887083053589
855 0.0
856 0.8615304231643677
857 0.0
858 0.0
859 1.2922956943511963
860 2.1538259983062744
861 0.0
862 0.0
863 1.2922956943511963
864 1.2922956943511963
865 2.5845911502838135
866 0.0
867 0.0
868 2.1538262367248535
869 0.0
870 0.0
871 0.43076521158218384
872 0.43076521158218384
873 0.43076521158218384
874 3.0153565406799316
875 0.0
876 0.0
877 2.1538259983062744
878 0.0
879 0.0
880 0.0
881 0.0
882 0.43076521158218384
883 0.0
884 0.43076521158218384
885 4.307652473449707
886 0.0
887 2.1538259983062744
888 0.0
889 0.8615304231643677
890 0.0
891 0.0
892 0.8615304231643677
893 12.061426162719727
894 5.169182300567627
895 7.3230085372924805
896 8.615304946899414
897 16.36907958984375
898 0.0
899 0.43076521158218384
900 0.0
901 0.0
902 1.7230608463287354
903 0.43076521158218384
904 0.0
905 0.43076521158218384
906 2.5845911502838135
907 0.43076521158218384
908 0.8615304231643677
909 0.0
910 0.0
911 0.0
912 1.2922956943511963
913 0.43076521158218384
914 0.43076521158218384
915 1.2922956943511963
916 0.8615304231643677
917 0.43076521158218384
918 0.43076521158218384
919 7.3230085372924805
920 0.43076521158218384
921 0.0
922 0.43076521158218384
923 0.0
924 0.0
925 6.030713081359863
926 1.7230608463287354
927 0.0
928 7.7537736892700195
929 0.0
930 0.0
931 0.0
932 0.8615304231643677
933 1.7230608463287354
934 0.0
935 14.646017074584961
936 16.799842834472656
937 0.43076521158218384
938 0.0
939 1.2922956943511963
940 1.2922956943511963
941 0.8615304231643677
942 3.8768868446350098
943 2.1538262367248535
944 0.43076521158218384
945 0.43076521158218384
946 0.8615304231643677
947 7.7537736892700195
948 0.43076521158218384
949 0.0
950 0.8615304231643677
951 0.0
952 0.0
953 2.1538262367248535
954 0.0
955 0.0
956 0.0
957 0.0
958 1.2922956943511963
959 0.0
960 9.476834297180176
961 0.0
962 0.0
963 0.0
964 1.2922956943511963
965 7.7537736892700195
966 0.0
967 4.307651996612549
968 0.0
969 2.1538262367248535
970 0.43076521158218384
971 5.169182300567627
972 0.0
973 0.43076521158218384
974 0.0
975 0.43076521158218384
976 0.0
977 0.0
978 0.0
979 0.0
980 0.0
981 0.43076521158218384
982 0.43076521158218384
983 1.2922956943511963
984 4.738417148590088
985 0.0
986 0.0
987 0.0
988 7.7537736892700195
989 0.43076521158218384
990 1.2922956943511963
991 2.1538259983062744
992 0.8615304231643677
993 0.0
994 0.43076521158218384
995 0.43076521158218384
996 0.43076521158218384
997 0.0
998 0.0
999 11.630661010742188
1000 0.0
1001 0.0
1002 0.0
