# Selection:resname AU W ION Restricted:name AUC AUL AUSL Radius:2.64 Start:0 End:-1
0 333.4123229980469
1 336.4276428222656
2 87.01457977294922
3 92.18376922607422
4 125.783447265625
5 94.76836395263672
6 75.81468963623047
7 124.06038665771484
8 37.9073371887207
9 81.41462707519531
10 139.9987030029297
11 124.06037902832031
12 69.78396606445313
13 94.33759307861328
14 57.7225456237793
15 63.32249450683594
16 154.2139434814453
17 106.39900970458984
18 149.04476928710938
19 116.30661010742188
20 139.9987030029297
21 142.5832977294922
22 138.70639038085938
23 127.50651550292969
24 115.01431274414063
25 155.50625610351563
26 108.12207794189453
27 188.244384765625
28 161.9676971435547
29 188.6751708984375
30 138.275634765625
31 73.23008728027344
32 222.70559692382813
33 133.1064453125
34 165.84461975097656
35 155.0754852294922
36 97.78369903564453
37 168.42918395996094
38 45.66111373901367
39 43.93805694580078
40 99.50677490234375
41 139.9987030029297
42 119.75273132324219
43 132.67568969726563
44 104.24518585205078
45 101.66058349609375
46 155.50625610351563
47 108.5528335571289
48 227.4440460205078
49 146.8909454345703
50 165.84458923339844
51 154.21395874023438
52 55.99947738647461
53 148.61398315429688
54 131.38339233398438
55 133.53721618652344
56 117.16814422607422
57 180.0598602294922
58 140.86024475097656
59 94.33758544921875
60 156.79855346679688
61 99.07599639892578
62 144.7371368408203
63 181.35214233398438
64 168.85997009277344
65 173.59841918945313
66 110.2759017944336
67 96.49140167236328
68 54.27641677856445
69 172.7368621826172
70 123.62963104248047
71 110.70667266845703
72 104.24517059326172
73 262.33599853515625
74 144.3063507080078
75 130.52186584472656
76 130.09109497070313
77 69.78396606445313
78 102.5221176147461
79 57.291778564453125
80 125.78343963623047
81 229.59786987304688
82 161.53697204589844
83 148.61399841308594
84 139.99871826171875
85 126.21421813964844
86 182.21368408203125
87 171.87533569335938
88 136.12181091308594
89 220.12103271484375
90 161.10618591308594
91 187.81362915039063
92 96.06063842773438
93 100.36829376220703
94 75.3839111328125
95 85.2915267944336
96 113.72201538085938
97 144.7371063232422
98 144.3063507080078
99 239.50546264648438
100 144.30636596679688
101 106.82978057861328
102 104.67594146728516
103 149.47552490234375
104 177.4752655029297
105 192.1212921142578
106 223.56715393066406
107 94.33759307861328
108 157.22930908203125
109 124.49114990234375
110 93.90680694580078
111 144.73712158203125
112 141.7217559814453
113 157.2292938232422
114 77.96849822998047
115 167.1368865966797
116 150.767822265625
117 177.90603637695313
118 114.58355712890625
119 68.92243194580078
120 117.16815185546875
121 163.260009765625
122 150.33706665039063
123 198.582763671875
124 114.15277862548828
125 124.06037139892578
126 149.4755401611328
127 95.1991195678711
128 107.69131469726563
129 142.1525115966797
130 182.21368408203125
131 167.99844360351563
132 183.07522583007813
133 134.82952880859375
134 111.13744354248047
135 46.09187698364258
136 67.19937896728516
137 145.1678924560547
138 162.3984832763672
139 141.29098510742188
140 151.62936401367188
141 111.1374282836914
142 222.2748565673828
143 229.59783935546875
144 173.16758728027344
145 200.73660278320313
146 183.0751953125
147 83.1376953125
148 67.19937896728516
149 139.9987030029297
150 117.16813659667969
151 133.1064453125
152 83.56845092773438
153 50.39952850341797
154 104.67595672607422
155 156.36776733398438
156 113.291259765625
157 76.24545288085938
158 146.89093017578125
159 128.3680419921875
160 144.7371063232422
161 115.01431274414063
162 199.44430541992188
163 136.121826171875
164 115.87583923339844
165 169.29071044921875
166 106.82976531982422
167 104.67595672607422
168 88.73764038085938
169 138.70640563964844
170 141.72177124023438
171 108.98359680175781
172 106.39900207519531
173 69.78396606445313
174 60.73789978027344
175 81.41462707519531
176 95.19911193847656
177 91.32221984863281
178 102.52212524414063
179 96.49140930175781
180 115.01431274414063
181 86.1530532836914
182 107.26054382324219
183 105.10671997070313
184 119.75271606445313
185 240.79776000976563
186 83.5684585571289
187 167.99842834472656
188 142.1525115966797
189 68.06090545654297
190 85.72227478027344
191 127.9372787475586
192 100.799072265625
193 78.83003234863281
194 91.75299072265625
195 163.26004028320313
196 203.32119750976563
197 182.6444549560547
198 139.99871826171875
199 143.44480895996094
200 87.4453353881836
201 113.291259765625
202 176.18296813964844
203 102.95289611816406
204 89.16841125488281
205 105.96824645996094
206 174.45989990234375
207 155.93699645996094
208 128.79881286621094
209 127.50650787353516
210 202.0288848876953
211 129.2295684814453
212 139.56793212890625
213 126.21421813964844
214 42.645755767822266
215 111.56818389892578
216 149.04476928710938
217 76.67620086669922
218 114.58354949951172
219 100.799072265625
220 98.21446990966797
221 110.7066650390625
222 133.1064453125
223 169.7215118408203
224 166.70614624023438
225 184.79827880859375
226 195.13665771484375
227 144.7371063232422
228 222.27487182617188
229 87.87610626220703
230 126.64496612548828
231 58.1533088684082
232 103.81441497802734
233 110.70665740966797
234 180.49061584472656
235 177.90602111816406
236 90.89148712158203
237 104.67594146728516
238 101.2298355102539
239 92.61453247070313
240 163.26002502441406
241 116.73736572265625
242 141.29098510742188
243 93.04529571533203
244 82.70691680908203
245 232.18246459960938
246 63.753257751464844
247 103.38365936279297
248 91.75299072265625
249 47.384178161621094
250 99.50676727294922
251 142.5832977294922
252 93.90682220458984
253 75.38391876220703
254 82.27616119384766
255 57.7225456237793
256 122.76809692382813
257 143.44482421875
258 113.72200775146484
259 146.46017456054688
260 155.93701171875
261 119.75273132324219
262 106.82978057861328
263 219.69027709960938
264 82.70691680908203
265 106.39901733398438
266 180.05987548828125
267 105.53746795654297
268 178.33680725097656
269 136.98333740234375
270 151.19857788085938
271 150.3370819091797
272 93.4760513305664
273 131.38339233398438
274 145.16786193847656
275 97.35295104980469
276 187.3828582763672
277 174.8906707763672
278 143.01406860351563
279 66.76861572265625
280 152.06011962890625
281 112.86048889160156
282 162.39849853515625
283 190.39822387695313
284 99.50676727294922
285 136.12181091308594
286 124.92191314697266
287 54.707183837890625
288 78.3992691040039
289 81.84539031982422
290 114.15278625488281
291 149.90631103515625
292 128.79881286621094
293 163.26002502441406
294 194.70587158203125
295 196.85972595214844
296 171.0137939453125
297 201.59812927246094
298 112.42973327636719
299 70.21473693847656
300 99.50677490234375
301 201.1673583984375
302 224.4287109375
303 145.16787719726563
304 96.49140930175781
305 147.32171630859375
306 119.32196044921875
307 198.15199279785156
308 78.3992691040039
309 133.1064453125
310 146.0294189453125
311 231.32093811035156
312 89.16841888427734
313 82.7069320678711
314 108.98361206054688
315 219.69027709960938
316 106.39901733398438
317 132.24493408203125
318 200.30581665039063
319 183.93673706054688
320 126.64497375488281
321 76.24543762207031
322 167.1369171142578
323 88.30686950683594
324 206.3365478515625
325 146.89093017578125
326 81.41463470458984
327 224.42872619628906
328 161.53695678710938
329 167.99842834472656
330 167.99842834472656
331 192.9828338623047
332 129.66033935546875
333 142.5832977294922
334 145.1678924560547
335 166.27537536621094
336 144.30633544921875
337 187.3828887939453
338 139.56793212890625
339 98.6452407836914
340 180.49063110351563
341 161.106201171875
342 136.9833526611328
343 192.9827880859375
344 171.87530517578125
345 114.15277862548828
346 170.1522674560547
347 213.22877502441406
348 119.75274658203125
349 154.64471435546875
350 126.21420288085938
351 168.85997009277344
352 88.73764038085938
353 120.18348693847656
354 125.35269165039063
355 97.3529281616211
356 144.3063507080078
357 129.2295684814453
358 124.49115753173828
359 138.27561950683594
360 167.99844360351563
361 116.73737335205078
362 152.49087524414063
363 135.69105529785156
364 198.58277893066406
365 139.5679473876953
366 99.93753051757813
367 183.07522583007813
368 90.89147186279297
369 123.19886016845703
370 123.19884490966797
371 82.70691680908203
372 99.07600402832031
373 118.4604263305664
374 93.90682983398438
375 133.53721618652344
376 136.121826171875
377 152.0601043701172
378 166.70614624023438
379 184.36752319335938
380 222.27484130859375
381 223.99790954589844
382 129.6603240966797
383 156.36776733398438
384 200.3058319091797
385 183.50601196289063
386 208.92115783691406
387 118.46043395996094
388 103.38365936279297
389 201.59812927246094
390 193.84432983398438
391 224.42868041992188
392 251.56687927246094
393 77.5377426147461
394 184.36752319335938
395 250.70535278320313
396 200.3058624267578
397 188.24440002441406
398 151.1986083984375
399 183.50599670410156
400 158.09085083007813
401 164.12155151367188
402 122.33731842041016
403 146.02940368652344
404 124.49114990234375
405 122.33732604980469
406 90.46070098876953
407 140.8602294921875
408 130.09109497070313
409 211.07498168945313
410 90.02992248535156
411 107.26055145263672
412 173.16761779785156
413 145.59864807128906
414 158.5216064453125
415 156.36778259277344
416 192.1212921142578
417 186.090576171875
418 96.06063842773438
419 194.70587158203125
420 224.8594207763672
421 192.55203247070313
422 133.1064453125
423 163.26002502441406
424 134.39877319335938
425 149.90631103515625
426 143.44480895996094
427 193.8443603515625
428 223.9979248046875
429 166.70616149902344
430 131.3833770751953
431 143.8756103515625
432 79.69156646728516
433 143.44480895996094
434 55.999481201171875
435 63.32249450683594
436 78.83003234863281
437 180.92140197753906
438 93.4760513305664
439 76.67621612548828
440 116.73738098144531
441 98.64524841308594
442 219.259521484375
443 93.04529571533203
444 133.96798706054688
445 137.84487915039063
446 152.49090576171875
447 134.3987579345703
448 58.15330505371094
449 77.968505859375
450 144.30636596679688
451 122.76810455322266
452 141.72174072265625
453 62.03019332885742
454 185.6597900390625
455 120.18347930908203
456 180.4906463623047
457 184.3675079345703
458 99.07600402832031
459 86.58380889892578
460 154.64476013183594
461 168.42921447753906
462 134.8295135498047
463 193.41357421875
464 189.10592651367188
465 161.96771240234375
466 134.82952880859375
467 173.598388671875
468 131.81417846679688
469 86.15304565429688
470 167.13690185546875
471 51.26106262207031
472 176.1829833984375
473 111.99896240234375
474 177.4752960205078
475 162.3984832763672
476 121.47579956054688
477 199.0135040283203
478 124.92190551757813
479 113.291259765625
480 142.58328247070313
481 145.5986328125
482 180.49066162109375
483 119.75271606445313
484 125.78345489501953
485 117.59890747070313
486 212.36724853515625
487 172.73687744140625
488 148.61399841308594
489 197.7212677001953
490 177.47528076171875
491 152.92164611816406
492 149.9062957763672
493 189.10595703125
494 167.13690185546875
495 162.82925415039063
496 119.75272369384766
497 186.52133178710938
498 194.7058563232422
499 182.21368408203125
500 174.4599151611328
501 110.27589416503906
502 202.0288848876953
503 167.13690185546875
504 133.10646057128906
505 111.13742065429688
506 110.2759017944336
507 182.21368408203125
508 143.01405334472656
509 161.10618591308594
510 196.85971069335938
511 67.19937896728516
512 152.06011962890625
513 96.06065368652344
514 150.3370819091797
515 161.53697204589844
516 166.27536010742188
517 200.30584716796875
518 88.30687713623047
519 170.15225219726563
520 144.3063507080078
521 154.21392822265625
522 162.3984832763672
523 202.8904266357422
524 83.13768005371094
525 210.21343994140625
526 71.93778991699219
527 96.06063842773438
528 157.2293243408203
529 131.38340759277344
530 133.10646057128906
531 88.30686950683594
532 71.07625579833984
533 109.84513854980469
534 128.36802673339844
535 137.84487915039063
536 113.29125213623047
537 99.93753051757813
538 190.398193359375
539 208.921142578125
540 106.82978057861328
541 217.96719360351563
542 121.0450439453125
543 164.98309326171875
544 175.32144165039063
545 69.78397369384766
546 121.04503631591797
547 116.30661010742188
548 109.84513854980469
549 101.66058349609375
550 101.66059875488281
551 58.1533088684082
552 173.1676025390625
553 156.79855346679688
554 103.81441497802734
555 92.18376159667969
556 105.96824645996094
557 144.7371063232422
558 154.64471435546875
559 77.968505859375
560 144.30638122558594
561 195.13665771484375
562 139.1371612548828
563 107.26054382324219
564 164.5523223876953
565 113.72200775146484
566 120.18350219726563
567 192.5520477294922
568 163.26002502441406
569 153.35243225097656
570 111.56819915771484
571 62.46095657348633
572 76.67620849609375
573 70.21473693847656
574 90.0299301147461
575 65.04554748535156
576 12.492191314697266
577 143.44479370117188
578 99.07600402832031
579 52.9841194152832
580 87.4453353881836
581 136.5525665283203
582 93.90682983398438
583 118.46044158935547
584 59.876373291015625
585 189.53668212890625
586 62.8917236328125
587 239.50546264648438
588 96.0606460571289
589 47.38417434692383
590 126.64496612548828
591 102.52213287353516
592 89.16840362548828
593 196.42892456054688
594 112.8604965209961
595 136.98333740234375
596 115.01431274414063
597 88.30687713623047
598 116.3066177368164
599 166.70616149902344
600 149.0447540283203
601 108.98359680175781
602 192.1212921142578
603 207.6288299560547
604 119.32196807861328
605 70.21472930908203
606 152.92166137695313
607 122.76809692382813
608 125.78343963623047
609 186.09059143066406
610 223.13636779785156
611 293.7818908691406
612 215.3826141357422
613 187.81365966796875
614 219.25950622558594
615 148.614013671875
616 132.67568969726563
617 135.26028442382813
618 144.3063507080078
619 180.05987548828125
620 246.82846069335938
621 146.0294189453125
622 121.47579956054688
623 160.24465942382813
624 136.12181091308594
625 151.62936401367188
626 180.92138671875
627 56.43024444580078
628 181.78292846679688
629 96.06065368652344
630 147.7524871826172
631 90.46070861816406
632 245.53619384765625
633 115.44508361816406
634 138.275634765625
635 151.19859313964844
636 149.0447540283203
637 133.53721618652344
638 155.93702697753906
639 106.82976531982422
640 215.38259887695313
641 118.89120483398438
642 94.33758544921875
643 90.02993774414063
644 134.3987579345703
645 178.33680725097656
646 80.12232208251953
647 149.04476928710938
648 108.55284118652344
649 171.44456481933594
650 240.3669891357422
651 202.02890014648438
652 218.39797973632813
653 136.55258178710938
654 216.67489624023438
655 127.50650787353516
656 137.84487915039063
657 253.28994750976563
658 177.04449462890625
659 135.69105529785156
660 158.52159118652344
661 141.7217559814453
662 135.26028442382813
663 197.29046630859375
664 181.35215759277344
665 207.1980743408203
666 111.99896240234375
667 148.614013671875
668 190.39825439453125
669 132.24493408203125
670 172.3061065673828
671 184.36752319335938
672 156.7985382080078
673 110.27589416503906
674 124.0604019165039
675 61.599430084228516
676 65.0455551147461
677 142.58328247070313
678 146.8909454345703
679 136.12179565429688
680 205.4750213623047
681 180.05984497070313
682 203.75193786621094
683 234.33628845214844
684 205.04425048828125
685 213.22879028320313
686 131.8141632080078
687 147.3217010498047
688 184.79830932617188
689 134.3987579345703
690 86.58380889892578
691 214.5210723876953
692 156.36778259277344
693 141.29098510742188
694 125.3526840209961
695 120.61426544189453
696 183.50599670410156
697 121.90656280517578
698 186.52130126953125
699 180.49061584472656
700 163.6908416748047
701 124.92191314697266
702 94.76834106445313
703 72.79932403564453
704 199.01353454589844
705 179.62908935546875
706 197.72122192382813
707 150.33705139160156
708 198.15199279785156
709 198.15203857421875
710 94.76834869384766
711 147.7524871826172
712 121.47579193115234
713 123.62960815429688
714 130.95263671875
715 278.7051086425781
716 165.84461975097656
717 203.3212127685547
718 164.9830780029297
719 155.50625610351563
720 141.29100036621094
721 156.36776733398438
722 147.32171630859375
723 208.921142578125
724 210.64418029785156
725 148.614013671875
726 263.1975402832031
727 143.87559509277344
728 173.598388671875
729 200.3058319091797
730 230.0286407470703
731 121.90655517578125
732 134.3987579345703
733 154.64474487304688
734 64.18402099609375
735 199.0135498046875
736 140.42945861816406
737 120.61426544189453
738 115.44508361816406
739 150.76783752441406
740 58.15330123901367
741 118.46044158935547
742 102.09135437011719
743 143.01405334472656
744 195.99819946289063
745 109.84513092041016
746 62.460960388183594
747 238.64395141601563
748 175.32144165039063
749 224.85943603515625
750 165.41384887695313
751 136.5525665283203
752 206.3365478515625
753 116.73738098144531
754 80.55309295654297
755 143.44480895996094
756 156.36776733398438
757 110.70667266845703
758 121.90655517578125
759 187.38287353515625
760 130.95262145996094
761 192.98281860351563
762 112.86048889160156
763 106.39900207519531
764 107.6913070678711
765 100.79906463623047
766 135.26028442382813
767 82.7069320678711
768 144.73712158203125
769 261.9052734375
770 136.121826171875
771 73.23009490966797
772 101.66059112548828
773 155.50625610351563
774 83.99920654296875
775 122.33732604980469
776 129.2295684814453
777 164.55230712890625
778 120.61425018310547
779 195.99818420410156
780 145.5986785888672
781 158.09085083007813
782 176.61376953125
783 120.61427307128906
784 140.8602294921875
785 163.2600555419922
786 155.50625610351563
787 71.93778991699219
788 233.47476196289063
789 255.8745574951172
790 174.02915954589844
791 157.2293243408203
792 187.3828887939453
793 97.35294342041016
794 220.98255920410156
795 167.99844360351563
796 143.44482421875
797 80.9838638305664
798 230.89016723632813
799 133.5372314453125
800 186.5213165283203
801 138.7064208984375
802 115.0143051147461
803 108.55284881591797
804 203.75196838378906
805 165.84461975097656
806 152.49090576171875
807 199.4442901611328
808 202.8904266357422
809 244.24388122558594
810 181.35214233398438
811 146.46017456054688
812 126.21421813964844
813 152.92166137695313
814 182.6444854736328
815 150.76785278320313
816 170.1522674560547
817 230.02862548828125
818 171.444580078125
819 130.52186584472656
820 185.2290496826172
821 102.52213287353516
822 141.291015625
823 124.06037902832031
824 96.92216491699219
825 96.06065368652344
826 159.38314819335938
827 144.7371063232422
828 126.64497375488281
829 199.44432067871094
830 146.8909454345703
831 172.3060760498047
832 105.5374755859375
833 178.767578125
834 154.21395874023438
835 124.92192077636719
836 158.09083557128906
837 84.42998504638672
838 84.42999267578125
839 92.61451721191406
840 124.06037139892578
841 127.93728637695313
842 91.75299835205078
843 117.16814422607422
844 63.75325393676758
845 58.15330123901367
846 110.27589416503906
847 167.13690185546875
848 111.13744354248047
849 108.55284881591797
850 168.42921447753906
851 50.830299377441406
852 102.5221176147461
853 176.61373901367188
854 194.2751007080078
855 112.86048889160156
856 103.38363647460938
857 110.27589416503906
858 73.66085052490234
859 120.61425018310547
860 145.16787719726563
861 69.78396606445313
862 87.87610626220703
863 144.73712158203125
864 62.03019332885742
865 64.18402099609375
866 112.42974090576172
867 170.1522674560547
868 121.0450210571289
869 61.599430084228516
870 133.53721618652344
871 205.90577697753906
872 195.99819946289063
873 146.46017456054688
874 120.61426544189453
875 180.92138671875
876 189.9674530029297
877 83.13768768310547
878 210.6442108154297
879 147.7524871826172
880 200.73660278320313
881 162.3985137939453
882 143.87559509277344
883 113.72201538085938
884 145.59864807128906
885 128.79879760742188
886 101.22982788085938
887 185.22906494140625
888 148.61399841308594
889 141.72177124023438
890 162.8292694091797
891 181.3521728515625
892 176.61375427246094
893 162.39849853515625
894 126.2142105102539
895 83.56846618652344
896 202.8904266357422
897 176.6137237548828
898 248.12075805664063
899 169.72149658203125
900 110.27589416503906
901 138.70639038085938
902 139.56790161132813
903 243.38233947753906
904 271.8128662109375
905 117.59891510009766
906 93.90682220458984
907 157.66006469726563
908 101.22982025146484
909 173.59835815429688
910 223.9979248046875
911 206.33653259277344
912 115.8758544921875
913 115.87584686279297
914 114.58354187011719
915 215.38262939453125
916 167.5676727294922
917 110.70665740966797
918 191.25973510742188
919 135.26028442382813
920 105.9682388305664
921 143.87557983398438
922 132.24493408203125
923 235.6285858154297
924 89.16840362548828
925 230.0286102294922
926 53.41489028930664
927 76.67620849609375
928 73.2300796508789
929 149.9062957763672
930 111.13742065429688
931 169.2907257080078
932 155.50624084472656
933 112.86048889160156
934 106.39900970458984
935 198.58277893066406
936 145.16790771484375
937 214.95184326171875
938 178.33680725097656
939 112.86048126220703
940 136.121826171875
941 181.78292846679688
942 90.460693359375
943 157.6600799560547
944 237.35162353515625
945 118.02967834472656
946 228.30555725097656
947 181.782958984375
948 180.05984497070313
949 142.5832977294922
950 203.75193786621094
951 100.3682861328125
952 96.0606460571289
953 234.33627319335938
954 130.95262145996094
955 161.9677276611328
956 223.1363525390625
957 127.93727111816406
958 156.79852294921875
959 138.27565002441406
960 127.5064926147461
961 148.18324279785156
962 153.78317260742188
963 134.82952880859375
964 115.01431274414063
965 136.12181091308594
966 202.45965576171875
967 65.90708923339844
968 141.29098510742188
969 221.41334533691406
970 199.8750762939453
971 114.15278625488281
972 148.18324279785156
973 145.5986328125
974 210.2134246826172
975 231.3208770751953
976 47.384178161621094
977 199.87506103515625
978 121.04502868652344
979 158.09083557128906
980 180.49063110351563
981 161.53695678710938
982 182.64447021484375
983 179.19833374023438
984 178.33676147460938
985 110.70668029785156
986 213.65953063964844
987 157.66006469726563
988 164.55233764648438
989 166.7061309814453
990 182.21368408203125
991 106.82976531982422
992 144.73712158203125
993 174.4599151611328
994 161.53697204589844
995 131.38339233398438
996 116.73738098144531
997 208.49037170410156
998 139.9987030029297
999 152.0601348876953
1000 133.53721618652344
1001 156.36776733398438
1002 156.36776733398438
