# Selection 1:name C1A D2A C3A C4A C1B C2B C3B C4B Selection 2:name AUC AUSL AUL Cutoff:8 Start:0 End:-1
0 0
1 0
2 36
3 28
4 33
5 29
6 23
7 30
8 20
9 28
10 30
11 27
12 31
13 23
14 25
15 29
16 37
17 29
18 39
19 32
20 36
21 28
22 29
23 34
24 25
25 32
26 31
27 41
28 33
29 36
30 35
31 26
32 41
33 26
34 37
35 38
36 34
37 37
38 27
39 19
40 41
41 34
42 32
43 33
44 34
45 29
46 31
47 27
48 38
49 31
50 36
51 29
52 25
53 28
54 30
55 33
56 27
57 33
58 32
59 34
60 33
61 25
62 30
63 33
64 37
65 36
66 37
67 33
68 21
69 38
70 32
71 31
72 31
73 44
74 31
75 39
76 36
77 25
78 33
79 27
80 27
81 40
82 41
83 32
84 34
85 29
86 34
87 32
88 37
89 39
90 34
91 34
92 33
93 25
94 34
95 23
96 33
97 34
98 31
99 36
100 40
101 25
102 37
103 34
104 38
105 33
106 33
107 29
108 38
109 24
110 29
111 32
112 32
113 36
114 41
115 34
116 33
117 35
118 30
119 29
120 27
121 39
122 35
123 35
124 35
125 34
126 40
127 33
128 34
129 37
130 29
131 36
132 38
133 29
134 37
135 24
136 32
137 31
138 33
139 30
140 31
141 35
142 48
143 38
144 38
145 37
146 33
147 22
148 27
149 36
150 33
151 34
152 26
153 23
154 30
155 32
156 34
157 22
158 29
159 34
160 29
161 32
162 37
163 32
164 30
165 30
166 30
167 29
168 33
169 31
170 39
171 27
172 30
173 22
174 25
175 26
176 30
177 31
178 33
179 29
180 37
181 27
182 31
183 28
184 27
185 42
186 29
187 37
188 34
189 23
190 34
191 34
192 31
193 30
194 36
195 34
196 35
197 36
198 29
199 32
200 31
201 38
202 26
203 28
204 32
205 35
206 42
207 37
208 41
209 36
210 35
211 36
212 33
213 35
214 22
215 30
216 29
217 27
218 30
219 31
220 30
221 30
222 37
223 37
224 35
225 42
226 29
227 32
228 40
229 29
230 28
231 31
232 24
233 32
234 39
235 28
236 35
237 37
238 25
239 37
240 31
241 28
242 25
243 27
244 33
245 41
246 29
247 28
248 26
249 27
250 31
251 31
252 34
253 28
254 34
255 29
256 25
257 34
258 36
259 34
260 32
261 33
262 35
263 44
264 30
265 31
266 35
267 25
268 32
269 35
270 30
271 31
272 23
273 33
274 36
275 31
276 29
277 35
278 34
279 25
280 31
281 26
282 33
283 38
284 29
285 34
286 33
287 24
288 25
289 36
290 33
291 33
292 40
293 32
294 34
295 32
296 31
297 33
298 22
299 26
300 29
301 38
302 44
303 29
304 28
305 38
306 31
307 36
308 27
309 37
310 40
311 38
312 27
313 34
314 32
315 38
316 22
317 30
318 37
319 36
320 32
321 29
322 32
323 33
324 41
325 37
326 31
327 41
328 32
329 35
330 36
331 39
332 37
333 34
334 34
335 31
336 27
337 37
338 36
339 28
340 35
341 32
342 28
343 32
344 29
345 29
346 34
347 40
348 32
349 31
350 34
351 27
352 26
353 29
354 35
355 31
356 31
357 34
358 37
359 36
360 37
361 36
362 29
363 38
364 37
365 28
366 35
367 38
368 24
369 30
370 35
371 28
372 22
373 29
374 30
375 30
376 30
377 37
378 29
379 39
380 36
381 39
382 29
383 30
384 28
385 33
386 33
387 32
388 31
389 37
390 35
391 40
392 41
393 28
394 40
395 38
396 33
397 33
398 27
399 25
400 34
401 32
402 32
403 38
404 31
405 27
406 29
407 27
408 37
409 37
410 31
411 29
412 35
413 30
414 31
415 30
416 36
417 36
418 35
419 37
420 35
421 29
422 33
423 28
424 34
425 35
426 31
427 37
428 35
429 30
430 30
431 34
432 30
433 35
434 21
435 36
436 29
437 41
438 29
439 24
440 32
441 29
442 41
443 33
444 31
445 34
446 34
447 31
448 28
449 26
450 37
451 31
452 36
453 26
454 33
455 40
456 36
457 34
458 26
459 26
460 28
461 32
462 38
463 40
464 39
465 29
466 32
467 32
468 30
469 36
470 35
471 24
472 39
473 29
474 38
475 30
476 36
477 33
478 31
479 27
480 35
481 28
482 40
483 33
484 31
485 35
486 42
487 37
488 37
489 35
490 31
491 31
492 34
493 39
494 37
495 35
496 23
497 36
498 38
499 31
500 35
501 31
502 34
503 28
504 29
505 29
506 28
507 35
508 34
509 25
510 37
511 25
512 28
513 28
514 31
515 34
516 36
517 32
518 32
519 31
520 36
521 39
522 35
523 40
524 30
525 37
526 29
527 35
528 31
529 29
530 32
531 31
532 29
533 30
534 35
535 29
536 35
537 36
538 33
539 42
540 27
541 37
542 29
543 39
544 35
545 27
546 28
547 30
548 30
549 39
550 31
551 26
552 35
553 38
554 35
555 37
556 27
557 37
558 34
559 35
560 37
561 30
562 40
563 30
564 30
565 39
566 29
567 36
568 37
569 40
570 30
571 26
572 25
573 31
574 27
575 22
576 20
577 35
578 31
579 28
580 30
581 35
582 28
583 28
584 35
585 39
586 25
587 37
588 34
589 22
590 32
591 30
592 33
593 41
594 32
595 33
596 31
597 34
598 35
599 38
600 35
601 26
602 37
603 30
604 36
605 30
606 31
607 38
608 23
609 30
610 40
611 40
612 34
613 35
614 32
615 27
616 31
617 34
618 30
619 33
620 43
621 32
622 30
623 29
624 34
625 36
626 36
627 21
628 36
629 32
630 33
631 32
632 35
633 36
634 32
635 35
636 35
637 38
638 34
639 30
640 29
641 26
642 32
643 30
644 33
645 33
646 30
647 31
648 35
649 29
650 37
651 32
652 40
653 34
654 30
655 28
656 40
657 40
658 31
659 33
660 31
661 31
662 27
663 35
664 33
665 34
666 31
667 26
668 37
669 28
670 34
671 34
672 29
673 35
674 32
675 28
676 22
677 28
678 36
679 38
680 34
681 33
682 35
683 50
684 40
685 43
686 35
687 30
688 34
689 36
690 25
691 39
692 37
693 36
694 33
695 29
696 34
697 26
698 35
699 42
700 32
701 24
702 30
703 33
704 33
705 30
706 39
707 28
708 34
709 33
710 29
711 29
712 38
713 31
714 28
715 41
716 41
717 34
718 31
719 36
720 39
721 32
722 31
723 38
724 36
725 30
726 37
727 36
728 35
729 33
730 32
731 30
732 28
733 32
734 32
735 31
736 41
737 31
738 40
739 36
740 26
741 32
742 35
743 34
744 31
745 38
746 25
747 34
748 31
749 32
750 37
751 28
752 36
753 33
754 27
755 38
756 36
757 29
758 29
759 39
760 31
761 42
762 32
763 35
764 31
765 26
766 30
767 28
768 41
769 43
770 32
771 26
772 29
773 33
774 28
775 29
776 28
777 37
778 33
779 35
780 29
781 35
782 37
783 38
784 28
785 39
786 27
787 23
788 37
789 34
790 33
791 35
792 28
793 30
794 38
795 30
796 31
797 38
798 37
799 34
800 36
801 28
802 33
803 34
804 36
805 36
806 28
807 40
808 33
809 37
810 41
811 32
812 36
813 37
814 37
815 37
816 29
817 42
818 36
819 35
820 30
821 35
822 39
823 26
824 29
825 24
826 34
827 34
828 30
829 30
830 34
831 35
832 27
833 32
834 32
835 31
836 36
837 32
838 30
839 24
840 35
841 36
842 31
843 31
844 25
845 27
846 34
847 36
848 31
849 29
850 40
851 26
852 28
853 34
854 34
855 29
856 42
857 30
858 24
859 34
860 34
861 32
862 29
863 38
864 28
865 24
866 29
867 41
868 28
869 25
870 35
871 33
872 39
873 31
874 28
875 37
876 33
877 31
878 36
879 32
880 34
881 32
882 31
883 32
884 34
885 29
886 28
887 39
888 31
889 35
890 35
891 35
892 39
893 36
894 31
895 29
896 34
897 39
898 41
899 31
900 31
901 31
902 33
903 35
904 37
905 26
906 32
907 39
908 28
909 34
910 37
911 36
912 30
913 29
914 37
915 33
916 31
917 37
918 34
919 33
920 33
921 34
922 30
923 43
924 29
925 32
926 27
927 27
928 31
929 39
930 34
931 33
932 37
933 37
934 29
935 36
936 36
937 42
938 36
939 35
940 37
941 37
942 30
943 33
944 38
945 33
946 36
947 29
948 36
949 29
950 36
951 29
952 30
953 44
954 30
955 36
956 41
957 33
958 35
959 36
960 32
961 33
962 34
963 28
964 31
965 32
966 34
967 26
968 28
969 41
970 40
971 33
972 34
973 39
974 40
975 43
976 28
977 44
978 32
979 39
980 35
981 38
982 35
983 34
984 29
985 33
986 35
987 33
988 40
989 35
990 31
991 30
992 34
993 33
994 34
995 34
996 33
997 34
998 39
999 40
1000 38
1001 29
1002 29
