# Selection:resname AU W ION Restricted:name AUC AUL AUSL Radius:2.64 Start:0 End:-1
0 288.18194580078125
1 288.18194580078125
2 58.1533088684082
3 99.9375228881836
4 71.93779754638672
5 31.445858001708984
6 40.0611686706543
7 83.13768768310547
8 20.676729202270508
9 38.33810806274414
10 164.55230712890625
11 126.21421813964844
12 167.56765747070313
13 81.41462707519531
14 35.322750091552734
15 89.59916687011719
16 172.30609130859375
17 87.44534301757813
18 108.12207794189453
19 105.53748321533203
20 98.64523315429688
21 92.18376159667969
22 46.953407287597656
23 84.42998504638672
24 112.86048126220703
25 59.01483917236328
26 68.49166870117188
27 56.43024444580078
28 62.46095657348633
29 58.15330505371094
30 107.6913070678711
31 49.538002014160156
32 40.06116485595703
33 82.70691680908203
34 142.1525115966797
35 89.59915924072266
36 86.1530532836914
37 120.18350219726563
38 63.322486877441406
39 88.73764038085938
40 146.0294189453125
41 92.18374633789063
42 104.24519348144531
43 80.9838638305664
44 110.27588653564453
45 118.02967071533203
46 180.4906463623047
47 161.53695678710938
48 147.75247192382813
49 106.82976531982422
50 91.32222747802734
51 84.42996978759766
52 109.84513092041016
53 173.16761779785156
54 164.12156677246094
55 121.90655517578125
56 160.6754150390625
57 147.7524871826172
58 237.7824249267578
59 159.81390380859375
60 123.629638671875
61 133.96800231933594
62 140.4294891357422
63 128.79879760742188
64 71.50702667236328
65 46.52264404296875
66 78.83003234863281
67 144.30633544921875
68 79.26080322265625
69 111.56819915771484
70 68.92243957519531
71 53.41489028930664
72 70.64549255371094
73 109.84513092041016
74 164.12155151367188
75 97.78369903564453
76 67.19937133789063
77 86.15303802490234
78 141.7217559814453
79 158.09083557128906
80 87.8760986328125
81 183.50596618652344
82 141.72177124023438
83 175.752197265625
84 17.661373138427734
85 102.52212524414063
86 157.66006469726563
87 206.76731872558594
88 106.39900207519531
89 151.19862365722656
90 140.42945861816406
91 136.12181091308594
92 121.47579193115234
93 127.50651550292969
94 103.81441497802734
95 150.33706665039063
96 111.1374282836914
97 74.09162902832031
98 105.5374755859375
99 107.69131469726563
100 60.7379035949707
101 61.168663024902344
102 120.18350982666016
103 99.50677490234375
104 101.66060638427734
105 61.599422454833984
106 85.7222900390625
107 84.42999267578125
108 71.93778991699219
109 25.84591293334961
110 37.9073371887207
111 54.27642059326172
112 158.52159118652344
113 104.67595672607422
114 136.98333740234375
115 98.21446990966797
116 174.8907012939453
117 202.02886962890625
118 68.06090545654297
119 86.58380889892578
120 104.24518585205078
121 90.02993774414063
122 61.599430084228516
123 75.81468200683594
124 140.42945861816406
125 98.21446990966797
126 92.6145248413086
127 85.7222671508789
128 34.89198303222656
129 110.70664978027344
130 114.15279388427734
131 86.58381652832031
132 114.58354949951172
133 132.2449188232422
134 111.56818389892578
135 89.16840362548828
136 90.89146423339844
137 142.5832977294922
138 118.89120483398438
139 137.4141082763672
140 103.8144302368164
141 93.47606658935547
142 111.99895477294922
143 92.6145248413086
144 71.07626342773438
145 174.02914428710938
146 167.56765747070313
147 149.4755401611328
148 150.767822265625
149 157.2292938232422
150 99.93753814697266
151 138.70640563964844
152 143.44482421875
153 137.84487915039063
154 167.99844360351563
155 120.18351745605469
156 155.07546997070313
157 185.2290802001953
158 153.35243225097656
159 255.01300048828125
160 152.4908905029297
161 183.50596618652344
162 181.7829132080078
163 130.09109497070313
164 191.6905059814453
165 160.24465942382813
166 186.5213165283203
167 178.33677673339844
168 118.02967071533203
169 114.15277862548828
170 97.35294342041016
171 99.50675964355469
172 80.55309295654297
173 116.30661010742188
174 67.63014221191406
175 122.76809692382813
176 147.3217010498047
177 100.36829376220703
178 167.5677032470703
179 118.02967071533203
180 142.58328247070313
181 174.45994567871094
182 141.29100036621094
183 55.5687141418457
184 101.66058349609375
185 133.96798706054688
186 92.18375396728516
187 168.86000061035156
188 84.86074829101563
189 185.6598358154297
190 158.95236206054688
191 216.244140625
192 73.2300796508789
193 189.1059112548828
194 106.39899444580078
195 139.13717651367188
196 55.999481201171875
197 96.49141693115234
198 140.8602294921875
199 135.6910400390625
200 118.46043395996094
201 108.98361206054688
202 111.56819152832031
203 99.93753051757813
204 114.15278625488281
205 176.61373901367188
206 169.2907257080078
207 180.49066162109375
208 136.12179565429688
209 104.24520111083984
210 94.33757781982422
211 185.65980529785156
212 174.8906707763672
213 139.1371612548828
214 188.24441528320313
215 85.29151153564453
216 70.21472930908203
217 71.93779754638672
218 152.06011962890625
219 88.73764038085938
220 96.92218780517578
221 134.39874267578125
222 114.58354949951172
223 124.49114227294922
224 108.55282592773438
225 143.44482421875
226 165.413818359375
227 158.95236206054688
228 132.67568969726563
229 99.07599639892578
230 160.67544555664063
231 153.78317260742188
232 65.04553985595703
233 127.9372787475586
234 213.65957641601563
235 88.73764038085938
236 92.18376159667969
237 65.9070816040039
238 48.67646789550781
239 109.84513092041016
240 70.64549255371094
241 65.476318359375
242 223.13638305664063
243 70.64550018310547
244 94.76834106445313
245 106.82977294921875
246 150.767822265625
247 112.42971801757813
248 108.98361206054688
249 135.6910400390625
250 144.30633544921875
251 64.18402099609375
252 68.49166870117188
253 180.05984497070313
254 86.58380126953125
255 180.05984497070313
256 93.04529571533203
257 126.64496612548828
258 101.22982788085938
259 157.22930908203125
260 186.09056091308594
261 54.27641677856445
262 168.85997009277344
263 124.49113464355469
264 94.33758544921875
265 56.86101150512695
266 90.89147186279297
267 72.36856079101563
268 130.95263671875
269 96.49140930175781
270 120.1834945678711
271 40.92269515991211
272 91.75300598144531
273 104.24518585205078
274 192.12127685546875
275 102.952880859375
276 106.39900970458984
277 83.99922180175781
278 74.52237701416016
279 79.26080322265625
280 170.58302307128906
281 31.445858001708984
282 159.38311767578125
283 105.5374755859375
284 110.2759017944336
285 151.62933349609375
286 93.04529571533203
287 70.21472930908203
288 148.61399841308594
289 112.42971801757813
290 99.93754577636719
291 124.49114990234375
292 57.722537994384766
293 84.86075592041016
294 105.53748321533203
295 197.7212371826172
296 85.29151153564453
297 129.6603240966797
298 150.33706665039063
299 152.0601348876953
300 96.06063842773438
301 142.58328247070313
302 128.36802673339844
303 153.78318786621094
304 89.59915924072266
305 124.06037139892578
306 66.76861572265625
307 73.23008728027344
308 164.9830780029297
309 115.01431274414063
310 139.13717651367188
311 125.35266876220703
312 107.6913070678711
313 142.15252685546875
314 70.21473693847656
315 113.291259765625
316 161.9677276611328
317 57.7225456237793
318 154.64474487304688
319 200.30584716796875
320 109.41436004638672
321 245.5362091064453
322 132.24493408203125
323 142.15252685546875
324 102.09135437011719
325 179.62905883789063
326 143.44480895996094
327 186.090576171875
328 136.98333740234375
329 145.1678924560547
330 112.8604965209961
331 128.3680419921875
332 121.47578430175781
333 133.53721618652344
334 80.9838638305664
335 82.70692443847656
336 63.75326156616211
337 39.19963836669922
338 86.58380889892578
339 129.2295684814453
340 63.32249450683594
341 87.87610626220703
342 73.23008728027344
343 64.61478424072266
344 46.52264404296875
345 93.4760513305664
346 169.29074096679688
347 178.3367919921875
348 77.5377426147461
349 72.79931640625
350 134.8295135498047
351 161.96771240234375
352 86.58381652832031
353 37.9073371887207
354 88.3068618774414
355 64.18401336669922
356 138.70640563964844
357 79.26080322265625
358 50.3995361328125
359 67.19938659667969
360 108.98361206054688
361 202.02891540527344
362 164.9830780029297
363 47.38417434692383
364 62.891727447509766
365 21.538259506225586
366 64.18402099609375
367 164.12155151367188
368 151.6293487548828
369 131.81414794921875
370 155.50625610351563
371 86.58380126953125
372 70.21472930908203
373 192.98280334472656
374 161.53697204589844
375 58.1533088684082
376 81.84538269042969
377 68.06090545654297
378 79.69156646728516
379 74.9531478881836
380 106.39901733398438
381 115.87583923339844
382 62.89171600341797
383 105.96825408935547
384 163.26002502441406
385 155.07550048828125
386 110.7066650390625
387 151.19859313964844
388 138.27565002441406
389 177.4752655029297
390 150.76783752441406
391 179.1983184814453
392 162.39849853515625
393 203.75192260742188
394 161.10623168945313
395 133.5372314453125
396 90.89147186279297
397 111.56819152832031
398 155.50624084472656
399 46.953407287597656
400 82.70692443847656
401 93.90681457519531
402 97.78369903564453
403 87.44534301757813
404 77.10697174072266
405 108.98359680175781
406 70.21472930908203
407 97.35294342041016
408 90.46070098876953
409 171.01377868652344
410 108.98360443115234
411 172.73684692382813
412 46.95341110229492
413 59.44560241699219
414 134.39874267578125
415 117.16812896728516
416 168.8599853515625
417 104.67595672607422
418 101.22982788085938
419 96.92217254638672
420 66.76860809326172
421 141.29098510742188
422 200.73660278320313
423 162.82925415039063
424 158.52159118652344
425 167.1369171142578
426 107.69131469726563
427 199.8750457763672
428 117.16814422607422
429 139.56793212890625
430 153.783203125
431 199.01353454589844
432 145.1678924560547
433 139.5679473876953
434 117.5988998413086
435 68.06090545654297
436 24.98438262939453
437 145.5986328125
438 72.79932403564453
439 92.18376159667969
440 129.6603240966797
441 84.86074829101563
442 104.24518585205078
443 130.95262145996094
444 113.29125213623047
445 159.3831329345703
446 102.09136199951172
447 93.90681457519531
448 137.84486389160156
449 96.49141693115234
450 146.8909149169922
451 144.3063507080078
452 143.44482421875
453 155.0754852294922
454 82.27616119384766
455 139.56793212890625
456 83.13768768310547
457 98.21446990966797
458 69.78397369384766
459 142.5832977294922
460 117.59891510009766
461 104.24517822265625
462 102.09135437011719
463 118.46043395996094
464 82.7069320678711
465 73.23008728027344
466 173.1676483154297
467 118.4604263305664
468 130.09109497070313
469 133.9679718017578
470 135.26028442382813
471 183.07521057128906
472 134.3987579345703
473 91.75299835205078
474 70.21472930908203
475 98.21446990966797
476 110.7066650390625
477 130.95263671875
478 135.26026916503906
479 186.52133178710938
480 248.98226928710938
481 102.52213287353516
482 97.78369903564453
483 134.8295135498047
484 56.86100387573242
485 96.92217254638672
486 89.16840362548828
487 80.12234497070313
488 70.2147216796875
489 96.92217254638672
490 139.9987030029297
491 104.67594909667969
492 144.3063507080078
493 44.799583435058594
494 29.29203224182129
495 87.01456451416016
496 129.6603240966797
497 143.01406860351563
498 175.7522430419922
499 116.73736572265625
500 93.04528045654297
501 165.41383361816406
502 108.5528335571289
503 195.9981689453125
504 164.9830780029297
505 106.39901733398438
506 96.06063079833984
507 119.32197570800781
508 147.7524871826172
509 164.12155151367188
510 190.8290252685547
511 149.90631103515625
512 127.93727111816406
513 114.15277862548828
514 179.62911987304688
515 101.22982788085938
516 53.84565353393555
517 52.12259292602539
518 84.42998504638672
519 161.9677276611328
520 205.47500610351563
521 201.59812927246094
522 148.61399841308594
523 77.96849822998047
524 119.75272369384766
525 69.78396606445313
526 175.32144165039063
527 72.79933166503906
528 145.59864807128906
529 150.33706665039063
530 159.81390380859375
531 71.07625579833984
532 113.72203063964844
533 120.18348693847656
534 110.70665740966797
535 177.90603637695313
536 164.12155151367188
537 163.2600555419922
538 121.47578430175781
539 79.26079559326172
540 53.414894104003906
541 114.15277862548828
542 110.27589416503906
543 97.78372192382813
544 153.35240173339844
545 66.76860809326172
546 83.56845092773438
547 115.445068359375
548 162.8292694091797
549 166.275390625
550 169.29075622558594
551 127.07575225830078
552 121.90657043457031
553 180.49063110351563
554 154.64471435546875
555 102.09136199951172
556 115.01432037353516
557 219.69024658203125
558 167.99842834472656
559 168.42919921875
560 162.3984832763672
561 182.21368408203125
562 231.32093811035156
563 175.32142639160156
564 138.70639038085938
565 199.87509155273438
566 116.73737335205078
567 109.41436767578125
568 115.87583923339844
569 101.22982025146484
570 175.32142639160156
571 91.75299072265625
572 172.7368621826172
573 104.24517822265625
574 30.58432960510254
575 146.8909454345703
576 78.39927673339844
577 50.39952850341797
578 139.99868774414063
579 70.64550018310547
580 108.98360443115234
581 59.44560623168945
582 109.84512329101563
583 93.47603607177734
584 136.9833526611328
585 130.09109497070313
586 91.32222747802734
587 98.64523315429688
588 188.2444305419922
589 145.59866333007813
590 107.26053619384766
591 121.47578430175781
592 229.5978546142578
593 178.76756286621094
594 74.95316314697266
595 155.50624084472656
596 184.36752319335938
597 63.32249069213867
598 154.21397399902344
599 87.87611389160156
600 183.93675231933594
601 127.9372787475586
602 42.64575958251953
603 28.430503845214844
604 48.67647171020508
605 26.707443237304688
606 34.030452728271484
607 124.92191314697266
608 135.26028442382813
609 82.70692443847656
610 43.938053131103516
611 83.56844329833984
612 52.122589111328125
613 40.92269515991211
614 78.39927673339844
615 48.24571228027344
616 55.99947738647461
617 75.81468200683594
618 65.476318359375
619 77.5377426147461
620 68.06089782714844
621 65.9070816040039
622 120.18350982666016
623 71.93778991699219
624 33.168922424316406
625 37.04581069946289
626 119.75272369384766
627 67.63013458251953
628 98.64523315429688
629 86.58380126953125
630 136.5525665283203
631 53.414886474609375
632 118.89120483398438
633 122.33732604980469
634 66.33784484863281
635 105.96824645996094
636 24.12285041809082
637 78.83004760742188
638 28.861268997192383
639 63.32249069213867
640 94.76835632324219
641 189.5366973876953
642 102.95289611816406
643 155.07546997070313
644 127.50650787353516
645 71.50703430175781
646 93.4760513305664
647 75.3839111328125
648 29.292034149169922
649 31.87662696838379
650 90.02993774414063
651 130.09109497070313
652 83.99922180175781
653 181.782958984375
654 200.73660278320313
655 195.1366424560547
656 143.01406860351563
657 136.12181091308594
658 151.19859313964844
659 65.476318359375
660 131.38339233398438
661 168.42919921875
662 200.73660278320313
663 128.3680419921875
664 119.32196807861328
665 136.9833526611328
666 95.19911193847656
667 81.84539031982422
668 108.55284118652344
669 175.3214569091797
670 105.96824645996094
671 109.41436004638672
672 81.41462707519531
673 74.52238464355469
674 101.66059112548828
675 74.52238464355469
676 107.26052856445313
677 183.07522583007813
678 146.4601593017578
679 122.33732604980469
680 96.06065368652344
681 139.99868774414063
682 120.61426544189453
683 128.3680419921875
684 102.09135437011719
685 84.8607406616211
686 64.61478424072266
687 91.75299835205078
688 171.87535095214844
689 49.10723876953125
690 157.6600799560547
691 174.89068603515625
692 192.9828338623047
693 78.39928436279297
694 122.33733367919922
695 75.3839111328125
696 116.30661010742188
697 117.59890747070313
698 75.81468200683594
699 136.55259704589844
700 83.1376953125
701 69.78396606445313
702 20.676729202270508
703 62.03019332885742
704 76.67620086669922
705 91.75299835205078
706 66.33784484863281
707 87.44534301757813
708 73.66085052490234
709 73.2300796508789
710 129.66033935546875
711 88.30686950683594
712 71.07626342773438
713 106.39900207519531
714 164.9830780029297
715 139.13717651367188
716 94.76834106445313
717 56.86101531982422
718 108.1220703125
719 135.6910400390625
720 83.99921417236328
721 105.96824645996094
722 163.6907958984375
723 77.53775024414063
724 160.24465942382813
725 63.75325393676758
726 83.13768768310547
727 109.84513092041016
728 120.61426544189453
729 90.460693359375
730 123.1988525390625
731 69.7839584350586
732 58.584075927734375
733 141.7217559814453
734 65.9070816040039
735 51.691829681396484
736 76.67620849609375
737 56.43024826049805
738 29.292034149169922
739 71.93779754638672
740 40.92269515991211
741 34.030452728271484
742 93.47605895996094
743 77.5377426147461
744 82.27615356445313
745 101.22984313964844
746 41.35346221923828
747 82.70692443847656
748 79.69156646728516
749 47.38417434692383
750 38.76887130737305
751 39.63039779663086
752 9.907600402832031
753 59.44560241699219
754 39.630401611328125
755 89.59916687011719
756 43.07651901245117
757 97.78369140625
758 74.09162139892578
759 114.15278625488281
760 99.07601928710938
761 163.69076538085938
762 139.9987030029297
763 60.30712890625
764 119.32196044921875
765 33.59968566894531
766 76.24544525146484
767 191.69053649902344
768 96.49141693115234
769 198.1520233154297
770 200.30584716796875
771 154.21397399902344
772 174.02914428710938
773 159.38311767578125
774 99.50675964355469
775 125.783447265625
776 143.01405334472656
777 100.79905700683594
778 121.90655517578125
779 130.95262145996094
780 154.64471435546875
781 89.16841125488281
782 130.0911102294922
783 52.12259292602539
784 98.6452407836914
785 98.21446990966797
786 192.121337890625
787 166.27536010742188
788 122.33731842041016
789 135.26028442382813
790 93.0452880859375
791 173.1676025390625
792 123.19886016845703
793 123.1988525390625
794 146.02940368652344
795 177.47528076171875
796 142.15252685546875
797 115.44507598876953
798 71.50702667236328
799 58.15330505371094
800 93.90682220458984
801 48.245704650878906
802 38.33810043334961
803 38.33810806274414
804 119.75273895263672
805 98.2144775390625
806 62.46095657348633
807 60.73789596557617
808 94.33759307861328
809 78.3992691040039
810 85.29151916503906
811 128.79879760742188
812 123.19886016845703
813 60.30713653564453
814 58.1533088684082
815 85.2915267944336
816 63.32249069213867
817 66.33784484863281
818 78.83003997802734
819 116.73736572265625
820 125.78345489501953
821 102.52210998535156
822 121.47579193115234
823 179.19833374023438
824 57.291778564453125
825 62.46095657348633
826 121.47579193115234
827 99.9375228881836
828 98.2144775390625
829 80.12232208251953
830 38.76886749267578
831 171.01380920410156
832 115.44507598876953
833 153.78318786621094
834 137.84487915039063
835 87.01457977294922
836 75.38390350341797
837 100.79906463623047
838 88.73764038085938
839 60.7379035949707
840 82.70692443847656
841 82.70691680908203
842 93.0452880859375
843 59.44560623168945
844 68.92243194580078
845 80.12232971191406
846 76.24544525146484
847 107.6913070678711
848 79.26081085205078
849 65.47631072998047
850 108.98360443115234
851 80.55310821533203
852 94.76834869384766
853 116.73738098144531
854 25.41514778137207
855 113.29126739501953
856 30.153564453125
857 82.70692443847656
858 31.015094757080078
859 74.9531478881836
860 74.52238464355469
861 90.460693359375
862 18.522903442382813
863 60.73789596557617
864 95.19911193847656
865 136.12181091308594
866 76.24544525146484
867 130.52186584472656
868 81.41462707519531
869 69.35319519042969
870 129.6603240966797
871 131.38339233398438
872 58.15330505371094
873 128.3680419921875
874 66.33784484863281
875 64.61478424072266
876 145.59866333007813
877 145.16787719726563
878 58.15330505371094
879 88.73764038085938
880 69.35320281982422
881 54.276424407958984
882 63.322479248046875
883 100.79905700683594
884 141.72177124023438
885 98.21446990966797
886 82.27615356445313
887 119.32196044921875
888 100.799072265625
889 243.38233947753906
890 155.0754852294922
891 106.82976531982422
892 140.8602294921875
893 216.67494201660156
894 198.582763671875
895 169.72149658203125
896 123.62962341308594
897 152.49090576171875
898 160.67543029785156
899 127.93727111816406
900 82.70691680908203
901 158.5216064453125
902 131.38340759277344
903 105.10670471191406
904 136.12181091308594
905 118.02967071533203
906 101.66059875488281
907 150.76785278320313
908 210.21343994140625
909 214.95184326171875
910 200.3058624267578
911 158.52157592773438
912 90.460693359375
913 119.32196044921875
914 58.15330505371094
915 56.43024444580078
916 56.43024444580078
917 92.61451721191406
918 71.93778991699219
919 122.76807403564453
920 65.9070816040039
921 77.53773498535156
922 63.322486877441406
923 53.41489028930664
924 34.8919792175293
925 39.19963836669922
926 112.86048889160156
927 61.16865921020508
928 66.33784484863281
929 166.27537536621094
930 186.95213317871094
931 118.0296630859375
932 91.75299835205078
933 144.73712158203125
934 152.9216766357422
935 173.598388671875
936 119.32196807861328
937 151.6293487548828
938 63.3224983215332
939 71.0762710571289
940 23.261322021484375
941 59.44560623168945
942 99.93753051757813
943 202.45965576171875
944 146.8909454345703
945 137.4141082763672
946 211.93649291992188
947 95.6298828125
948 61.59943389892578
949 133.53721618652344
950 78.3992691040039
951 91.75299072265625
952 183.93673706054688
953 216.67489624023438
954 150.767822265625
955 174.02915954589844
956 179.19834899902344
957 43.0765266418457
958 73.2301025390625
959 84.86074829101563
960 82.70692443847656
961 139.9987030029297
962 152.4908905029297
963 75.3839111328125
964 116.73736572265625
965 87.8760986328125
966 179.19833374023438
967 68.92243957519531
968 45.23035430908203
969 100.3682861328125
970 150.76780700683594
971 104.24518585205078
972 63.32249069213867
973 63.75325012207031
974 52.122596740722656
975 69.35320281982422
976 68.06090545654297
977 72.79933166503906
978 118.02967834472656
979 136.9833526611328
980 50.39952850341797
981 27.999736785888672
982 92.18376922607422
983 115.8758316040039
984 163.26002502441406
985 139.1371612548828
986 119.75273132324219
987 144.3063507080078
988 119.75273132324219
989 142.58331298828125
990 141.7217559814453
991 75.81468963623047
992 78.83003997802734
993 123.1988525390625
994 71.50702667236328
995 95.1991195678711
996 75.81468963623047
997 68.92243194580078
998 73.66085815429688
999 126.2142105102539
1000 199.01353454589844
1001 94.33758544921875
1002 94.33758544921875
