# Selection 1:name C1A D2A C3A C4A C1B C2B C3B C4B Selection 2:name AUC AUSL AUL Cutoff:8 Start:0 End:-1
0 0
1 0
2 24
3 24
4 34
5 17
6 16
7 29
8 17
9 27
10 26
11 30
12 28
13 21
14 22
15 28
16 33
17 29
18 24
19 34
20 23
21 26
22 29
23 32
24 29
25 23
26 25
27 29
28 25
29 27
30 34
31 26
32 22
33 31
34 30
35 33
36 28
37 33
38 26
39 32
40 33
41 25
42 27
43 24
44 35
45 27
46 35
47 32
48 30
49 27
50 24
51 32
52 32
53 38
54 31
55 32
56 30
57 28
58 34
59 26
60 32
61 29
62 35
63 30
64 27
65 21
66 27
67 31
68 25
69 27
70 31
71 23
72 24
73 30
74 33
75 24
76 30
77 28
78 37
79 35
80 30
81 26
82 31
83 32
84 21
85 25
86 28
87 37
88 29
89 31
90 29
91 28
92 28
93 29
94 26
95 32
96 29
97 26
98 21
99 37
100 24
101 28
102 23
103 22
104 28
105 29
106 29
107 25
108 30
109 30
110 20
111 27
112 33
113 35
114 36
115 35
116 38
117 37
118 31
119 25
120 31
121 27
122 21
123 24
124 33
125 25
126 27
127 27
128 21
129 31
130 32
131 34
132 28
133 26
134 36
135 27
136 25
137 32
138 33
139 28
140 28
141 28
142 28
143 23
144 26
145 32
146 25
147 28
148 32
149 27
150 26
151 33
152 28
153 27
154 41
155 30
156 34
157 33
158 29
159 37
160 31
161 31
162 36
163 32
164 37
165 25
166 35
167 31
168 30
169 29
170 29
171 27
172 25
173 32
174 21
175 29
176 26
177 30
178 33
179 28
180 33
181 31
182 22
183 19
184 27
185 33
186 26
187 39
188 28
189 35
190 31
191 36
192 26
193 34
194 31
195 33
196 28
197 30
198 32
199 33
200 31
201 28
202 26
203 24
204 27
205 38
206 29
207 38
208 29
209 25
210 31
211 28
212 34
213 29
214 33
215 23
216 30
217 27
218 27
219 28
220 23
221 30
222 30
223 29
224 24
225 28
226 26
227 39
228 29
229 34
230 32
231 30
232 24
233 32
234 32
235 30
236 28
237 27
238 23
239 34
240 24
241 29
242 31
243 27
244 27
245 33
246 31
247 25
248 35
249 26
250 34
251 28
252 32
253 29
254 20
255 29
256 27
257 27
258 23
259 29
260 31
261 22
262 33
263 31
264 27
265 20
266 33
267 24
268 34
269 31
270 29
271 20
272 31
273 32
274 32
275 27
276 32
277 26
278 27
279 30
280 34
281 25
282 36
283 35
284 25
285 35
286 24
287 21
288 34
289 31
290 24
291 24
292 26
293 28
294 25
295 25
296 24
297 35
298 26
299 26
300 25
301 31
302 30
303 32
304 31
305 31
306 24
307 29
308 29
309 25
310 26
311 23
312 26
313 28
314 23
315 35
316 27
317 25
318 33
319 36
320 32
321 37
322 30
323 30
324 34
325 34
326 25
327 27
328 31
329 23
330 29
331 31
332 35
333 33
334 27
335 30
336 21
337 26
338 31
339 32
340 28
341 25
342 24
343 26
344 18
345 30
346 30
347 28
348 25
349 26
350 27
351 28
352 21
353 22
354 19
355 25
356 33
357 26
358 17
359 27
360 29
361 33
362 35
363 30
364 22
365 18
366 30
367 37
368 29
369 32
370 35
371 24
372 20
373 32
374 32
375 18
376 27
377 28
378 23
379 24
380 31
381 30
382 22
383 29
384 34
385 32
386 27
387 30
388 39
389 40
390 30
391 30
392 35
393 36
394 24
395 32
396 32
397 32
398 31
399 26
400 31
401 18
402 30
403 34
404 34
405 32
406 27
407 33
408 34
409 29
410 25
411 31
412 19
413 26
414 29
415 30
416 34
417 33
418 31
419 32
420 28
421 26
422 34
423 30
424 35
425 32
426 24
427 31
428 25
429 33
430 27
431 33
432 30
433 30
434 28
435 19
436 19
437 38
438 26
439 28
440 33
441 21
442 28
443 33
444 28
445 30
446 26
447 30
448 36
449 28
450 30
451 30
452 30
453 29
454 28
455 26
456 27
457 25
458 26
459 28
460 33
461 23
462 29
463 34
464 25
465 18
466 34
467 28
468 31
469 36
470 29
471 30
472 33
473 24
474 27
475 28
476 35
477 26
478 27
479 33
480 38
481 24
482 28
483 23
484 25
485 23
486 30
487 27
488 21
489 26
490 28
491 23
492 33
493 23
494 26
495 27
496 30
497 29
498 35
499 29
500 26
501 29
502 27
503 33
504 31
505 25
506 27
507 34
508 30
509 32
510 33
511 27
512 29
513 29
514 32
515 28
516 25
517 25
518 30
519 37
520 32
521 36
522 28
523 30
524 38
525 27
526 30
527 22
528 29
529 25
530 34
531 25
532 27
533 23
534 34
535 28
536 31
537 32
538 21
539 21
540 26
541 29
542 32
543 28
544 29
545 25
546 26
547 27
548 31
549 29
550 36
551 30
552 27
553 31
554 27
555 26
556 28
557 39
558 28
559 36
560 31
561 31
562 38
563 27
564 21
565 36
566 29
567 33
568 24
569 27
570 32
571 35
572 37
573 32
574 18
575 22
576 35
577 27
578 38
579 30
580 25
581 22
582 30
583 27
584 31
585 28
586 25
587 26
588 30
589 32
590 23
591 27
592 33
593 32
594 23
595 28
596 28
597 26
598 31
599 24
600 31
601 32
602 21
603 19
604 22
605 19
606 21
607 29
608 30
609 23
610 16
611 25
612 26
613 24
614 24
615 28
616 17
617 30
618 26
619 29
620 21
621 20
622 33
623 27
624 27
625 18
626 32
627 32
628 33
629 28
630 33
631 24
632 33
633 28
634 23
635 29
636 23
637 28
638 21
639 28
640 30
641 31
642 29
643 31
644 28
645 29
646 25
647 19
648 22
649 22
650 33
651 23
652 23
653 31
654 29
655 33
656 31
657 36
658 28
659 30
660 29
661 35
662 29
663 22
664 28
665 25
666 31
667 23
668 32
669 35
670 25
671 30
672 30
673 28
674 32
675 27
676 29
677 38
678 32
679 29
680 27
681 29
682 34
683 29
684 22
685 21
686 25
687 27
688 36
689 24
690 32
691 34
692 37
693 28
694 30
695 23
696 29
697 26
698 19
699 30
700 25
701 26
702 19
703 22
704 25
705 28
706 25
707 30
708 24
709 26
710 31
711 29
712 27
713 27
714 32
715 29
716 28
717 32
718 30
719 37
720 27
721 32
722 27
723 30
724 32
725 25
726 26
727 37
728 26
729 24
730 31
731 27
732 24
733 32
734 29
735 22
736 23
737 20
738 23
739 27
740 28
741 19
742 27
743 29
744 33
745 30
746 26
747 27
748 27
749 23
750 21
751 18
752 13
753 18
754 20
755 30
756 17
757 27
758 31
759 31
760 27
761 38
762 39
763 22
764 28
765 26
766 22
767 30
768 28
769 29
770 31
771 28
772 33
773 28
774 28
775 38
776 34
777 24
778 30
779 34
780 31
781 27
782 31
783 27
784 29
785 31
786 39
787 35
788 31
789 32
790 25
791 30
792 37
793 28
794 26
795 34
796 33
797 31
798 22
799 26
800 29
801 21
802 24
803 23
804 31
805 33
806 23
807 24
808 21
809 31
810 32
811 28
812 30
813 27
814 25
815 31
816 26
817 26
818 25
819 34
820 30
821 27
822 29
823 31
824 30
825 23
826 34
827 25
828 27
829 31
830 25
831 34
832 37
833 37
834 33
835 30
836 26
837 34
838 29
839 21
840 24
841 37
842 30
843 24
844 26
845 25
846 28
847 29
848 28
849 20
850 29
851 28
852 29
853 27
854 22
855 26
856 23
857 31
858 20
859 30
860 27
861 27
862 25
863 29
864 26
865 29
866 25
867 31
868 24
869 27
870 29
871 35
872 16
873 31
874 25
875 30
876 33
877 33
878 28
879 26
880 22
881 27
882 19
883 25
884 34
885 28
886 30
887 32
888 29
889 38
890 29
891 30
892 29
893 32
894 35
895 35
896 25
897 24
898 29
899 20
900 31
901 27
902 23
903 29
904 28
905 28
906 24
907 32
908 28
909 35
910 34
911 33
912 24
913 26
914 25
915 25
916 31
917 27
918 28
919 32
920 25
921 24
922 25
923 21
924 22
925 25
926 31
927 29
928 20
929 34
930 34
931 27
932 26
933 33
934 30
935 29
936 26
937 34
938 28
939 27
940 18
941 18
942 24
943 37
944 28
945 31
946 35
947 18
948 22
949 32
950 26
951 32
952 31
953 33
954 32
955 24
956 40
957 25
958 26
959 27
960 25
961 30
962 31
963 27
964 28
965 28
966 32
967 30
968 25
969 30
970 32
971 29
972 24
973 28
974 23
975 26
976 26
977 25
978 25
979 30
980 23
981 23
982 21
983 29
984 38
985 28
986 29
987 28
988 18
989 28
990 33
991 24
992 22
993 28
994 25
995 26
996 25
997 26
998 25
999 31
1000 31
1001 21
1002 21
