# Selection 1:name C1A D2A C3A C4A C1B C2B C3B C4B Selection 2:name AUC AUSL AUL Cutoff:8 Start:0 End:-1
0 0
1 0
2 1
3 4
4 3
5 1
6 4
7 6
8 4
9 3
10 5
11 11
12 6
13 7
14 6
15 7
16 4
17 3
18 4
19 3
20 3
21 8
22 4
23 6
24 5
25 7
26 6
27 8
28 7
29 7
30 7
31 4
32 7
33 5
34 6
35 3
36 5
37 7
38 6
39 9
40 5
41 4
42 5
43 1
44 10
45 7
46 3
47 7
48 6
49 7
50 10
51 7
52 6
53 3
54 3
55 4
56 8
57 1
58 4
59 10
60 6
61 4
62 8
63 4
64 3
65 9
66 6
67 10
68 9
69 5
70 4
71 5
72 3
73 4
74 4
75 6
76 8
77 4
78 5
79 4
80 8
81 6
82 6
83 6
84 4
85 10
86 9
87 8
88 2
89 5
90 3
91 4
92 4
93 4
94 11
95 5
96 7
97 6
98 6
99 9
100 4
101 7
102 4
103 3
104 5
105 4
106 7
107 9
108 4
109 8
110 5
111 5
112 5
113 5
114 5
115 9
116 9
117 6
118 2
119 8
120 5
121 4
122 4
123 6
124 5
125 2
126 5
127 5
128 9
129 5
130 2
131 7
132 4
133 6
134 4
135 5
136 4
137 4
138 4
139 3
140 11
141 5
142 7
143 8
144 6
145 2
146 4
147 8
148 9
149 7
150 10
151 8
152 5
153 11
154 11
155 10
156 8
157 8
158 7
159 6
160 4
161 7
162 7
163 4
164 11
165 8
166 6
167 6
168 7
169 6
170 5
171 4
172 7
173 5
174 5
175 9
176 7
177 5
178 8
179 9
180 7
181 4
182 6
183 9
184 7
185 9
186 5
187 10
188 5
189 9
190 3
191 10
192 5
193 8
194 9
195 4
196 3
197 6
198 6
199 5
200 8
201 6
202 8
203 4
204 4
205 4
206 8
207 4
208 4
209 5
210 6
211 5
212 3
213 5
214 7
215 7
216 10
217 7
218 7
219 4
220 4
221 10
222 5
223 5
224 3
225 8
226 7
227 7
228 9
229 6
230 5
231 9
232 9
233 3
234 2
235 8
236 6
237 6
238 2
239 5
240 6
241 7
242 5
243 4
244 5
245 8
246 8
247 4
248 5
249 4
250 8
251 3
252 5
253 7
254 7
255 2
256 5
257 7
258 4
259 2
260 3
261 4
262 4
263 9
264 5
265 5
266 8
267 8
268 9
269 5
270 5
271 8
272 4
273 9
274 6
275 7
276 4
277 5
278 5
279 7
280 5
281 5
282 4
283 6
284 6
285 2
286 3
287 4
288 3
289 5
290 2
291 5
292 8
293 6
294 6
295 6
296 9
297 6
298 9
299 9
300 5
301 7
302 4
303 7
304 7
305 4
306 2
307 6
308 2
309 7
310 1
311 8
312 9
313 7
314 4
315 4
316 7
317 10
318 4
319 9
320 11
321 9
322 4
323 6
324 6
325 7
326 7
327 6
328 8
329 4
330 6
331 7
332 7
333 7
334 7
335 8
336 3
337 6
338 7
339 8
340 7
341 6
342 7
343 4
344 4
345 7
346 5
347 5
348 4
349 5
350 4
351 10
352 5
353 5
354 6
355 6
356 3
357 7
358 7
359 7
360 4
361 3
362 4
363 7
364 6
365 4
366 3
367 5
368 3
369 3
370 7
371 3
372 8
373 6
374 6
375 6
376 2
377 6
378 5
379 6
380 7
381 8
382 9
383 8
384 4
385 10
386 5
387 5
388 4
389 6
390 4
391 9
392 6
393 5
394 6
395 5
396 5
397 2
398 5
399 8
400 6
401 4
402 6
403 3
404 8
405 10
406 4
407 5
408 7
409 3
410 7
411 6
412 3
413 6
414 4
415 5
416 5
417 8
418 7
419 6
420 8
421 6
422 2
423 7
424 7
425 6
426 2
427 3
428 2
429 8
430 7
431 6
432 9
433 7
434 6
435 5
436 5
437 6
438 9
439 7
440 7
441 10
442 7
443 1
444 6
445 6
446 4
447 4
448 3
449 3
450 4
451 3
452 6
453 4
454 7
455 4
456 4
457 3
458 8
459 5
460 5
461 8
462 6
463 6
464 6
465 6
466 9
467 7
468 7
469 10
470 6
471 10
472 8
473 4
474 6
475 5
476 6
477 9
478 6
479 6
480 5
481 6
482 4
483 3
484 2
485 8
486 4
487 5
488 6
489 14
490 9
491 6
492 4
493 4
494 4
495 5
496 7
497 6
498 6
499 4
500 4
501 7
502 6
503 10
504 8
505 7
506 4
507 9
508 6
509 7
510 4
511 10
512 6
513 7
514 9
515 6
516 6
517 10
518 6
519 6
520 7
521 6
522 4
523 8
524 5
525 4
526 2
527 5
528 6
529 3
530 4
531 5
532 5
533 8
534 7
535 2
536 7
537 4
538 7
539 3
540 4
541 7
542 4
543 8
544 7
545 6
546 9
547 5
548 3
549 8
550 4
551 7
552 7
553 6
554 7
555 6
556 5
557 4
558 6
559 6
560 6
561 9
562 8
563 3
564 5
565 3
566 4
567 5
568 5
569 5
570 4
571 6
572 7
573 8
574 6
575 6
576 5
577 5
578 5
579 1
580 4
581 7
582 8
583 5
584 8
585 6
586 4
587 4
588 6
589 4
590 7
591 4
592 7
593 5
594 5
595 4
596 1
597 7
598 4
599 6
600 5
601 3
602 5
603 5
604 6
605 5
606 8
607 5
608 3
609 5
610 4
611 6
612 7
613 7
614 6
615 4
616 7
617 4
618 6
619 9
620 5
621 6
622 6
623 6
624 5
625 2
626 8
627 7
628 7
629 6
630 4
631 8
632 7
633 6
634 8
635 6
636 6
637 6
638 5
639 6
640 4
641 2
642 3
643 9
644 4
645 11
646 10
647 7
648 5
649 4
650 6
651 6
652 8
653 4
654 5
655 6
656 4
657 8
658 5
659 9
660 8
661 6
662 9
663 7
664 4
665 6
666 3
667 7
668 10
669 6
670 8
671 5
672 7
673 11
674 6
675 6
676 2
677 9
678 6
679 4
680 8
681 9
682 8
683 12
684 4
685 3
686 4
687 3
688 7
689 6
690 2
691 5
692 5
693 9
694 7
695 5
696 4
697 6
698 9
699 10
700 2
701 8
702 2
703 6
704 3
705 7
706 4
707 6
708 10
709 7
710 5
711 7
712 8
713 9
714 5
715 5
716 4
717 7
718 9
719 8
720 4
721 7
722 8
723 4
724 7
725 1
726 2
727 5
728 7
729 5
730 9
731 9
732 7
733 5
734 11
735 5
736 6
737 14
738 5
739 7
740 6
741 7
742 6
743 7
744 9
745 7
746 10
747 7
748 4
749 5
750 1
751 10
752 8
753 6
754 7
755 3
756 4
757 3
758 6
759 6
760 5
761 6
762 3
763 2
764 8
765 5
766 2
767 3
768 2
769 4
770 5
771 4
772 4
773 5
774 4
775 9
776 6
777 6
778 4
779 9
780 8
781 6
782 8
783 10
784 4
785 2
786 6
787 6
788 6
789 5
790 4
791 4
792 4
793 1
794 3
795 3
796 6
797 8
798 7
799 5
800 6
801 8
802 6
803 6
804 8
805 8
806 7
807 5
808 8
809 7
810 3
811 5
812 4
813 2
814 7
815 6
816 5
817 5
818 4
819 3
820 3
821 6
822 6
823 7
824 6
825 5
826 6
827 5
828 5
829 5
830 4
831 6
832 9
833 6
834 6
835 9
836 5
837 5
838 7
839 9
840 5
841 5
842 9
843 5
844 5
845 6
846 5
847 9
848 5
849 4
850 5
851 3
852 7
853 8
854 8
855 6
856 7
857 7
858 11
859 6
860 5
861 7
862 4
863 4
864 2
865 8
866 6
867 7
868 8
869 7
870 3
871 6
872 7
873 5
874 7
875 4
876 6
877 12
878 9
879 5
880 7
881 8
882 8
883 4
884 5
885 7
886 8
887 6
888 3
889 4
890 3
891 4
892 5
893 7
894 6
895 9
896 5
897 5
898 7
899 4
900 6
901 7
902 1
903 7
904 8
905 7
906 5
907 3
908 5
909 6
910 4
911 5
912 4
913 6
914 9
915 5
916 7
917 9
918 8
919 10
920 10
921 10
922 5
923 7
924 7
925 6
926 4
927 7
928 7
929 8
930 8
931 5
932 5
933 4
934 4
935 7
936 7
937 5
938 3
939 5
940 2
941 4
942 9
943 4
944 7
945 5
946 5
947 5
948 5
949 9
950 6
951 5
952 8
953 8
954 5
955 8
956 8
957 4
958 9
959 7
960 7
961 10
962 8
963 3
964 6
965 6
966 3
967 7
968 6
969 5
970 7
971 4
972 6
973 4
974 1
975 4
976 6
977 3
978 5
979 6
980 5
981 3
982 8
983 7
984 10
985 8
986 7
987 6
988 4
989 2
990 7
991 8
992 9
993 10
994 5
995 6
996 7
997 6
998 4
999 4
1000 2
1001 4
1002 4
