# Selection:resname AU POPC Restricted:name AUC AUL AUSL Radius:2.64 Start:0 End:-1
0 77.10697174072266
1 74.52237701416016
2 10.338364601135254
3 7.7537736892700195
4 3.8768868446350098
5 4.307651996612549
6 12.061426162719727
7 0.8615304231643677
8 2.1538262367248535
9 5.169182300567627
10 6.461478233337402
11 4.738417625427246
12 6.030713081359863
13 0.0
14 1.7230608463287354
15 2.1538259983062744
16 6.030713081359863
17 25.845911026000977
18 9.046069145202637
19 7.3230085372924805
20 18.522903442382813
21 9.907600402832031
22 9.907600402832031
23 10.33836555480957
24 4.307652473449707
25 4.738417148590088
26 3.4461216926574707
27 6.461478233337402
28 1.2922956943511963
29 10.33836555480957
30 4.738417625427246
31 9.046069145202637
32 0.8615304231643677
33 5.169182777404785
34 34.030452728271484
35 9.046069145202637
36 10.76913070678711
37 7.3230085372924805
38 20.24596405029297
39 0.0
40 2.1538259983062744
41 2.5845911502838135
42 5.169182300567627
43 9.046069145202637
44 24.98438262939453
45 6.892243385314941
46 15.0767822265625
47 9.046069145202637
48 6.461478233337402
49 3.0153565406799316
50 1.7230608463287354
51 8.615303993225098
52 3.0153565406799316
53 4.307652473449707
54 3.8768868446350098
55 5.169182777404785
56 20.24596405029297
57 8.615304946899414
58 11.199895858764648
59 22.830554962158203
60 26.27667808532715
61 12.922956466674805
62 12.922955513000488
63 6.030713081359863
64 6.892243385314941
65 7.3230085372924805
66 13.353721618652344
67 10.338364601135254
68 9.907599449157715
69 6.030713081359863
70 1.7230608463287354
71 3.4461216926574707
72 3.44612193107605
73 2.1538259983062744
74 1.7230608463287354
75 3.876887083053589
76 6.892243385314941
77 8.184538841247559
78 16.79984474182129
79 20.24596405029297
80 7.7537736892700195
81 12.492191314697266
82 12.922956466674805
83 5.599947929382324
84 0.0
85 8.184538841247559
86 4.307652473449707
87 18.092140197753906
88 0.8615304231643677
89 14.646017074584961
90 7.7537736892700195
91 0.43076521158218384
92 18.953670501708984
93 8.184539794921875
94 3.8768868446350098
95 1.7230608463287354
96 12.061426162719727
97 0.0
98 1.2922956943511963
99 9.476835250854492
100 2.5845913887023926
101 5.599947452545166
102 10.33836555480957
103 5.169182300567627
104 13.353721618652344
105 11.199894905090332
106 6.030713081359863
107 1.7230608463287354
108 8.615304946899414
109 19.38443374633789
110 11.630660057067871
111 18.95366859436035
112 15.507547378540039
113 15.938312530517578
114 2.1538262367248535
115 7.3230085372924805
116 7.7537736892700195
117 2.1538259983062744
118 7.3230085372924805
119 8.184538841247559
120 15.938312530517578
121 3.0153565406799316
122 18.953670501708984
123 0.43076521158218384
124 29.722801208496094
125 6.892243385314941
126 9.476835250854492
127 12.49219036102295
128 2.1538259983062744
129 11.199894905090332
130 12.492191314697266
131 4.307651996612549
132 2.1538262367248535
133 1.7230608463287354
134 10.76913070678711
135 1.7230608463287354
136 11.199894905090332
137 4.738417148590088
138 9.476835250854492
139 10.76913070678711
140 3.8768868446350098
141 4.738417148590088
142 0.8615304231643677
143 2.5845911502838135
144 6.030713081359863
145 18.522903442382813
146 9.046069145202637
147 1.7230608463287354
148 4.738417625427246
149 6.030713081359863
150 3.8768868446350098
151 14.215250968933105
152 16.369077682495117
153 0.0
154 6.461478233337402
155 1.7230608463287354
156 14.215251922607422
157 13.353721618652344
158 6.030713081359863
159 1.2922956943511963
160 1.7230608463287354
161 1.7230608463287354
162 1.7230608463287354
163 23.261320114135742
164 5.599947929382324
165 4.307652473449707
166 1.7230608463287354
167 16.369077682495117
168 2.1538262367248535
169 9.046070098876953
170 3.4461216926574707
171 13.784486770629883
172 3.0153565406799316
173 15.938312530517578
174 3.0153565406799316
175 9.046070098876953
176 5.169182777404785
177 3.8768868446350098
178 7.3230085372924805
179 12.922955513000488
180 9.907600402832031
181 12.922956466674805
182 9.046069145202637
183 0.8615304231643677
184 11.630661010742188
185 4.738417625427246
186 10.338364601135254
187 15.507548332214355
188 8.615303993225098
189 0.0
190 18.95366859436035
191 6.892243385314941
192 9.046070098876953
193 8.615304946899414
194 5.599947929382324
195 0.8615304231643677
196 14.646017074584961
197 0.43076521158218384
198 5.169182777404785
199 14.646017074584961
200 9.907600402832031
201 2.1538262367248535
202 15.0767822265625
203 4.307651996612549
204 4.307651996612549
205 6.892243385314941
206 25.415145874023438
207 4.307651996612549
208 4.738417148590088
209 5.169182300567627
210 11.199895858764648
211 11.630661010742188
212 17.230607986450195
213 7.7537736892700195
214 6.461478233337402
215 17.661373138427734
216 9.907599449157715
217 7.7537736892700195
218 4.307652473449707
219 0.8615304231643677
220 11.199895858764648
221 2.1538259983062744
222 0.43076521158218384
223 9.046070098876953
224 20.24596405029297
225 6.461478233337402
226 12.922956466674805
227 0.8615304231643677
228 4.738417625427246
229 6.892243385314941
230 12.492191314697266
231 5.599947452545166
232 2.5845913887023926
233 6.461478233337402
234 6.030713081359863
235 5.599947929382324
236 11.199895858764648
237 13.353721618652344
238 4.738417148590088
239 0.8615304231643677
240 1.7230608463287354
241 8.184538841247559
242 8.615303993225098
243 6.892243385314941
244 16.369077682495117
245 8.615303993225098
246 0.0
247 1.2922956943511963
248 5.599947452545166
249 0.0
250 7.7537736892700195
251 3.4461216926574707
252 4.738417148590088
253 13.784486770629883
254 6.030712604522705
255 27.138206481933594
256 10.33836555480957
257 25.41514778137207
258 7.3230085372924805
259 4.307652473449707
260 24.55361557006836
261 3.0153565406799316
262 18.95366859436035
263 4.738417148590088
264 6.030713081359863
265 0.8615304231643677
266 11.630661010742188
267 3.4461214542388916
268 27.568971633911133
269 16.369077682495117
270 1.7230608463287354
271 1.2922956943511963
272 15.938312530517578
273 1.2922956943511963
274 5.169182777404785
275 0.43076521158218384
276 2.1538262367248535
277 19.38443374633789
278 6.030713081359863
279 3.8768868446350098
280 5.599947452545166
281 10.338364601135254
282 3.8768868446350098
283 6.892243385314941
284 18.95366859436035
285 6.461478233337402
286 21.107494354248047
287 9.476834297180176
288 31.015092849731445
289 3.8768868446350098
290 24.98438262939453
291 15.938312530517578
292 24.122852325439453
293 6.461478233337402
294 0.0
295 4.738417148590088
296 10.76913070678711
297 13.353721618652344
298 5.599947929382324
299 7.3230085372924805
300 4.307651996612549
301 3.0153565406799316
302 9.907599449157715
303 6.892243385314941
304 5.599947929382324
305 15.0767822265625
306 2.1538259983062744
307 8.184539794921875
308 0.0
309 6.892243385314941
310 6.030713081359863
311 5.169182300567627
312 4.307652473449707
313 16.369077682495117
314 5.599947929382324
315 10.338364601135254
316 3.8768868446350098
317 15.507547378540039
318 5.599947929382324
319 4.738417148590088
320 11.199895858764648
321 1.2922956943511963
322 7.3230085372924805
323 0.0
324 9.476834297180176
325 12.492191314697266
326 3.8768868446350098
327 17.661373138427734
328 3.876887083053589
329 15.0767822265625
330 1.7230608463287354
331 3.0153565406799316
332 0.43076521158218384
333 8.184538841247559
334 3.8768868446350098
335 3.8768868446350098
336 2.5845913887023926
337 0.0
338 15.938312530517578
339 3.8768868446350098
340 16.799842834472656
341 9.476835250854492
342 14.646017074584961
343 11.630661010742188
344 3.0153565406799316
345 12.061426162719727
346 9.476834297180176
347 2.5845913887023926
348 13.784486770629883
349 9.046069145202637
350 33.59968566894531
351 0.0
352 34.030452728271484
353 7.7537736892700195
354 10.76913070678711
355 5.169182777404785
356 1.7230608463287354
357 23.692087173461914
358 14.215251922607422
359 13.353721618652344
360 0.8615304231643677
361 10.33836555480957
362 7.3230085372924805
363 0.0
364 8.615303993225098
365 8.184538841247559
366 27.999738693237305
367 14.646017074584961
368 4.738417148590088
369 3.8768868446350098
370 14.215251922607422
371 6.892243385314941
372 0.43076521158218384
373 7.3230085372924805
374 9.476835250854492
375 7.7537736892700195
376 6.892243385314941
377 11.199895858764648
378 6.892243385314941
379 1.7230608463287354
380 3.8768868446350098
381 14.215251922607422
382 1.7230608463287354
383 1.7230608463287354
384 1.7230608463287354
385 9.907599449157715
386 0.43076521158218384
387 20.2459659576416
388 5.169182777404785
389 2.5845913887023926
390 0.8615304231643677
391 6.892243385314941
392 13.353721618652344
393 20.2459659576416
394 1.2922956943511963
395 1.7230608463287354
396 4.307652473449707
397 24.553617477416992
398 5.599947929382324
399 5.169182300567627
400 6.892243385314941
401 0.0
402 5.599947929382324
403 13.784486770629883
404 4.307651996612549
405 3.876887083053589
406 9.046070098876953
407 6.461478233337402
408 20.67673110961914
409 0.0
410 19.38443374633789
411 5.169182777404785
412 3.4461216926574707
413 3.4461216926574707
414 15.938312530517578
415 9.046069145202637
416 4.307651996612549
417 6.030713081359863
418 2.5845913887023926
419 9.476834297180176
420 3.0153565406799316
421 22.830554962158203
422 41.35346603393555
423 12.061426162719727
424 17.661373138427734
425 9.476834297180176
426 1.2922956943511963
427 20.24596405029297
428 14.215251922607422
429 15.938312530517578
430 10.338364601135254
431 11.199895858764648
432 12.922956466674805
433 6.030713081359863
434 9.046069145202637
435 0.8615304231643677
436 2.5845913887023926
437 15.938312530517578
438 14.646017074584961
439 16.369077682495117
440 12.922956466674805
441 18.95366859436035
442 3.4461216926574707
443 5.599947929382324
444 10.769129753112793
445 1.7230608463287354
446 0.0
447 2.5845913887023926
448 11.630661010742188
449 13.353721618652344
450 3.8768868446350098
451 10.769129753112793
452 12.492191314697266
453 8.184538841247559
454 4.307651996612549
455 11.630661010742188
456 3.0153565406799316
457 11.630660057067871
458 1.2922956943511963
459 5.169182777404785
460 12.492191314697266
461 8.615303993225098
462 15.507547378540039
463 4.738417625427246
464 0.8615304231643677
465 14.215251922607422
466 0.43076521158218384
467 5.599947929382324
468 18.522905349731445
469 4.307651996612549
470 7.7537736892700195
471 3.8768868446350098
472 8.615304946899414
473 1.2922956943511963
474 7.7537736892700195
475 12.492191314697266
476 8.184539794921875
477 0.0
478 3.0153565406799316
479 9.907600402832031
480 14.646017074584961
481 18.522903442382813
482 9.907599449157715
483 4.307651996612549
484 2.5845913887023926
485 0.43076521158218384
486 0.0
487 10.33836555480957
488 6.030713081359863
489 9.907599449157715
490 0.43076521158218384
491 0.43076521158218384
492 7.3230085372924805
493 7.7537736892700195
494 1.7230608463287354
495 3.8768868446350098
496 13.353721618652344
497 0.0
498 21.10749626159668
499 20.67673110961914
500 11.199895858764648
501 15.938312530517578
502 5.169182777404785
503 3.876887083053589
504 17.230607986450195
505 5.599947929382324
506 3.0153565406799316
507 4.738417148590088
508 14.215251922607422
509 0.43076521158218384
510 3.0153563022613525
511 0.0
512 12.492191314697266
513 1.2922956943511963
514 3.4461216926574707
515 0.8615304231643677
516 3.4461216926574707
517 4.738417625427246
518 0.8615304231643677
519 2.1538259983062744
520 5.169182777404785
521 6.461478233337402
522 4.307652473449707
523 10.76913070678711
524 11.199895858764648
525 0.43076521158218384
526 3.0153565406799316
527 4.307652473449707
528 9.476834297180176
529 4.307652473449707
530 1.2922956943511963
531 18.95366859436035
532 11.630661010742188
533 15.507547378540039
534 5.169182300567627
535 5.169182777404785
536 12.922956466674805
537 3.4461216926574707
538 24.9843807220459
539 15.938312530517578
540 18.522903442382813
541 6.030713081359863
542 2.1538259983062744
543 6.461478233337402
544 0.0
545 3.0153565406799316
546 1.2922956943511963
547 5.599947452545166
548 4.738417148590088
549 4.738417148590088
550 5.169182777404785
551 1.2922956943511963
552 3.4461216926574707
553 10.769129753112793
554 2.1538259983062744
555 12.922955513000488
556 7.3230085372924805
557 8.615304946899414
558 16.799842834472656
559 11.630661010742188
560 9.907600402832031
561 4.307651996612549
562 9.907600402832031
563 13.784486770629883
564 3.8768868446350098
565 2.5845913887023926
566 3.8768868446350098
567 3.0153565406799316
568 4.738417625427246
569 3.0153565406799316
570 0.0
571 0.43076521158218384
572 6.461478233337402
573 24.55361557006836
574 6.892243385314941
575 8.615304946899414
576 13.353721618652344
577 14.646017074584961
578 2.5845913887023926
579 11.630661010742188
580 3.8768868446350098
581 1.2922956943511963
582 4.307651996612549
583 5.599947929382324
584 12.061426162719727
585 3.8768868446350098
586 3.4461216926574707
587 22.830554962158203
588 9.476835250854492
589 5.169182300567627
590 3.0153565406799316
591 3.4461216926574707
592 3.4461216926574707
593 15.0767822265625
594 3.4461216926574707
595 15.507547378540039
596 18.95366859436035
597 4.307651996612549
598 9.907599449157715
599 0.8615304231643677
600 1.2922956943511963
601 5.169182777404785
602 2.5845911502838135
603 14.646017074584961
604 24.12285041809082
605 6.030713081359863
606 9.046069145202637
607 10.769129753112793
608 15.0767822265625
609 12.061426162719727
610 5.599947929382324
611 6.030713081359863
612 4.307651996612549
613 5.169182300567627
614 12.922956466674805
615 1.7230608463287354
616 18.092138290405273
617 5.599947929382324
618 4.738417148590088
619 10.769129753112793
620 0.0
621 13.784486770629883
622 8.184538841247559
623 0.8615304231643677
624 0.0
625 25.84591293334961
626 2.1538262367248535
627 2.1538259983062744
628 2.1538259983062744
629 11.199895858764648
630 18.092138290405273
631 1.7230608463287354
632 10.76913070678711
633 5.169182777404785
634 13.353721618652344
635 10.769129753112793
636 9.046069145202637
637 2.1538259983062744
638 4.738417625427246
639 26.707443237304688
640 7.753774166107178
641 0.0
642 2.1538262367248535
643 0.0
644 3.8768868446350098
645 0.8615304231643677
646 0.0
647 3.876887083053589
648 15.507547378540039
649 15.938313484191895
650 14.646017074584961
651 24.122852325439453
652 18.522903442382813
653 8.615303993225098
654 2.5845913887023926
655 1.7230608463287354
656 32.738155364990234
657 3.0153565406799316
658 8.184538841247559
659 7.7537736892700195
660 1.7230608463287354
661 0.8615304231643677
662 3.876887083053589
663 5.169182777404785
664 8.184539794921875
665 4.307652473449707
666 6.892243385314941
667 1.2922956943511963
668 5.169182777404785
669 19.81519889831543
670 22.399789810180664
671 5.169182300567627
672 14.215251922607422
673 3.8768868446350098
674 9.046069145202637
675 1.2922956943511963
676 15.938312530517578
677 15.938312530517578
678 18.092138290405273
679 3.0153565406799316
680 0.43076521158218384
681 7.7537736892700195
682 1.7230608463287354
683 23.69208526611328
684 6.892243385314941
685 9.046069145202637
686 9.907599449157715
687 3.0153565406799316
688 10.769129753112793
689 8.615303993225098
690 12.492191314697266
691 3.0153565406799316
692 4.307651996612549
693 3.0153563022613525
694 2.5845913887023926
695 15.507547378540039
696 9.476835250854492
697 12.061426162719727
698 6.030713081359863
699 0.0
700 25.845911026000977
701 7.7537736892700195
702 4.307651996612549
703 0.0
704 14.646017074584961
705 1.7230608463287354
706 3.4461216926574707
707 1.7230608463287354
708 1.2922956943511963
709 2.5845913887023926
710 0.43076521158218384
711 2.1538259983062744
712 3.0153565406799316
713 8.184538841247559
714 2.5845913887023926
715 6.892243385314941
716 14.215251922607422
717 5.599947929382324
718 1.2922956943511963
719 6.892243385314941
720 12.492191314697266
721 12.922956466674805
722 5.169182777404785
723 3.4461216926574707
724 3.0153565406799316
725 2.5845913887023926
726 10.338364601135254
727 2.1538259983062744
728 3.44612193107605
729 4.307651996612549
730 6.461478233337402
731 6.461478233337402
732 18.092140197753906
733 0.43076521158218384
734 10.338364601135254
735 9.907600402832031
736 5.169182300567627
737 3.0153565406799316
738 26.276676177978516
739 7.7537736892700195
740 1.2922956943511963
741 1.2922956943511963
742 14.215251922607422
743 2.1538259983062744
744 9.476835250854492
745 3.4461216926574707
746 7.7537736892700195
747 12.492191314697266
748 0.43076521158218384
749 12.922956466674805
750 4.738417625427246
751 5.169182777404785
752 15.507547378540039
753 10.769129753112793
754 0.0
755 11.199895858764648
756 13.353720664978027
757 13.784486770629883
758 22.399789810180664
759 3.4461216926574707
760 1.2922956943511963
761 4.738417625427246
762 15.938312530517578
763 16.799842834472656
764 4.307651996612549
765 0.0
766 2.1538259983062744
767 12.922956466674805
768 5.599947929382324
769 5.169182777404785
770 3.0153565406799316
771 0.0
772 11.630661010742188
773 6.461478233337402
774 0.8615304231643677
775 0.43076521158218384
776 13.784486770629883
777 16.369077682495117
778 3.0153563022613525
779 3.0153565406799316
780 6.461478233337402
781 1.2922956943511963
782 9.046070098876953
783 12.492191314697266
784 24.12285041809082
785 4.738417625427246
786 3.8768868446350098
787 12.922956466674805
788 11.630661010742188
789 6.030713081359863
790 5.169182300567627
791 12.492191314697266
792 6.461478233337402
793 21.107494354248047
794 11.630661010742188
795 3.4461216926574707
796 0.0
797 3.8768868446350098
798 8.615303993225098
799 14.215251922607422
800 2.1538259983062744
801 15.507547378540039
802 6.892243385314941
803 10.76913070678711
804 16.799842834472656
805 6.461478233337402
806 3.0153565406799316
807 7.3230085372924805
808 9.476835250854492
809 7.7537736892700195
810 12.06142520904541
811 3.0153565406799316
812 1.7230608463287354
813 2.5845911502838135
814 8.184538841247559
815 17.230607986450195
816 0.8615304231643677
817 6.461478233337402
818 19.38443374633789
819 14.646017074584961
820 9.046070098876953
821 12.492191314697266
822 6.892243385314941
823 8.184538841247559
824 7.7537736892700195
825 4.307652473449707
826 12.06142520904541
827 4.738417148590088
828 7.7537736892700195
829 24.55361557006836
830 1.7230608463287354
831 16.369077682495117
832 4.307651996612549
833 16.36907958984375
834 9.046069145202637
835 11.199895858764648
836 7.7537736892700195
837 12.49219036102295
838 3.0153565406799316
839 3.0153565406799316
840 25.415145874023438
841 7.3230085372924805
842 10.769129753112793
843 8.615303993225098
844 3.0153565406799316
845 12.922956466674805
846 3.0153565406799316
847 7.7537736892700195
848 2.1538262367248535
849 6.461478233337402
850 9.907599449157715
851 8.615303993225098
852 12.922956466674805
853 21.53826141357422
854 11.199894905090332
855 3.8768868446350098
856 12.492191314697266
857 0.43076521158218384
858 3.8768868446350098
859 9.476834297180176
860 8.615303993225098
861 4.738417148590088
862 7.3230085372924805
863 22.399791717529297
864 15.507547378540039
865 3.8768868446350098
866 19.38443374633789
867 9.476835250854492
868 8.615303993225098
869 19.38443374633789
870 1.7230608463287354
871 3.4461216926574707
872 6.461478233337402
873 4.738417625427246
874 12.49219036102295
875 16.799842834472656
876 6.461477756500244
877 4.307651996612549
878 4.738417625427246
879 0.0
880 5.599947929382324
881 1.7230608463287354
882 5.169182300567627
883 8.615303993225098
884 1.2922956943511963
885 2.1538262367248535
886 4.307651996612549
887 4.307651996612549
888 3.4461216926574707
889 13.353721618652344
890 7.3230085372924805
891 14.215251922607422
892 15.507547378540039
893 10.33836555480957
894 9.476835250854492
895 3.0153565406799316
896 15.938312530517578
897 10.33836555480957
898 0.8615304231643677
899 14.215251922607422
900 5.169182777404785
901 2.1538262367248535
902 17.230607986450195
903 0.0
904 10.33836555480957
905 19.38443374633789
906 5.599947929382324
907 3.0153565406799316
908 11.630661010742188
909 0.0
910 8.184538841247559
911 6.030713081359863
912 5.169182777404785
913 1.7230608463287354
914 4.307651996612549
915 3.4461216926574707
916 6.461478233337402
917 6.030713081359863
918 3.8768868446350098
919 1.2922956943511963
920 10.33836555480957
921 7.7537736892700195
922 4.738417625427246
923 3.0153563022613525
924 5.599947929382324
925 4.307651996612549
926 3.4461216926574707
927 10.33836555480957
928 6.461478233337402
929 1.7230608463287354
930 1.7230608463287354
931 20.67673110961914
932 15.0767822265625
933 22.830554962158203
934 9.907600402832031
935 3.8768868446350098
936 2.5845911502838135
937 13.784486770629883
938 15.938312530517578
939 8.184538841247559
940 0.8615304231643677
941 3.8768868446350098
942 1.2922956943511963
943 12.922956466674805
944 9.476835250854492
945 20.676729202270508
946 15.076783180236816
947 21.53826141357422
948 6.461478233337402
949 6.030713081359863
950 9.476834297180176
951 20.24596405029297
952 16.36907958984375
953 5.599947929382324
954 9.907600402832031
955 18.092138290405273
956 7.7537736892700195
957 6.461478233337402
958 0.8615304231643677
959 9.907600402832031
960 9.907599449157715
961 0.8615304231643677
962 6.461478233337402
963 9.046069145202637
964 15.076783180236816
965 1.2922956943511963
966 18.95366859436035
967 7.323009014129639
968 28.430503845214844
969 7.3230085372924805
970 6.461478233337402
971 4.738417148590088
972 10.33836555480957
973 4.307651996612549
974 1.2922956943511963
975 2.5845913887023926
976 5.169182777404785
977 15.0767822265625
978 3.4461216926574707
979 5.169182300567627
980 11.199895858764648
981 6.892243385314941
982 1.7230608463287354
983 2.1538259983062744
984 0.0
985 3.4461216926574707
986 5.599947929382324
987 25.84591293334961
988 9.046070098876953
989 16.799842834472656
990 4.738417148590088
991 0.8615304231643677
992 3.8768868446350098
993 2.5845913887023926
994 0.8615304231643677
995 12.49219036102295
996 0.0
997 6.030713081359863
998 3.8768868446350098
999 18.953670501708984
1000 4.307651996612549
1001 3.0153565406799316
1002 3.0153565406799316
