# Selection:resname AU W ION Restricted:name AUC AUL AUSL Radius:2.64 Start:0 End:-1
0 306.2740478515625
1 302.8279724121094
2 156.79852294921875
3 90.46070861816406
4 157.2292938232422
5 166.70616149902344
6 163.260009765625
7 138.70639038085938
8 151.19859313964844
9 66.76861572265625
10 129.66033935546875
11 121.0450210571289
12 72.3685531616211
13 132.67568969726563
14 111.99896240234375
15 177.90603637695313
16 177.9060516357422
17 115.0143051147461
18 131.81414794921875
19 211.074951171875
20 122.76808166503906
21 78.83003234863281
22 146.89096069335938
23 114.58354949951172
24 86.58381652832031
25 62.03019714355469
26 46.95341110229492
27 167.56765747070313
28 103.81441497802734
29 80.9838638305664
30 143.44480895996094
31 60.307132720947266
32 69.35320281982422
33 136.5525665283203
34 173.59837341308594
35 142.58328247070313
36 95.6298828125
37 128.79881286621094
38 135.26028442382813
39 133.10647583007813
40 80.98385620117188
41 110.27587890625
42 76.24544525146484
43 94.33757781982422
44 121.90654754638672
45 119.32196807861328
46 122.33732604980469
47 76.24545288085938
48 87.44534301757813
49 87.01457977294922
50 115.01431274414063
51 136.55258178710938
52 60.73789978027344
53 86.58380889892578
54 119.32197570800781
55 140.42947387695313
56 75.8146743774414
57 140.8602294921875
58 45.230350494384766
59 145.16787719726563
60 101.66059112548828
61 191.69052124023438
62 126.21420288085938
63 114.58354949951172
64 96.49141693115234
65 80.1223373413086
66 127.07575225830078
67 129.2295684814453
68 105.53748321533203
69 80.9838638305664
70 133.9679718017578
71 103.38365173339844
72 115.87583923339844
73 112.86048889160156
74 86.1530532836914
75 148.614013671875
76 130.09109497070313
77 151.19859313964844
78 55.99947738647461
79 106.39903259277344
80 90.46070098876953
81 92.18375396728516
82 155.93702697753906
83 104.24517822265625
84 99.93754577636719
85 172.30609130859375
86 119.32196807861328
87 103.3836441040039
88 121.04503631591797
89 104.24518585205078
90 108.55282592773438
91 131.81417846679688
92 77.10698699951172
93 121.04503631591797
94 100.799072265625
95 84.42997741699219
96 83.99922180175781
97 69.35320281982422
98 127.50650787353516
99 136.55258178710938
100 181.78292846679688
101 167.13693237304688
102 174.8907012939453
103 214.95184326171875
104 181.35218811035156
105 204.18270874023438
106 161.9676971435547
107 62.03019332885742
108 76.67622375488281
109 110.27589416503906
110 173.16761779785156
111 145.59864807128906
112 200.30581665039063
113 55.56871032714844
114 160.67543029785156
115 121.90654754638672
116 176.18296813964844
117 168.85995483398438
118 124.06038665771484
119 130.95263671875
120 119.32196807861328
121 251.56689453125
122 167.1369171142578
123 183.93675231933594
124 154.64471435546875
125 113.72201538085938
126 174.8906707763672
127 228.3055419921875
128 129.66033935546875
129 149.90628051757813
130 118.02967071533203
131 113.72203063964844
132 154.6447296142578
133 105.96825408935547
134 231.751708984375
135 170.58302307128906
136 76.24544525146484
137 150.76783752441406
138 194.2751007080078
139 202.8904266357422
140 121.90656280517578
141 172.7368621826172
142 45.66111755371094
143 97.78370666503906
144 138.7064208984375
145 156.3677978515625
146 80.55309295654297
147 172.73683166503906
148 178.33682250976563
149 254.58224487304688
150 164.5523223876953
151 101.66059112548828
152 153.78318786621094
153 99.93753051757813
154 125.783447265625
155 109.41435241699219
156 209.7826690673828
157 113.29125213623047
158 103.81441497802734
159 147.75247192382813
160 137.84487915039063
161 124.49114990234375
162 138.275634765625
163 112.42971801757813
164 136.55258178710938
165 139.5679168701172
166 128.79879760742188
167 156.3677978515625
168 150.3370361328125
169 136.55259704589844
170 133.1064453125
171 123.19886779785156
172 136.121826171875
173 70.21472930908203
174 90.89147186279297
175 118.46043395996094
176 142.1525115966797
177 85.72228240966797
178 105.5374755859375
179 152.4908905029297
180 85.72227478027344
181 118.89119720458984
182 97.35294342041016
183 129.6603546142578
184 104.24518585205078
185 86.58381652832031
186 132.67568969726563
187 222.7056121826172
188 104.24517822265625
189 102.95288848876953
190 74.52239227294922
191 82.27615356445313
192 110.27589416503906
193 124.06039428710938
194 214.52108764648438
195 152.92164611816406
196 82.27616119384766
197 215.38265991210938
198 70.21473693847656
199 153.3524169921875
200 85.72227478027344
201 186.95211791992188
202 195.13665771484375
203 188.24440002441406
204 140.42947387695313
205 236.9208526611328
206 144.3063507080078
207 99.93753814697266
208 123.6296157836914
209 73.66085815429688
210 145.59866333007813
211 263.6282958984375
212 199.0135498046875
213 141.72177124023438
214 174.89068603515625
215 183.07522583007813
216 108.98360443115234
217 161.9677276611328
218 107.69129943847656
219 178.76756286621094
220 241.6593017578125
221 204.6134796142578
222 186.09059143066406
223 141.2909698486328
224 83.56845092773438
225 142.15252685546875
226 152.49090576171875
227 210.64422607421875
228 264.4898376464844
229 114.15278625488281
230 243.8131103515625
231 177.47528076171875
232 135.6910400390625
233 151.62936401367188
234 182.64443969726563
235 113.7220230102539
236 151.19857788085938
237 149.0447998046875
238 142.1525421142578
239 107.26053619384766
240 177.90606689453125
241 146.8909454345703
242 82.70692443847656
243 160.24468994140625
244 131.8141632080078
245 148.61399841308594
246 95.62989044189453
247 116.73738098144531
248 112.42972564697266
249 77.10697937011719
250 141.29098510742188
251 128.36802673339844
252 155.93701171875
253 182.21371459960938
254 208.0596160888672
255 236.49009704589844
256 137.4141082763672
257 154.6447296142578
258 127.50650024414063
259 155.93701171875
260 155.50625610351563
261 118.46043395996094
262 195.13665771484375
263 164.98306274414063
264 95.19910430908203
265 124.92191314697266
266 124.92191314697266
267 61.16866683959961
268 76.24544525146484
269 121.90657043457031
270 205.47500610351563
271 130.95262145996094
272 178.76756286621094
273 115.01432037353516
274 139.56793212890625
275 88.30686950683594
276 100.36830139160156
277 114.58353424072266
278 121.04502868652344
279 77.96852111816406
280 164.98306274414063
281 115.01432037353516
282 223.56715393066406
283 120.61427307128906
284 130.95262145996094
285 102.09136199951172
286 124.06037902832031
287 164.9830780029297
288 154.21395874023438
289 123.19884490966797
290 64.61478424072266
291 168.85997009277344
292 154.64471435546875
293 111.1374282836914
294 96.92218017578125
295 113.7220230102539
296 125.783447265625
297 191.25975036621094
298 137.84486389160156
299 83.99922943115234
300 71.93778991699219
301 78.39926147460938
302 153.3524169921875
303 120.18350982666016
304 118.02967071533203
305 137.84487915039063
306 140.8602294921875
307 131.38339233398438
308 72.79932403564453
309 59.87636947631836
310 143.01406860351563
311 110.70667266845703
312 108.5528335571289
313 185.2290496826172
314 115.87584686279297
315 114.15278625488281
316 82.70692443847656
317 78.83003234863281
318 81.41463470458984
319 167.56765747070313
320 194.7058868408203
321 157.2293243408203
322 67.19938659667969
323 179.6291046142578
324 145.59866333007813
325 183.93675231933594
326 127.07573699951172
327 197.2904815673828
328 122.33731842041016
329 199.87506103515625
330 145.5986328125
331 79.26080322265625
332 161.106201171875
333 116.30660247802734
334 153.35240173339844
335 132.2449188232422
336 138.7064208984375
337 58.58407211303711
338 87.8760986328125
339 129.6603240966797
340 143.01405334472656
341 104.67593383789063
342 98.21446228027344
343 87.44534301757813
344 49.53799819946289
345 102.52212524414063
346 91.32223510742188
347 184.7982940673828
348 102.95288848876953
349 123.1988525390625
350 69.35320281982422
351 76.24543762207031
352 64.61478424072266
353 41.78422546386719
354 83.1376953125
355 65.9070816040039
356 139.56793212890625
357 189.9674530029297
358 152.49087524414063
359 161.96774291992188
360 105.53748321533203
361 136.12181091308594
362 113.7220230102539
363 99.93753051757813
364 97.7837142944336
365 217.9672088623047
366 141.72177124023438
367 78.83003234863281
368 57.29177474975586
369 109.84513092041016
370 62.03019714355469
371 144.30636596679688
372 67.19937896728516
373 156.7985382080078
374 197.2904815673828
375 119.32196044921875
376 161.9677276611328
377 149.04476928710938
378 75.8146743774414
379 77.5377426147461
380 102.5221176147461
381 175.32147216796875
382 144.3063507080078
383 132.67568969726563
384 91.32223510742188
385 115.01432037353516
386 125.783447265625
387 193.41358947753906
388 116.73738098144531
389 112.86048889160156
390 136.55259704589844
391 104.24517822265625
392 180.92137145996094
393 163.26002502441406
394 220.98257446289063
395 130.09109497070313
396 133.1064453125
397 143.87557983398438
398 195.13665771484375
399 54.70718765258789
400 152.49090576171875
401 186.95208740234375
402 100.79906463623047
403 72.36856079101563
404 87.01457214355469
405 102.95288848876953
406 187.38287353515625
407 224.85943603515625
408 141.29100036621094
409 156.36778259277344
410 147.75247192382813
411 74.52237701416016
412 110.27590942382813
413 130.52186584472656
414 93.90681457519531
415 155.93701171875
416 152.49090576171875
417 111.56819152832031
418 152.4908905029297
419 66.33783721923828
420 96.92218017578125
421 98.2144775390625
422 131.81414794921875
423 142.1525421142578
424 89.16840362548828
425 145.59864807128906
426 80.55309295654297
427 166.70614624023438
428 145.16787719726563
429 191.25975036621094
430 93.4760513305664
431 123.19886016845703
432 115.8758544921875
433 103.8144302368164
434 104.67594909667969
435 98.21448516845703
436 127.93728637695313
437 162.3984832763672
438 85.72228240966797
439 161.9677276611328
440 171.8753204345703
441 135.6910400390625
442 183.5059814453125
443 187.8136444091797
444 72.79933166503906
445 189.96746826171875
446 200.73660278320313
447 184.79827880859375
448 137.4141082763672
449 184.79827880859375
450 235.1978302001953
451 152.49090576171875
452 186.09056091308594
453 184.36749267578125
454 254.58224487304688
455 94.76834106445313
456 93.90682220458984
457 180.92138671875
458 185.2290496826172
459 150.76783752441406
460 168.85997009277344
461 161.9677276611328
462 239.5054473876953
463 180.0598602294922
464 108.98360443115234
465 122.76808166503906
466 211.50572204589844
467 161.106201171875
468 123.19884490966797
469 177.47528076171875
470 221.413330078125
471 203.751953125
472 129.2295684814453
473 128.79879760742188
474 206.33651733398438
475 158.52159118652344
476 181.78289794921875
477 186.090576171875
478 170.1522674560547
479 193.41360473632813
480 166.70614624023438
481 223.56715393066406
482 136.121826171875
483 155.07546997070313
484 146.02943420410156
485 58.15330505371094
486 136.98333740234375
487 174.45993041992188
488 155.0754852294922
489 115.87584686279297
490 151.62936401367188
491 149.47552490234375
492 92.18375396728516
493 187.3828887939453
494 189.53668212890625
495 134.8295135498047
496 72.3685531616211
497 100.36829376220703
498 129.66033935546875
499 147.3217010498047
500 157.2293243408203
501 95.62989044189453
502 84.86075592041016
503 130.09109497070313
504 165.84461975097656
505 83.99922943115234
506 152.9216766357422
507 52.5533561706543
508 94.33759307861328
509 78.83002471923828
510 133.10646057128906
511 184.7982635498047
512 167.5676727294922
513 183.93675231933594
514 150.3370819091797
515 80.5531005859375
516 74.09161376953125
517 76.67620849609375
518 162.39849853515625
519 111.99895477294922
520 74.9531478881836
521 101.66059875488281
522 174.45994567871094
523 138.70639038085938
524 139.1371612548828
525 171.0137939453125
526 151.1986083984375
527 122.33731842041016
528 129.66033935546875
529 143.44480895996094
530 104.67594909667969
531 109.41437530517578
532 173.59837341308594
533 152.92164611816406
534 87.44534301757813
535 89.16840362548828
536 128.79881286621094
537 153.3524169921875
538 121.90656280517578
539 191.259765625
540 211.07496643066406
541 122.33733367919922
542 111.99895477294922
543 111.99895477294922
544 98.64523315429688
545 152.92164611816406
546 173.1676025390625
547 102.95289611816406
548 60.73789978027344
549 109.41436004638672
550 56.86101150512695
551 102.09135437011719
552 109.41437530517578
553 145.5986328125
554 160.24464416503906
555 118.4604263305664
556 156.79856872558594
557 146.89093017578125
558 105.53748321533203
559 121.90657806396484
560 150.76783752441406
561 65.90707397460938
562 97.35294342041016
563 87.01457977294922
564 74.09162139892578
565 53.414894104003906
566 115.87584686279297
567 74.52238464355469
568 128.79879760742188
569 123.62962341308594
570 127.50651550292969
571 122.33732604980469
572 142.1525421142578
573 125.3526840209961
574 124.49115753173828
575 66.33785247802734
576 122.76809692382813
577 76.24544525146484
578 106.39901733398438
579 186.9521026611328
580 121.47577667236328
581 105.9682388305664
582 74.09162902832031
583 61.168663024902344
584 119.75273132324219
585 167.5676727294922
586 226.1517333984375
587 81.84539794921875
588 75.81468200683594
589 101.22984313964844
590 149.4755401611328
591 136.55255126953125
592 223.56716918945313
593 180.05987548828125
594 143.44482421875
595 210.64422607421875
596 183.07522583007813
597 211.07496643066406
598 90.46070861816406
599 153.35243225097656
600 122.7680892944336
601 140.42947387695313
602 159.8138885498047
603 158.95237731933594
604 144.30636596679688
605 65.0455551147461
606 127.07573699951172
607 107.26055145263672
608 146.89097595214844
609 64.61478424072266
610 58.584068298339844
611 125.78345489501953
612 117.59889221191406
613 170.1522674560547
614 100.79907989501953
615 191.6905059814453
616 132.2449188232422
617 148.61398315429688
618 123.62962341308594
619 78.3992691040039
620 98.21446990966797
621 115.87583923339844
622 56.430240631103516
623 131.3833770751953
624 155.07550048828125
625 215.38262939453125
626 82.70692443847656
627 184.36753845214844
628 104.24517822265625
629 148.18325805664063
630 137.84487915039063
631 110.27589416503906
632 166.70616149902344
633 180.4906463623047
634 183.9367218017578
635 182.6444854736328
636 192.9827880859375
637 117.59890747070313
638 166.7061309814453
639 145.16787719726563
640 181.3521728515625
641 190.39820861816406
642 118.46043395996094
643 154.21395874023438
644 216.24412536621094
645 128.79881286621094
646 134.82952880859375
647 111.99895477294922
648 209.7826690673828
649 103.38365936279297
650 105.53749084472656
651 83.56845092773438
652 75.3839111328125
653 107.69131469726563
654 88.30687713623047
655 166.70614624023438
656 132.6757049560547
657 49.96876525878906
658 79.69155883789063
659 121.47579193115234
660 136.55258178710938
661 143.87557983398438
662 140.8602294921875
663 112.86048126220703
664 148.18324279785156
665 183.93673706054688
666 174.8907012939453
667 168.85997009277344
668 66.76860809326172
669 127.50652313232422
670 120.1834945678711
671 122.33731842041016
672 103.81442260742188
673 55.999488830566406
674 135.69105529785156
675 125.78343963623047
676 80.9838638305664
677 90.460693359375
678 128.3680419921875
679 96.06063842773438
680 139.5679473876953
681 175.32147216796875
682 181.35215759277344
683 229.597900390625
684 152.92166137695313
685 226.15174865722656
686 128.3680419921875
687 208.0596160888672
688 130.52186584472656
689 192.98281860351563
690 176.61373901367188
691 112.42974090576172
692 91.75299072265625
693 56.86100769042969
694 82.70692443847656
695 82.27616882324219
696 80.5531005859375
697 121.04503631591797
698 131.81414794921875
699 94.76834106445313
700 116.30661010742188
701 178.33680725097656
702 189.10594177246094
703 84.42998504638672
704 101.66059112548828
705 52.984127044677734
706 180.4906463623047
707 186.95211791992188
708 105.1067123413086
709 136.12181091308594
710 45.230350494384766
711 106.82977294921875
712 124.49115753173828
713 152.4908905029297
714 115.8758544921875
715 103.3836441040039
716 171.44454956054688
717 134.39874267578125
718 105.10670471191406
719 115.445068359375
720 153.78317260742188
721 62.460960388183594
722 164.12155151367188
723 161.106201171875
724 79.26079559326172
725 90.46070098876953
726 182.21368408203125
727 104.24518585205078
728 101.22981262207031
729 93.90682220458984
730 109.84513092041016
731 71.50704193115234
732 102.09136199951172
733 155.0754852294922
734 163.69078063964844
735 223.9979248046875
736 174.8906707763672
737 123.62962341308594
738 166.70616149902344
739 127.50651550292969
740 66.76861572265625
741 116.30662536621094
742 89.16841125488281
743 139.99868774414063
744 69.78397369384766
745 127.07575225830078
746 117.59890747070313
747 220.5518035888672
748 54.707183837890625
749 226.15174865722656
750 161.9677276611328
751 289.4742126464844
752 187.8136444091797
753 139.5679168701172
754 126.64496612548828
755 122.33733367919922
756 81.41462707519531
757 113.7220230102539
758 159.8138885498047
759 150.767822265625
760 128.79879760742188
761 88.73763275146484
762 123.19884490966797
763 121.47579956054688
764 118.89120483398438
765 101.22981262207031
766 104.67594909667969
767 96.0606460571289
768 124.92192077636719
769 55.5687141418457
770 137.84487915039063
771 138.27561950683594
772 185.65982055664063
773 145.1678924560547
774 153.78317260742188
775 132.67568969726563
776 230.89015197753906
777 170.58303833007813
778 190.39825439453125
779 169.72152709960938
780 118.46043395996094
781 175.75221252441406
782 210.21343994140625
783 152.49090576171875
784 77.5377426147461
785 103.81442260742188
786 124.06037902832031
787 211.50570678710938
788 155.0754852294922
789 105.9682388305664
790 100.799072265625
791 102.5221176147461
792 61.168663024902344
793 138.27561950683594
794 180.05987548828125
795 185.22906494140625
796 129.22955322265625
797 166.7061309814453
798 135.6910400390625
799 129.6603240966797
800 199.87506103515625
801 68.4916763305664
802 91.75300598144531
803 76.67620849609375
804 80.12234497070313
805 174.4599151611328
806 85.29150390625
807 121.0450210571289
808 92.61451721191406
809 144.7371368408203
810 77.53773498535156
811 108.55284118652344
812 90.460693359375
813 55.5687141418457
814 65.04554748535156
815 100.36830139160156
816 132.67568969726563
817 79.26078796386719
818 131.81414794921875
819 75.38391876220703
820 87.44535064697266
821 68.49166870117188
822 102.09134674072266
823 169.29074096679688
824 155.5062713623047
825 109.41437530517578
826 99.50676727294922
827 108.5528335571289
828 99.93753051757813
829 102.09136199951172
830 111.1374282836914
831 125.35267639160156
832 209.78268432617188
833 195.13665771484375
834 115.44508361816406
835 91.75299072265625
836 137.8448486328125
837 73.6608657836914
838 118.46044921875
839 103.38365173339844
840 38.76887512207031
841 123.1988525390625
842 174.8907012939453
843 159.8138885498047
844 141.29100036621094
845 130.95263671875
846 142.5832977294922
847 139.1371612548828
848 162.82925415039063
849 208.92112731933594
850 148.614013671875
851 51.26106643676758
852 105.10671997070313
853 159.8138885498047
854 118.0296630859375
855 90.0299301147461
856 82.27615356445313
857 109.84513092041016
858 148.18321228027344
859 136.55258178710938
860 60.73789978027344
861 94.76835632324219
862 125.3526840209961
863 202.89041137695313
864 128.79881286621094
865 144.3063507080078
866 109.41436767578125
867 194.70587158203125
868 147.75247192382813
869 78.83003997802734
870 145.16787719726563
871 158.52157592773438
872 147.75247192382813
873 90.46070861816406
874 138.70640563964844
875 157.22930908203125
876 123.62962341308594
877 149.04478454589844
878 124.49114990234375
879 126.64497375488281
880 84.42997741699219
881 65.476318359375
882 164.12158203125
883 108.98359680175781
884 103.81441497802734
885 153.3524169921875
886 140.8602294921875
887 161.5369415283203
888 199.87506103515625
889 120.6142578125
890 149.90631103515625
891 189.96743774414063
892 173.598388671875
893 152.4908905029297
894 186.52134704589844
895 164.1215362548828
896 217.10565185546875
897 166.70611572265625
898 128.79879760742188
899 112.86048889160156
900 161.106201171875
901 102.09136962890625
902 98.6452407836914
903 108.1220703125
904 169.29071044921875
905 144.3063507080078
906 167.13690185546875
907 115.44507598876953
908 123.62962341308594
909 159.81390380859375
910 150.767822265625
911 205.47500610351563
912 172.73687744140625
913 198.1520233154297
914 107.26054382324219
915 160.6754150390625
916 85.72228240966797
917 199.87506103515625
918 118.89119720458984
919 154.21392822265625
920 83.13768768310547
921 198.582763671875
922 142.5832977294922
923 150.76783752441406
924 116.73737335205078
925 137.41409301757813
926 79.26079559326172
927 99.93753814697266
928 99.93753051757813
929 152.4908905029297
930 86.15304565429688
931 90.46070098876953
932 168.85997009277344
933 46.52264404296875
934 146.46017456054688
935 71.07626342773438
936 139.9987030029297
937 118.46044158935547
938 41.35346221923828
939 71.07626342773438
940 102.952880859375
941 140.86021423339844
942 110.27588653564453
943 86.1530532836914
944 166.27536010742188
945 124.49114990234375
946 113.72201538085938
947 82.7069320678711
948 135.26028442382813
949 96.06063842773438
950 189.96746826171875
951 78.83003997802734
952 84.86074829101563
953 112.42971801757813
954 148.61399841308594
955 74.09162139892578
956 87.01457214355469
957 168.85997009277344
958 170.1522674560547
959 111.56818389892578
960 141.291015625
961 129.6603240966797
962 176.61375427246094
963 107.69131469726563
964 84.8607406616211
965 110.7066650390625
966 130.52186584472656
967 99.50675964355469
968 126.21421813964844
969 174.02915954589844
970 143.87559509277344
971 74.09162139892578
972 179.19833374023438
973 209.78269958496094
974 80.5531005859375
975 54.27641677856445
976 118.0296630859375
977 124.92192077636719
978 113.29124450683594
979 87.87610626220703
980 131.38339233398438
981 112.86050415039063
982 123.19886779785156
983 133.53720092773438
984 141.7217559814453
985 61.599430084228516
986 131.38339233398438
987 107.69131469726563
988 106.82976531982422
989 117.59891510009766
990 171.01380920410156
991 163.69081115722656
992 122.33731842041016
993 123.62963104248047
994 102.5221176147461
995 66.76860809326172
996 87.01457214355469
997 68.49166870117188
998 72.79931640625
999 174.45993041992188
1000 82.27616119384766
1001 114.15279388427734
1002 114.15279388427734
