# Selection 1:name C1A D2A C3A C4A C1B C2B C3B C4B Selection 2:name AUC AUSL AUL Cutoff:8 Start:0 End:-1
0 0
1 0
2 36
3 35
4 39
5 34
6 36
7 36
8 34
9 23
10 28
11 28
12 26
13 33
14 31
15 36
16 29
17 36
18 29
19 42
20 29
21 30
22 35
23 28
24 29
25 22
26 20
27 34
28 28
29 31
30 35
31 21
32 34
33 31
34 31
35 30
36 33
37 29
38 33
39 38
40 36
41 37
42 27
43 29
44 33
45 33
46 30
47 30
48 32
49 30
50 30
51 28
52 28
53 33
54 35
55 35
56 26
57 33
58 23
59 38
60 27
61 41
62 28
63 37
64 31
65 25
66 34
67 44
68 26
69 27
70 29
71 28
72 33
73 28
74 28
75 32
76 32
77 32
78 28
79 32
80 31
81 27
82 34
83 24
84 32
85 39
86 37
87 32
88 27
89 29
90 30
91 31
92 31
93 32
94 30
95 26
96 30
97 34
98 33
99 37
100 34
101 31
102 35
103 39
104 34
105 40
106 44
107 26
108 30
109 25
110 33
111 36
112 33
113 25
114 34
115 34
116 28
117 33
118 32
119 31
120 26
121 34
122 39
123 38
124 36
125 30
126 30
127 38
128 37
129 31
130 37
131 37
132 32
133 25
134 37
135 32
136 32
137 36
138 36
139 38
140 30
141 40
142 21
143 31
144 32
145 40
146 23
147 33
148 37
149 38
150 36
151 29
152 35
153 36
154 26
155 26
156 34
157 26
158 28
159 30
160 35
161 39
162 33
163 34
164 30
165 31
166 28
167 31
168 36
169 34
170 35
171 26
172 39
173 24
174 29
175 25
176 35
177 22
178 33
179 33
180 32
181 35
182 29
183 38
184 30
185 25
186 37
187 37
188 25
189 30
190 27
191 27
192 29
193 26
194 36
195 38
196 23
197 41
198 25
199 28
200 29
201 42
202 35
203 35
204 38
205 30
206 34
207 34
208 31
209 26
210 33
211 36
212 37
213 36
214 28
215 35
216 36
217 39
218 23
219 40
220 45
221 39
222 30
223 38
224 29
225 28
226 34
227 39
228 39
229 31
230 35
231 29
232 30
233 33
234 38
235 32
236 34
237 33
238 26
239 24
240 35
241 38
242 31
243 34
244 37
245 28
246 37
247 37
248 27
249 26
250 32
251 36
252 35
253 35
254 41
255 30
256 35
257 31
258 32
259 30
260 38
261 34
262 42
263 37
264 30
265 28
266 39
267 32
268 33
269 32
270 42
271 36
272 33
273 40
274 33
275 29
276 35
277 28
278 34
279 30
280 35
281 33
282 44
283 27
284 32
285 28
286 38
287 34
288 32
289 32
290 27
291 32
292 33
293 26
294 30
295 37
296 30
297 43
298 31
299 34
300 25
301 28
302 29
303 30
304 36
305 38
306 33
307 30
308 26
309 29
310 32
311 35
312 36
313 39
314 34
315 30
316 24
317 25
318 29
319 35
320 38
321 30
322 27
323 35
324 35
325 30
326 32
327 42
328 30
329 35
330 35
331 29
332 34
333 28
334 29
335 31
336 37
337 25
338 33
339 43
340 32
341 35
342 32
343 28
344 25
345 35
346 25
347 38
348 27
349 37
350 27
351 27
352 24
353 22
354 29
355 31
356 32
357 36
358 39
359 38
360 32
361 38
362 31
363 31
364 38
365 47
366 37
367 26
368 23
369 32
370 26
371 35
372 28
373 28
374 40
375 29
376 35
377 33
378 30
379 22
380 26
381 32
382 33
383 32
384 30
385 38
386 28
387 38
388 30
389 29
390 33
391 34
392 39
393 35
394 37
395 27
396 27
397 29
398 32
399 30
400 32
401 39
402 29
403 22
404 26
405 27
406 38
407 38
408 36
409 36
410 33
411 24
412 31
413 33
414 28
415 33
416 37
417 31
418 27
419 29
420 35
421 32
422 28
423 33
424 29
425 38
426 28
427 38
428 32
429 37
430 28
431 29
432 34
433 27
434 24
435 29
436 36
437 31
438 27
439 34
440 33
441 32
442 32
443 38
444 27
445 35
446 34
447 37
448 32
449 40
450 35
451 27
452 38
453 37
454 44
455 29
456 29
457 36
458 32
459 34
460 36
461 30
462 35
463 33
464 24
465 32
466 35
467 30
468 25
469 35
470 39
471 33
472 34
473 31
474 34
475 35
476 32
477 39
478 35
479 34
480 33
481 35
482 28
483 33
484 35
485 27
486 33
487 34
488 33
489 29
490 32
491 38
492 29
493 38
494 25
495 39
496 27
497 29
498 31
499 37
500 33
501 31
502 32
503 36
504 32
505 26
506 40
507 27
508 27
509 30
510 34
511 42
512 32
513 26
514 28
515 24
516 24
517 24
518 44
519 36
520 26
521 29
522 35
523 31
524 31
525 34
526 29
527 30
528 26
529 30
530 31
531 29
532 30
533 30
534 30
535 25
536 33
537 32
538 26
539 33
540 32
541 31
542 32
543 29
544 26
545 37
546 32
547 32
548 29
549 35
550 21
551 27
552 28
553 34
554 37
555 35
556 35
557 35
558 26
559 30
560 32
561 26
562 29
563 25
564 27
565 28
566 30
567 20
568 36
569 26
570 26
571 26
572 34
573 32
574 23
575 28
576 29
577 26
578 31
579 33
580 36
581 27
582 37
583 24
584 32
585 39
586 37
587 32
588 26
589 30
590 28
591 29
592 49
593 39
594 33
595 37
596 36
597 41
598 27
599 32
600 31
601 30
602 32
603 30
604 33
605 27
606 39
607 29
608 33
609 27
610 21
611 31
612 28
613 33
614 36
615 34
616 35
617 29
618 34
619 28
620 26
621 37
622 28
623 30
624 33
625 37
626 30
627 39
628 35
629 31
630 33
631 32
632 32
633 34
634 37
635 33
636 41
637 28
638 32
639 29
640 28
641 39
642 34
643 37
644 33
645 31
646 32
647 29
648 36
649 26
650 30
651 28
652 25
653 32
654 32
655 28
656 26
657 23
658 27
659 27
660 30
661 30
662 35
663 27
664 30
665 39
666 35
667 33
668 25
669 34
670 30
671 31
672 36
673 27
674 32
675 33
676 29
677 29
678 30
679 26
680 33
681 33
682 32
683 36
684 34
685 37
686 31
687 41
688 34
689 39
690 37
691 26
692 32
693 25
694 33
695 37
696 25
697 35
698 28
699 30
700 29
701 33
702 37
703 29
704 31
705 26
706 34
707 39
708 32
709 29
710 24
711 28
712 40
713 35
714 31
715 25
716 38
717 37
718 38
719 30
720 38
721 28
722 31
723 35
724 29
725 34
726 35
727 29
728 31
729 35
730 28
731 30
732 28
733 35
734 28
735 42
736 31
737 28
738 41
739 30
740 21
741 33
742 25
743 33
744 29
745 31
746 29
747 37
748 29
749 35
750 28
751 39
752 41
753 37
754 32
755 30
756 22
757 29
758 38
759 23
760 26
761 30
762 35
763 34
764 28
765 34
766 29
767 28
768 31
769 26
770 38
771 31
772 30
773 35
774 30
775 32
776 37
777 25
778 34
779 37
780 32
781 31
782 42
783 33
784 29
785 30
786 33
787 37
788 36
789 39
790 26
791 27
792 23
793 31
794 35
795 30
796 34
797 30
798 39
799 33
800 40
801 27
802 33
803 32
804 30
805 36
806 28
807 30
808 25
809 30
810 33
811 25
812 23
813 31
814 29
815 34
816 30
817 28
818 26
819 21
820 28
821 37
822 28
823 34
824 33
825 32
826 33
827 29
828 29
829 37
830 36
831 24
832 32
833 32
834 34
835 25
836 35
837 27
838 29
839 31
840 27
841 22
842 33
843 32
844 33
845 33
846 35
847 29
848 25
849 28
850 37
851 27
852 26
853 37
854 33
855 30
856 29
857 22
858 35
859 32
860 24
861 31
862 33
863 33
864 34
865 37
866 28
867 26
868 33
869 23
870 35
871 36
872 38
873 30
874 36
875 28
876 32
877 35
878 28
879 35
880 31
881 29
882 29
883 31
884 31
885 36
886 34
887 30
888 30
889 30
890 34
891 39
892 35
893 38
894 28
895 31
896 36
897 33
898 31
899 34
900 35
901 24
902 31
903 31
904 32
905 30
906 33
907 36
908 26
909 34
910 35
911 41
912 41
913 43
914 34
915 32
916 31
917 38
918 28
919 34
920 36
921 33
922 33
923 35
924 30
925 38
926 28
927 27
928 33
929 38
930 35
931 27
932 38
933 17
934 33
935 24
936 28
937 32
938 23
939 22
940 35
941 40
942 25
943 32
944 35
945 31
946 33
947 29
948 32
949 30
950 37
951 26
952 34
953 26
954 27
955 30
956 28
957 34
958 38
959 31
960 40
961 35
962 36
963 26
964 25
965 24
966 32
967 27
968 40
969 42
970 33
971 26
972 33
973 36
974 31
975 24
976 38
977 34
978 30
979 25
980 36
981 34
982 37
983 36
984 29
985 27
986 30
987 31
988 32
989 35
990 35
991 38
992 30
993 32
994 24
995 23
996 32
997 33
998 27
999 31
1000 20
1001 30
1002 30
