# Selection:resname AU POPC Restricted:name AUC AUL AUSL Radius:2.64 Start:0 End:-1
0 306.2740478515625
1 302.8279724121094
2 0.0
3 0.0
4 7.3230085372924805
5 0.0
6 0.0
7 17.661373138427734
8 10.76913070678711
9 1.7230608463287354
10 1.7230608463287354
11 24.553617477416992
12 5.599947929382324
13 0.0
14 18.522903442382813
15 0.0
16 1.2922956943511963
17 0.0
18 0.0
19 0.8615304231643677
20 0.8615304231643677
21 0.0
22 2.1538259983062744
23 0.43076521158218384
24 11.630660057067871
25 27.138206481933594
26 31.445859909057617
27 24.122852325439453
28 11.199894905090332
29 18.95366859436035
30 11.630661010742188
31 15.507547378540039
32 21.969024658203125
33 14.215251922607422
34 12.492191314697266
35 12.061426162719727
36 18.092138290405273
37 12.922956466674805
38 1.7230608463287354
39 15.0767822265625
40 11.199895858764648
41 11.199895858764648
42 6.461478233337402
43 19.38443374633789
44 17.661373138427734
45 23.261320114135742
46 24.55361557006836
47 29.72279930114746
48 24.98438262939453
49 42.21499252319336
50 36.18427658081055
51 16.369077682495117
52 26.707441329956055
53 6.030713081359863
54 12.061426162719727
55 0.0
56 0.43076521158218384
57 0.0
58 0.0
59 1.2922956943511963
60 0.0
61 0.0
62 0.0
63 0.0
64 0.0
65 13.353721618652344
66 12.922956466674805
67 12.061426162719727
68 10.769129753112793
69 7.753774166107178
70 4.307652473449707
71 0.0
72 3.0153563022613525
73 0.0
74 1.2922956943511963
75 0.0
76 0.0
77 0.0
78 0.0
79 0.0
80 0.0
81 18.95366859436035
82 6.461478233337402
83 0.43076521158218384
84 9.907600402832031
85 3.0153565406799316
86 14.215251922607422
87 21.969024658203125
88 15.938312530517578
89 36.18427658081055
90 19.81519889831543
91 26.707441329956055
92 27.999736785888672
93 7.3230085372924805
94 0.8615304231643677
95 0.0
96 0.8615304231643677
97 4.307651996612549
98 6.461478233337402
99 1.7230608463287354
100 16.799842834472656
101 7.3230085372924805
102 13.353721618652344
103 0.0
104 4.738417148590088
105 3.0153565406799316
106 5.169182777404785
107 12.492191314697266
108 41.353458404541016
109 39.19963455200195
110 29.72279930114746
111 48.24570846557617
112 19.81519889831543
113 16.799842834472656
114 15.507547378540039
115 18.092138290405273
116 23.261322021484375
117 12.922956466674805
118 16.36907958984375
119 15.0767822265625
120 4.738417148590088
121 0.8615304231643677
122 0.0
123 1.7230608463287354
124 0.0
125 0.0
126 0.8615304231643677
127 1.2922956943511963
128 4.738417148590088
129 3.0153565406799316
130 2.5845913887023926
131 0.0
132 0.0
133 0.0
134 0.0
135 3.4461216926574707
136 0.0
137 0.0
138 0.8615304231643677
139 0.8615304231643677
140 2.5845913887023926
141 0.0
142 0.0
143 0.0
144 0.0
145 1.2922956943511963
146 0.43076521158218384
147 3.4461216926574707
148 0.0
149 0.43076521158218384
150 0.8615304231643677
151 0.0
152 0.43076521158218384
153 2.5845913887023926
154 8.184538841247559
155 6.461478233337402
156 12.061426162719727
157 11.199895858764648
158 16.369077682495117
159 13.353721618652344
160 12.492191314697266
161 13.353721618652344
162 7.3230085372924805
163 26.707441329956055
164 50.399532318115234
165 10.33836555480957
166 9.476835250854492
167 9.046069145202637
168 12.49219036102295
169 15.507547378540039
170 9.046069145202637
171 11.630661010742188
172 17.661373138427734
173 11.630661010742188
174 21.107494354248047
175 14.215251922607422
176 12.492191314697266
177 20.24596405029297
178 20.2459659576416
179 14.646017074584961
180 17.661373138427734
181 8.184538841247559
182 12.061426162719727
183 5.599947929382324
184 4.307651996612549
185 12.492191314697266
186 23.261322021484375
187 3.8768868446350098
188 12.061426162719727
189 3.4461216926574707
190 2.5845911502838135
191 3.4461216926574707
192 0.0
193 0.43076521158218384
194 2.1538259983062744
195 0.0
196 0.8615304231643677
197 0.0
198 12.061426162719727
199 21.969024658203125
200 4.738417625427246
201 0.0
202 0.0
203 0.0
204 2.1538259983062744
205 0.0
206 2.5845911502838135
207 3.0153565406799316
208 1.2922956943511963
209 0.0
210 0.43076521158218384
211 1.7230608463287354
212 0.0
213 0.0
214 0.43076521158218384
215 0.43076521158218384
216 1.2922956943511963
217 2.1538259983062744
218 1.2922956943511963
219 0.0
220 1.7230608463287354
221 2.5845913887023926
222 0.0
223 0.0
224 4.738417625427246
225 0.0
226 0.0
227 0.0
228 9.046070098876953
229 0.43076521158218384
230 0.43076521158218384
231 0.0
232 0.0
233 2.1538259983062744
234 0.0
235 2.5845911502838135
236 7.7537736892700195
237 4.738417148590088
238 10.33836555480957
239 2.5845911502838135
240 0.0
241 0.0
242 0.43076521158218384
243 0.0
244 14.215251922607422
245 6.030713081359863
246 5.599947929382324
247 6.892243385314941
248 15.938312530517578
249 19.38443374633789
250 9.046069145202637
251 10.33836555480957
252 16.799842834472656
253 12.922955513000488
254 8.615303993225098
255 1.2922956943511963
256 26.707443237304688
257 25.41514778137207
258 15.507547378540039
259 21.969024658203125
260 18.092138290405273
261 26.707441329956055
262 19.38443374633789
263 22.399789810180664
264 21.538259506225586
265 30.153564453125
266 37.045806884765625
267 25.415145874023438
268 23.69208526611328
269 21.969026565551758
270 11.630661010742188
271 15.938312530517578
272 13.784486770629883
273 7.3230085372924805
274 15.507548332214355
275 10.76913070678711
276 24.12285041809082
277 29.722797393798828
278 17.230607986450195
279 22.399791717529297
280 10.76913070678711
281 16.369077682495117
282 37.045806884765625
283 17.661373138427734
284 25.415149688720703
285 26.27667808532715
286 8.184538841247559
287 12.922956466674805
288 9.907600402832031
289 10.76913070678711
290 27.568971633911133
291 24.55361557006836
292 26.276676177978516
293 15.938312530517578
294 10.338364601135254
295 12.061426162719727
296 10.33836555480957
297 10.33836555480957
298 9.476834297180176
299 10.33836555480957
300 18.522903442382813
301 12.492191314697266
302 9.907600402832031
303 16.799842834472656
304 14.215251922607422
305 18.522903442382813
306 14.215251922607422
307 7.323009014129639
308 17.230607986450195
309 12.492191314697266
310 17.661373138427734
311 14.215251922607422
312 8.184538841247559
313 21.107494354248047
314 11.630660057067871
315 10.769129753112793
316 14.646017074584961
317 6.030713081359863
318 0.0
319 0.0
320 0.0
321 0.0
322 0.0
323 0.0
324 17.230609893798828
325 17.230607986450195
326 0.0
327 1.7230608463287354
328 2.1538259983062744
329 2.1538259983062744
330 0.43076521158218384
331 0.0
332 0.0
333 0.0
334 0.0
335 0.8615304231643677
336 0.0
337 0.0
338 11.199895858764648
339 18.092138290405273
340 10.769129753112793
341 16.369077682495117
342 16.799842834472656
343 13.353721618652344
344 6.461478233337402
345 2.5845913887023926
346 6.892243385314941
347 22.399791717529297
348 14.646017074584961
349 8.184538841247559
350 13.353721618652344
351 9.046069145202637
352 8.184538841247559
353 24.55361557006836
354 13.353721618652344
355 15.0767822265625
356 6.892243385314941
357 8.615303993225098
358 7.7537736892700195
359 3.4461216926574707
360 5.169182777404785
361 0.8615304231643677
362 0.43076521158218384
363 1.2922956943511963
364 0.0
365 1.2922956943511963
366 9.046069145202637
367 4.307652473449707
368 20.676729202270508
369 35.753517150878906
370 33.59968566894531
371 18.092138290405273
372 35.32274627685547
373 0.0
374 0.0
375 0.0
376 0.43076521158218384
377 0.43076521158218384
378 0.0
379 0.43076521158218384
380 0.0
381 2.5845913887023926
382 0.8615304231643677
383 0.43076521158218384
384 0.43076521158218384
385 2.1538259983062744
386 0.8615304231643677
387 0.43076521158218384
388 0.0
389 0.0
390 22.830556869506836
391 9.476834297180176
392 26.707441329956055
393 19.38443374633789
394 7.3230085372924805
395 0.43076521158218384
396 14.646017074584961
397 14.646017074584961
398 31.876625061035156
399 20.676729202270508
400 16.369077682495117
401 14.646017074584961
402 25.845911026000977
403 6.892243385314941
404 15.0767822265625
405 3.8768868446350098
406 7.3230085372924805
407 8.184538841247559
408 14.215251922607422
409 30.58432960510254
410 34.89198303222656
411 31.876625061035156
412 45.23035430908203
413 8.615303993225098
414 26.276676177978516
415 31.015094757080078
416 20.24596405029297
417 31.445858001708984
418 15.938312530517578
419 24.55361557006836
420 18.522903442382813
421 15.507547378540039
422 19.38443374633789
423 24.9843807220459
424 17.661373138427734
425 34.461219787597656
426 21.538259506225586
427 35.32274627685547
428 24.12285041809082
429 1.2922956943511963
430 15.0767822265625
431 11.630661010742188
432 4.307652473449707
433 13.353721618652344
434 11.630661010742188
435 13.784486770629883
436 18.95366859436035
437 6.030713081359863
438 1.2922956943511963
439 2.1538259983062744
440 0.0
441 0.0
442 0.0
443 0.0
444 0.0
445 0.0
446 0.8615304231643677
447 0.8615304231643677
448 0.0
449 0.0
450 0.0
451 0.0
452 0.0
453 0.0
454 0.0
455 4.738417148590088
456 0.43076521158218384
457 0.0
458 0.0
459 0.43076521158218384
460 0.0
461 0.0
462 0.0
463 0.0
464 0.0
465 1.2922956943511963
466 0.0
467 0.43076521158218384
468 0.0
469 0.0
470 0.43076521158218384
471 0.8615304231643677
472 1.2922956943511963
473 3.0153565406799316
474 1.2922956943511963
475 0.0
476 3.4461216926574707
477 0.0
478 0.0
479 1.2922956943511963
480 1.2922956943511963
481 1.7230608463287354
482 7.7537736892700195
483 31.87662696838379
484 23.69208526611328
485 5.169182777404785
486 15.0767822265625
487 6.461478233337402
488 6.892243385314941
489 9.476834297180176
490 18.092138290405273
491 7.3230085372924805
492 15.0767822265625
493 4.738417625427246
494 6.461478233337402
495 12.922956466674805
496 9.476834297180176
497 7.7537736892700195
498 12.922956466674805
499 14.646017074584961
500 12.49219036102295
501 6.892243385314941
502 4.307652473449707
503 7.7537736892700195
504 2.1538259983062744
505 12.061426162719727
506 14.646017074584961
507 6.461478233337402
508 10.33836555480957
509 10.33836555480957
510 12.06142520904541
511 15.507547378540039
512 8.184539794921875
513 17.230607986450195
514 15.938312530517578
515 31.445858001708984
516 37.4765739440918
517 13.353721618652344
518 18.522903442382813
519 16.799842834472656
520 20.24596405029297
521 11.630660057067871
522 7.7537736892700195
523 0.0
524 9.907599449157715
525 1.2922956943511963
526 3.8768868446350098
527 2.1538259983062744
528 1.7230608463287354
529 0.43076521158218384
530 0.8615304231643677
531 2.1538262367248535
532 0.8615304231643677
533 0.0
534 0.0
535 0.0
536 0.0
537 0.43076521158218384
538 1.7230608463287354
539 9.907600402832031
540 19.38443374633789
541 15.507547378540039
542 27.999736785888672
543 7.7537736892700195
544 7.3230085372924805
545 18.522903442382813
546 13.784486770629883
547 8.615303993225098
548 13.353721618652344
549 16.369077682495117
550 24.122852325439453
551 14.215251922607422
552 28.430503845214844
553 18.522905349731445
554 6.030713081359863
555 18.092138290405273
556 22.399791717529297
557 27.999738693237305
558 17.661373138427734
559 11.199894905090332
560 32.30738830566406
561 9.046069145202637
562 12.061426162719727
563 20.24596405029297
564 14.646017074584961
565 12.922955513000488
566 18.95366859436035
567 29.722797393798828
568 24.553617477416992
569 26.707443237304688
570 19.81519889831543
571 13.784485816955566
572 10.33836555480957
573 9.046069145202637
574 44.36881637573242
575 17.661375045776367
576 11.199895858764648
577 10.76913070678711
578 11.199895858764648
579 3.0153565406799316
580 1.7230608463287354
581 5.169182777404785
582 0.43076521158218384
583 0.43076521158218384
584 0.0
585 0.43076521158218384
586 1.2922956943511963
587 0.0
588 0.43076521158218384
589 0.0
590 1.7230608463287354
591 0.0
592 0.8615304231643677
593 1.2922956943511963
594 0.0
595 0.0
596 0.0
597 0.0
598 6.030713081359863
599 17.661373138427734
600 1.7230608463287354
601 0.0
602 0.0
603 0.0
604 0.0
605 0.0
606 1.7230608463287354
607 2.1538259983062744
608 7.7537736892700195
609 0.0
610 0.0
611 2.1538262367248535
612 0.0
613 0.0
614 0.0
615 6.461478233337402
616 0.43076521158218384
617 3.4461216926574707
618 0.0
619 0.0
620 6.461478233337402
621 0.43076521158218384
622 5.599947929382324
623 7.7537736892700195
624 11.630660057067871
625 0.8615304231643677
626 2.1538259983062744
627 31.015092849731445
628 15.0767822265625
629 18.95366859436035
630 32.738155364990234
631 0.0
632 0.0
633 0.43076521158218384
634 0.0
635 0.0
636 1.2922956943511963
637 0.0
638 3.8768868446350098
639 0.43076521158218384
640 0.43076521158218384
641 2.1538262367248535
642 3.876887083053589
643 0.0
644 0.0
645 2.5845913887023926
646 0.0
647 0.0
648 0.43076521158218384
649 5.599947929382324
650 0.8615304231643677
651 0.0
652 0.0
653 0.0
654 0.0
655 2.1538259983062744
656 3.44612193107605
657 19.38443374633789
658 17.230607986450195
659 14.215251922607422
660 10.33836555480957
661 14.646016120910645
662 8.615303993225098
663 12.49219036102295
664 12.922956466674805
665 24.122852325439453
666 5.599947929382324
667 18.092138290405273
668 16.799842834472656
669 16.369077682495117
670 14.646017074584961
671 13.784486770629883
672 6.030713081359863
673 22.830554962158203
674 13.353721618652344
675 14.646017074584961
676 13.784486770629883
677 4.738417625427246
678 2.1538262367248535
679 0.0
680 7.7537736892700195
681 0.0
682 0.0
683 3.0153565406799316
684 3.8768868446350098
685 6.892243385314941
686 5.599947929382324
687 1.7230608463287354
688 2.5845911502838135
689 1.7230608463287354
690 6.461478233337402
691 6.461478233337402
692 13.353721618652344
693 0.0
694 10.769129753112793
695 6.461478233337402
696 11.630661010742188
697 0.0
698 6.461478233337402
699 2.1538259983062744
700 3.0153565406799316
701 0.0
702 0.0
703 10.76913070678711
704 10.76913070678711
705 6.030713081359863
706 3.0153565406799316
707 0.0
708 23.261322021484375
709 18.522903442382813
710 31.44586181640625
711 27.568971633911133
712 20.676729202270508
713 19.38443374633789
714 15.938312530517578
715 16.799842834472656
716 24.9843807220459
717 22.399789810180664
718 21.538259506225586
719 21.969024658203125
720 37.045814514160156
721 24.122852325439453
722 32.30739212036133
723 26.276676177978516
724 17.230607986450195
725 18.522903442382813
726 13.784485816955566
727 23.692087173461914
728 21.969024658203125
729 12.492191314697266
730 13.353721618652344
731 10.76913070678711
732 11.630661010742188
733 16.369077682495117
734 15.938312530517578
735 8.615303993225098
736 18.95366859436035
737 0.0
738 3.0153565406799316
739 8.615304946899414
740 9.046070098876953
741 0.0
742 2.1538262367248535
743 12.061426162719727
744 1.2922956943511963
745 1.2922956943511963
746 3.0153565406799316
747 1.2922956943511963
748 0.0
749 0.43076521158218384
750 1.2922956943511963
751 0.0
752 1.7230608463287354
753 0.0
754 0.0
755 0.0
756 0.0
757 0.43076521158218384
758 1.2922956943511963
759 0.43076521158218384
760 0.0
761 23.261320114135742
762 8.615303993225098
763 11.199894905090332
764 9.046070098876953
765 34.030452728271484
766 20.67673110961914
767 12.061426162719727
768 15.938312530517578
769 24.9843807220459
770 14.646017074584961
771 15.938312530517578
772 13.353721618652344
773 0.43076521158218384
774 2.5845911502838135
775 2.1538259983062744
776 1.2922956943511963
777 2.1538259983062744
778 0.0
779 3.0153565406799316
780 0.8615304231643677
781 0.0
782 4.307652473449707
783 4.738417148590088
784 5.169182777404785
785 5.169182777404785
786 11.630661010742188
787 0.0
788 0.0
789 0.43076521158218384
790 2.1538262367248535
791 23.69208526611328
792 20.676729202270508
793 27.568973541259766
794 26.707441329956055
795 8.615304946899414
796 15.0767822265625
797 10.769129753112793
798 4.307652473449707
799 26.276676177978516
800 15.507547378540039
801 21.107494354248047
802 18.522903442382813
803 24.12285041809082
804 41.35346603393555
805 33.168922424316406
806 16.799842834472656
807 22.830556869506836
808 24.55361557006836
809 20.67673110961914
810 19.81519889831543
811 19.81519889831543
812 19.81519889831543
813 14.646017074584961
814 9.476835250854492
815 33.16891860961914
816 11.199895858764648
817 13.784486770629883
818 25.845911026000977
819 13.353721618652344
820 12.492191314697266
821 18.092138290405273
822 18.953670501708984
823 8.615303993225098
824 15.938312530517578
825 25.41514778137207
826 15.507547378540039
827 7.3230085372924805
828 10.338364601135254
829 19.38443374633789
830 15.507547378540039
831 17.230607986450195
832 0.43076521158218384
833 1.7230608463287354
834 7.753774166107178
835 2.1538259983062744
836 22.830554962158203
837 18.95366859436035
838 8.615304946899414
839 12.061426162719727
840 0.0
841 0.8615304231643677
842 3.0153565406799316
843 0.0
844 1.2922956943511963
845 0.0
846 0.43076521158218384
847 2.1538259983062744
848 0.0
849 4.307651996612549
850 24.9843807220459
851 27.138206481933594
852 20.24596405029297
853 23.261320114135742
854 24.553617477416992
855 37.47657775878906
856 19.81519889831543
857 14.215251922607422
858 19.81519889831543
859 10.76913070678711
860 20.24596405029297
861 22.830554962158203
862 21.969024658203125
863 15.0767822265625
864 13.353720664978027
865 5.599947929382324
866 52.122589111328125
867 8.615304946899414
868 15.0767822265625
869 18.95366859436035
870 12.492191314697266
871 21.969024658203125
872 17.661373138427734
873 0.0
874 0.0
875 8.615304946899414
876 0.0
877 0.0
878 0.0
879 0.0
880 1.7230608463287354
881 0.0
882 0.0
883 0.0
884 0.0
885 1.7230608463287354
886 0.0
887 0.0
888 0.43076521158218384
889 0.0
890 0.0
891 0.0
892 0.0
893 0.0
894 0.0
895 0.43076521158218384
896 0.0
897 2.1538262367248535
898 3.4461216926574707
899 0.0
900 0.0
901 0.0
902 0.0
903 6.461478233337402
904 0.0
905 0.0
906 2.1538259983062744
907 0.0
908 0.43076521158218384
909 3.8768868446350098
910 0.0
911 0.0
912 0.0
913 0.43076521158218384
914 7.3230085372924805
915 10.769129753112793
916 14.215251922607422
917 9.476835250854492
918 6.030713081359863
919 9.476834297180176
920 0.8615304231643677
921 5.169182777404785
922 6.892243385314941
923 8.184538841247559
924 9.476834297180176
925 9.476835250854492
926 12.061426162719727
927 13.784485816955566
928 15.0767822265625
929 16.799842834472656
930 18.092138290405273
931 24.122852325439453
932 10.76913070678711
933 34.461219787597656
934 30.584327697753906
935 28.86126708984375
936 14.646017074584961
937 14.215251922607422
938 9.476834297180176
939 7.3230085372924805
940 1.7230608463287354
941 0.0
942 0.0
943 0.0
944 0.0
945 0.0
946 0.43076521158218384
947 0.0
948 18.953670501708984
949 9.907599449157715
950 6.892243385314941
951 10.33836555480957
952 12.49219036102295
953 21.53826141357422
954 10.338364601135254
955 22.830554962158203
956 24.9843807220459
957 8.615304946899414
958 9.907599449157715
959 20.676729202270508
960 17.230607986450195
961 9.907599449157715
962 4.738417625427246
963 22.830554962158203
964 6.461477756500244
965 27.999736785888672
966 28.430503845214844
967 23.261322021484375
968 23.261322021484375
969 25.845911026000977
970 32.30739212036133
971 32.738155364990234
972 35.322750091552734
973 16.369077682495117
974 12.922956466674805
975 12.061426162719727
976 18.953670501708984
977 7.3230085372924805
978 15.507547378540039
979 10.76913070678711
980 23.69208526611328
981 23.69208526611328
982 27.568973541259766
983 9.907599449157715
984 12.922956466674805
985 21.107494354248047
986 15.938312530517578
987 20.676729202270508
988 34.030452728271484
989 18.953670501708984
990 44.79958724975586
991 19.815200805664063
992 24.9843807220459
993 35.753517150878906
994 39.63039779663086
995 30.153564453125
996 24.12285041809082
997 24.553617477416992
998 25.415145874023438
999 6.892243385314941
1000 7.3230085372924805
1001 7.323009014129639
1002 7.323009014129639
