# Selection:resname AU W ION Restricted:name AUC AUL AUSL Radius:2.64 Start:0 End:-1
0 301.1048583984375
1 302.8279724121094
2 107.6913070678711
3 165.84461975097656
4 93.90682220458984
5 152.92166137695313
6 186.52134704589844
7 125.3526840209961
8 149.9062957763672
9 195.99818420410156
10 124.92192840576172
11 188.6752166748047
12 180.49063110351563
13 138.70639038085938
14 117.16814422607422
15 211.50570678710938
16 220.55181884765625
17 146.46018981933594
18 154.21395874023438
19 122.7680892944336
20 98.2144775390625
21 137.41409301757813
22 155.93701171875
23 122.76807403564453
24 124.49114990234375
25 90.46070098876953
26 146.02940368652344
27 149.04476928710938
28 157.6600799560547
29 167.5676727294922
30 83.99922180175781
31 202.02891540527344
32 168.42921447753906
33 170.15228271484375
34 138.70640563964844
35 205.04425048828125
36 151.62936401367188
37 158.09083557128906
38 199.44430541992188
39 196.85971069335938
40 186.9521026611328
41 211.07498168945313
42 149.4755401611328
43 172.30609130859375
44 169.7214813232422
45 219.69027709960938
46 155.07546997070313
47 120.61426544189453
48 157.22930908203125
49 208.0596160888672
50 155.50624084472656
51 172.3060760498047
52 127.07574462890625
53 136.98333740234375
54 178.76756286621094
55 159.38314819335938
56 149.04478454589844
57 126.21420288085938
58 264.05908203125
59 77.5377426147461
60 133.5372314453125
61 131.81414794921875
62 90.02993774414063
63 141.72177124023438
64 75.8146743774414
65 152.92166137695313
66 174.02911376953125
67 193.8443603515625
68 143.87557983398438
69 171.0137939453125
70 152.06011962890625
71 168.42918395996094
72 105.5374755859375
73 146.8909454345703
74 128.36802673339844
75 119.32197570800781
76 130.95262145996094
77 142.5832977294922
78 208.92112731933594
79 210.21343994140625
80 212.36727905273438
81 159.81390380859375
82 142.15252685546875
83 229.5978546142578
84 92.61453247070313
85 195.99819946289063
86 100.36829376220703
87 114.15277862548828
88 86.15304565429688
89 136.55258178710938
90 196.85972595214844
91 121.47578430175781
92 115.01431274414063
93 149.4755401611328
94 223.56719970703125
95 190.39820861816406
96 161.5369415283203
97 183.93675231933594
98 164.1215362548828
99 176.61375427246094
100 152.0601348876953
101 201.16737365722656
102 128.79879760742188
103 162.82925415039063
104 105.10671997070313
105 130.52186584472656
106 213.22879028320313
107 182.64443969726563
108 171.8753204345703
109 126.21421813964844
110 183.50599670410156
111 156.36778259277344
112 91.3222427368164
113 204.6134796142578
114 108.55284118652344
115 134.8295135498047
116 140.42947387695313
117 146.8909454345703
118 156.36778259277344
119 181.78292846679688
120 122.7680892944336
121 146.46017456054688
122 139.56793212890625
123 174.8907012939453
124 108.12206268310547
125 137.41412353515625
126 100.799072265625
127 115.4450912475586
128 111.1374282836914
129 198.1520233154297
130 177.90606689453125
131 157.6600799560547
132 200.73658752441406
133 161.9677276611328
134 235.1978302001953
135 136.55258178710938
136 165.84461975097656
137 149.0447540283203
138 142.1525421142578
139 152.49087524414063
140 155.0754852294922
141 136.121826171875
142 138.70640563964844
143 99.93753051757813
144 129.22955322265625
145 165.41384887695313
146 164.1215362548828
147 179.19833374023438
148 53.84565353393555
149 145.5986328125
150 103.81442260742188
151 139.5679473876953
152 82.70692443847656
153 94.76835632324219
154 182.21368408203125
155 177.4752960205078
156 206.7672882080078
157 159.8138885498047
158 236.49009704589844
159 143.87559509277344
160 170.15225219726563
161 126.64497375488281
162 196.42893981933594
163 130.52186584472656
164 233.905517578125
165 127.50651550292969
166 121.90655517578125
167 249.84385681152344
168 223.99790954589844
169 168.42921447753906
170 168.85997009277344
171 261.4744567871094
172 214.52108764648438
173 132.6757049560547
174 239.5054473876953
175 204.6134796142578
176 128.36802673339844
177 174.02914428710938
178 164.98309326171875
179 183.50595092773438
180 224.85946655273438
181 108.1220703125
182 71.07626342773438
183 168.42919921875
184 138.70639038085938
185 168.42921447753906
186 136.12179565429688
187 141.7217559814453
188 131.8141632080078
189 236.4901123046875
190 109.41436004638672
191 111.1374282836914
192 143.01405334472656
193 200.30580139160156
194 133.96798706054688
195 221.413330078125
196 92.18375396728516
197 143.87559509277344
198 174.4599151611328
199 170.15225219726563
200 134.39874267578125
201 242.9515380859375
202 143.87559509277344
203 161.96774291992188
204 192.5520477294922
205 111.56819915771484
206 135.26026916503906
207 158.95237731933594
208 208.4903564453125
209 173.16761779785156
210 174.89068603515625
211 121.47579193115234
212 126.64498138427734
213 91.75299072265625
214 120.1834945678711
215 192.9828338623047
216 200.3058319091797
217 126.21422576904297
218 216.24415588378906
219 166.70616149902344
220 166.70616149902344
221 202.89041137695313
222 150.33705139160156
223 163.69081115722656
224 186.9521026611328
225 139.5679473876953
226 172.7368621826172
227 210.64422607421875
228 111.56819915771484
229 247.6900177001953
230 208.49037170410156
231 206.33651733398438
232 221.84408569335938
233 159.38314819335938
234 186.09059143066406
235 174.0291748046875
236 199.44432067871094
237 150.76783752441406
238 176.61373901367188
239 145.16787719726563
240 184.7982940673828
241 147.75247192382813
242 149.9062957763672
243 137.4141082763672
244 166.275390625
245 133.96800231933594
246 187.38287353515625
247 200.73660278320313
248 179.62911987304688
249 216.6748809814453
250 111.13741302490234
251 142.1525115966797
252 267.93597412109375
253 149.4755401611328
254 209.35189819335938
255 101.22984313964844
256 182.2136993408203
257 202.0288848876953
258 223.13638305664063
259 101.66061401367188
260 136.9833526611328
261 111.56819152832031
262 195.56741333007813
263 124.92192077636719
264 137.4141082763672
265 248.55152893066406
266 137.84487915039063
267 177.90603637695313
268 211.5057373046875
269 211.93649291992188
270 186.09059143066406
271 279.99737548828125
272 224.42869567871094
273 170.58303833007813
274 155.93701171875
275 104.67595672607422
276 177.04449462890625
277 138.275634765625
278 203.32118225097656
279 163.6907958984375
280 74.95314025878906
281 157.22930908203125
282 147.32171630859375
283 122.76808166503906
284 160.67544555664063
285 151.62936401367188
286 112.42972564697266
287 119.32196807861328
288 166.70616149902344
289 148.1832275390625
290 177.47528076171875
291 183.07522583007813
292 171.44454956054688
293 166.275390625
294 208.49038696289063
295 170.1522674560547
296 206.3365478515625
297 122.33732604980469
298 154.64471435546875
299 130.09109497070313
300 147.3217010498047
301 161.53695678710938
302 176.18301391601563
303 183.07522583007813
304 189.10594177246094
305 136.5525665283203
306 166.70614624023438
307 199.8750457763672
308 158.09085083007813
309 171.44456481933594
310 161.10621643066406
311 139.99868774414063
312 88.30686950683594
313 168.85995483398438
314 127.07573699951172
315 136.121826171875
316 177.4752655029297
317 112.42972564697266
318 187.81362915039063
319 186.95211791992188
320 129.66033935546875
321 238.64395141601563
322 186.09054565429688
323 210.21343994140625
324 177.90603637695313
325 171.0137939453125
326 165.4138641357422
327 132.2449188232422
328 198.58277893066406
329 116.30660247802734
330 220.9825439453125
331 120.18350219726563
332 137.84486389160156
333 195.1366424560547
334 124.49114990234375
335 181.3521728515625
336 138.70639038085938
337 117.59891510009766
338 246.82846069335938
339 170.58302307128906
340 148.61399841308594
341 145.16787719726563
342 152.4908905029297
343 162.8292694091797
344 160.2446746826172
345 144.30633544921875
346 118.02967071533203
347 171.87533569335938
348 176.18296813964844
349 155.0754852294922
350 102.95288848876953
351 188.67515563964844
352 144.30636596679688
353 102.09136199951172
354 98.21446990966797
355 136.12181091308594
356 161.5369415283203
357 124.92192077636719
358 183.50601196289063
359 152.92166137695313
360 121.90655517578125
361 108.12207794189453
362 177.90603637695313
363 161.53695678710938
364 127.07573699951172
365 193.41358947753906
366 180.92135620117188
367 161.9677276611328
368 169.72149658203125
369 164.9830780029297
370 121.47579956054688
371 210.2134246826172
372 189.10595703125
373 178.33680725097656
374 154.21395874023438
375 107.26053619384766
376 127.9372787475586
377 155.93699645996094
378 199.8750457763672
379 140.86026000976563
380 157.6600799560547
381 196.428955078125
382 121.90656280517578
383 143.01406860351563
384 158.95237731933594
385 111.13743591308594
386 147.7524871826172
387 163.26002502441406
388 121.04502868652344
389 131.38339233398438
390 97.78369903564453
391 192.1212921142578
392 120.1834945678711
393 102.95288848876953
394 168.42919921875
395 205.90579223632813
396 130.5218505859375
397 117.59890747070313
398 189.53672790527344
399 124.06038665771484
400 168.8599853515625
401 133.10646057128906
402 275.2590026855469
403 188.2444305419922
404 215.3826446533203
405 108.55284118652344
406 186.5213623046875
407 223.567138671875
408 162.3984832763672
409 195.1366424560547
410 147.75245666503906
411 148.1832275390625
412 213.228759765625
413 202.45968627929688
414 116.3066177368164
415 124.06037902832031
416 162.3984832763672
417 164.55230712890625
418 227.4440460205078
419 189.1059112548828
420 131.38339233398438
421 201.59811401367188
422 260.6129455566406
423 196.42893981933594
424 171.01377868652344
425 123.19886016845703
426 163.69078063964844
427 149.47552490234375
428 132.67567443847656
429 134.39874267578125
430 144.3063507080078
431 155.50624084472656
432 175.32142639160156
433 242.5208282470703
434 104.24520111083984
435 222.27484130859375
436 204.18270874023438
437 107.6913070678711
438 130.95263671875
439 185.6598358154297
440 174.0291748046875
441 131.81414794921875
442 111.99895477294922
443 165.41384887695313
444 205.04425048828125
445 176.61375427246094
446 155.50624084472656
447 140.42947387695313
448 164.12155151367188
449 106.39900970458984
450 170.1522674560547
451 159.38311767578125
452 120.18350219726563
453 164.12158203125
454 168.85997009277344
455 185.65982055664063
456 140.42947387695313
457 132.24493408203125
458 175.32144165039063
459 131.3833770751953
460 198.15200805664063
461 199.0135498046875
462 190.82901000976563
463 140.42945861816406
464 161.96771240234375
465 153.783203125
466 165.41384887695313
467 170.58303833007813
468 186.95211791992188
469 176.1829833984375
470 152.49090576171875
471 137.84486389160156
472 204.18272399902344
473 188.67518615722656
474 146.02943420410156
475 139.13717651367188
476 165.8446044921875
477 138.70640563964844
478 135.2602996826172
479 138.27565002441406
480 130.95262145996094
481 142.15252685546875
482 167.99844360351563
483 147.3217010498047
484 117.16814422607422
485 179.19833374023438
486 158.09083557128906
487 137.4141082763672
488 221.84408569335938
489 206.76731872558594
490 161.96775817871094
491 156.3677520751953
492 151.19857788085938
493 146.8909454345703
494 128.3680419921875
495 169.29074096679688
496 154.64474487304688
497 110.7066650390625
498 164.12158203125
499 168.42919921875
500 224.8594512939453
501 121.0450210571289
502 92.61451721191406
503 199.87503051757813
504 165.41384887695313
505 187.8136444091797
506 191.69053649902344
507 123.6296157836914
508 222.27488708496094
509 156.36778259277344
510 192.9828338623047
511 248.55154418945313
512 113.29125213623047
513 166.275390625
514 129.6603240966797
515 165.84461975097656
516 177.4752655029297
517 173.59835815429688
518 220.12103271484375
519 127.50650024414063
520 93.0452880859375
521 139.9987030029297
522 116.73738098144531
523 161.53695678710938
524 104.24518585205078
525 208.0596160888672
526 138.70640563964844
527 147.32171630859375
528 96.49140930175781
529 124.92191314697266
530 113.291259765625
531 220.98255920410156
532 245.1053924560547
533 111.56819152832031
534 130.09107971191406
535 159.8138885498047
536 46.522647857666016
537 172.73684692382813
538 152.06011962890625
539 191.25975036621094
540 124.49114227294922
541 133.5372314453125
542 209.35191345214844
543 202.8904266357422
544 138.27561950683594
545 230.45938110351563
546 108.98360443115234
547 153.783203125
548 169.29075622558594
549 160.2446746826172
550 152.0601348876953
551 143.44482421875
552 141.29100036621094
553 104.67594909667969
554 122.33731842041016
555 158.95237731933594
556 115.87584686279297
557 139.56793212890625
558 167.1369171142578
559 187.81362915039063
560 149.47552490234375
561 152.49087524414063
562 174.0291290283203
563 172.30612182617188
564 149.04476928710938
565 208.92112731933594
566 232.1824493408203
567 143.01406860351563
568 164.98309326171875
569 167.1369171142578
570 175.752197265625
571 174.45993041992188
572 148.18325805664063
573 186.090576171875
574 165.8446044921875
575 198.58277893066406
576 197.72125244140625
577 127.50650787353516
578 160.24465942382813
579 169.72149658203125
580 152.06011962890625
581 150.3370819091797
582 124.49115753173828
583 205.04425048828125
584 145.16787719726563
585 128.79879760742188
586 161.53695678710938
587 208.05960083007813
588 176.1829833984375
589 205.0442352294922
590 151.62937927246094
591 188.24440002441406
592 188.67520141601563
593 153.78318786621094
594 194.7058868408203
595 212.3672332763672
596 114.58355712890625
597 179.19833374023438
598 191.25973510742188
599 106.82978057861328
600 236.0593719482422
601 124.49113464355469
602 161.96771240234375
603 131.3833770751953
604 153.35243225097656
605 210.21343994140625
606 165.41383361816406
607 154.64471435546875
608 177.04449462890625
609 139.9987030029297
610 108.98360443115234
611 139.5679473876953
612 164.12155151367188
613 221.41336059570313
614 185.2290496826172
615 170.15228271484375
616 151.19859313964844
617 60.73789978027344
618 86.1530532836914
619 167.5677032470703
620 189.5366973876953
621 85.72228240966797
622 242.5207977294922
623 157.2293243408203
624 162.3984832763672
625 153.78318786621094
626 175.75221252441406
627 109.41436004638672
628 178.767578125
629 108.1220703125
630 165.8446044921875
631 178.3367919921875
632 104.67596435546875
633 182.6444854736328
634 147.7524871826172
635 185.65980529785156
636 179.62908935546875
637 151.19859313964844
638 124.06038665771484
639 141.29100036621094
640 185.65980529785156
641 201.59811401367188
642 148.61399841308594
643 182.64443969726563
644 111.99896240234375
645 170.58302307128906
646 167.56768798828125
647 180.05987548828125
648 108.55284118652344
649 131.8141632080078
650 159.3831329345703
651 123.62962341308594
652 157.2292938232422
653 163.69078063964844
654 207.19808959960938
655 115.44507598876953
656 194.70590209960938
657 164.9830780029297
658 131.8141632080078
659 180.49063110351563
660 164.98309326171875
661 211.50572204589844
662 142.1525421142578
663 172.30609130859375
664 83.99922180175781
665 230.89016723632813
666 144.7371368408203
667 143.01406860351563
668 193.41357421875
669 138.7064208984375
670 133.96798706054688
671 174.0291748046875
672 144.7371368408203
673 137.4141082763672
674 130.0911102294922
675 151.62936401367188
676 147.32168579101563
677 81.41464233398438
678 144.3063507080078
679 119.75273895263672
680 177.04452514648438
681 155.50624084472656
682 133.1064453125
683 185.65982055664063
684 199.0135498046875
685 189.10594177246094
686 222.27488708496094
687 169.2907257080078
688 113.72203063964844
689 92.18376159667969
690 127.07575225830078
691 189.96746826171875
692 106.3990249633789
693 149.4755401611328
694 183.07522583007813
695 141.7217559814453
696 157.6600799560547
697 140.86024475097656
698 102.95289611816406
699 190.39822387695313
700 96.49141693115234
701 103.8144302368164
702 199.4442901611328
703 189.10589599609375
704 239.93621826171875
705 201.16734313964844
706 161.106201171875
707 140.8602294921875
708 128.79881286621094
709 130.95262145996094
710 160.24464416503906
711 214.09033203125
712 120.18348693847656
713 188.67520141601563
714 130.0911102294922
715 230.89015197753906
716 211.50570678710938
717 132.67568969726563
718 170.58302307128906
719 74.9531478881836
720 227.0132598876953
721 167.5676727294922
722 179.6291046142578
723 207.1980743408203
724 197.2904510498047
725 115.44507598876953
726 165.4138641357422
727 124.06038665771484
728 219.2594757080078
729 196.42892456054688
730 182.2136688232422
731 186.9521026611328
732 126.21421813964844
733 213.22879028320313
734 129.6603240966797
735 132.24493408203125
736 193.41358947753906
737 129.66033935546875
738 162.39849853515625
739 195.99818420410156
740 148.61399841308594
741 148.61398315429688
742 127.50651550292969
743 161.96775817871094
744 138.7064208984375
745 93.47605895996094
746 109.41436004638672
747 186.09059143066406
748 147.32171630859375
749 128.79881286621094
750 145.59864807128906
751 205.04425048828125
752 86.58380889892578
753 86.15303802490234
754 208.49037170410156
755 133.5372314453125
756 118.02967834472656
757 163.69078063964844
758 83.5684585571289
759 149.9062957763672
760 214.09033203125
761 174.89068603515625
762 169.72149658203125
763 157.2292938232422
764 235.6285858154297
765 125.78343200683594
766 169.290771484375
767 142.15252685546875
768 160.6754150390625
769 93.90682220458984
770 226.58253479003906
771 146.0294189453125
772 158.09085083007813
773 140.42947387695313
774 150.76783752441406
775 186.52134704589844
776 160.6754150390625
777 125.78345489501953
778 146.89096069335938
779 172.3061065673828
780 183.936767578125
781 130.95265197753906
782 127.50650787353516
783 149.04476928710938
784 103.38365936279297
785 156.7985382080078
786 119.32196044921875
787 166.70616149902344
788 112.42971801757813
789 115.44507598876953
790 138.275634765625
791 221.8441162109375
792 78.39927673339844
793 117.16813659667969
794 163.26002502441406
795 214.52110290527344
796 208.0596160888672
797 109.84513092041016
798 230.45936584472656
799 129.22958374023438
800 145.59864807128906
801 131.81414794921875
802 190.39822387695313
803 122.76809692382813
804 174.4599151611328
805 120.61425018310547
806 175.32144165039063
807 137.84486389160156
808 111.99896240234375
809 157.6600799560547
810 205.0442352294922
811 149.04478454589844
812 143.44482421875
813 214.09031677246094
814 176.1829833984375
815 164.98309326171875
816 158.95237731933594
817 156.79855346679688
818 161.53695678710938
819 167.13690185546875
820 132.24493408203125
821 259.75146484375
822 176.18296813964844
823 168.85995483398438
824 143.44480895996094
825 109.84513092041016
826 135.26028442382813
827 193.41358947753906
828 117.16814422607422
829 155.93699645996094
830 152.4908905029297
831 168.85997009277344
832 100.799072265625
833 117.16814422607422
834 111.1374282836914
835 142.15252685546875
836 167.1369171142578
837 192.5520477294922
838 152.92166137695313
839 196.8597412109375
840 120.18350219726563
841 90.46070861816406
842 139.99868774414063
843 124.06038665771484
844 278.2743225097656
845 115.87584686279297
846 157.66006469726563
847 139.9987030029297
848 186.95213317871094
849 177.0445098876953
850 213.6595458984375
851 155.50625610351563
852 124.06038665771484
853 164.9830780029297
854 189.96743774414063
855 136.5525665283203
856 180.92140197753906
857 152.92166137695313
858 154.21397399902344
859 210.2134246826172
860 108.55284118652344
861 121.04502868652344
862 155.93702697753906
863 122.33732604980469
864 206.3365478515625
865 181.35214233398438
866 168.42921447753906
867 137.41409301757813
868 124.49114227294922
869 119.32196807861328
870 156.79852294921875
871 178.33680725097656
872 213.65957641601563
873 241.65928649902344
874 211.07496643066406
875 120.18350982666016
876 191.25975036621094
877 129.2295684814453
878 183.50596618652344
879 172.3061065673828
880 143.01406860351563
881 180.92140197753906
882 147.7524871826172
883 226.1517333984375
884 158.52159118652344
885 105.53748321533203
886 122.7680892944336
887 177.47528076171875
888 137.84487915039063
889 124.06039428710938
890 136.98333740234375
891 144.73709106445313
892 166.275390625
893 146.46018981933594
894 196.42893981933594
895 170.58302307128906
896 161.9677276611328
897 173.59840393066406
898 162.82923889160156
899 106.39900970458984
900 153.78321838378906
901 155.50625610351563
902 188.24440002441406
903 98.21446990966797
904 175.75222778320313
905 84.86074829101563
906 125.35267639160156
907 171.444580078125
908 85.72228240966797
909 143.0140838623047
910 183.50599670410156
911 119.32195281982422
912 132.2449493408203
913 172.73687744140625
914 142.58328247070313
915 127.50651550292969
916 214.95184326171875
917 146.46017456054688
918 188.2444305419922
919 180.92138671875
920 159.38311767578125
921 174.4599151611328
922 157.6600799560547
923 97.35295104980469
924 155.0754852294922
925 225.29022216796875
926 143.0140380859375
927 190.3982391357422
928 175.3214569091797
929 172.3061065673828
930 177.0445098876953
931 153.3524169921875
932 89.59917449951172
933 162.8292694091797
934 186.5213623046875
935 162.8292236328125
936 155.50624084472656
937 123.62963104248047
938 164.5523223876953
939 158.52159118652344
940 171.44456481933594
941 167.13693237304688
942 133.1064453125
943 155.50625610351563
944 133.53721618652344
945 116.73736572265625
946 145.59866333007813
947 128.79879760742188
948 141.29100036621094
949 149.9062957763672
950 167.5676727294922
951 149.9062957763672
952 136.55258178710938
953 131.3833770751953
954 156.7985382080078
955 131.38339233398438
956 158.52162170410156
957 180.92138671875
958 113.29125213623047
959 167.13690185546875
960 117.16814422607422
961 167.1369171142578
962 162.8292694091797
963 129.6603240966797
964 133.53721618652344
965 118.4604263305664
966 162.82923889160156
967 161.106201171875
968 170.58302307128906
969 209.3518829345703
970 184.36752319335938
971 135.26028442382813
972 97.35295104980469
973 224.42868041992188
974 152.06011962890625
975 130.95265197753906
976 223.99789428710938
977 115.8758544921875
978 122.7680892944336
979 164.55230712890625
980 126.64497375488281
981 154.2139434814453
982 213.22877502441406
983 179.62908935546875
984 125.3526840209961
985 152.0601348876953
986 115.44507598876953
987 192.9828338623047
988 138.27565002441406
989 179.19830322265625
990 157.2293243408203
991 133.1064453125
992 133.9679718017578
993 122.7680892944336
994 126.2142105102539
995 235.62857055664063
996 205.90577697753906
997 133.96798706054688
998 161.53695678710938
999 98.21446990966797
1000 155.93701171875
1001 156.79855346679688
1002 156.79855346679688
