# Selection:resname AU POPC Restricted:name AUC AUL AUSL Radius:2.64 Start:0 End:-1
0 270.08978271484375
1 270.95135498046875
2 0.43076521158218384
3 0.0
4 0.0
5 0.0
6 0.8615304231643677
7 3.0153565406799316
8 1.7230608463287354
9 0.43076521158218384
10 0.0
11 0.0
12 1.2922956943511963
13 0.0
14 0.43076521158218384
15 0.0
16 0.0
17 0.0
18 1.7230608463287354
19 0.0
20 0.0
21 8.615303993225098
22 0.0
23 0.0
24 1.7230608463287354
25 0.0
26 3.0153565406799316
27 0.0
28 0.0
29 0.0
30 1.2922956943511963
31 0.8615304231643677
32 0.0
33 0.43076521158218384
34 0.0
35 0.0
36 1.7230608463287354
37 0.0
38 6.892243385314941
39 0.0
40 5.169182777404785
41 0.0
42 1.7230608463287354
43 0.0
44 0.0
45 0.0
46 0.0
47 0.0
48 0.8615304231643677
49 0.0
50 0.8615304231643677
51 0.0
52 1.2922956943511963
53 0.0
54 0.0
55 0.0
56 0.0
57 0.8615304231643677
58 0.43076521158218384
59 0.0
60 0.0
61 0.0
62 2.5845913887023926
63 0.0
64 0.0
65 0.0
66 2.1538262367248535
67 1.7230608463287354
68 6.030713081359863
69 0.0
70 0.8615304231643677
71 0.0
72 0.0
73 0.43076521158218384
74 1.2922956943511963
75 0.0
76 0.0
77 0.0
78 3.4461216926574707
79 1.2922956943511963
80 1.2922956943511963
81 1.2922956943511963
82 0.0
83 0.0
84 0.0
85 0.0
86 0.0
87 0.43076521158218384
88 3.0153565406799316
89 0.0
90 0.43076521158218384
91 0.0
92 0.0
93 0.0
94 0.0
95 0.43076521158218384
96 2.5845913887023926
97 3.0153565406799316
98 0.8615304231643677
99 0.8615304231643677
100 0.0
101 0.43076521158218384
102 1.2922956943511963
103 0.0
104 0.0
105 0.0
106 1.7230608463287354
107 0.0
108 0.0
109 0.43076521158218384
110 0.0
111 0.0
112 1.2922956943511963
113 2.1538262367248535
114 0.43076521158218384
115 0.0
116 0.0
117 0.0
118 1.7230608463287354
119 0.0
120 0.0
121 4.738417148590088
122 3.4461216926574707
123 0.0
124 0.0
125 0.0
126 0.0
127 0.0
128 1.2922956943511963
129 1.7230608463287354
130 0.43076521158218384
131 0.43076521158218384
132 0.43076521158218384
133 0.8615304231643677
134 0.0
135 0.0
136 0.0
137 0.0
138 0.0
139 0.8615304231643677
140 1.2922956943511963
141 0.0
142 0.0
143 0.0
144 0.0
145 0.0
146 0.0
147 0.0
148 0.43076521158218384
149 0.0
150 0.0
151 0.0
152 0.0
153 0.0
154 0.0
155 0.0
156 0.0
157 0.8615304231643677
158 0.8615304231643677
159 0.0
160 4.738417625427246
161 0.0
162 0.0
163 0.0
164 0.43076521158218384
165 0.0
166 0.0
167 0.0
168 4.307651996612549
169 0.0
170 0.8615304231643677
171 0.43076521158218384
172 0.0
173 0.0
174 0.43076521158218384
175 0.0
176 0.43076521158218384
177 0.0
178 0.43076521158218384
179 3.8768868446350098
180 0.8615304231643677
181 0.43076521158218384
182 0.43076521158218384
183 1.2922956943511963
184 0.0
185 2.1538259983062744
186 0.43076521158218384
187 0.8615304231643677
188 3.0153565406799316
189 0.0
190 1.7230608463287354
191 0.0
192 2.1538259983062744
193 1.2922956943511963
194 0.0
195 1.7230608463287354
196 0.0
197 0.8615304231643677
198 0.0
199 0.0
200 0.0
201 0.0
202 0.8615304231643677
203 0.43076521158218384
204 0.43076521158218384
205 0.0
206 0.0
207 0.0
208 0.0
209 1.7230608463287354
210 0.0
211 0.0
212 0.0
213 0.43076521158218384
214 2.1538262367248535
215 1.2922956943511963
216 1.7230608463287354
217 0.8615304231643677
218 0.0
219 0.0
220 0.0
221 2.1538259983062744
222 0.0
223 0.0
224 0.8615304231643677
225 1.2922956943511963
226 0.0
227 5.169182300567627
228 1.2922956943511963
229 2.1538262367248535
230 3.0153565406799316
231 0.0
232 1.7230608463287354
233 0.0
234 0.0
235 0.0
236 6.461478233337402
237 0.0
238 0.0
239 0.0
240 0.0
241 0.0
242 0.0
243 0.0
244 0.8615304231643677
245 0.0
246 4.738417148590088
247 0.0
248 1.2922956943511963
249 4.738417148590088
250 2.1538259983062744
251 0.0
252 0.43076521158218384
253 0.0
254 0.8615304231643677
255 0.8615304231643677
256 0.0
257 0.43076521158218384
258 0.43076521158218384
259 5.599947929382324
260 1.7230608463287354
261 0.43076521158218384
262 3.0153565406799316
263 0.43076521158218384
264 0.0
265 0.43076521158218384
266 1.7230608463287354
267 0.43076521158218384
268 0.0
269 0.0
270 0.0
271 0.0
272 0.0
273 0.0
274 0.0
275 0.0
276 0.8615304231643677
277 2.5845911502838135
278 1.2922956943511963
279 0.0
280 0.8615304231643677
281 0.43076521158218384
282 0.0
283 0.43076521158218384
284 0.0
285 0.0
286 0.0
287 0.0
288 0.0
289 0.0
290 0.0
291 0.0
292 1.2922956943511963
293 0.8615304231643677
294 0.8615304231643677
295 0.0
296 0.43076521158218384
297 1.7230608463287354
298 0.0
299 3.8768868446350098
300 0.0
301 0.0
302 0.0
303 1.7230608463287354
304 0.0
305 0.0
306 2.1538259983062744
307 0.0
308 0.43076521158218384
309 0.0
310 1.7230608463287354
311 0.0
312 0.43076521158218384
313 0.0
314 1.2922956943511963
315 0.0
316 0.0
317 0.0
318 0.43076521158218384
319 0.8615304231643677
320 0.0
321 1.2922956943511963
322 0.0
323 3.0153565406799316
324 0.43076521158218384
325 3.8768868446350098
326 0.0
327 3.8768868446350098
328 0.43076521158218384
329 0.0
330 0.0
331 1.2922956943511963
332 0.0
333 2.5845913887023926
334 0.0
335 0.0
336 0.8615304231643677
337 0.0
338 0.43076521158218384
339 0.0
340 4.738417148590088
341 0.0
342 0.0
343 0.0
344 4.307652473449707
345 0.0
346 2.1538259983062744
347 0.0
348 0.0
349 0.43076521158218384
350 0.0
351 0.0
352 0.0
353 0.43076521158218384
354 0.0
355 2.5845913887023926
356 1.2922956943511963
357 0.43076521158218384
358 3.4461216926574707
359 0.43076521158218384
360 0.8615304231643677
361 0.0
362 0.0
363 0.0
364 0.0
365 0.0
366 1.2922956943511963
367 0.8615304231643677
368 0.0
369 0.0
370 0.0
371 1.2922956943511963
372 1.7230608463287354
373 0.0
374 1.2922956943511963
375 0.0
376 0.0
377 0.0
378 0.43076521158218384
379 0.0
380 0.43076521158218384
381 2.1538259983062744
382 6.892243385314941
383 0.0
384 0.0
385 3.876887083053589
386 0.43076521158218384
387 0.8615304231643677
388 0.0
389 0.0
390 0.43076521158218384
391 0.0
392 3.0153565406799316
393 0.0
394 0.0
395 0.43076521158218384
396 0.0
397 1.7230608463287354
398 0.43076521158218384
399 0.43076521158218384
400 0.0
401 0.0
402 0.0
403 0.43076521158218384
404 1.2922956943511963
405 0.0
406 3.4461216926574707
407 1.7230608463287354
408 0.0
409 0.0
410 2.5845913887023926
411 0.0
412 0.0
413 0.0
414 0.0
415 0.0
416 0.0
417 0.0
418 0.43076521158218384
419 0.0
420 0.0
421 0.0
422 1.2922956943511963
423 0.0
424 0.0
425 0.0
426 2.1538259983062744
427 0.0
428 0.0
429 0.0
430 0.8615304231643677
431 0.43076521158218384
432 0.0
433 0.0
434 0.43076521158218384
435 0.0
436 1.7230608463287354
437 0.0
438 0.8615304231643677
439 0.0
440 1.2922956943511963
441 0.0
442 3.0153563022613525
443 1.2922956943511963
444 0.0
445 0.0
446 1.2922956943511963
447 0.8615304231643677
448 1.2922956943511963
449 0.0
450 0.0
451 1.7230608463287354
452 2.1538262367248535
453 0.43076521158218384
454 1.7230608463287354
455 0.0
456 3.8768868446350098
457 0.0
458 0.0
459 1.2922956943511963
460 0.8615304231643677
461 0.0
462 0.43076521158218384
463 4.738417148590088
464 0.0
465 0.0
466 0.0
467 0.0
468 6.030713081359863
469 0.0
470 11.630660057067871
471 0.0
472 0.43076521158218384
473 0.0
474 0.0
475 0.8615304231643677
476 0.8615304231643677
477 3.0153565406799316
478 0.0
479 0.8615304231643677
480 0.43076521158218384
481 20.676729202270508
482 31.445859909057617
483 0.43076521158218384
484 0.0
485 0.0
486 1.2922956943511963
487 0.8615304231643677
488 2.1538262367248535
489 4.738417625427246
490 6.030713081359863
491 1.7230608463287354
492 0.0
493 1.2922956943511963
494 0.8615304231643677
495 0.0
496 0.8615304231643677
497 0.0
498 1.7230608463287354
499 0.0
500 0.43076521158218384
501 0.0
502 0.43076521158218384
503 2.1538259983062744
504 0.43076521158218384
505 0.0
506 0.0
507 2.5845911502838135
508 0.8615304231643677
509 0.0
510 0.0
511 0.0
512 0.0
513 0.0
514 0.0
515 0.0
516 0.0
517 3.0153565406799316
518 3.4461216926574707
519 0.0
520 0.0
521 0.0
522 0.0
523 0.0
524 3.0153565406799316
525 1.7230608463287354
526 0.43076521158218384
527 0.0
528 0.43076521158218384
529 0.8615304231643677
530 0.0
531 0.8615304231643677
532 0.43076521158218384
533 1.7230608463287354
534 0.0
535 0.0
536 0.0
537 0.0
538 0.0
539 0.0
540 0.0
541 1.2922956943511963
542 0.8615304231643677
543 1.7230608463287354
544 0.0
545 0.0
546 0.0
547 0.43076521158218384
548 3.0153565406799316
549 0.43076521158218384
550 0.0
551 0.0
552 3.4461216926574707
553 0.0
554 0.0
555 0.0
556 0.0
557 6.892243385314941
558 0.8615304231643677
559 0.0
560 1.2922956943511963
561 0.43076521158218384
562 0.43076521158218384
563 0.0
564 0.8615304231643677
565 4.307651996612549
566 0.0
567 0.0
568 0.0
569 0.43076521158218384
570 0.0
571 1.2922956943511963
572 3.0153563022613525
573 0.0
574 0.0
575 0.43076521158218384
576 0.8615304231643677
577 0.43076521158218384
578 1.2922956943511963
579 3.4461216926574707
580 0.43076521158218384
581 6.030713081359863
582 2.5845913887023926
583 3.4461216926574707
584 0.0
585 0.0
586 0.0
587 3.8768868446350098
588 1.7230608463287354
589 1.2922956943511963
590 0.0
591 0.0
592 0.0
593 1.7230608463287354
594 0.0
595 0.0
596 0.0
597 0.0
598 0.43076521158218384
599 0.0
600 0.0
601 0.8615304231643677
602 1.7230608463287354
603 0.43076521158218384
604 0.0
605 0.43076521158218384
606 0.0
607 0.0
608 0.0
609 0.0
610 0.8615304231643677
611 0.0
612 0.0
613 0.0
614 0.0
615 0.0
616 0.0
617 1.2922956943511963
618 0.0
619 4.307652473449707
620 0.0
621 0.0
622 0.0
623 0.0
624 0.0
625 0.8615304231643677
626 2.1538262367248535
627 0.0
628 0.0
629 2.5845913887023926
630 0.0
631 0.43076521158218384
632 1.2922956943511963
633 0.8615304231643677
634 0.0
635 0.0
636 0.43076521158218384
637 0.0
638 0.0
639 0.0
640 0.0
641 2.5845913887023926
642 0.8615304231643677
643 0.43076521158218384
644 0.0
645 0.0
646 1.7230608463287354
647 0.8615304231643677
648 0.8615304231643677
649 2.1538259983062744
650 0.0
651 0.0
652 0.0
653 0.43076521158218384
654 0.8615304231643677
655 0.0
656 0.0
657 0.43076521158218384
658 5.169182777404785
659 0.8615304231643677
660 0.0
661 0.0
662 0.43076521158218384
663 0.0
664 3.0153565406799316
665 0.0
666 0.8615304231643677
667 0.0
668 0.0
669 0.43076521158218384
670 0.0
671 0.43076521158218384
672 0.0
673 0.0
674 0.0
675 0.0
676 0.8615304231643677
677 0.43076521158218384
678 0.43076521158218384
679 0.0
680 0.8615304231643677
681 0.0
682 0.0
683 0.0
684 0.0
685 0.8615304231643677
686 0.0
687 0.0
688 0.0
689 0.0
690 0.43076521158218384
691 1.7230608463287354
692 0.0
693 0.0
694 0.43076521158218384
695 0.43076521158218384
696 2.5845913887023926
697 0.8615304231643677
698 0.0
699 0.0
700 0.43076521158218384
701 4.307651996612549
702 1.2922956943511963
703 3.0153565406799316
704 0.8615304231643677
705 1.2922956943511963
706 0.0
707 0.0
708 0.0
709 3.0153565406799316
710 0.43076521158218384
711 0.0
712 0.0
713 0.0
714 2.1538259983062744
715 0.43076521158218384
716 3.4461216926574707
717 0.43076521158218384
718 0.0
719 7.7537736892700195
720 0.0
721 0.0
722 0.0
723 0.0
724 1.2922956943511963
725 0.0
726 0.0
727 3.4461216926574707
728 0.0
729 0.0
730 0.0
731 2.5845913887023926
732 1.7230608463287354
733 0.0
734 0.43076521158218384
735 0.0
736 1.2922956943511963
737 0.0
738 0.43076521158218384
739 0.0
740 0.43076521158218384
741 0.0
742 1.7230608463287354
743 1.7230608463287354
744 0.0
745 0.43076521158218384
746 0.0
747 1.2922956943511963
748 2.5845911502838135
749 0.0
750 2.5845913887023926
751 0.0
752 1.2922956943511963
753 0.0
754 0.0
755 0.8615304231643677
756 1.2922956943511963
757 0.43076521158218384
758 1.2922956943511963
759 0.0
760 0.0
761 0.0
762 0.43076521158218384
763 6.030713081359863
764 1.7230608463287354
765 1.7230608463287354
766 0.0
767 0.0
768 0.0
769 0.0
770 0.0
771 0.0
772 0.0
773 6.030713081359863
774 4.738417148590088
775 1.2922956943511963
776 0.0
777 0.0
778 2.5845913887023926
779 0.0
780 0.0
781 1.7230608463287354
782 0.43076521158218384
783 0.0
784 0.0
785 0.43076521158218384
786 0.0
787 0.8615304231643677
788 0.0
789 0.0
790 0.0
791 0.0
792 2.1538262367248535
793 0.0
794 0.0
795 0.0
796 0.0
797 0.43076521158218384
798 2.1538259983062744
799 0.8615304231643677
800 0.0
801 0.43076521158218384
802 20.676729202270508
803 0.0
804 9.907600402832031
805 1.2922956943511963
806 0.43076521158218384
807 0.0
808 0.0
809 0.0
810 0.0
811 0.0
812 6.892243385314941
813 0.0
814 0.43076521158218384
815 1.2922956943511963
816 0.43076521158218384
817 2.5845913887023926
818 2.1538259983062744
819 2.1538262367248535
820 0.43076521158218384
821 0.0
822 1.7230608463287354
823 6.030713081359863
824 0.0
825 2.1538262367248535
826 0.0
827 5.599947929382324
828 0.0
829 0.8615304231643677
830 0.0
831 0.0
832 0.8615304231643677
833 0.43076521158218384
834 0.0
835 0.0
836 0.0
837 0.0
838 0.43076521158218384
839 0.8615304231643677
840 0.43076521158218384
841 0.0
842 0.0
843 0.43076521158218384
844 1.7230608463287354
845 0.0
846 1.2922956943511963
847 0.0
848 0.0
849 0.0
850 0.43076521158218384
851 0.8615304231643677
852 0.0
853 10.76913070678711
854 0.8615304231643677
855 0.0
856 0.43076521158218384
857 0.0
858 1.7230608463287354
859 0.0
860 0.0
861 0.43076521158218384
862 0.0
863 0.43076521158218384
864 0.0
865 4.307651996612549
866 4.738417148590088
867 0.0
868 0.0
869 0.0
870 0.0
871 0.0
872 0.0
873 0.43076521158218384
874 0.43076521158218384
875 0.8615304231643677
876 0.0
877 0.0
878 0.0
879 2.1538262367248535
880 0.0
881 0.0
882 0.8615304231643677
883 7.7537736892700195
884 2.5845913887023926
885 0.0
886 0.0
887 0.8615304231643677
888 0.0
889 2.5845913887023926
890 1.2922956943511963
891 0.0
892 0.43076521158218384
893 0.8615304231643677
894 0.0
895 1.7230608463287354
896 0.0
897 0.43076521158218384
898 0.8615304231643677
899 0.43076521158218384
900 3.4461216926574707
901 1.2922956943511963
902 0.0
903 0.43076521158218384
904 0.0
905 0.0
906 0.8615304231643677
907 0.0
908 0.43076521158218384
909 0.0
910 4.307652473449707
911 0.43076521158218384
912 0.0
913 0.0
914 0.8615304231643677
915 0.0
916 0.0
917 1.2922956943511963
918 0.0
919 6.030713081359863
920 0.0
921 0.0
922 1.7230608463287354
923 0.0
924 0.8615304231643677
925 0.0
926 0.0
927 0.0
928 1.7230608463287354
929 0.8615304231643677
930 0.8615304231643677
931 0.0
932 0.0
933 4.738417625427246
934 0.0
935 0.8615304231643677
936 0.0
937 1.7230608463287354
938 0.0
939 2.1538259983062744
940 1.7230608463287354
941 1.2922956943511963
942 0.0
943 0.0
944 2.5845913887023926
945 1.7230608463287354
946 4.738417148590088
947 0.0
948 0.0
949 0.8615304231643677
950 0.0
951 2.5845911502838135
952 0.0
953 1.7230608463287354
954 1.2922956943511963
955 0.0
956 5.169182777404785
957 0.0
958 0.0
959 0.0
960 0.0
961 3.0153565406799316
962 0.8615304231643677
963 0.43076521158218384
964 0.0
965 2.1538259983062744
966 0.0
967 3.0153565406799316
968 3.0153565406799316
969 3.4461216926574707
970 5.169182300567627
971 0.0
972 0.8615304231643677
973 0.43076521158218384
974 0.43076521158218384
975 0.0
976 0.43076521158218384
977 0.0
978 0.0
979 0.0
980 2.1538259983062744
981 0.0
982 0.0
983 0.0
984 0.0
985 0.0
986 6.461478233337402
987 0.43076521158218384
988 0.0
989 0.0
990 1.7230608463287354
991 0.0
992 0.0
993 0.0
994 0.0
995 0.43076521158218384
996 0.0
997 1.2922956943511963
998 0.43076521158218384
999 0.0
1000 5.599947929382324
1001 0.0
1002 0.0
