# Selection:resname AU W ION Restricted:name AUC AUL AUSL Radius:2.64 Start:0 End:-1
0 495.3799743652344
1 493.2261657714844
2 24.12285041809082
3 23.261322021484375
4 57.29178237915039
5 24.12285041809082
6 49.107234954833984
7 21.107494354248047
8 33.59968566894531
9 43.07651901245117
10 49.10723114013672
11 27.999738693237305
12 15.938312530517578
13 27.999738693237305
14 48.67647171020508
15 31.876625061035156
16 24.12285041809082
17 13.784486770629883
18 34.030452728271484
19 19.38443374633789
20 36.18428039550781
21 58.1533088684082
22 106.82978057861328
23 44.368812561035156
24 61.599422454833984
25 41.78422164916992
26 62.03018569946289
27 54.70718002319336
28 51.26106262207031
29 15.507548332214355
30 30.584327697753906
31 62.46095657348633
32 14.215251922607422
33 23.69208526611328
34 34.461219787597656
35 23.69208526611328
36 33.59968566894531
37 38.76886749267578
38 41.78422927856445
39 66.76860046386719
40 83.5684585571289
41 33.168922424316406
42 52.12259292602539
43 48.245704650878906
44 38.33810806274414
45 30.58432960510254
46 30.153564453125
47 18.522903442382813
48 15.507547378540039
49 34.46121597290039
50 27.568973541259766
51 61.59942626953125
52 38.76886749267578
53 34.03044891357422
54 44.36882019042969
55 49.538002014160156
56 47.81494140625
57 36.18428039550781
58 13.353721618652344
59 49.96876525878906
60 23.261320114135742
61 56.86101150512695
62 45.230350494384766
63 41.78422546386719
64 38.33810806274414
65 53.84564971923828
66 50.399532318115234
67 35.32274627685547
68 22.830554962158203
69 36.61503982543945
70 46.09187698364258
71 37.9073371887207
72 87.01457977294922
73 27.568971633911133
74 15.938312530517578
75 57.29177474975586
76 44.79957962036133
77 66.33783721923828
78 34.46121597290039
79 29.722801208496094
80 39.19963073730469
81 24.98438262939453
82 61.168663024902344
83 65.04554748535156
84 31.876625061035156
85 52.12259292602539
86 36.615047454833984
87 31.015092849731445
88 23.261322021484375
89 62.891727447509766
90 40.4919319152832
91 30.153564453125
92 40.0611686706543
93 38.338104248046875
94 25.845911026000977
95 39.63039779663086
96 37.9073371887207
97 30.584327697753906
98 18.95366859436035
99 28.86126708984375
100 27.568971633911133
101 38.338104248046875
102 21.107494354248047
103 65.04554748535156
104 40.922698974609375
105 45.230342864990234
106 48.245704650878906
107 27.999736785888672
108 12.061426162719727
109 45.230350494384766
110 37.47657775878906
111 10.76913070678711
112 18.092140197753906
113 30.584327697753906
114 25.845911026000977
115 29.72279930114746
116 55.137943267822266
117 40.06116485595703
118 64.18401336669922
119 21.107494354248047
120 26.276676177978516
121 36.615047454833984
122 12.49219036102295
123 40.4919319152832
124 38.76886749267578
125 29.722797393798828
126 45.230350494384766
127 62.46095657348633
128 35.75351333618164
129 46.091880798339844
130 55.1379508972168
131 18.95366859436035
132 59.01483917236328
133 45.66111373901367
134 19.815200805664063
135 21.538259506225586
136 51.691829681396484
137 47.814945220947266
138 40.0611686706543
139 61.599430084228516
140 56.43024444580078
141 54.70718765258789
142 36.18427658081055
143 22.399789810180664
144 67.63014221191406
145 40.06116485595703
146 56.86101150512695
147 22.399789810180664
148 12.06142520904541
149 52.12259292602539
150 23.69208526611328
151 55.13794708251953
152 69.35320281982422
153 33.59968566894531
154 52.12259292602539
155 72.79933166503906
156 71.93780517578125
157 31.445858001708984
158 52.122589111328125
159 42.645755767822266
160 87.44535064697266
161 29.29203224182129
162 59.014835357666016
163 62.03019332885742
164 81.41462707519531
165 32.30739212036133
166 65.9070816040039
167 27.999738693237305
168 41.78422927856445
169 44.36882019042969
170 68.92243194580078
171 52.5533561706543
172 56.43024444580078
173 27.999736785888672
174 33.59968566894531
175 82.70691680908203
176 49.10723876953125
177 60.307132720947266
178 32.738155364990234
179 72.79933166503906
180 34.8919792175293
181 22.399789810180664
182 31.445859909057617
183 46.95341110229492
184 25.415145874023438
185 53.414894104003906
186 28.86126708984375
187 34.461219787597656
188 41.35346984863281
189 24.122852325439453
190 34.461219787597656
191 27.568971633911133
192 78.83003234863281
193 47.38417434692383
194 33.59968566894531
195 42.64575958251953
196 65.90707397460938
197 46.09187698364258
198 49.968772888183594
199 18.522903442382813
200 50.399532318115234
201 41.35346221923828
202 44.79957962036133
203 43.938053131103516
204 49.53799819946289
205 27.999736785888672
206 43.938053131103516
207 26.707443237304688
208 34.89198303222656
209 34.89198303222656
210 32.30739212036133
211 21.10749626159668
212 40.06116485595703
213 18.522903442382813
214 37.9073371887207
215 46.52264404296875
216 47.814937591552734
217 44.79957962036133
218 37.90734100341797
219 37.4765739440918
220 14.215251922607422
221 22.399791717529297
222 35.32274627685547
223 34.030452728271484
224 38.76886749267578
225 18.092138290405273
226 15.0767822265625
227 17.230607986450195
228 28.430503845214844
229 28.43050193786621
230 25.415145874023438
231 21.107494354248047
232 15.0767822265625
233 32.30738830566406
234 26.276676177978516
235 26.276676177978516
236 51.69182586669922
237 20.676729202270508
238 32.30739212036133
239 17.661373138427734
240 49.96876525878906
241 35.322750091552734
242 26.707443237304688
243 15.938312530517578
244 24.55361557006836
245 36.61504364013672
246 21.969026565551758
247 27.999736785888672
248 65.9070816040039
249 44.36881637573242
250 46.091880798339844
251 54.27641677856445
252 22.830554962158203
253 41.78422546386719
254 24.122852325439453
255 56.86100769042969
256 31.015094757080078
257 31.445859909057617
258 34.46121597290039
259 25.84591293334961
260 34.89198303222656
261 39.63040542602539
262 32.738155364990234
263 29.72279930114746
264 53.84565734863281
265 18.522903442382813
266 87.01457977294922
267 61.16865921020508
268 43.93804931640625
269 49.96876907348633
270 11.199894905090332
271 11.630661010742188
272 31.015094757080078
273 18.092138290405273
274 30.153564453125
275 25.845911026000977
276 31.015094757080078
277 9.476835250854492
278 21.53826141357422
279 42.645755767822266
280 38.338104248046875
281 27.138208389282227
282 37.04581069946289
283 39.19963836669922
284 34.89198303222656
285 29.72279930114746
286 27.138206481933594
287 46.09187698364258
288 37.90734100341797
289 49.968772888183594
290 11.630661010742188
291 27.568973541259766
292 55.1379508972168
293 49.53799819946289
294 44.36882019042969
295 26.707441329956055
296 70.64550018310547
297 52.98412322998047
298 50.83030319213867
299 46.09187316894531
300 46.953407287597656
301 46.95341110229492
302 46.522647857666016
303 23.69208526611328
304 72.36856079101563
305 39.19963455200195
306 40.49193572998047
307 61.168663024902344
308 49.10723114013672
309 41.78422546386719
310 14.646018028259277
311 47.81494140625
312 43.07651901245117
313 16.799842834472656
314 31.015094757080078
315 23.69208526611328
316 45.66111373901367
317 25.415145874023438
318 67.19937133789063
319 40.922698974609375
320 16.799842834472656
321 28.430503845214844
322 31.445859909057617
323 46.953407287597656
324 52.9841194152832
325 42.214996337890625
326 27.138206481933594
327 55.999481201171875
328 27.568973541259766
329 31.015094757080078
330 34.46121597290039
331 25.41514778137207
332 37.4765739440918
333 32.7381591796875
334 23.69208526611328
335 65.9070816040039
336 44.36882019042969
337 15.0767822265625
338 39.630401611328125
339 55.56871795654297
340 56.43024444580078
341 44.799583435058594
342 63.75326156616211
343 51.69182586669922
344 53.84565734863281
345 56.43024444580078
346 31.876625061035156
347 25.845911026000977
348 52.55335998535156
349 16.799842834472656
350 20.676729202270508
351 33.59968948364258
352 38.76886749267578
353 37.47657775878906
354 26.707443237304688
355 42.21499252319336
356 59.44560241699219
357 54.707191467285156
358 59.44561004638672
359 25.415145874023438
360 38.76887130737305
361 25.415145874023438
362 51.691829681396484
363 39.63039779663086
364 20.24596405029297
365 37.47657775878906
366 40.49193572998047
367 33.16891860961914
368 68.49166870117188
369 50.83029556274414
370 45.66111373901367
371 33.168922424316406
372 43.07652282714844
373 44.36881637573242
374 27.138208389282227
375 44.79958724975586
376 47.814937591552734
377 50.83029556274414
378 32.738155364990234
379 40.4919319152832
380 25.84591293334961
381 6.461478233337402
382 43.938053131103516
383 21.53826141357422
384 43.07651901245117
385 35.322750091552734
386 48.245704650878906
387 18.95366859436035
388 18.95366859436035
