# Selection 1:name C1A D2A C3A C4A C1B C2B C3B C4B Selection 2:name AUC AUSL AUL Cutoff:8 Start:0 End:-1
0 0
1 0
2 12
3 23
4 14
5 9
6 16
7 16
8 15
9 13
10 14
11 9
12 13
13 15
14 15
15 21
16 10
17 14
18 19
19 13
20 14
21 19
22 19
23 15
24 18
25 16
26 21
27 21
28 19
29 15
30 19
31 20
32 10
33 15
34 14
35 14
36 13
37 12
38 16
39 18
40 23
41 13
42 14
43 16
44 16
45 12
46 17
47 10
48 15
49 13
50 15
51 14
52 13
53 14
54 15
55 16
56 16
57 13
58 13
59 17
60 15
61 22
62 12
63 16
64 15
65 14
66 14
67 19
68 12
69 17
70 16
71 18
72 18
73 12
74 16
75 17
76 15
77 12
78 16
79 18
80 15
81 14
82 18
83 18
84 14
85 20
86 16
87 21
88 10
89 15
90 12
91 16
92 20
93 14
94 9
95 16
96 14
97 13
98 14
99 14
100 18
101 14
102 17
103 18
104 16
105 19
106 8
107 14
108 13
109 22
110 23
111 16
112 16
113 20
114 18
115 14
116 18
117 18
118 24
119 16
120 16
121 14
122 13
123 13
124 18
125 20
126 14
127 23
128 16
129 18
130 14
131 16
132 17
133 19
134 14
135 16
136 13
137 17
138 13
139 17
140 18
141 16
142 15
143 14
144 18
145 16
146 23
147 13
148 8
149 20
150 11
151 15
152 24
153 15
154 17
155 20
156 16
157 15
158 21
159 19
160 19
161 12
162 19
163 15
164 20
165 18
166 19
167 14
168 19
169 14
170 17
171 15
172 17
173 19
174 16
175 23
176 15
177 28
178 17
179 16
180 12
181 14
182 20
183 16
184 15
185 16
186 11
187 17
188 20
189 19
190 19
191 10
192 19
193 19
194 16
195 17
196 20
197 18
198 13
199 14
200 16
201 18
202 19
203 15
204 20
205 9
206 20
207 18
208 19
209 16
210 16
211 8
212 15
213 10
214 18
215 19
216 24
217 14
218 16
219 16
220 15
221 20
222 14
223 14
224 14
225 21
226 17
227 12
228 22
229 15
230 11
231 17
232 14
233 11
234 17
235 20
236 11
237 10
238 19
239 17
240 15
241 14
242 13
243 18
244 16
245 13
246 14
247 17
248 19
249 15
250 14
251 20
252 16
253 15
254 13
255 16
256 17
257 15
258 19
259 13
260 17
261 16
262 12
263 19
264 17
265 19
266 20
267 23
268 16
269 16
270 17
271 8
272 15
273 11
274 13
275 13
276 14
277 13
278 17
279 15
280 15
281 18
282 16
283 10
284 17
285 14
286 15
287 24
288 16
289 17
290 14
291 14
292 23
293 16
294 11
295 14
296 23
297 21
298 14
299 18
300 14
301 15
302 23
303 17
304 20
305 15
306 16
307 20
308 18
309 17
310 18
311 19
312 15
313 16
314 10
315 16
316 17
317 19
318 22
319 17
320 13
321 12
322 16
323 21
324 22
325 14
326 14
327 18
328 18
329 18
330 14
331 17
332 18
333 24
334 16
335 23
336 18
337 13
338 19
339 15
340 17
341 20
342 18
343 15
344 16
345 22
346 15
347 14
348 17
349 17
350 13
351 24
352 19
353 15
354 12
355 18
356 16
357 23
358 19
359 13
360 19
361 15
362 18
363 20
364 17
365 17
366 17
367 17
368 25
369 20
370 14
371 19
372 13
373 19
374 9
375 19
376 19
377 19
378 14
379 16
380 9
381 10
382 19
383 19
384 20
385 12
386 17
387 8
388 19
389 21
390 20
391 20
392 15
393 10
394 15
395 18
396 17
397 20
398 18
399 18
400 12
401 24
402 12
403 18
404 14
405 13
406 11
407 15
408 18
409 18
410 21
411 29
412 24
413 17
414 19
415 17
416 16
417 17
418 16
419 14
420 19
421 25
422 19
423 23
424 16
425 11
426 17
427 15
428 18
429 13
430 16
431 17
432 20
433 18
434 20
435 15
436 11
437 13
438 11
439 17
440 16
441 15
442 20
443 20
444 13
445 19
446 11
447 13
448 18
449 9
450 20
451 17
452 11
453 9
454 15
455 14
456 10
457 16
458 14
459 20
460 19
461 16
462 13
463 17
464 18
465 15
466 24
467 20
468 19
469 17
470 14
471 18
472 18
473 17
474 16
475 18
476 19
477 16
478 14
479 18
480 17
481 10
482 14
483 12
484 12
485 19
486 16
487 21
488 10
489 16
490 15
491 16
492 12
493 15
494 12
495 17
496 17
497 18
498 17
499 18
500 15
501 11
502 12
503 13
504 15
505 16
506 16
507 13
508 21
509 14
510 12
511 18
512 12
513 12
514 12
515 19
516 19
517 13
518 18
519 15
520 16
521 19
522 18
523 16
524 18
525 17
526 19
527 11
528 16
529 14
530 10
531 10
532 20
533 16
534 23
535 20
536 10
537 19
538 14
539 11
540 16
541 10
542 14
543 17
544 21
545 22
546 11
547 17
548 20
549 24
550 22
551 10
552 16
553 18
554 17
555 8
556 16
557 19
558 12
559 15
560 15
561 11
562 13
563 10
564 16
565 18
566 15
567 9
568 10
569 17
570 19
571 19
572 15
573 16
574 12
575 14
576 16
577 13
578 13
579 16
580 16
581 15
582 14
583 16
584 16
585 16
586 16
587 22
588 18
589 17
590 15
591 18
592 17
593 18
594 16
595 17
596 20
597 16
598 17
599 19
600 20
601 12
602 14
603 18
604 21
605 20
606 17
607 16
608 17
609 14
610 21
611 17
612 19
613 16
614 18
615 14
616 21
617 16
618 13
619 24
620 17
621 13
622 20
623 15
624 14
625 16
626 27
627 16
628 19
629 22
630 17
631 20
632 17
633 9
634 13
635 20
636 26
637 16
638 20
639 16
640 17
641 18
642 15
643 18
644 23
645 15
646 16
647 17
648 12
649 19
650 23
651 17
652 13
653 18
654 20
655 21
656 13
657 22
658 14
659 20
660 9
661 14
662 13
663 21
664 12
665 15
666 12
667 11
668 16
669 18
670 17
671 13
672 17
673 15
674 21
675 22
676 13
677 16
678 15
679 9
680 16
681 20
682 14
683 14
684 13
685 18
686 16
687 14
688 15
689 14
690 16
691 15
692 19
693 16
694 16
695 14
696 25
697 19
698 19
699 21
700 22
701 15
702 24
703 17
704 13
705 15
706 14
707 20
708 19
709 14
710 15
711 10
712 14
713 15
714 15
715 17
716 21
717 15
718 11
719 17
720 15
721 13
722 12
723 15
724 13
725 17
726 15
727 17
728 15
729 13
730 17
731 13
732 16
733 13
734 17
735 12
736 19
737 17
738 11
739 11
740 15
741 13
742 13
743 20
744 11
745 14
746 10
747 12
748 11
749 16
750 18
751 13
752 13
753 15
754 14
755 18
756 18
757 15
758 10
759 14
760 15
761 19
762 16
763 12
764 20
765 20
766 11
767 19
768 18
769 20
770 14
771 16
772 17
773 15
774 15
775 18
776 16
777 23
778 17
779 17
780 14
781 16
782 12
783 12
784 20
785 22
786 24
787 18
788 14
789 23
790 11
791 13
792 14
793 20
794 16
795 19
796 16
797 17
798 15
799 9
800 11
801 14
802 12
803 21
804 23
805 16
806 13
807 24
808 15
809 22
810 19
811 21
812 21
813 23
814 19
815 20
816 21
817 21
818 19
819 16
820 20
821 14
822 15
823 17
824 26
825 18
826 12
827 23
828 19
829 16
830 16
831 20
832 13
833 17
834 23
835 18
836 19
837 15
838 17
839 24
840 24
841 15
842 18
843 16
844 13
845 18
846 13
847 23
848 14
849 14
850 19
851 14
852 19
853 15
854 19
855 13
856 17
857 20
858 21
859 13
860 14
861 15
862 20
863 21
864 16
865 14
866 19
867 18
868 17
869 22
870 17
871 15
872 22
873 17
874 15
875 18
876 19
877 19
878 18
879 12
880 12
881 17
882 18
883 17
884 17
885 14
886 18
887 18
888 19
889 16
890 17
891 11
892 19
893 11
894 22
895 15
896 18
897 15
898 19
899 14
900 20
901 16
902 22
903 14
904 18
905 16
906 22
907 20
908 23
909 12
910 20
911 17
912 13
913 12
914 15
915 14
916 11
917 15
918 13
919 9
920 15
921 19
922 15
923 22
924 23
925 16
926 22
927 15
928 19
929 19
930 18
931 16
932 18
933 15
934 13
935 19
936 18
937 18
938 13
939 17
940 13
941 19
942 10
943 21
944 14
945 11
946 14
947 22
948 23
949 19
950 17
951 20
952 16
953 22
954 11
955 19
956 18
957 17
958 16
959 13
960 17
961 26
962 17
963 18
964 17
965 18
966 11
967 12
968 19
969 13
970 17
971 17
972 21
973 10
974 12
975 20
976 16
977 16
978 16
979 20
980 21
981 13
982 14
983 14
984 16
985 10
986 19
987 13
988 16
989 15
990 14
991 16
992 24
993 12
994 13
995 14
996 11
997 18
998 6
999 19
1000 17
1001 19
1002 19
