# Selection:resname AU POPC Restricted:name AUC AUL AUSL Radius:2.64 Start:0 End:-1
0 495.3799743652344
1 493.2261657714844
2 217.9672088623047
3 172.73684692382813
4 212.3672637939453
5 210.6442108154297
6 199.0135498046875
7 225.72103881835938
8 257.59765625
9 214.9518585205078
10 219.25950622558594
11 206.767333984375
12 223.99794006347656
13 183.50604248046875
14 241.22853088378906
15 212.36727905273438
16 233.0439910888672
17 190.39828491210938
18 222.70562744140625
19 191.25978088378906
20 218.39796447753906
21 233.04400634765625
22 218.3980255126953
23 222.27488708496094
24 214.95188903808594
25 242.95159912109375
26 248.55154418945313
27 211.0749969482422
28 235.19784545898438
29 243.8131103515625
30 171.44456481933594
31 177.04454040527344
32 194.70591735839844
33 205.4750213623047
34 214.52113342285156
35 232.18246459960938
36 211.50567626953125
37 215.3826141357422
38 179.6291046142578
39 188.6752166748047
40 194.7058868408203
41 216.6749267578125
42 222.27484130859375
43 208.4904327392578
44 241.65933227539063
45 171.87535095214844
46 174.45994567871094
47 198.1519775390625
48 202.8904571533203
49 196.85971069335938
50 211.50570678710938
51 208.4904022216797
52 195.1366729736328
53 200.30587768554688
54 171.01382446289063
55 197.29049682617188
56 248.98233032226563
57 201.59814453125
58 192.98281860351563
59 192.9828338623047
60 183.5060272216797
61 206.767333984375
62 236.49012756347656
63 202.89044189453125
64 177.47531127929688
65 225.7209930419922
66 228.73631286621094
67 203.75196838378906
68 231.32101440429688
69 190.3982391357422
70 180.49061584472656
71 220.55181884765625
72 195.13662719726563
73 210.21343994140625
74 152.9216766357422
75 187.8136444091797
76 164.98312377929688
77 191.259765625
78 186.090576171875
79 216.244140625
80 244.243896484375
81 189.10595703125
82 211.07496643066406
83 191.25978088378906
84 179.6291046142578
85 176.61376953125
86 157.22933959960938
87 172.30613708496094
88 162.8292694091797
89 164.12156677246094
90 175.75221252441406
91 155.5062713623047
92 145.59866333007813
93 164.5523223876953
94 183.0752410888672
95 159.38314819335938
96 166.70614624023438
97 168.85997009277344
98 152.92166137695313
99 181.35215759277344
100 180.05987548828125
101 174.8907012939453
102 199.4442901611328
103 210.21347045898438
104 189.96751403808594
105 177.9060516357422
106 217.96722412109375
107 204.18270874023438
108 177.4752960205078
109 174.45994567871094
110 167.56768798828125
111 188.67515563964844
112 220.9825897216797
113 198.15203857421875
114 162.82928466796875
115 208.4904022216797
116 224.42869567871094
117 198.1520233154297
118 192.12132263183594
119 156.36778259277344
120 185.22903442382813
121 192.12132263183594
122 142.5832977294922
123 208.92112731933594
124 207.19810485839844
125 179.62913513183594
126 189.53672790527344
127 137.84487915039063
128 167.99844360351563
129 167.13693237304688
130 199.4443359375
131 196.42893981933594
132 164.98312377929688
133 155.07553100585938
134 163.26002502441406
135 223.99794006347656
136 164.55233764648438
137 167.99847412109375
138 148.61399841308594
139 185.22911071777344
140 206.33656311035156
141 196.42892456054688
142 223.13638305664063
143 148.18324279785156
144 195.1366424560547
145 157.6600799560547
146 163.69082641601563
147 189.10598754882813
148 148.18324279785156
149 168.8599853515625
150 165.4138641357422
151 157.66006469726563
152 167.5676727294922
153 196.42893981933594
154 158.52159118652344
155 154.64474487304688
156 157.66006469726563
157 181.3521728515625
158 118.89122009277344
159 139.99871826171875
160 187.38287353515625
161 198.15203857421875
162 145.5986785888672
163 200.73655700683594
164 205.47506713867188
165 146.02943420410156
166 156.79856872558594
167 177.47528076171875
168 171.44456481933594
169 188.6751708984375
170 187.3828887939453
171 200.3058319091797
172 174.45993041992188
173 158.95237731933594
174 141.72177124023438
175 226.1517333984375
176 168.85997009277344
177 211.93649291992188
178 158.0908660888672
179 169.29078674316406
180 173.59837341308594
181 148.61402893066406
182 167.136962890625
183 204.18272399902344
184 148.61404418945313
185 177.04452514648438
186 164.12155151367188
187 193.41358947753906
188 166.70614624023438
189 141.291015625
190 181.78297424316406
191 158.952392578125
192 148.18325805664063
193 174.45989990234375
194 182.21371459960938
195 175.7522430419922
196 164.12158203125
197 174.02919006347656
198 185.22906494140625
199 173.1676483154297
200 188.6751708984375
201 165.84461975097656
202 175.3214569091797
203 191.6905517578125
204 211.9365234375
205 187.3828887939453
206 177.04449462890625
207 204.18275451660156
208 192.12130737304688
209 222.27484130859375
210 208.49041748046875
211 236.05935668945313
212 191.25978088378906
213 188.244384765625
214 151.62936401367188
215 248.12074279785156
216 211.50576782226563
217 255.8745880126953
218 272.24365234375
219 243.81314086914063
220 227.4440460205078
221 228.73635864257813
222 221.84408569335938
223 187.8136749267578
224 250.2746124267578
225 185.2290496826172
226 191.69056701660156
227 205.90579223632813
228 199.01353454589844
229 247.25926208496094
230 255.0130157470703
231 213.6595458984375
232 271.38214111328125
233 243.38232421875
234 195.1366729736328
235 184.3675537109375
236 229.5978546142578
237 179.19834899902344
238 216.67491149902344
239 227.44407653808594
240 212.7980499267578
241 260.1822204589844
242 214.5210723876953
243 231.3209228515625
244 228.30557250976563
245 224.85948181152344
246 217.96722412109375
247 223.13636779785156
248 219.6902618408203
249 193.84437561035156
250 187.81365966796875
251 188.2444610595703
252 256.736083984375
253 227.01327514648438
254 189.53672790527344
255 223.99794006347656
256 199.87506103515625
257 234.76710510253906
258 202.02890014648438
259 232.61326599121094
260 203.75192260742188
261 244.24391174316406
262 217.10568237304688
263 220.55181884765625
264 208.49034118652344
265 173.1676483154297
266 213.22882080078125
267 186.52137756347656
268 167.99844360351563
269 181.78294372558594
270 179.1983642578125
271 259.7514343261719
272 211.93650817871094
273 233.90557861328125
274 246.39772033691406
275 220.1210479736328
276 215.3826141357422
277 222.70562744140625
278 231.75169372558594
279 197.29051208496094
280 192.1212921142578
281 184.79832458496094
282 206.76730346679688
283 234.3363037109375
284 198.5828094482422
285 151.62937927246094
286 191.69053649902344
287 159.3831329345703
288 204.18267822265625
289 172.3061065673828
290 189.10594177246094
291 206.76734924316406
292 179.62913513183594
293 172.7368621826172
294 203.75198364257813
295 159.38316345214844
296 159.81390380859375
297 150.767822265625
298 177.9060821533203
299 186.09060668945313
300 165.41384887695313
301 165.84461975097656
302 160.67543029785156
303 196.42893981933594
304 159.3831329345703
305 228.73629760742188
306 180.0598907470703
307 208.921142578125
308 223.1363983154297
309 182.64447021484375
310 172.3061065673828
311 173.59840393066406
312 194.70591735839844
313 191.69052124023438
314 186.09059143066406
315 213.22879028320313
316 191.6905059814453
317 179.62908935546875
318 176.61375427246094
319 202.4596710205078
320 132.6757049560547
321 176.1829833984375
322 142.58331298828125
323 195.9982147216797
324 197.72125244140625
325 199.8750762939453
326 186.95211791992188
327 182.21372985839844
328 203.3212127685547
329 192.1212615966797
330 193.8443603515625
331 180.0598907470703
332 192.9828338623047
333 186.09059143066406
334 197.29049682617188
335 220.9825897216797
336 196.428955078125
337 230.4593963623047
338 202.8904571533203
339 195.9982147216797
340 184.3675537109375
341 185.2290802001953
342 210.64419555664063
343 197.29049682617188
344 172.3060760498047
345 167.5677032470703
346 170.58303833007813
347 223.13645935058594
348 235.6285858154297
349 197.29046630859375
350 232.1825408935547
351 201.59815979003906
352 222.70562744140625
353 166.27540588378906
354 202.02886962890625
355 162.3984832763672
356 166.7061767578125
357 181.782958984375
358 183.936767578125
359 211.93650817871094
360 165.84461975097656
361 173.59840393066406
362 153.35243225097656
363 198.5828094482422
364 193.84437561035156
365 190.3982391357422
366 179.19833374023438
367 162.3985137939453
368 171.01380920410156
369 183.5059814453125
370 168.42922973632813
371 183.07525634765625
372 205.04421997070313
373 185.65982055664063
374 208.92112731933594
375 169.290771484375
376 175.3214569091797
377 159.8139190673828
378 147.7524871826172
379 141.29098510742188
380 223.99795532226563
381 167.13694763183594
382 169.29075622558594
383 181.3522186279297
384 180.49066162109375
385 184.79827880859375
386 180.0598602294922
387 183.93675231933594
388 183.93675231933594
