250 19.911361694335938
251 19.86582374572754
252 20.144058227539063
253 19.71417236328125
254 19.710166931152344
255 19.817041397094727
256 19.83392333984375
257 20.090673446655273
258 19.852861404418945
259 20.01021957397461
260 19.70696258544922
261 19.6793155670166
262 19.659046173095703
263 19.971466064453125
264 19.856708526611328
265 19.897445678710938
266 19.907238006591797
267 19.80327033996582
268 20.03352165222168
269 19.990507125854492
270 19.88001251220703
271 19.990787506103516
272 20.03142547607422
273 20.04902458190918
274 19.999013900756836
275 20.179121017456055
276 20.173551559448242
277 20.055469512939453
278 19.772872924804688
279 20.515411376953125
280 19.8537654876709
281 20.131420135498047
282 20.197710037231445
283 20.03485679626465
284 19.90935707092285
285 20.19487190246582
286 20.16236114501953
287 20.028181076049805
288 19.994232177734375
289 19.887187957763672
290 20.140300750732422
291 19.918912887573242
292 20.22749900817871
293 19.86421775817871
294 19.68182373046875
295 20.059200286865234
296 20.33277702331543
297 20.220706939697266
298 20.365215301513672
299 20.18217658996582
300 19.976415634155273
301 20.267900466918945
302 20.431621551513672
303 20.14596939086914
304 20.252038955688477
305 20.099781036376953
306 20.436084747314453
307 20.57704734802246
308 19.970508575439453
309 20.026155471801758
310 20.249799728393555
311 19.960546493530273
312 20.081867218017578
313 20.246131896972656
314 20.226341247558594
315 20.059568405151367
316 19.923683166503906
317 19.795103073120117
318 19.97756004333496
319 19.964738845825195
320 19.918092727661133
321 20.090532302856445
322 20.31982421875
323 20.010395050048828
324 20.314123153686523
325 20.217578887939453
326 20.194236755371094
327 20.8078670501709
328 20.183942794799805
329 20.23063087463379
330 19.921783447265625
331 19.80290412902832
332 20.084688186645508
333 19.959409713745117
334 20.06755828857422
335 20.04037857055664
336 19.80569076538086
337 20.025915145874023
338 19.719202041625977
339 19.937414169311523
340 20.38217544555664
341 20.24337387084961
342 20.060087203979492
343 20.09971809387207
344 20.001346588134766
345 19.999828338623047
346 20.06696128845215
347 20.286991119384766
348 19.988868713378906
349 20.058698654174805
350 19.702177047729492
351 19.63799476623535
352 19.9146671295166
353 20.08928108215332
354 19.612293243408203
355 19.916913986206055
356 19.874374389648438
357 19.689680099487305
358 19.79216194152832
359 19.755128860473633
360 19.81570816040039
361 20.005550384521484
362 19.75640106201172
363 19.760143280029297
364 20.10691261291504
365 19.844154357910156
366 20.056039810180664
367 19.911048889160156
368 20.133399963378906
369 19.740066528320313
370 19.983474731445313
371 19.805185317993164
372 19.775999069213867
373 19.773828506469727
374 19.60004997253418
375 19.99588966369629
376 19.704116821289063
377 19.6864070892334
378 19.632020950317383
379 19.825788497924805
380 19.745288848876953
381 19.71910285949707
382 19.59663963317871
383 19.640239715576172
384 19.608078002929688
385 19.737154006958008
386 19.68144989013672
387 19.68734359741211
388 19.769989013671875
389 19.869543075561523
390 19.81571388244629
391 19.777402877807617
392 19.528902053833008
393 19.73418617248535
394 19.526771545410156
395 19.715621948242188
396 19.63046646118164
397 19.652446746826172
398 19.532506942749023
399 19.85165786743164
400 19.809280395507813
401 19.586437225341797
402 19.786945343017578
403 19.6860294342041
404 19.58738899230957
405 19.720212936401367
406 19.9573917388916
407 19.74355697631836
408 19.56916618347168
409 19.87335968017578
410 19.763084411621094
411 19.857818603515625
412 19.517719268798828
413 19.641700744628906
414 19.57082748413086
415 19.99990463256836
416 19.61863899230957
417 19.690547943115234
418 19.936723709106445
419 19.692121505737305
420 19.708593368530273
421 19.665390014648438
422 19.419269561767578
423 19.7390193939209
424 19.834646224975586
425 19.78937339782715
426 19.517555236816406
427 19.4420108795166
428 19.846166610717773
429 19.630325317382813
430 19.751741409301758
431 19.717979431152344
432 19.737497329711914
433 19.76238441467285
434 19.495073318481445
435 19.725719451904297
436 19.5733585357666
437 19.46608543395996
438 19.87976837158203
439 19.788637161254883
440 19.822301864624023
441 19.826677322387695
442 19.676301956176758
443 19.870914459228516
444 19.76670265197754
445 19.73824119567871
446 19.676494598388672
447 19.92228889465332
448 19.740896224975586
449 19.925670623779297
450 19.908849716186523
451 19.68088722229004
452 19.712797164916992
453 19.657377243041992
454 19.60588836669922
455 19.70479965209961
456 19.70314598083496
457 19.70691680908203
458 19.792766571044922
459 19.46787452697754
460 19.753307342529297
461 19.683080673217773
462 19.65331268310547
463 19.789955139160156
464 19.611345291137695
465 19.454559326171875
466 19.676027297973633
467 19.76064682006836
468 19.58983612060547
469 19.678035736083984
470 19.74071502685547
471 19.550580978393555
472 19.673873901367188
473 19.709796905517578
474 19.750019073486328
475 19.89606285095215
476 19.661344528198242
477 19.63379669189453
478 19.686391830444336
479 19.64977264404297
480 19.568073272705078
481 19.642169952392578
482 19.538055419921875
483 19.721813201904297
484 19.663087844848633
485 19.633291244506836
486 19.972347259521484
487 19.681129455566406
488 19.747844696044922
489 19.669862747192383
490 19.747074127197266
491 19.56195831298828
492 19.789915084838867
493 19.633419036865234
494 19.719219207763672
495 19.636507034301758
496 19.805221557617188
