# Selection:resname AU W ION Restricted:name AUC AUL AUSL Radius:2.64 Start:0 End:-1
0 299.3818054199219
1 301.10491943359375
2 193.4136199951172
3 190.82896423339844
4 131.81417846679688
5 121.04503631591797
6 146.8909454345703
7 142.15252685546875
8 118.89120483398438
9 183.07522583007813
10 189.9674530029297
11 187.3828887939453
12 143.87557983398438
13 150.33705139160156
14 181.35218811035156
15 133.1064453125
16 159.38311767578125
17 155.50625610351563
18 169.7215118408203
19 192.55206298828125
20 174.0291290283203
21 162.82925415039063
22 100.36829376220703
23 153.78318786621094
24 134.82952880859375
25 174.4599151611328
26 119.32196807861328
27 233.04400634765625
28 148.18324279785156
29 147.3217010498047
30 234.7670440673828
31 194.27513122558594
32 128.79881286621094
33 239.5054931640625
34 107.26053619384766
35 178.76754760742188
36 97.35294342041016
37 153.35240173339844
38 147.7524871826172
39 178.76756286621094
40 99.07601928710938
41 140.86024475097656
42 163.6907958984375
43 165.41383361816406
44 147.32171630859375
45 118.8912124633789
46 142.58331298828125
47 143.44482421875
48 109.84513092041016
49 138.27565002441406
50 205.90576171875
51 148.61399841308594
52 134.82952880859375
53 185.22901916503906
54 188.244384765625
55 124.92190551757813
56 172.3060760498047
57 151.19857788085938
58 186.09060668945313
59 210.2134246826172
60 151.1986083984375
61 115.4450912475586
62 160.24468994140625
63 182.6444549560547
64 228.73631286621094
65 199.01353454589844
66 216.67491149902344
67 227.8748016357422
68 177.90603637695313
69 179.19834899902344
70 121.47579193115234
71 176.1829833984375
72 131.81414794921875
73 142.5832977294922
74 127.937255859375
75 130.09107971191406
76 150.76783752441406
77 177.0445098876953
78 102.52212524414063
79 114.58353424072266
80 162.39849853515625
81 220.55178833007813
82 143.44480895996094
83 170.58303833007813
84 139.99868774414063
85 136.9833526611328
86 147.7524871826172
87 224.4286651611328
88 206.76731872558594
89 223.56716918945313
90 199.0135498046875
91 221.8441162109375
92 180.05987548828125
93 196.42892456054688
94 177.4752655029297
95 211.5057373046875
96 139.56793212890625
97 125.35269165039063
98 147.75247192382813
99 122.33732604980469
100 202.02886962890625
101 153.35243225097656
102 175.75222778320313
103 179.62908935546875
104 174.4598846435547
105 99.50677490234375
106 194.275146484375
107 185.2290496826172
108 101.66059875488281
109 127.9372787475586
110 147.32168579101563
111 93.0452880859375
112 177.4752960205078
113 121.0450210571289
114 155.50625610351563
115 192.55206298828125
116 183.07522583007813
117 148.614013671875
118 145.16787719726563
119 151.19862365722656
120 149.47552490234375
121 126.21421813964844
122 237.35166931152344
123 115.87583923339844
124 142.58328247070313
125 171.44451904296875
126 153.7831573486328
127 155.93702697753906
128 144.7371368408203
129 133.10646057128906
130 187.38284301757813
131 98.2144775390625
132 165.8446044921875
133 128.79879760742188
134 165.41384887695313
135 214.9518585205078
136 195.99818420410156
137 106.39900970458984
138 159.38314819335938
139 236.9208526611328
140 237.7824249267578
141 106.39900207519531
142 109.84513854980469
143 180.49063110351563
144 122.7680892944336
145 195.9981689453125
146 159.8138885498047
147 151.1986083984375
148 214.09033203125
149 160.67543029785156
150 167.5676727294922
151 151.6293487548828
152 155.0754852294922
153 142.5832977294922
154 94.33757781982422
155 143.01405334472656
156 137.84486389160156
157 209.35189819335938
158 158.09085083007813
159 97.78369140625
160 128.36802673339844
161 168.85997009277344
162 161.53695678710938
163 177.9060516357422
164 182.2136993408203
165 292.058837890625
166 275.2590026855469
167 218.3979949951172
168 150.3370819091797
169 160.2446746826172
170 153.35240173339844
171 162.39846801757813
172 140.42947387695313
173 118.46044158935547
174 186.95211791992188
175 164.12155151367188
176 175.75222778320313
177 141.29100036621094
178 286.8896484375
179 118.8912124633789
180 191.69052124023438
181 191.25975036621094
182 167.5676727294922
183 156.36778259277344
184 142.58328247070313
185 200.3058319091797
186 183.50599670410156
187 235.1978302001953
188 195.13665771484375
189 137.84486389160156
190 166.275390625
191 177.9060516357422
192 218.8287353515625
193 159.8138885498047
194 248.98228454589844
195 165.41384887695313
196 91.32222747802734
197 183.93673706054688
198 163.6907958984375
199 145.59866333007813
200 132.2449188232422
201 148.61398315429688
202 154.6446990966797
203 162.82923889160156
204 90.89147186279297
205 125.3526840209961
206 170.58302307128906
207 150.76783752441406
208 164.12155151367188
209 167.99842834472656
210 175.3214569091797
211 143.87559509277344
212 214.5210418701172
213 171.44456481933594
214 144.3063507080078
215 133.10646057128906
216 148.18325805664063
217 102.5221176147461
218 216.67491149902344
219 174.45989990234375
220 156.3677978515625
221 127.93727111816406
222 195.9981689453125
223 128.79881286621094
224 186.52134704589844
225 177.0445098876953
226 97.78369903564453
227 181.78292846679688
228 161.10621643066406
229 152.92166137695313
230 119.75272369384766
231 136.5525665283203
232 174.89068603515625
233 152.49090576171875
234 186.5213623046875
235 212.36727905273438
236 164.55233764648438
237 102.5221176147461
238 143.01406860351563
239 144.30636596679688
240 124.06037139892578
241 236.92088317871094
242 213.65957641601563
243 171.44454956054688
244 161.106201171875
245 176.1829833984375
246 117.59890747070313
247 157.66006469726563
248 210.2134246826172
249 145.1678924560547
250 172.3061065673828
251 167.13690185546875
252 143.87559509277344
253 148.18325805664063
254 166.7061309814453
255 127.07573699951172
256 192.98281860351563
257 185.65980529785156
258 139.9987030029297
259 167.1369171142578
260 181.35215759277344
261 178.3367919921875
262 125.3526840209961
263 182.21368408203125
264 114.15279388427734
265 92.61453247070313
266 99.50677490234375
267 132.24493408203125
268 147.7524871826172
269 141.72177124023438
270 200.30581665039063
271 178.33677673339844
272 169.2907257080078
273 134.8295135498047
274 184.7982635498047
275 127.50650024414063
276 133.53720092773438
277 168.42921447753906
278 211.074951171875
279 127.50650787353516
280 154.6446990966797
281 174.8907012939453
282 131.81417846679688
283 172.30609130859375
284 123.19883728027344
285 157.2293243408203
286 118.89122009277344
287 210.6442108154297
288 161.9677276611328
289 138.70640563964844
290 212.3672637939453
291 102.52212524414063
292 125.783447265625
293 185.65980529785156
294 98.6452407836914
295 134.82952880859375
296 163.260009765625
297 189.10594177246094
298 221.84408569335938
299 215.3826141357422
300 201.1673583984375
301 162.39849853515625
302 246.39772033691406
303 124.06038665771484
304 135.6910400390625
305 141.72177124023438
306 174.8906707763672
307 115.0143051147461
308 166.27537536621094
309 177.4752655029297
310 194.70587158203125
311 179.62911987304688
312 120.18348693847656
313 238.64393615722656
314 180.92141723632813
315 102.95289611816406
316 223.9979248046875
317 222.7056427001953
318 151.62936401367188
319 92.18375396728516
320 160.24464416503906
321 119.32196044921875
322 212.36724853515625
323 201.59811401367188
324 183.5060272216797
325 169.7214813232422
326 189.96742248535156
327 142.15252685546875
328 164.12155151367188
329 197.7212371826172
330 161.10617065429688
331 160.2446746826172
332 207.1980438232422
333 149.4755401611328
334 149.4755401611328
335 202.02886962890625
336 142.1525115966797
337 179.19833374023438
338 201.59811401367188
339 216.24411010742188
340 171.87533569335938
341 174.4599151611328
342 185.22901916503906
343 136.55255126953125
344 220.55177307128906
345 171.0137939453125
346 154.6446990966797
347 199.87506103515625
348 127.93727111816406
349 212.79803466796875
350 174.89068603515625
351 215.8134002685547
352 133.96800231933594
353 94.33759307861328
354 196.42892456054688
355 221.84408569335938
356 161.53692626953125
357 195.99818420410156
358 136.9833526611328
359 174.4599151611328
360 185.6598358154297
361 230.89016723632813
362 232.61318969726563
363 171.87530517578125
364 188.24440002441406
365 131.8141632080078
366 173.16761779785156
367 179.19833374023438
368 234.33627319335938
369 104.24519348144531
370 166.275390625
371 133.5372314453125
372 149.90631103515625
373 192.55206298828125
374 150.33706665039063
375 141.29098510742188
376 106.82977294921875
377 186.09060668945313
378 148.614013671875
379 190.82901000976563
380 160.24464416503906
381 154.64471435546875
382 185.22906494140625
383 124.92191314697266
384 163.260009765625
385 148.18325805664063
386 191.25975036621094
387 250.70535278320313
388 60.30712890625
389 117.16813659667969
390 202.890380859375
391 139.99868774414063
392 92.18376159667969
393 123.19884490966797
394 154.2139434814453
395 139.99868774414063
396 123.62962341308594
397 135.26026916503906
398 173.16761779785156
399 83.99922943115234
400 122.7680892944336
401 184.3675079345703
402 184.36749267578125
403 176.61373901367188
404 110.27588653564453
405 155.07550048828125
406 127.93728637695313
407 179.62911987304688
408 195.5674285888672
409 150.767822265625
410 217.1056671142578
411 227.4440460205078
412 212.3672637939453
413 163.69078063964844
414 138.275634765625
415 203.75196838378906
416 158.95236206054688
417 180.49063110351563
418 206.76730346679688
419 170.58302307128906
420 179.19833374023438
421 159.38311767578125
422 213.65953063964844
423 141.29098510742188
424 93.0452880859375
425 187.38287353515625
426 202.89041137695313
427 150.76783752441406
428 146.89096069335938
429 168.42921447753906
430 114.58355712890625
431 189.10594177246094
432 168.85997009277344
433 116.73738098144531
434 134.39874267578125
435 126.64498138427734
436 175.75221252441406
437 114.15277862548828
438 195.13665771484375
439 283.4435119628906
440 208.921142578125
441 252.85922241210938
442 183.936767578125
443 149.04476928710938
444 139.1371612548828
445 131.3833770751953
446 171.44456481933594
447 164.9830780029297
448 189.9674530029297
449 148.1832275390625
450 147.3217010498047
451 167.1369171142578
452 111.56818389892578
453 130.95263671875
454 155.5062255859375
455 191.69053649902344
456 191.69053649902344
457 95.19911193847656
458 140.86021423339844
459 159.38316345214844
460 155.93701171875
461 218.82875061035156
462 166.275390625
463 181.78294372558594
464 154.2139434814453
465 108.98359680175781
466 140.8602294921875
467 220.1210174560547
468 171.44456481933594
469 199.8750762939453
470 199.87509155273438
471 139.56793212890625
472 120.61427307128906
473 173.16761779785156
474 161.106201171875
475 158.09080505371094
476 214.95187377929688
477 214.95184326171875
478 119.75273132324219
479 162.39849853515625
480 114.15280151367188
481 149.90631103515625
482 111.13741302490234
483 202.4596405029297
484 178.33682250976563
485 141.7217559814453
486 133.10646057128906
487 175.75222778320313
488 165.4138641357422
489 179.62908935546875
490 172.7368621826172
491 192.55206298828125
492 152.92166137695313
493 149.90628051757813
494 187.8136444091797
495 127.93727111816406
496 149.04476928710938
497 141.72177124023438
498 164.9830780029297
499 180.9214324951172
500 157.6600799560547
501 161.9677276611328
502 154.21395874023438
503 113.72201538085938
504 148.61398315429688
505 205.90579223632813
506 173.59840393066406
507 123.19884490966797
508 155.93701171875
509 287.32037353515625
510 133.53721618652344
511 124.49116516113281
512 149.4755401611328
513 192.55203247070313
514 146.02940368652344
515 219.25949096679688
516 171.87530517578125
517 161.106201171875
518 159.81390380859375
519 152.06011962890625
520 136.121826171875
521 152.49090576171875
522 153.35240173339844
523 199.44432067871094
524 143.44482421875
525 168.8599853515625
526 182.21371459960938
527 156.7985382080078
528 151.62933349609375
529 150.33705139160156
530 155.0754852294922
531 101.22982788085938
532 127.07573699951172
533 171.87533569335938
534 244.24388122558594
535 111.13742065429688
536 209.7826690673828
537 139.56793212890625
538 172.73684692382813
539 201.1673583984375
540 101.2298355102539
541 98.64524841308594
542 131.8141632080078
543 183.93673706054688
544 210.21340942382813
545 173.16761779785156
546 177.4752655029297
547 186.090576171875
548 111.99897003173828
549 174.8906707763672
550 176.61373901367188
551 164.9830780029297
552 150.76783752441406
553 169.29075622558594
554 143.87559509277344
555 202.02890014648438
556 186.52133178710938
557 132.67568969726563
558 183.50599670410156
559 137.84487915039063
560 150.76783752441406
561 91.75299835205078
562 173.59837341308594
563 148.1832275390625
564 159.38314819335938
565 220.98257446289063
566 205.47500610351563
567 203.3212127685547
568 177.4752655029297
569 165.84461975097656
570 181.78294372558594
571 134.82952880859375
572 214.52108764648438
573 142.1525421142578
574 172.73683166503906
575 148.1832275390625
576 205.04421997070313
577 159.81390380859375
578 186.09059143066406
579 106.82977294921875
580 119.32197570800781
581 112.42971801757813
582 124.06038665771484
583 226.15171813964844
584 201.1673583984375
585 174.45993041992188
586 200.73658752441406
587 177.4752655029297
588 258.8898620605469
589 200.3058319091797
590 136.55258178710938
591 109.84514617919922
592 249.8438262939453
593 110.2759017944336
594 167.9984130859375
595 133.10646057128906
596 107.26055145263672
597 124.92192840576172
598 238.64393615722656
599 217.96725463867188
600 152.92164611816406
601 124.49114990234375
602 106.82977294921875
603 173.1676025390625
604 206.76730346679688
605 187.38287353515625
606 149.90628051757813
607 157.6600799560547
608 171.8753204345703
609 118.02967834472656
610 153.3524169921875
611 127.9372787475586
612 156.79855346679688
613 191.25975036621094
614 205.47500610351563
615 148.1832275390625
616 176.6137237548828
617 161.106201171875
618 192.98281860351563
619 88.7376480102539
620 202.890380859375
621 152.06015014648438
622 107.6913070678711
623 193.84434509277344
624 178.76754760742188
625 166.70614624023438
626 154.6447296142578
627 168.42921447753906
628 121.0450210571289
629 136.55258178710938
630 117.16814422607422
631 196.42893981933594
632 133.1064453125
633 138.275634765625
634 102.52212524414063
635 188.67523193359375
636 246.39767456054688
637 172.7368621826172
638 174.02914428710938
639 103.81441497802734
640 198.58277893066406
641 183.5059814453125
642 151.1986083984375
643 130.52186584472656
644 148.18324279785156
645 183.07522583007813
646 146.8909454345703
647 159.38314819335938
648 113.29126739501953
649 186.09054565429688
650 177.04449462890625
651 168.86000061035156
652 184.79827880859375
653 236.92088317871094
654 266.2129211425781
655 122.33732604980469
656 123.19886779785156
657 134.82949829101563
658 194.27511596679688
659 153.78318786621094
660 73.23009490966797
661 105.1067123413086
662 158.95236206054688
663 177.0445098876953
664 107.26055145263672
665 183.50599670410156
666 173.598388671875
667 166.27537536621094
668 154.64471435546875
669 139.1371612548828
670 153.3524169921875
671 146.02938842773438
672 178.33682250976563
673 202.89041137695313
674 168.42919921875
675 187.3828887939453
676 181.35215759277344
677 241.228515625
678 107.26054382324219
679 142.15252685546875
680 120.61427307128906
681 128.79879760742188
682 215.8133544921875
683 115.44508361816406
684 160.6754150390625
685 154.64471435546875
686 144.73712158203125
687 152.4908905029297
688 211.074951171875
689 126.64498138427734
690 171.44456481933594
691 204.18270874023438
692 192.9828338623047
693 153.35244750976563
694 219.25953674316406
695 189.10597229003906
696 185.2290496826172
697 172.73687744140625
698 179.6291046142578
699 148.614013671875
700 139.99871826171875
701 147.32171630859375
702 200.30581665039063
703 192.1212921142578
704 160.67543029785156
705 163.260009765625
706 137.4141082763672
707 150.7678680419922
708 269.2283020019531
709 248.55154418945313
710 224.4287109375
711 139.5679473876953
712 158.95237731933594
713 127.937255859375
714 160.2446746826172
715 127.93728637695313
716 182.6444549560547
717 113.7220230102539
718 218.82875061035156
719 190.82901000976563
720 146.89093017578125
721 136.55258178710938
722 240.79776000976563
723 147.32171630859375
724 112.86048889160156
725 152.0601348876953
726 153.3524169921875
727 210.64419555664063
728 128.3680419921875
729 189.96746826171875
730 109.41436004638672
731 158.09083557128906
732 189.10595703125
733 189.9674530029297
734 197.7212371826172
735 150.76783752441406
736 137.4141082763672
737 177.90603637695313
738 113.72203063964844
739 177.90602111816406
740 106.3990249633789
741 143.01405334472656
742 125.783447265625
743 129.66033935546875
744 175.32144165039063
745 205.47500610351563
746 201.59812927246094
747 175.32144165039063
748 119.75273132324219
749 138.70639038085938
750 213.2288055419922
751 119.32197570800781
752 244.24391174316406
753 122.7680892944336
754 191.69053649902344
755 123.19886016845703
756 195.99815368652344
757 205.47503662109375
758 181.7829132080078
759 177.47528076171875
760 155.93702697753906
761 146.460205078125
762 160.67543029785156
763 320.9200744628906
764 189.10594177246094
765 153.78317260742188
766 174.89064025878906
767 210.64419555664063
768 71.50704193115234
769 108.98361206054688
770 124.49114990234375
771 146.46018981933594
772 182.6444549560547
773 167.5676727294922
774 226.15176391601563
775 164.5523223876953
776 146.89093017578125
777 171.44454956054688
778 146.8909454345703
779 66.33785247802734
780 95.19911193847656
781 110.70665740966797
782 176.6137237548828
783 91.3222427368164
784 175.32144165039063
785 113.29125213623047
786 112.86048126220703
787 177.0445098876953
788 153.78317260742188
789 268.7974853515625
790 155.0754852294922
791 180.92140197753906
792 157.66006469726563
793 246.8284454345703
794 84.42998504638672
795 110.27589416503906
796 111.1374282836914
797 209.35189819335938
798 188.67515563964844
799 154.21395874023438
800 120.18350982666016
801 190.398193359375
802 136.121826171875
803 214.9518585205078
804 102.52212524414063
805 187.81365966796875
806 122.33733367919922
807 200.73658752441406
808 146.4601593017578
809 114.15278625488281
810 237.7823944091797
811 180.92138671875
812 134.39874267578125
813 188.24441528320313
814 115.87583923339844
815 82.70692443847656
816 192.12127685546875
817 141.72177124023438
818 148.1832275390625
819 156.7985382080078
820 94.33757019042969
821 137.41409301757813
822 84.42997741699219
823 139.5679168701172
824 164.12155151367188
825 157.22930908203125
826 177.0445098876953
827 121.04502868652344
828 176.61373901367188
829 102.09135437011719
830 185.65982055664063
831 155.07546997070313
832 143.01406860351563
833 238.21316528320313
834 170.5830078125
835 154.6447296142578
836 182.21368408203125
837 148.18324279785156
838 176.18296813964844
839 148.1832275390625
840 103.38365173339844
841 165.4138641357422
842 180.4906463623047
843 183.50599670410156
844 142.15252685546875
845 152.06011962890625
846 186.52134704589844
847 121.90657043457031
848 161.96771240234375
849 185.65980529785156
850 187.81361389160156
851 182.21371459960938
852 112.42971801757813
853 131.38339233398438
854 154.6447296142578
855 140.42945861816406
856 163.69078063964844
857 201.59814453125
858 178.767578125
859 136.55258178710938
860 236.92088317871094
861 224.85943603515625
862 236.9208526611328
863 237.3516387939453
864 97.7837142944336
865 145.16787719726563
866 159.8138885498047
867 109.84513092041016
868 182.21368408203125
869 184.7982940673828
870 195.56741333007813
871 200.73660278320313
872 176.18299865722656
873 154.2139434814453
874 209.35189819335938
875 144.3063507080078
876 234.76702880859375
877 123.62963104248047
878 104.24518585205078
879 116.73738861083984
880 150.76783752441406
881 186.52137756347656
882 200.73658752441406
883 139.1371612548828
884 141.29100036621094
885 79.26080322265625
886 140.42945861816406
887 192.1212921142578
888 111.1374282836914
889 171.0137939453125
890 107.6913070678711
891 208.4903564453125
892 114.58355712890625
893 196.42893981933594
894 187.81362915039063
895 103.81442260742188
896 133.53721618652344
897 161.10621643066406
898 184.79827880859375
899 192.55206298828125
900 108.1220703125
901 112.4297103881836
902 136.55255126953125
903 196.85972595214844
904 145.1678924560547
905 160.24465942382813
906 138.70639038085938
907 197.2904815673828
908 111.1374282836914
909 139.5679168701172
910 154.6446990966797
911 177.47528076171875
912 176.18299865722656
913 170.15223693847656
914 173.16761779785156
915 162.39846801757813
916 205.0442352294922
917 149.04476928710938
918 193.41357421875
919 212.36724853515625
920 118.89119720458984
921 86.58381652832031
922 211.5057373046875
923 106.82978057861328
924 161.10621643066406
925 206.33657836914063
926 199.01356506347656
927 174.8906707763672
928 128.79879760742188
929 124.06038665771484
930 157.66006469726563
931 140.42947387695313
932 137.4141082763672
933 190.3982391357422
934 110.27589416503906
935 153.35243225097656
936 174.89071655273438
937 121.47578430175781
938 89.59918212890625
939 160.2446746826172
940 149.04476928710938
941 148.1832275390625
942 132.67567443847656
943 217.96722412109375
944 153.35243225097656
945 144.3063507080078
946 101.22982788085938
947 196.42892456054688
948 143.44480895996094
949 143.87557983398438
950 199.87506103515625
951 208.05958557128906
952 136.55258178710938
953 139.13714599609375
954 260.6129455566406
955 171.44454956054688
956 139.9987030029297
957 141.7217559814453
958 93.4760513305664
959 203.32119750976563
960 168.42919921875
961 140.4294891357422
962 139.13717651367188
963 171.0138397216797
964 143.01406860351563
965 185.65982055664063
966 158.95237731933594
967 173.59837341308594
968 157.2292938232422
969 179.19834899902344
970 124.49115753173828
971 130.95262145996094
972 198.58277893066406
973 217.1056671142578
974 139.1371612548828
975 155.93701171875
976 178.767578125
977 129.6603240966797
978 175.32142639160156
979 151.6293487548828
980 205.47500610351563
981 179.62908935546875
982 220.9825439453125
983 221.84405517578125
984 189.53671264648438
985 260.1822204589844
986 143.01406860351563
987 182.64443969726563
988 160.24465942382813
989 161.10618591308594
990 211.074951171875
991 196.85971069335938
992 174.45993041992188
993 210.2134552001953
994 179.62911987304688
995 187.3828887939453
996 168.42919921875
997 149.47555541992188
998 117.16815185546875
999 129.2295684814453
1000 196.42897033691406
1001 123.19886779785156
1002 123.19886779785156
