# Selection 1:name C1A D2A C3A C4A C1B C2B C3B C4B Selection 2:name AUC AUSL AUL Cutoff:8 Start:0 End:-1
0 7
1 7
2 31
3 33
4 40
5 31
6 31
7 30
8 34
9 31
10 27
11 33
12 31
13 33
14 23
15 25
16 28
17 30
18 27
19 27
20 33
21 32
22 32
23 27
24 32
25 42
26 35
27 32
28 36
29 33
30 35
31 34
32 26
33 25
34 37
35 30
36 30
37 31
38 32
39 25
40 28
41 33
42 43
43 31
44 24
45 36
46 23
47 26
48 33
49 30
50 34
51 26
52 31
53 24
54 29
55 28
56 25
57 29
58 20
59 28
60 30
61 39
62 28
63 29
64 32
65 19
66 30
67 28
68 26
69 25
70 18
71 30
72 24
73 30
74 26
75 24
76 25
77 24
78 27
79 33
80 30
81 18
82 21
83 33
84 28
85 20
86 28
87 22
88 23
89 32
90 32
91 26
92 26
93 34
94 34
95 21
96 27
97 26
98 31
99 26
100 29
101 28
102 29
103 30
104 38
105 41
106 26
107 20
108 23
109 28
110 25
111 25
112 25
113 22
114 25
115 30
116 25
117 26
118 24
119 30
120 33
121 25
122 29
123 22
124 30
125 26
126 25
127 22
128 20
129 31
130 32
131 20
132 28
133 29
134 33
135 29
136 30
137 18
138 26
139 35
140 29
141 34
142 37
143 30
144 26
145 18
146 32
147 27
148 25
149 21
150 28
151 26
152 29
153 31
154 30
155 29
156 35
157 29
158 27
159 24
160 30
161 34
162 24
163 27
164 34
165 21
166 27
167 29
168 35
169 31
170 29
171 20
172 24
173 26
174 29
175 30
176 29
177 25
178 27
179 28
180 24
181 28
182 26
183 27
184 29
185 23
186 25
187 28
188 24
189 27
190 31
191 34
192 25
193 24
194 23
195 24
196 30
197 29
198 24
199 31
200 27
201 27
202 19
203 18
204 22
205 27
206 34
207 20
208 24
209 26
210 22
211 21
212 26
213 24
214 27
215 15
216 25
217 28
218 21
219 19
220 29
221 25
222 26
223 26
224 19
225 30
226 22
227 34
228 21
229 27
230 24
231 24
232 30
233 29
234 29
235 28
236 27
237 27
238 27
239 38
240 18
241 31
242 32
243 27
244 22
245 32
246 29
247 36
248 32
249 30
250 27
251 29
252 23
253 20
254 26
255 17
256 28
257 26
258 29
259 30
260 21
261 31
262 24
263 31
264 24
265 30
266 24
267 33
268 23
269 25
270 26
271 22
272 35
273 31
274 27
275 28
276 27
277 25
278 29
279 28
280 27
281 26
282 22
283 26
284 28
285 24
286 27
287 24
288 29
289 26
290 25
291 31
292 25
293 25
294 32
295 34
296 29
297 24
298 28
299 34
300 29
301 34
302 20
303 32
304 27
305 29
306 32
307 28
308 25
309 26
310 31
311 27
312 28
313 31
314 25
315 27
316 24
317 30
318 19
319 26
320 25
321 23
322 28
323 24
324 29
325 23
326 27
327 31
328 27
329 33
330 29
331 26
332 24
333 24
334 19
335 25
336 34
337 27
338 21
339 26
340 23
341 34
342 28
343 40
344 27
345 23
346 24
347 27
348 24
349 15
350 31
351 27
352 23
353 24
354 33
355 23
356 27
357 29
358 34
359 31
360 28
361 31
362 26
363 25
364 29
365 25
366 30
367 29
368 23
369 27
370 26
371 37
372 23
373 27
374 29
375 29
376 29
377 29
378 28
379 25
380 27
381 26
382 26
383 28
384 19
385 30
386 27
387 27
388 25
389 27
390 29
391 30
392 39
393 28
394 26
395 28
396 21
397 25
398 28
399 24
400 24
401 28
402 33
403 24
404 30
405 29
406 23
407 26
408 27
409 26
410 33
411 28
412 28
413 30
414 23
415 30
416 24
417 31
418 22
419 29
420 28
421 35
422 30
423 29
424 26
425 24
426 28
427 26
428 27
429 31
430 27
431 34
432 32
433 29
434 27
435 29
436 24
437 29
438 23
439 30
440 31
441 22
442 27
443 27
444 28
445 26
446 27
447 32
448 30
449 28
450 27
451 18
452 28
453 37
454 33
455 27
456 30
457 26
458 24
459 27
460 27
461 28
462 28
463 30
464 28
465 26
466 30
467 30
468 26
469 32
470 21
471 31
472 18
473 29
474 25
475 22
476 25
477 28
478 31
479 29
480 25
481 34
482 28
483 26
484 26
485 21
486 25
487 25
488 34
489 22
490 34
491 22
492 20
493 30
494 31
495 27
496 29
497 29
498 28
499 29
500 25
501 26
502 29
503 26
504 26
505 36
506 27
507 33
508 25
509 24
510 23
511 25
512 33
513 26
514 26
515 30
516 24
517 32
518 30
519 20
520 25
521 33
522 27
523 25
524 30
525 24
526 27
527 21
528 18
529 29
530 31
531 25
532 29
533 22
534 28
535 20
536 23
537 33
538 27
539 24
540 30
541 25
542 34
543 32
544 23
545 31
546 30
547 26
548 24
549 24
550 28
551 26
552 17
553 22
554 29
555 32
556 24
557 28
558 25
559 28
560 34
561 34
562 24
563 27
564 35
565 26
566 22
567 25
568 32
569 31
570 30
571 28
572 30
573 30
574 24
575 23
576 24
577 32
578 31
579 27
580 26
581 26
582 27
583 24
584 31
585 20
586 25
587 28
588 22
589 35
590 30
591 31
592 33
593 26
594 27
595 21
596 24
597 35
598 27
599 32
600 23
601 29
602 25
603 26
604 22
605 34
606 22
607 23
608 23
609 24
610 37
611 21
612 26
613 24
614 36
615 27
616 21
617 25
618 38
619 32
620 27
621 30
622 24
623 28
624 19
625 32
626 27
627 21
628 32
629 25
630 26
631 22
632 25
633 20
634 26
635 26
636 22
637 29
638 33
639 26
640 26
641 28
642 32
643 32
644 27
645 30
646 22
647 27
648 21
649 33
650 22
651 30
652 27
653 28
654 32
655 29
656 24
657 26
658 24
659 34
660 28
661 33
662 30
663 22
664 28
665 20
666 26
667 30
668 27
669 26
670 27
671 32
672 29
673 32
674 27
675 23
676 22
677 35
678 25
679 29
680 20
681 34
682 22
683 28
684 24
685 31
686 29
687 23
688 22
689 32
690 25
691 31
692 27
693 29
694 23
695 34
696 29
697 25
698 28
699 26
700 29
701 27
702 28
703 32
704 24
705 28
706 25
707 34
708 23
709 26
710 21
711 28
712 26
713 26
714 36
715 26
716 26
717 20
718 26
719 19
720 30
721 20
722 26
723 28
724 28
725 31
726 25
727 26
728 22
729 20
730 31
731 21
732 26
733 25
734 32
735 25
736 25
737 23
738 26
739 21
740 30
741 29
742 29
743 26
744 31
745 27
746 32
747 29
748 14
749 29
750 31
751 30
752 29
753 23
754 21
755 28
756 34
757 31
758 28
759 24
760 20
761 22
762 26
763 26
764 30
765 28
766 28
767 20
768 30
769 28
770 23
771 35
772 22
773 21
774 27
775 29
776 19
777 23
778 30
779 22
780 31
781 30
782 28
783 26
784 27
785 22
786 30
787 24
788 34
789 25
790 21
791 31
792 24
793 32
794 27
795 34
796 31
797 22
798 29
799 26
800 33
801 35
802 20
803 30
804 30
805 25
806 28
807 28
808 32
809 26
810 36
811 21
812 27
813 21
814 28
815 22
816 37
817 31
818 25
819 34
820 26
821 30
822 34
823 26
824 34
825 18
826 21
827 33
828 34
829 27
830 26
831 30
832 35
833 28
834 22
835 29
836 26
837 33
838 18
839 27
840 25
841 26
842 26
843 25
844 28
845 26
846 25
847 27
848 33
849 25
850 28
851 33
852 32
853 31
854 34
855 23
856 27
857 24
858 34
859 34
860 31
861 27
862 25
863 26
864 29
865 26
866 25
867 22
868 37
869 22
870 27
871 32
872 31
873 23
874 23
875 33
876 32
877 30
878 23
879 25
880 28
881 31
882 18
883 30
884 24
885 22
886 27
887 25
888 21
889 25
890 30
891 19
892 27
893 27
894 27
895 25
896 32
897 34
898 33
899 28
900 26
901 32
902 29
903 36
904 29
905 30
906 25
907 30
908 27
909 21
910 29
911 28
912 31
913 27
914 25
915 25
916 32
917 36
918 27
919 27
920 30
921 23
922 23
923 34
924 30
925 30
926 25
927 25
928 32
929 29
930 28
931 30
932 29
933 17
934 29
935 20
936 26
937 37
938 36
939 23
940 15
941 24
942 28
943 30
944 28
945 22
946 27
947 26
948 23
949 20
950 24
951 25
952 24
953 27
954 28
955 25
956 34
957 25
958 21
959 35
960 26
961 24
962 25
963 16
964 28
965 31
966 27
967 27
968 25
969 22
970 23
971 29
972 26
973 28
974 24
975 28
976 27
977 28
978 31
979 27
980 25
981 31
982 22
983 19
984 29
985 18
986 29
987 29
988 30
989 26
990 29
991 31
992 31
993 24
994 32
995 27
996 25
997 26
998 24
999 21
1000 24
1001 23
1002 23
