# Selection:resname AU POPC Restricted:name AUC AUL AUSL Radius:2.64 Start:0 End:-1
0 265.7821350097656
1 265.3514099121094
2 31.87662696838379
3 50.830299377441406
4 61.16865539550781
5 80.55309295654297
6 70.64549255371094
7 80.55308532714844
8 51.69183349609375
9 104.67594909667969
10 15.507547378540039
11 57.722537994384766
12 28.43050193786621
13 55.5687141418457
14 70.64549255371094
15 53.84564971923828
16 58.15330505371094
17 67.63014221191406
18 63.753257751464844
19 65.04554748535156
20 21.107494354248047
21 51.691829681396484
22 85.29151153564453
23 58.58407211303711
24 59.876365661621094
25 22.399791717529297
26 34.46121597290039
27 65.90707397460938
28 28.861268997192383
29 47.81494140625
30 71.93778991699219
31 30.153564453125
32 62.030189514160156
33 54.707183837890625
34 70.64549255371094
35 87.01456451416016
36 56.86100769042969
37 82.27616119384766
38 29.72279930114746
39 46.52264404296875
40 45.2303466796875
41 82.7069091796875
42 59.01483917236328
43 118.89120483398438
44 42.21499252319336
45 63.75325393676758
46 90.46070098876953
47 98.21446990966797
48 76.67620849609375
49 86.58381652832031
50 64.18402099609375
51 29.72279930114746
52 45.661109924316406
53 37.045806884765625
54 107.26054382324219
55 76.67620849609375
56 93.0452880859375
57 63.322486877441406
58 65.04554748535156
59 58.15330505371094
60 35.32274627685547
61 72.79932403564453
62 65.47631072998047
63 61.168663024902344
64 47.38417053222656
65 62.46096420288086
66 64.61478424072266
67 44.799583435058594
68 69.78396606445313
69 49.96876525878906
70 76.24544525146484
71 73.23008728027344
72 80.55309295654297
73 47.38417434692383
74 55.999481201171875
75 69.78396606445313
76 81.41462707519531
77 108.12206268310547
78 66.76860046386719
79 44.79957962036133
80 31.445858001708984
81 72.79932403564453
82 47.38417053222656
83 83.13768768310547
84 76.67620086669922
85 95.19911193847656
86 56.430240631103516
87 75.81468200683594
88 93.47605895996094
89 88.30686950683594
90 75.8146743774414
91 88.73763275146484
92 74.09161376953125
93 45.661109924316406
94 65.0455551147461
95 56.43024826049805
96 41.35346221923828
97 41.35346603393555
98 38.76886749267578
99 92.61451721191406
100 75.38391876220703
101 54.707183837890625
102 44.36881637573242
103 68.92243194580078
104 58.584068298339844
105 57.722537994384766
106 84.86074829101563
107 46.09187698364258
108 52.5533561706543
109 44.36882019042969
110 58.15330505371094
111 69.7839584350586
112 57.291770935058594
113 45.66111373901367
114 84.42997741699219
115 72.36856079101563
116 60.73789978027344
117 29.29203224182129
118 85.72227478027344
119 39.19963455200195
120 74.09162139892578
121 113.29126739501953
122 88.30686950683594
123 46.091880798339844
124 31.876625061035156
125 46.953407287597656
126 109.84513092041016
127 82.70692443847656
128 79.69157409667969
129 49.96876907348633
130 62.030189514160156
131 118.89119720458984
132 44.36881637573242
133 39.63039779663086
134 67.63014221191406
135 69.78396606445313
136 93.47605895996094
137 91.75299072265625
138 100.799072265625
139 43.07652282714844
140 40.922698974609375
141 71.50701904296875
142 14.646017074584961
143 43.507286071777344
144 61.599430084228516
145 24.98438262939453
146 64.18402099609375
147 52.5533561706543
148 68.49166870117188
149 61.16865921020508
150 61.59942626953125
151 78.83003234863281
152 71.50702667236328
153 65.0455551147461
154 51.26106262207031
155 62.03019332885742
156 73.66085815429688
157 114.58355712890625
158 67.63014221191406
159 52.9841194152832
160 104.24518585205078
161 61.16866683959961
162 53.84564971923828
163 74.52238464355469
164 91.75298309326172
165 39.63039779663086
166 21.969024658203125
167 23.261320114135742
168 32.738155364990234
169 14.215251922607422
170 24.122852325439453
171 24.98438262939453
172 37.4765739440918
173 10.338364601135254
174 34.461219787597656
175 97.35293579101563
176 81.41463470458984
177 83.56845092773438
178 66.33784484863281
179 107.26055145263672
180 65.04554748535156
181 83.99922180175781
182 57.722537994384766
183 60.30712890625
184 41.78422546386719
185 103.38365173339844
186 73.66085052490234
187 42.645751953125
188 99.50675964355469
189 116.73737335205078
190 79.26080322265625
191 65.04554748535156
192 89.16840362548828
193 78.3992691040039
194 70.64549255371094
195 96.49140167236328
196 56.86101531982422
197 63.32249069213867
198 26.276676177978516
199 99.93753051757813
200 67.63014221191406
201 47.814937591552734
202 64.18402099609375
203 80.12232971191406
204 62.8917236328125
205 80.98385620117188
206 96.49140167236328
207 73.66085052490234
208 92.6145248413086
209 89.59917449951172
210 69.35320281982422
211 54.707183837890625
212 26.707443237304688
213 93.90681457519531
214 75.81468200683594
215 101.22981262207031
216 54.70718002319336
217 83.56845092773438
218 97.78369903564453
219 69.78396606445313
220 70.64549255371094
221 59.01483154296875
222 64.18401336669922
223 97.35294342041016
224 67.63014221191406
225 84.42998504638672
226 61.599430084228516
227 57.29177474975586
228 59.01484298706055
229 91.75298309326172
230 70.64549255371094
231 71.07626342773438
232 23.261320114135742
233 90.460693359375
234 71.07626342773438
235 80.9838638305664
236 112.8604965209961
237 52.55335235595703
238 95.62986755371094
239 65.04554748535156
240 80.98387145996094
241 111.99895477294922
242 42.21499252319336
243 109.84513092041016
244 64.61478424072266
245 39.19963073730469
246 11.199895858764648
247 51.69182586669922
248 10.33836555480957
249 80.12232971191406
250 39.630401611328125
251 70.64550018310547
252 87.87610626220703
253 94.76834869384766
254 71.07626342773438
255 108.1220703125
256 104.67595672607422
257 67.63014221191406
258 82.70692443847656
259 105.96824645996094
260 80.12232971191406
261 69.7839584350586
262 8.615304946899414
263 74.52237701416016
264 61.599430084228516
265 81.84539031982422
266 97.78370666503906
267 74.95314025878906
268 47.814945220947266
269 93.47604370117188
270 106.82978057861328
271 103.81442260742188
272 40.4919319152832
273 62.030189514160156
274 80.98385620117188
275 77.968505859375
276 95.19910430908203
277 63.322486877441406
278 61.16865921020508
279 38.76887512207031
280 83.99922180175781
281 87.01457214355469
282 95.62987518310547
283 81.84539794921875
284 47.38417053222656
285 31.876623153686523
286 55.5687141418457
287 56.86101150512695
288 86.15304565429688
289 69.78396606445313
290 9.476834297180176
291 32.30739212036133
292 11.630661010742188
293 22.830554962158203
294 22.830554962158203
295 5.599947929382324
296 54.27641677856445
297 24.98438262939453
298 42.214996337890625
299 30.58432960510254
300 41.78422546386719
301 52.98412322998047
302 84.86075592041016
303 64.18401336669922
304 87.4453353881836
305 42.64575958251953
306 82.27616119384766
307 74.95315551757813
308 60.73789978027344
309 42.64575958251953
310 54.276424407958984
311 60.307132720947266
312 96.49140930175781
313 64.18401336669922
314 92.18375396728516
315 98.64523315429688
316 69.78396606445313
317 68.49166870117188
318 108.1220703125
319 17.661373138427734
320 100.799072265625
321 86.58380126953125
322 55.999481201171875
323 49.10723876953125
324 76.24543762207031
325 82.27616119384766
326 56.43024826049805
327 76.67620849609375
328 76.67620849609375
329 69.78396606445313
330 68.92243194580078
331 68.92243957519531
332 41.78422546386719
333 139.56793212890625
334 88.73763275146484
335 68.06090545654297
336 38.338104248046875
337 133.9679718017578
338 58.58406448364258
339 60.73789596557617
340 102.952880859375
341 78.39927673339844
342 57.72254180908203
343 20.676729202270508
344 82.27615356445313
345 54.27642059326172
346 90.46070098876953
347 66.33784484863281
348 40.06116485595703
349 65.47631072998047
350 81.41461944580078
351 59.876365661621094
352 49.107234954833984
353 46.95341491699219
354 48.245704650878906
355 48.24570846557617
356 46.52265167236328
357 34.030452728271484
358 93.0452880859375
359 21.969026565551758
360 70.64550018310547
361 49.107234954833984
362 94.33759307861328
363 80.9838638305664
364 67.19937896728516
365 96.49141693115234
366 84.42997741699219
367 80.55309295654297
368 65.476318359375
369 55.99947738647461
370 77.10697937011719
371 51.26105880737305
372 71.93778991699219
373 40.92269515991211
374 82.70691680908203
375 44.368812561035156
376 23.261320114135742
377 39.19963455200195
378 82.70692443847656
379 80.9838638305664
380 99.07599639892578
381 59.44560623168945
382 85.72228240966797
383 52.5533561706543
384 81.41462707519531
385 45.2303466796875
386 70.64549255371094
387 79.26080322265625
388 82.27615356445313
389 63.32249069213867
390 69.78396606445313
391 83.56845092773438
392 97.35294342041016
393 101.22982788085938
394 68.49166870117188
395 79.26081085205078
396 22.830554962158203
397 72.79932403564453
398 108.55282592773438
399 52.98412322998047
400 84.86075592041016
401 76.67620849609375
402 55.99948501586914
403 110.27589416503906
404 89.16840362548828
405 56.43024444580078
406 55.1379508972168
407 98.64523315429688
408 63.322486877441406
409 77.53773498535156
410 80.9838638305664
411 77.5377426147461
412 23.69208526611328
413 97.78369903564453
414 30.58432960510254
415 63.75325012207031
416 94.76836395263672
417 19.38443374633789
418 83.99922180175781
419 55.999473571777344
420 63.322486877441406
421 52.98412322998047
422 70.21473693847656
423 61.16865921020508
424 75.81468200683594
425 74.09162139892578
426 59.014835357666016
427 80.98385620117188
428 101.66059112548828
429 85.29150390625
430 55.99948501586914
431 78.3992691040039
432 30.153564453125
433 26.276676177978516
434 34.03044891357422
435 105.5374755859375
436 108.55284118652344
437 56.86100769042969
438 59.445594787597656
439 66.76861572265625
440 75.38391876220703
441 103.3836441040039
442 77.53773498535156
443 55.13794708251953
444 55.99947738647461
445 91.75299835205078
446 81.84539031982422
447 72.36856079101563
448 40.49192810058594
449 59.01483154296875
450 74.09162139892578
451 60.30712890625
452 57.722537994384766
453 55.13794708251953
454 51.69182586669922
455 93.0452880859375
456 79.26079559326172
457 117.59890747070313
458 91.75299835205078
459 50.83029556274414
460 41.78422546386719
461 37.4765739440918
462 52.55335998535156
463 52.5533561706543
464 65.47631072998047
465 37.9073371887207
466 65.476318359375
467 28.43050193786621
468 46.09187698364258
469 63.753257751464844
470 78.83003234863281
471 29.292034149169922
472 60.73789978027344
473 68.06090545654297
474 37.045806884765625
475 111.99896240234375
476 37.4765739440918
477 78.3992691040039
478 53.414886474609375
479 39.19963455200195
480 75.81468200683594
481 53.414886474609375
482 70.64550018310547
483 60.73789978027344
484 53.41489028930664
485 122.33732604980469
486 108.5528335571289
487 59.876365661621094
488 46.953407287597656
489 72.79932403564453
490 77.968505859375
491 96.0606460571289
492 59.44560241699219
493 73.66085815429688
494 40.49193572998047
495 73.23008728027344
496 91.32222747802734
497 99.07600402832031
498 61.599430084228516
499 46.522647857666016
500 113.72201538085938
501 38.76887130737305
502 57.29177474975586
503 18.092138290405273
504 50.83029556274414
505 90.8914566040039
506 75.38391876220703
507 29.292034149169922
508 96.49140930175781
509 75.8146743774414
510 68.06089782714844
511 84.42997741699219
512 106.39901733398438
513 71.93778991699219
514 80.12232971191406
515 57.29177474975586
516 95.62987518310547
517 59.87636184692383
518 44.36881637573242
519 73.23008728027344
520 49.9687614440918
521 58.584068298339844
522 38.33810043334961
523 55.999481201171875
524 48.67646789550781
525 84.86074829101563
526 85.72228240966797
527 72.36856079101563
528 82.70692443847656
529 36.61504364013672
530 37.4765739440918
531 75.81468200683594
532 23.69208526611328
533 80.12232971191406
534 42.214988708496094
535 72.36856079101563
536 43.50728988647461
537 56.43024444580078
538 90.02993774414063
539 24.98438262939453
540 69.35320281982422
541 24.9843807220459
542 64.18402099609375
543 89.59916687011719
544 46.09187698364258
545 68.49166870117188
546 102.95288848876953
547 40.49192810058594
548 48.245704650878906
549 94.33758544921875
550 67.63014221191406
551 73.66085815429688
552 70.21473693847656
553 34.03044891357422
554 70.64550018310547
555 70.64549255371094
556 94.76834869384766
557 95.19911193847656
558 45.66111755371094
559 82.27615356445313
560 51.26106262207031
561 44.799591064453125
562 55.13794708251953
563 74.09162139892578
564 80.12232208251953
565 68.06090545654297
566 57.72254180908203
567 68.92243957519531
568 49.107234954833984
569 117.59890747070313
570 71.50702667236328
571 23.69208526611328
572 25.845911026000977
573 84.42997741699219
574 93.90681457519531
575 78.83003234863281
576 102.09135437011719
577 63.75325012207031
578 49.9687614440918
579 81.41462707519531
580 76.24544525146484
581 47.38417053222656
582 78.39926147460938
583 22.399789810180664
584 80.1223373413086
585 111.99895477294922
586 69.78396606445313
587 45.230350494384766
588 67.63013458251953
589 70.21472930908203
590 56.43024444580078
591 21.969026565551758
592 43.938053131103516
593 48.67647171020508
594 82.27615356445313
595 75.81468200683594
596 82.70691680908203
597 63.322486877441406
598 72.36856842041016
599 99.93753814697266
600 100.36830139160156
601 76.24544525146484
602 76.67621612548828
603 25.415145874023438
604 40.922698974609375
605 78.3992691040039
606 51.69182586669922
607 72.79932403564453
608 49.53799819946289
609 44.799583435058594
610 50.39952850341797
611 46.953407287597656
612 72.79932403564453
613 79.69156646728516
614 115.44508361816406
615 67.63014221191406
616 87.8760986328125
617 71.50702667236328
618 18.092138290405273
619 77.53773498535156
620 36.61504364013672
621 80.9838638305664
622 54.27641677856445
623 59.44559860229492
624 85.72227478027344
625 73.66085052490234
626 113.72201538085938
627 34.46121597290039
628 71.93779754638672
629 115.44508361816406
630 38.76886749267578
631 96.49140930175781
632 68.49166870117188
633 45.2303466796875
634 68.06090545654297
635 67.19937133789063
636 37.045806884765625
637 41.353458404541016
638 68.49166870117188
639 73.23008728027344
640 54.707183837890625
641 28.861268997192383
642 74.9531478881836
643 81.84538269042969
644 93.04528045654297
645 67.63014221191406
646 69.35320281982422
647 69.78396606445313
648 86.58380126953125
649 43.938053131103516
650 58.15330123901367
651 72.36856079101563
652 48.245704650878906
653 68.06090545654297
654 85.72227478027344
655 81.41461944580078
656 73.23009490966797
657 12.061426162719727
658 57.72254180908203
659 69.35320281982422
660 75.8146743774414
661 57.291770935058594
662 81.84539031982422
663 88.73763275146484
664 38.338104248046875
665 78.3992691040039
666 102.52212524414063
667 46.52264404296875
668 67.63013458251953
669 50.39952850341797
670 99.50675964355469
671 76.24543762207031
672 97.78370666503906
673 55.5687141418457
674 66.33784484863281
675 99.07598876953125
676 37.4765739440918
677 62.46095275878906
678 70.64550018310547
679 81.41462707519531
680 119.32196044921875
681 70.21472930908203
682 49.538002014160156
683 83.1376953125
684 92.61451721191406
685 81.84539031982422
686 29.292034149169922
687 80.9838638305664
688 72.79932403564453
689 79.26079559326172
690 82.70692443847656
691 53.84565353393555
692 96.92216491699219
693 79.69156646728516
694 63.322486877441406
695 77.968505859375
696 86.58380889892578
697 85.29151916503906
698 44.79957962036133
699 71.50703430175781
700 49.53799819946289
701 53.84565353393555
702 42.645755767822266
703 72.36856079101563
704 87.8760986328125
705 72.79931640625
706 77.968505859375
707 87.8760986328125
708 68.06090545654297
709 46.52264404296875
710 64.18402099609375
711 92.18376922607422
712 102.95288848876953
713 55.13795852661133
714 23.69208526611328
715 70.64549255371094
716 117.16813659667969
717 74.09161376953125
718 34.030452728271484
719 82.27615356445313
720 78.39927673339844
721 67.19937133789063
722 87.87611389160156
723 38.338104248046875
724 60.73789978027344
725 62.03019714355469
726 84.86074829101563
727 85.72227478027344
728 117.16813659667969
729 78.83003234863281
730 101.66058349609375
731 45.66111373901367
732 73.66085815429688
733 20.67673110961914
734 64.61478424072266
735 47.38417434692383
736 70.21472930908203
737 56.43024444580078
738 43.07651901245117
739 69.7839584350586
740 55.999473571777344
741 67.63014221191406
742 41.78422546386719
743 65.90708923339844
744 85.72228240966797
745 62.891719818115234
746 71.07626342773438
747 23.692087173461914
748 40.92269515991211
749 46.09187698364258
750 39.19963455200195
751 72.79931640625
752 95.19911193847656
753 33.59968948364258
754 92.18374633789063
755 85.72227478027344
756 50.39952850341797
757 45.66111373901367
758 34.8919792175293
759 96.49140930175781
760 60.7379035949707
761 98.21446228027344
762 108.98360443115234
763 24.98438262939453
764 52.122589111328125
765 54.707183837890625
766 53.84565353393555
767 72.3685531616211
768 42.21499252319336
769 60.30713653564453
770 94.76834869384766
771 59.876365661621094
772 77.968505859375
773 61.59943389892578
774 48.245704650878906
775 93.4760513305664
776 97.35293579101563
777 82.27615356445313
778 65.47631072998047
779 74.95315551757813
780 97.35293579101563
781 65.90707397460938
782 55.5687141418457
783 61.16866683959961
784 46.953407287597656
785 84.86075592041016
786 29.72279930114746
787 58.15330505371094
788 49.107234954833984
789 89.59917449951172
790 93.4760513305664
791 103.81442260742188
792 51.26106262207031
793 39.63039779663086
794 76.24544525146484
795 72.79932403564453
796 77.968505859375
797 90.0299301147461
798 80.12232971191406
799 77.53773498535156
800 36.615047454833984
801 40.92269515991211
802 24.55361557006836
803 70.21472930908203
804 53.84564971923828
805 57.291770935058594
806 97.35293579101563
807 87.44534301757813
808 75.3839111328125
809 57.7225456237793
810 33.168922424316406
811 70.21473693847656
812 97.78370666503906
813 71.50702667236328
814 104.24517822265625
815 56.43024444580078
816 37.90734100341797
817 82.70692443847656
818 82.27615356445313
819 85.29151153564453
820 75.3839111328125
821 67.19937133789063
822 63.75325393676758
823 85.29151153564453
824 48.245704650878906
825 56.86100769042969
826 43.507293701171875
827 37.9073371887207
828 89.16840362548828
829 11.199895858764648
830 68.06090545654297
831 55.13794708251953
832 43.93804931640625
833 58.584068298339844
834 73.66085052490234
835 65.04554748535156
836 78.39927673339844
837 40.4919319152832
838 62.460960388183594
839 45.230350494384766
840 67.19937133789063
841 81.84539794921875
842 60.307132720947266
843 59.876365661621094
844 46.953407287597656
845 64.18401336669922
846 47.814937591552734
847 121.90654754638672
848 85.72227478027344
849 63.32249069213867
850 48.67646789550781
851 70.64549255371094
852 86.15304565429688
853 81.84539031982422
854 39.19963455200195
855 58.15330505371094
856 57.72254180908203
857 68.06090545654297
858 66.33784484863281
859 52.98412322998047
860 52.12259292602539
861 51.69182586669922
862 60.73789978027344
863 51.26106643676758
864 70.64549255371094
865 93.47605895996094
866 52.55335998535156
867 43.07651901245117
868 62.8917236328125
869 99.93753051757813
870 92.18376159667969
871 83.13768768310547
872 32.738155364990234
873 63.75325393676758
874 48.24570846557617
875 44.36881637573242
876 68.49166870117188
877 79.26080322265625
878 51.26106262207031
879 78.83003234863281
880 77.968505859375
881 67.1993637084961
882 31.445859909057617
883 35.32274627685547
884 108.55284118652344
885 78.3992691040039
886 67.63014221191406
887 65.9070816040039
888 62.460960388183594
889 78.3992691040039
890 39.19963836669922
891 102.5221176147461
892 68.92243194580078
893 50.39952850341797
894 34.46121597290039
895 89.59916687011719
896 55.999481201171875
897 47.384178161621094
898 62.8917236328125
899 77.10697174072266
900 56.86101531982422
901 27.568973541259766
902 91.75299072265625
903 31.445858001708984
904 87.8760986328125
905 39.19963455200195
906 73.66085815429688
907 96.49141693115234
908 65.47631072998047
909 105.96824645996094
910 37.90734100341797
911 81.41462707519531
912 82.27616119384766
913 57.722537994384766
914 81.41462707519531
915 52.122589111328125
916 74.09161376953125
917 53.84564971923828
918 46.52264404296875
919 43.07652282714844
920 14.215251922607422
921 45.2303466796875
922 92.18376159667969
923 35.75351333618164
924 50.83029556274414
925 17.230607986450195
926 23.261320114135742
927 72.3685531616211
928 41.78422546386719
929 44.36881637573242
930 62.8917236328125
931 24.122852325439453
932 44.799583435058594
933 77.10696411132813
934 79.26080322265625
935 62.03019332885742
936 31.445859909057617
937 36.61504364013672
938 25.415145874023438
939 25.84591293334961
940 59.01483154296875
941 28.43050193786621
942 84.86074829101563
943 46.52264404296875
944 21.107494354248047
945 42.64575958251953
946 68.06090545654297
947 44.36881637573242
948 58.15330123901367
949 134.3987579345703
950 16.369077682495117
951 28.43050193786621
952 100.36829376220703
953 87.8760986328125
954 117.16814422607422
955 27.138208389282227
956 27.138208389282227
957 17.661373138427734
958 49.53799819946289
959 70.64549255371094
960 55.5687141418457
961 62.891719818115234
962 71.07626342773438
963 97.78370666503906
964 48.67646789550781
965 95.62986755371094
966 32.30738830566406
967 10.33836555480957
968 68.4916763305664
969 55.56871032714844
970 26.276676177978516
971 31.01509666442871
972 70.21472930908203
973 76.24543762207031
974 25.84591293334961
975 87.44534301757813
976 118.46043395996094
977 43.0765266418457
978 57.722537994384766
979 26.707441329956055
980 38.76887130737305
981 102.95288848876953
982 107.69131469726563
983 105.10670471191406
984 93.47605895996094
985 110.27588653564453
986 84.42998504638672
987 93.90682220458984
988 70.21473693847656
989 113.29125213623047
990 100.36830139160156
991 76.67620849609375
992 74.9531478881836
993 129.22955322265625
994 30.584331512451172
995 87.44534301757813
996 98.2144775390625
997 50.830299377441406
998 96.49140930175781
999 83.99922180175781
1000 136.5525665283203
1001 85.72227478027344
1002 85.72227478027344
