# Selection:resname AU W ION Restricted:name AUC AUL AUSL Radius:2.64 Start:0 End:-1
0 300.2433776855469
1 299.3818054199219
2 156.36776733398438
3 201.59812927246094
4 155.93701171875
5 116.3066177368164
6 149.4755401611328
7 153.78318786621094
8 200.73655700683594
9 120.1834945678711
10 203.75193786621094
11 113.29127502441406
12 161.9677276611328
13 146.46017456054688
14 214.09036254882813
15 129.2295684814453
16 128.3680419921875
17 268.7975158691406
18 124.49114990234375
19 164.55230712890625
20 128.79879760742188
21 124.92191314697266
22 233.04397583007813
23 159.8138885498047
24 220.98257446289063
25 164.12155151367188
26 131.38339233398438
27 101.66058349609375
28 189.96746826171875
29 155.50625610351563
30 87.01457214355469
31 180.4906463623047
32 144.7371063232422
33 136.98333740234375
34 136.12181091308594
35 253.72068786621094
36 148.18324279785156
37 189.53671264648438
38 192.98281860351563
39 165.41384887695313
40 131.3833770751953
41 136.5525665283203
42 203.751953125
43 214.95184326171875
44 152.49087524414063
45 105.53748321533203
46 116.73737335205078
47 221.84414672851563
48 158.5216064453125
49 139.13717651367188
50 220.55178833007813
51 143.44482421875
52 162.8292694091797
53 115.01431274414063
54 199.44430541992188
55 165.4138641357422
56 209.3519287109375
57 144.3063507080078
58 164.98309326171875
59 183.0751953125
60 198.15200805664063
61 205.47500610351563
62 177.4752655029297
63 195.99815368652344
64 123.19886016845703
65 255.44375610351563
66 171.444580078125
67 115.44507598876953
68 161.10618591308594
69 118.02967834472656
70 199.0135498046875
71 204.18272399902344
72 136.55258178710938
73 142.5832977294922
74 184.36753845214844
75 183.50596618652344
76 223.56715393066406
77 217.10568237304688
78 144.3063507080078
79 83.1376953125
80 285.1666564941406
81 120.18350982666016
82 144.7371063232422
83 140.8602294921875
84 155.5062255859375
85 180.49061584472656
86 203.751953125
87 100.79906463623047
88 205.4750213623047
89 183.50599670410156
90 230.89016723632813
91 208.49037170410156
92 161.10618591308594
93 184.7982940673828
94 207.62884521484375
95 169.72146606445313
96 136.55258178710938
97 163.26002502441406
98 136.5525665283203
99 216.244140625
100 182.2136993408203
101 198.1519775390625
102 167.5676727294922
103 153.78318786621094
104 139.9987030029297
105 112.86048126220703
106 179.19834899902344
107 225.72096252441406
108 164.5523223876953
109 190.82901000976563
110 126.21420288085938
111 97.7837142944336
112 112.4297103881836
113 186.95211791992188
114 206.33651733398438
115 259.7514343261719
116 150.767822265625
117 171.44454956054688
118 197.29046630859375
119 184.79827880859375
120 203.75198364257813
121 198.1519775390625
122 187.81365966796875
123 238.21316528320313
124 177.47528076171875
125 156.36776733398438
126 168.42919921875
127 149.04476928710938
128 108.55284118652344
129 268.7974853515625
130 135.26028442382813
131 162.39846801757813
132 189.9674530029297
133 136.55258178710938
134 87.44534301757813
135 155.0754852294922
136 159.38314819335938
137 134.8295135498047
138 215.38259887695313
139 78.3992691040039
140 167.5676727294922
141 118.46043395996094
142 197.29046630859375
143 150.33705139160156
144 275.2590026855469
145 138.27561950683594
146 220.98255920410156
147 167.99847412109375
148 270.08978271484375
149 147.32171630859375
150 170.5830078125
151 152.06011962890625
152 150.33705139160156
153 145.59866333007813
154 145.59864807128906
155 118.02967071533203
156 142.58331298828125
157 143.87559509277344
158 209.35191345214844
159 186.95211791992188
160 181.7829132080078
161 220.98252868652344
162 174.02919006347656
163 168.42921447753906
164 108.12206268310547
165 124.92192077636719
166 167.1369171142578
167 139.13719177246094
168 130.09109497070313
169 126.64497375488281
170 187.38287353515625
171 98.2144775390625
172 182.6444549560547
173 133.10646057128906
174 180.92140197753906
175 148.1832275390625
176 111.99895477294922
177 146.46018981933594
178 171.0137939453125
179 142.1525115966797
180 192.98281860351563
181 179.19833374023438
182 158.09083557128906
183 131.38340759277344
184 168.85995483398438
185 100.79905700683594
186 103.81441497802734
187 205.0442352294922
188 152.49087524414063
189 214.09036254882813
190 177.4752655029297
191 150.3370819091797
192 185.22903442382813
193 191.25973510742188
194 181.3521728515625
195 133.10646057128906
196 203.32118225097656
197 115.44507598876953
198 139.56793212890625
199 183.9367218017578
200 170.15228271484375
201 167.99844360351563
202 146.46017456054688
203 178.33680725097656
204 129.66033935546875
205 226.15174865722656
206 188.67514038085938
207 176.18296813964844
208 147.32168579101563
209 115.44507598876953
210 175.75221252441406
211 236.059326171875
212 146.46017456054688
213 143.44482421875
214 101.66059875488281
215 146.8909454345703
216 205.47500610351563
217 136.98333740234375
218 153.3524169921875
219 141.72177124023438
220 171.44456481933594
221 83.99922180175781
222 122.76810455322266
223 163.25999450683594
224 181.3521728515625
225 122.7680892944336
226 168.8599853515625
227 145.16790771484375
228 174.4599151611328
229 146.0294189453125
230 189.9674835205078
231 149.04476928710938
232 102.09135437011719
233 86.15304565429688
234 145.59866333007813
235 158.95237731933594
236 212.79800415039063
237 131.3833770751953
238 141.29098510742188
239 77.53773498535156
240 161.96771240234375
241 118.89120483398438
242 145.59864807128906
243 180.49063110351563
244 101.22982788085938
245 176.61373901367188
246 161.106201171875
247 142.58331298828125
248 161.9677276611328
249 163.6907958984375
250 157.22930908203125
251 148.61399841308594
252 193.41357421875
253 127.93729400634766
254 183.5059814453125
255 208.05960083007813
256 148.61399841308594
257 139.5679168701172
258 113.291259765625
259 188.24441528320313
260 175.32144165039063
261 192.9828338623047
262 228.736328125
263 186.52134704589844
264 136.55258178710938
265 110.70665740966797
266 178.76756286621094
267 158.95237731933594
268 165.41383361816406
269 153.78318786621094
270 118.46044921875
271 128.79879760742188
272 128.79881286621094
273 182.64447021484375
274 155.07546997070313
275 123.62963104248047
276 186.09059143066406
277 139.99868774414063
278 177.4752655029297
279 147.75247192382813
280 146.02943420410156
281 114.58353424072266
282 198.1520233154297
283 105.1067123413086
284 93.47606658935547
285 116.30660247802734
286 137.84487915039063
287 169.29074096679688
288 204.18272399902344
289 134.3987579345703
290 108.55282592773438
291 135.6910400390625
292 242.5208282470703
293 130.0911102294922
294 122.33732604980469
295 114.15280151367188
296 100.36830139160156
297 142.1525115966797
298 212.3672332763672
299 160.2446746826172
300 185.65982055664063
301 123.19886016845703
302 155.5062255859375
303 127.07572937011719
304 114.15278625488281
305 175.75222778320313
306 229.59786987304688
307 143.0140380859375
308 192.1212921142578
309 217.1056671142578
310 155.50624084472656
311 225.72097778320313
312 203.32118225097656
313 181.7829132080078
314 138.70640563964844
315 200.73658752441406
316 146.46018981933594
317 138.27565002441406
318 200.73660278320313
319 189.10595703125
320 183.07522583007813
321 250.27456665039063
322 179.19834899902344
323 191.25975036621094
324 174.4599151611328
325 73.2300796508789
326 153.35243225097656
327 122.33733367919922
328 146.0294189453125
329 172.3061065673828
330 158.52163696289063
331 196.428955078125
332 155.50624084472656
333 154.21397399902344
334 234.7670440673828
335 179.6290740966797
336 154.64474487304688
337 153.3524169921875
338 149.47552490234375
339 149.47552490234375
340 194.7058868408203
341 75.38392639160156
342 116.30661010742188
343 143.01405334472656
344 245.53616333007813
345 157.6600799560547
346 142.58328247070313
347 195.99818420410156
348 149.0447540283203
349 103.8144302368164
350 188.24440002441406
351 160.2446746826172
352 214.52108764648438
353 151.19857788085938
354 192.9828338623047
355 146.02940368652344
356 113.291259765625
357 181.78289794921875
358 111.56819152832031
359 148.614013671875
360 155.93701171875
361 202.4596405029297
362 185.65980529785156
363 152.49087524414063
364 186.52134704589844
365 164.55230712890625
366 144.3063507080078
367 148.614013671875
368 133.9679718017578
369 175.32144165039063
370 118.02967834472656
371 114.58354187011719
372 193.8443603515625
373 154.64471435546875
374 218.82870483398438
375 164.5523223876953
376 199.8750762939453
377 185.22901916503906
378 172.3060760498047
379 200.30581665039063
380 134.8295135498047
381 206.33653259277344
382 124.49114990234375
383 156.7985382080078
384 238.64393615722656
385 173.59835815429688
386 187.8136444091797
387 161.106201171875
388 97.78370666503906
389 218.39796447753906
390 167.1369171142578
391 201.59815979003906
392 149.4755401611328
393 239.9362335205078
394 238.6439666748047
395 250.2745819091797
396 183.07521057128906
397 201.16734313964844
398 90.460693359375
399 184.36753845214844
400 152.4908905029297
401 191.259765625
402 135.69105529785156
403 155.0754852294922
404 188.67515563964844
405 167.13690185546875
406 124.06036376953125
407 206.3365478515625
408 137.41412353515625
409 87.44535827636719
410 116.73737335205078
411 87.4453353881836
412 139.1371612548828
413 109.41438293457031
414 265.7821350097656
415 143.87559509277344
416 178.33680725097656
417 136.55258178710938
418 149.90628051757813
419 154.64471435546875
420 150.767822265625
421 184.7982940673828
422 164.9830780029297
423 143.01406860351563
424 118.89120483398438
425 172.30612182617188
426 141.29100036621094
427 170.58303833007813
428 113.7220230102539
429 132.67568969726563
430 141.29100036621094
431 125.78345489501953
432 191.259765625
433 236.05934143066406
434 153.35244750976563
435 114.15278625488281
436 192.5520477294922
437 102.5221176147461
438 88.30687713623047
439 71.50701904296875
440 167.13690185546875
441 188.67518615722656
442 227.87478637695313
443 154.64471435546875
444 224.42864990234375
445 129.66033935546875
446 208.92111206054688
447 148.614013671875
448 231.32093811035156
449 121.90654754638672
450 108.55282592773438
451 149.4755401611328
452 112.42973327636719
453 143.01405334472656
454 152.4908905029297
455 173.16763305664063
456 133.9679718017578
457 209.35189819335938
458 129.6603546142578
459 90.89147186279297
460 230.02862548828125
461 176.61375427246094
462 114.58354187011719
463 146.02940368652344
464 133.1064453125
465 176.61375427246094
466 129.66033935546875
467 164.5523223876953
468 156.79856872558594
469 209.7826690673828
470 119.32196044921875
471 192.9828338623047
472 166.7061309814453
473 152.49090576171875
474 171.44456481933594
475 134.8295135498047
476 110.2759017944336
477 118.89118957519531
478 100.799072265625
479 239.50546264648438
480 156.36778259277344
481 117.16813659667969
482 159.38314819335938
483 162.8292694091797
484 95.62986755371094
485 161.10618591308594
486 219.69027709960938
487 156.36778259277344
488 141.7217559814453
489 184.36753845214844
490 210.64419555664063
491 152.49087524414063
492 90.89147186279297
493 180.92140197753906
494 130.5218505859375
495 148.1832275390625
496 149.04476928710938
497 127.9372787475586
498 235.62857055664063
499 158.52159118652344
500 164.55230712890625
501 92.18376922607422
502 174.8907012939453
503 110.7066650390625
504 177.47528076171875
505 165.84461975097656
506 183.936767578125
507 139.13717651367188
508 147.32168579101563
509 229.59786987304688
510 225.2902374267578
511 128.36802673339844
512 185.22903442382813
513 155.93698120117188
514 161.106201171875
515 159.38314819335938
516 186.52134704589844
517 165.41384887695313
518 190.82899475097656
519 143.87559509277344
520 133.10643005371094
521 159.81390380859375
522 162.3984832763672
523 214.52105712890625
524 147.3217010498047
525 164.98306274414063
526 134.3987579345703
527 225.72096252441406
528 176.6137237548828
529 139.9987030029297
530 154.21395874023438
531 175.32142639160156
532 149.47552490234375
533 161.53695678710938
534 143.87559509277344
535 87.44534301757813
536 145.59864807128906
537 200.30581665039063
538 185.65982055664063
539 142.15252685546875
540 214.09030151367188
541 181.78292846679688
542 137.41409301757813
543 143.44480895996094
544 162.8292694091797
545 212.79803466796875
546 172.7368621826172
547 210.64418029785156
548 211.07498168945313
549 186.090576171875
550 236.05931091308594
551 154.64471435546875
552 146.89096069335938
553 136.55259704589844
554 109.84513092041016
555 203.32119750976563
556 155.93702697753906
557 119.75272369384766
558 138.70640563964844
559 223.1363983154297
560 182.6444549560547
561 101.66059875488281
562 166.275390625
563 166.7061309814453
564 202.02886962890625
565 134.3987579345703
566 117.59889221191406
567 103.81441497802734
568 174.02915954589844
569 139.99868774414063
570 129.2295684814453
571 187.8136444091797
572 138.275634765625
573 185.65982055664063
574 199.4442901611328
575 180.49063110351563
576 223.567138671875
577 120.61426544189453
578 134.39874267578125
579 115.44508361816406
580 168.85997009277344
581 111.1374282836914
582 184.36753845214844
583 104.24520111083984
584 99.50676727294922
585 209.78269958496094
586 124.06038665771484
587 169.7214813232422
588 168.85997009277344
589 120.61427307128906
590 141.7217559814453
591 183.93675231933594
592 237.7824249267578
593 164.5523223876953
594 214.5210723876953
595 158.09083557128906
596 199.01351928710938
597 104.67594909667969
598 140.42945861816406
599 217.5364532470703
600 183.936767578125
601 214.9518280029297
602 161.106201171875
603 153.35240173339844
604 188.24440002441406
605 97.78369903564453
606 120.1834945678711
607 168.42918395996094
608 112.86048889160156
609 152.06011962890625
610 156.36778259277344
611 173.59840393066406
612 126.21421813964844
613 216.6749267578125
614 122.33731079101563
615 176.1829833984375
616 49.96876525878906
617 114.15279388427734
618 203.751953125
619 155.93699645996094
620 138.27561950683594
621 197.72122192382813
622 210.64422607421875
623 230.45938110351563
624 174.8906707763672
625 158.09083557128906
626 160.6754150390625
627 82.27616119384766
628 111.56819915771484
629 172.30609130859375
630 153.35243225097656
631 231.32090759277344
632 207.6288299560547
633 257.5976257324219
634 97.78369903564453
635 253.28994750976563
636 196.8597412109375
637 205.04425048828125
638 215.38258361816406
639 159.8138885498047
640 178.76756286621094
641 144.73712158203125
642 157.2292938232422
643 161.96771240234375
644 242.09007263183594
645 205.0442352294922
646 136.121826171875
647 144.30633544921875
648 173.16763305664063
649 85.7222671508789
650 137.41412353515625
651 155.50624084472656
652 86.15303802490234
653 135.26026916503906
654 164.12156677246094
655 175.75222778320313
656 143.0140380859375
657 193.8443603515625
658 139.56793212890625
659 115.87586212158203
660 129.22958374023438
661 127.07574462890625
662 132.67567443847656
663 130.95262145996094
664 98.64523315429688
665 113.29125213623047
666 109.84512329101563
667 143.01406860351563
668 164.9830780029297
669 132.24490356445313
670 174.89065551757813
671 151.1986083984375
672 131.8141632080078
673 138.70640563964844
674 178.33682250976563
675 124.92192077636719
676 137.84487915039063
677 150.33706665039063
678 219.69024658203125
679 160.24468994140625
680 192.1212921142578
681 135.26026916503906
682 131.38339233398438
683 137.41412353515625
684 165.41384887695313
685 124.49113464355469
686 154.2139434814453
687 185.2290496826172
688 149.0447540283203
689 105.96826171875
690 109.41436004638672
691 191.69053649902344
692 141.7217559814453
693 192.98281860351563
694 132.67568969726563
695 118.89122009277344
696 187.8136444091797
697 166.275390625
698 129.22958374023438
699 102.52213287353516
700 223.56716918945313
701 141.72177124023438
702 135.26026916503906
703 133.10643005371094
704 118.89120483398438
705 169.7215118408203
706 114.58354949951172
707 168.86000061035156
708 128.3680419921875
709 164.5523223876953
710 135.2602996826172
711 132.24493408203125
712 142.58328247070313
713 149.04476928710938
714 159.8139190673828
715 184.3675079345703
716 116.30660247802734
717 207.1980743408203
718 172.73684692382813
719 152.9216766357422
720 178.76756286621094
721 133.5372314453125
722 264.92059326171875
723 184.36752319335938
724 131.8141632080078
725 144.7371063232422
726 165.84461975097656
727 196.85971069335938
728 168.8599853515625
729 211.93646240234375
730 225.29019165039063
731 200.736572265625
732 120.18350219726563
733 191.259765625
734 148.18321228027344
735 80.98387145996094
736 119.75274658203125
737 93.47606658935547
738 143.44482421875
739 205.47500610351563
740 127.5064926147461
741 127.07574462890625
742 185.65980529785156
743 193.8443603515625
744 121.04502868652344
745 173.16766357421875
746 165.4138641357422
747 139.13717651367188
748 152.0601043701172
749 173.16763305664063
750 138.27565002441406
751 83.99923706054688
752 181.35215759277344
753 133.1064453125
754 211.9364776611328
755 172.30609130859375
756 245.53616333007813
757 153.783203125
758 220.9825439453125
759 131.38339233398438
760 186.09059143066406
761 192.1212615966797
762 171.0137939453125
763 94.33759307861328
764 151.6293487548828
765 143.01405334472656
766 165.41383361816406
767 164.5523223876953
768 207.6288299560547
769 155.93701171875
770 125.35267639160156
771 203.3212127685547
772 180.49061584472656
773 167.99844360351563
774 111.1374282836914
775 195.99818420410156
776 124.92192077636719
777 115.87584686279297
778 162.3984832763672
779 124.92192077636719
780 110.70665740966797
781 107.69129943847656
782 145.1678924560547
783 92.61453247070313
784 136.12181091308594
785 202.45968627929688
786 222.70562744140625
787 143.87559509277344
788 220.5518035888672
789 142.5832977294922
790 138.7064208984375
791 118.89122009277344
792 174.02914428710938
793 91.75299072265625
794 171.44456481933594
795 260.18218994140625
796 139.99871826171875
797 242.52084350585938
798 155.50625610351563
799 140.86021423339844
800 136.5525665283203
801 167.13690185546875
802 180.05984497070313
803 161.53695678710938
804 169.29074096679688
805 85.29151916503906
806 108.55284881591797
807 120.18350219726563
808 149.9062957763672
809 99.93753051757813
810 98.6452407836914
811 94.76834869384766
812 161.53697204589844
813 152.0601348876953
814 178.76756286621094
815 197.7212677001953
816 185.2290496826172
817 133.96798706054688
818 109.41436767578125
819 177.47528076171875
820 152.06015014648438
821 146.02940368652344
822 165.8446044921875
823 156.79852294921875
824 152.0601348876953
825 134.82952880859375
826 144.73712158203125
827 160.6754150390625
828 171.01377868652344
829 97.78370666503906
830 141.2909698486328
831 167.1369171142578
832 124.06038665771484
833 99.07599639892578
834 179.1983184814453
835 205.47503662109375
836 140.86024475097656
837 117.59891510009766
838 139.9987030029297
839 177.4752655029297
840 159.3831329345703
841 208.921142578125
842 136.55258178710938
843 121.90657806396484
844 118.02965545654297
845 91.32222747802734
846 118.46044158935547
847 114.58356475830078
848 139.1371612548828
849 151.6293487548828
850 155.50624084472656
851 163.26002502441406
852 126.64498138427734
853 192.55206298828125
854 124.49115753173828
855 177.0445098876953
856 81.84539794921875
857 107.6913070678711
858 128.79879760742188
859 152.921630859375
860 140.8602294921875
861 145.59866333007813
862 134.3987579345703
863 186.09060668945313
864 88.73764038085938
865 126.64498138427734
866 162.39846801757813
867 180.05987548828125
868 207.62884521484375
869 96.92217254638672
870 98.21446990966797
871 205.47503662109375
872 145.59864807128906
873 231.32090759277344
874 121.90656280517578
875 258.02838134765625
876 239.93618774414063
877 135.6910400390625
878 245.5361785888672
879 118.89119720458984
880 227.01327514648438
881 125.783447265625
882 161.5369873046875
883 194.2751007080078
884 111.56819152832031
885 154.64471435546875
886 141.7217559814453
887 177.9060516357422
888 106.82978057861328
889 103.38365173339844
890 128.79879760742188
891 161.5369415283203
892 218.82875061035156
893 195.99818420410156
894 150.3370819091797
895 196.8596954345703
896 142.15252685546875
897 171.87535095214844
898 163.26004028320313
899 173.59837341308594
900 180.49063110351563
901 166.2753448486328
902 130.09109497070313
903 165.41383361816406
904 89.59917449951172
905 61.16866683959961
906 118.89120483398438
907 94.33759307861328
908 130.52186584472656
909 143.44482421875
910 126.64497375488281
911 143.01405334472656
912 124.49114227294922
913 112.86048126220703
914 147.3217010498047
915 155.93702697753906
916 112.86050415039063
917 101.66059875488281
918 117.5988998413086
919 160.67544555664063
920 156.36776733398438
921 139.56793212890625
922 180.49063110351563
923 167.5676727294922
924 158.52159118652344
925 164.98309326171875
926 145.59864807128906
927 143.44482421875
928 134.82949829101563
929 167.13690185546875
930 159.3831329345703
931 155.93701171875
932 154.6447296142578
933 192.12127685546875
934 207.6288299560547
935 108.1220703125
936 183.50596618652344
937 150.3370819091797
938 164.12155151367188
939 217.53643798828125
940 186.090576171875
941 149.0447540283203
942 167.13690185546875
943 203.75193786621094
944 162.3984832763672
945 139.1371612548828
946 229.1671142578125
947 193.84432983398438
948 111.56818389892578
949 211.5056915283203
950 157.2293243408203
951 232.61326599121094
952 139.13714599609375
953 198.58274841308594
954 146.46018981933594
955 205.90577697753906
956 152.92166137695313
957 186.090576171875
958 239.5054473876953
959 96.92218017578125
960 169.72149658203125
961 197.2904815673828
962 149.9062957763672
963 175.3214569091797
964 137.84486389160156
965 112.4297103881836
966 176.61373901367188
967 254.15147399902344
968 188.24441528320313
969 162.3985137939453
970 152.921630859375
971 139.9987030029297
972 290.33575439453125
973 156.79852294921875
974 193.41357421875
975 147.75247192382813
976 103.38365173339844
977 124.49115753173828
978 166.7061309814453
979 169.72149658203125
980 128.79879760742188
981 131.38339233398438
982 130.5218505859375
983 152.9216766357422
984 155.50625610351563
985 130.09109497070313
986 220.98255920410156
987 177.47525024414063
988 152.49087524414063
989 152.4908905029297
990 141.72177124023438
991 88.7376480102539
992 177.04449462890625
993 144.73709106445313
994 133.96798706054688
995 170.58303833007813
996 140.8602294921875
997 141.72177124023438
998 220.12100219726563
999 176.1829833984375
1000 110.7066650390625
1001 250.70535278320313
1002 250.70535278320313
