# Selection:resname AU POPC Restricted:name AUC AUL AUSL Radius:2.64 Start:0 End:-1
0 267.074462890625
1 265.7821350097656
2 0.0
3 2.1538262367248535
4 0.0
5 0.43076521158218384
6 1.7230608463287354
7 0.0
8 0.0
9 0.0
10 0.43076521158218384
11 3.0153565406799316
12 0.43076521158218384
13 1.2922956943511963
14 0.0
15 2.1538262367248535
16 0.0
17 0.0
18 1.7230608463287354
19 0.0
20 0.8615304231643677
21 3.8768868446350098
22 0.43076521158218384
23 0.43076521158218384
24 0.0
25 0.0
26 0.0
27 0.43076521158218384
28 0.43076521158218384
29 0.0
30 0.0
31 0.0
32 0.0
33 1.2922956943511963
34 1.2922956943511963
35 1.2922956943511963
36 0.0
37 1.2922956943511963
38 0.0
39 0.0
40 0.0
41 0.0
42 0.0
43 2.1538259983062744
44 0.0
45 0.0
46 0.0
47 0.0
48 1.2922956943511963
49 0.0
50 0.0
51 0.0
52 0.43076521158218384
53 0.43076521158218384
54 0.0
55 0.43076521158218384
56 1.7230608463287354
57 0.8615304231643677
58 2.1538259983062744
59 0.0
60 0.43076521158218384
61 0.0
62 0.43076521158218384
63 0.43076521158218384
64 0.0
65 0.0
66 3.0153565406799316
67 0.0
68 0.0
69 2.5845913887023926
70 0.8615304231643677
71 0.0
72 0.43076521158218384
73 0.0
74 2.5845911502838135
75 1.2922956943511963
76 0.0
77 0.0
78 0.0
79 0.0
80 0.0
81 0.0
82 0.0
83 0.43076521158218384
84 0.8615304231643677
85 0.8615304231643677
86 0.43076521158218384
87 0.0
88 0.0
89 2.1538259983062744
90 0.0
91 0.43076521158218384
92 0.43076521158218384
93 0.8615304231643677
94 0.8615304231643677
95 0.43076521158218384
96 0.0
97 3.0153565406799316
98 0.0
99 0.0
100 0.0
101 0.0
102 0.0
103 4.738417148590088
104 0.0
105 0.0
106 0.0
107 0.0
108 0.0
109 0.0
110 0.43076521158218384
111 0.0
112 0.0
113 0.0
114 0.0
115 0.0
116 0.0
117 0.0
118 0.0
119 0.8615304231643677
120 0.0
121 2.1538259983062744
122 0.0
123 0.0
124 4.738417625427246
125 0.0
126 0.0
127 0.8615304231643677
128 0.0
129 0.43076521158218384
130 0.0
131 0.0
132 0.8615304231643677
133 0.0
134 0.43076521158218384
135 0.43076521158218384
136 0.0
137 0.43076521158218384
138 0.0
139 0.0
140 0.8615304231643677
141 0.43076521158218384
142 0.0
143 2.1538259983062744
144 4.738417625427246
145 0.0
146 2.5845913887023926
147 1.7230608463287354
148 2.1538262367248535
149 0.8615304231643677
150 1.2922956943511963
151 0.0
152 0.8615304231643677
153 0.0
154 0.43076521158218384
155 3.4461216926574707
156 0.0
157 0.8615304231643677
158 2.5845911502838135
159 0.0
160 0.43076521158218384
161 0.43076521158218384
162 0.0
163 0.0
164 0.0
165 2.5845913887023926
166 0.0
167 0.0
168 0.8615304231643677
169 0.43076521158218384
170 0.0
171 0.0
172 0.8615304231643677
173 0.0
174 0.0
175 0.0
176 0.43076521158218384
177 0.0
178 0.8615304231643677
179 0.8615304231643677
180 0.0
181 0.0
182 0.0
183 0.0
184 0.8615304231643677
185 0.0
186 2.5845913887023926
187 1.2922956943511963
188 1.2922956943511963
189 0.0
190 0.0
191 4.307652473449707
192 0.0
193 0.8615304231643677
194 0.43076521158218384
195 0.43076521158218384
196 0.0
197 9.476834297180176
198 0.0
199 0.0
200 0.0
201 0.0
202 0.0
203 2.5845911502838135
204 0.43076521158218384
205 0.0
206 3.0153565406799316
207 3.4461216926574707
208 0.43076521158218384
209 2.5845913887023926
210 0.0
211 0.0
212 1.7230608463287354
213 0.0
214 0.0
215 0.43076521158218384
216 0.0
217 3.4461216926574707
218 1.2922956943511963
219 0.0
220 7.3230085372924805
221 1.2922956943511963
222 0.43076521158218384
223 0.0
224 3.0153565406799316
225 0.0
226 4.307652473449707
227 0.0
228 0.0
229 0.43076521158218384
230 0.0
231 4.307651996612549
232 0.0
233 0.0
234 0.0
235 0.0
236 0.0
237 0.0
238 0.0
239 0.43076521158218384
240 1.7230608463287354
241 1.2922956943511963
242 0.43076521158218384
243 0.0
244 0.8615304231643677
245 0.43076521158218384
246 0.0
247 0.43076521158218384
248 1.2922956943511963
249 0.8615304231643677
250 2.1538259983062744
251 0.0
252 0.43076521158218384
253 2.1538259983062744
254 2.1538259983062744
255 1.7230608463287354
256 0.0
257 0.43076521158218384
258 0.0
259 0.0
260 0.0
261 0.0
262 10.33836555480957
263 0.43076521158218384
264 0.8615304231643677
265 12.492191314697266
266 0.0
267 0.0
268 5.169182777404785
269 0.0
270 0.43076521158218384
271 0.0
272 5.169182777404785
273 0.0
274 0.0
275 0.0
276 0.0
277 0.0
278 6.892243385314941
279 0.43076521158218384
280 0.0
281 0.0
282 0.43076521158218384
283 2.5845913887023926
284 0.8615304231643677
285 1.7230608463287354
286 0.0
287 0.0
288 0.0
289 0.0
290 1.7230608463287354
291 3.4461216926574707
292 2.1538262367248535
293 0.43076521158218384
294 0.0
295 0.0
296 0.0
297 0.0
298 0.0
299 0.0
300 3.0153565406799316
301 0.0
302 4.307652473449707
303 0.43076521158218384
304 0.43076521158218384
305 0.8615304231643677
306 0.43076521158218384
307 0.0
308 0.43076521158218384
309 1.2922956943511963
310 4.307651996612549
311 1.2922956943511963
312 1.7230608463287354
313 0.0
314 3.8768868446350098
315 0.0
316 0.0
317 0.43076521158218384
318 0.0
319 0.8615304231643677
320 0.0
321 0.43076521158218384
322 5.169182300567627
323 1.2922956943511963
324 0.0
325 0.0
326 0.0
327 0.0
328 0.0
329 0.0
330 0.43076521158218384
331 0.43076521158218384
332 0.43076521158218384
333 0.43076521158218384
334 0.0
335 0.0
336 0.0
337 4.738417148590088
338 0.0
339 0.0
340 0.0
341 0.0
342 0.0
343 2.5845911502838135
344 4.738417148590088
345 3.876887083053589
346 0.0
347 2.1538262367248535
348 17.230607986450195
349 5.169182777404785
350 0.43076521158218384
351 3.4461216926574707
352 0.0
353 0.0
354 0.0
355 2.5845913887023926
356 0.0
357 0.0
358 0.0
359 0.43076521158218384
360 0.43076521158218384
361 1.2922956943511963
362 2.5845913887023926
363 0.43076521158218384
364 2.5845913887023926
365 0.0
366 1.2922956943511963
367 0.0
368 0.43076521158218384
369 0.0
370 0.0
371 0.0
372 1.7230608463287354
373 0.0
374 3.8768868446350098
375 0.0
376 0.0
377 0.0
378 2.5845913887023926
379 0.43076521158218384
380 0.0
381 0.0
382 0.8615304231643677
383 0.8615304231643677
384 0.0
385 0.0
386 3.4461216926574707
387 2.1538259983062744
388 0.0
389 0.0
390 0.8615304231643677
391 0.8615304231643677
392 0.8615304231643677
393 1.2922956943511963
394 1.2922956943511963
395 0.43076521158218384
396 0.0
397 0.0
398 0.43076521158218384
399 0.43076521158218384
400 0.43076521158218384
401 0.0
402 0.43076521158218384
403 0.0
404 0.0
405 6.892243385314941
406 0.43076521158218384
407 0.0
408 3.0153565406799316
409 0.0
410 0.0
411 0.0
412 0.43076521158218384
413 0.43076521158218384
414 0.0
415 0.0
416 0.0
417 6.030713081359863
418 0.0
419 0.0
420 0.0
421 3.0153565406799316
422 0.0
423 1.7230608463287354
424 3.0153565406799316
425 0.0
426 2.1538259983062744
427 0.0
428 3.4461216926574707
429 2.5845913887023926
430 0.43076521158218384
431 2.1538262367248535
432 1.7230608463287354
433 0.43076521158218384
434 5.169182777404785
435 2.5845913887023926
436 1.7230608463287354
437 1.7230608463287354
438 0.0
439 0.0
440 0.0
441 0.0
442 0.0
443 0.0
444 0.0
445 0.0
446 0.0
447 0.43076521158218384
448 2.5845911502838135
449 0.0
450 0.0
451 0.0
452 3.8768868446350098
453 0.0
454 0.0
455 0.0
456 0.43076521158218384
457 3.8768868446350098
458 0.0
459 0.0
460 0.0
461 0.8615304231643677
462 0.8615304231643677
463 0.43076521158218384
464 0.43076521158218384
465 1.7230608463287354
466 4.738417625427246
467 0.0
468 4.738417148590088
469 0.0
470 0.0
471 0.43076521158218384
472 1.2922956943511963
473 2.5845913887023926
474 2.5845913887023926
475 0.43076521158218384
476 0.0
477 0.0
478 0.8615304231643677
479 1.2922956943511963
480 0.43076521158218384
481 1.2922956943511963
482 0.43076521158218384
483 5.169182777404785
484 0.0
485 3.4461216926574707
486 0.0
487 1.2922956943511963
488 3.0153565406799316
489 6.461478233337402
490 1.7230608463287354
491 0.8615304231643677
492 0.0
493 0.0
494 0.0
495 0.43076521158218384
496 0.0
497 0.43076521158218384
498 0.43076521158218384
499 1.2922956943511963
500 0.0
501 0.8615304231643677
502 0.43076521158218384
503 0.0
504 0.43076521158218384
505 0.8615304231643677
506 0.0
507 0.0
508 1.2922956943511963
509 0.0
510 0.0
511 3.0153565406799316
512 0.8615304231643677
513 1.7230608463287354
514 0.0
515 0.0
516 0.0
517 0.0
518 0.0
519 0.0
520 0.8615304231643677
521 0.0
522 0.43076521158218384
523 0.8615304231643677
524 0.0
525 0.0
526 1.7230608463287354
527 0.0
528 0.0
529 0.0
530 0.0
531 0.0
532 0.0
533 0.0
534 0.0
535 0.43076521158218384
536 0.0
537 0.0
538 0.0
539 1.2922956943511963
540 0.0
541 0.0
542 0.0
543 2.1538259983062744
544 0.0
545 2.1538259983062744
546 0.0
547 0.0
548 0.0
549 0.0
550 0.8615304231643677
551 3.0153565406799316
552 0.0
553 0.0
554 0.0
555 0.43076521158218384
556 4.738417148590088
557 0.0
558 0.0
559 0.0
560 0.0
561 0.0
562 5.169182777404785
563 4.307652473449707
564 0.0
565 0.43076521158218384
566 0.0
567 0.0
568 0.0
569 1.2922956943511963
570 0.0
571 0.0
572 0.0
573 1.7230608463287354
574 0.0
575 0.43076521158218384
576 0.0
577 0.0
578 0.0
579 0.43076521158218384
580 0.0
581 0.0
582 4.738417625427246
583 0.43076521158218384
584 0.0
585 0.0
586 0.43076521158218384
587 0.43076521158218384
588 0.43076521158218384
589 6.461478233337402
590 0.0
591 0.0
592 0.8615304231643677
593 0.0
594 0.0
595 0.0
596 0.43076521158218384
597 0.0
598 0.0
599 0.0
600 0.43076521158218384
601 0.0
602 3.4461216926574707
603 0.43076521158218384
604 4.307651996612549
605 0.0
606 3.8768868446350098
607 0.0
608 0.43076521158218384
609 0.0
610 0.0
611 1.2922956943511963
612 0.0
613 0.0
614 0.0
615 1.7230608463287354
616 0.0
617 0.0
618 0.0
619 0.0
620 0.0
621 0.43076521158218384
622 0.0
623 0.0
624 0.43076521158218384
625 0.43076521158218384
626 0.0
627 0.8615304231643677
628 0.0
629 0.0
630 1.7230608463287354
631 2.1538259983062744
632 0.43076521158218384
633 0.43076521158218384
634 0.0
635 0.0
636 0.0
637 0.43076521158218384
638 0.0
639 1.7230608463287354
640 0.0
641 0.0
642 1.7230608463287354
643 0.0
644 0.0
645 0.8615304231643677
646 1.7230608463287354
647 0.0
648 0.0
649 0.43076521158218384
650 0.0
651 0.43076521158218384
652 0.43076521158218384
653 1.2922956943511963
654 0.0
655 0.0
656 0.0
657 1.7230608463287354
658 0.0
659 0.43076521158218384
660 0.0
661 2.1538259983062744
662 0.0
663 0.0
664 0.43076521158218384
665 2.1538259983062744
666 0.8615304231643677
667 0.0
668 0.43076521158218384
669 0.0
670 0.0
671 0.0
672 0.0
673 0.0
674 3.0153563022613525
675 0.0
676 0.8615304231643677
677 1.7230608463287354
678 0.0
679 0.0
680 1.2922956943511963
681 2.1538259983062744
682 0.8615304231643677
683 3.4461216926574707
684 0.0
685 0.0
686 7.3230085372924805
687 0.0
688 0.0
689 0.0
690 1.7230608463287354
691 0.0
692 0.0
693 0.8615304231643677
694 0.8615304231643677
695 0.8615304231643677
696 0.0
697 0.43076521158218384
698 0.8615304231643677
699 0.0
700 0.0
701 0.8615304231643677
702 0.0
703 6.461478233337402
704 0.0
705 0.0
706 3.0153565406799316
707 0.43076521158218384
708 1.2922956943511963
709 0.43076521158218384
710 0.43076521158218384
711 0.0
712 2.5845911502838135
713 8.184539794921875
714 4.307651996612549
715 0.43076521158218384
716 1.7230608463287354
717 1.2922956943511963
718 0.0
719 0.43076521158218384
720 0.0
721 3.8768868446350098
722 2.1538259983062744
723 0.0
724 3.0153565406799316
725 0.43076521158218384
726 0.43076521158218384
727 1.2922956943511963
728 0.0
729 0.0
730 0.0
731 3.4461216926574707
732 2.5845913887023926
733 0.43076521158218384
734 0.0
735 0.0
736 2.1538262367248535
737 0.0
738 0.0
739 0.43076521158218384
740 0.0
741 0.0
742 0.0
743 0.43076521158218384
744 0.0
745 0.8615304231643677
746 2.5845913887023926
747 1.2922956943511963
748 0.0
749 0.0
750 0.0
751 0.0
752 0.0
753 4.738417625427246
754 0.0
755 0.0
756 1.2922956943511963
757 0.0
758 0.0
759 0.0
760 2.5845913887023926
761 0.43076521158218384
762 0.43076521158218384
763 0.0
764 0.0
765 3.0153565406799316
766 0.0
767 0.43076521158218384
768 1.2922956943511963
769 0.0
770 0.0
771 0.0
772 0.0
773 0.0
774 0.0
775 1.2922956943511963
776 0.0
777 0.0
778 0.43076521158218384
779 0.0
780 0.43076521158218384
781 0.0
782 0.43076521158218384
783 0.0
784 0.8615304231643677
785 0.0
786 0.43076521158218384
787 0.0
788 0.0
789 1.2922956943511963
790 0.0
791 0.0
792 5.599947452545166
793 0.0
794 0.0
795 0.0
796 0.0
797 0.0
798 0.0
799 0.0
800 0.0
801 0.0
802 0.0
803 0.43076521158218384
804 3.0153565406799316
805 0.0
806 0.0
807 3.4461216926574707
808 0.0
809 0.0
810 0.0
811 0.0
812 0.43076521158218384
813 3.8768868446350098
814 0.0
815 6.461478233337402
816 0.0
817 1.7230608463287354
818 0.0
819 1.7230608463287354
820 0.0
821 2.5845913887023926
822 0.0
823 2.1538259983062744
824 5.169182777404785
825 0.0
826 0.0
827 0.0
828 0.43076521158218384
829 0.0
830 0.0
831 0.0
832 0.0
833 5.169182300567627
834 0.8615304231643677
835 1.2922956943511963
836 0.0
837 2.1538259983062744
838 2.1538259983062744
839 0.0
840 1.7230608463287354
841 0.0
842 0.0
843 8.615304946899414
844 2.5845913887023926
845 0.0
846 0.0
847 1.7230608463287354
848 0.8615304231643677
849 0.0
850 0.8615304231643677
851 0.0
852 0.0
853 0.0
854 0.8615304231643677
855 0.0
856 0.8615304231643677
857 0.0
858 0.0
859 1.2922956943511963
860 0.0
861 0.0
862 0.0
863 0.43076521158218384
864 0.0
865 0.43076521158218384
866 5.169182300567627
867 0.0
868 0.43076521158218384
869 0.0
870 1.7230608463287354
871 1.7230608463287354
872 1.2922956943511963
873 0.0
874 0.0
875 0.8615304231643677
876 0.0
877 0.0
878 2.1538262367248535
879 0.0
880 2.1538262367248535
881 0.8615304231643677
882 7.3230085372924805
883 0.43076521158218384
884 0.0
885 1.2922956943511963
886 0.8615304231643677
887 2.1538259983062744
888 0.0
889 0.0
890 0.0
891 0.0
892 0.0
893 0.8615304231643677
894 0.0
895 0.0
896 1.2922956943511963
897 0.0
898 0.8615304231643677
899 0.0
900 0.43076521158218384
901 0.43076521158218384
902 0.0
903 0.0
904 0.43076521158218384
905 0.0
906 0.0
907 1.2922956943511963
908 1.2922956943511963
909 2.1538259983062744
910 0.0
911 0.0
912 0.0
913 0.8615304231643677
914 0.0
915 0.43076521158218384
916 0.0
917 0.8615304231643677
918 0.43076521158218384
919 0.0
920 0.0
921 0.0
922 0.0
923 0.43076521158218384
924 1.2922956943511963
925 0.0
926 0.0
927 3.4461216926574707
928 0.0
929 0.8615304231643677
930 0.0
931 0.0
932 0.0
933 0.0
934 0.43076521158218384
935 1.2922956943511963
936 0.0
937 0.0
938 6.030713081359863
939 0.8615304231643677
940 0.43076521158218384
941 0.0
942 0.43076521158218384
943 0.0
944 0.8615304231643677
945 0.0
946 0.8615304231643677
947 0.43076521158218384
948 0.0
949 1.2922956943511963
950 0.8615304231643677
951 0.0
952 1.2922956943511963
953 0.0
954 0.0
955 2.1538262367248535
956 0.8615304231643677
957 0.43076521158218384
958 0.43076521158218384
959 0.8615304231643677
960 0.0
961 0.0
962 0.43076521158218384
963 1.2922956943511963
964 0.0
965 0.0
966 1.7230608463287354
967 0.0
968 0.0
969 0.0
970 0.0
971 0.43076521158218384
972 0.43076521158218384
973 0.43076521158218384
974 0.43076521158218384
975 0.0
976 4.307651996612549
977 0.0
978 0.0
979 0.43076521158218384
980 0.43076521158218384
981 0.0
982 0.0
983 0.0
984 3.4461216926574707
985 0.8615304231643677
986 4.738417625427246
987 1.2922956943511963
988 0.43076521158218384
989 0.0
990 8.615303993225098
991 0.0
992 0.0
993 0.0
994 0.0
995 0.0
996 1.7230608463287354
997 0.43076521158218384
998 1.7230608463287354
999 0.0
1000 0.0
1001 1.7230608463287354
1002 1.7230608463287354
