0 12.559332847595215
1 9.661025047302246
2 7.728819847106934
3 0.9661025404930115
4 2.8983075618743896
5 7.728820323944092
6 3.864410161972046
7 14.491538047790527
8 0.0
9 1.932205080986023
10 0.0
11 27.050870895385742
12 14.491538047790527
13 12.559332847595215
14 7.728820323944092
15 28.0169734954834
16 8.69492244720459
17 34.77968978881836
18 4.830512523651123
19 21.254255294799805
20 4.830512523651123
21 4.830512523651123
22 30.915279388427734
23 19.322050094604492
24 0.0
25 13.525435447692871
26 51.203433990478516
27 117.864501953125
28 114.96620178222656
29 37.67799758911133
30 95.64414978027344
31 0.0
32 23.186460494995117
33 57.00004959106445
34 9.661025047302246
35 10.627127647399902
36 13.525435447692871
37 0.0
38 0.0
39 28.983076095581055
40 13.525435447692871
41 30.915279388427734
42 6.7627177238464355
43 117.86450958251953
44 18.355947494506836
45 76.32209777832031
46 115.93229675292969
47 10.627127647399902
48 91.77973937988281
49 2.8983075618743896
50 93.71194458007813
51 81.1526107788086
52 35.745792388916016
53 8.69492244720459
54 43.474613189697266
55 5.796615123748779
56 32.84748458862305
57 25.11866569519043
58 31.881383895874023
59 8.69492244720459
60 13.525435447692871
61 0.0
62 42.50851058959961
63 11.593230247497559
64 80.18650817871094
65 43.474613189697266
66 52.16953659057617
67 24.152563095092773
68 58.932254791259766
69 28.983076095581055
70 35.745792388916016
71 25.11866569519043
72 31.88138198852539
73 7.728819847106934
74 41.54240798950195
75 74.389892578125
76 61.830562591552734
77 4.830512523651123
78 48.30512619018555
79 54.101741790771484
80 31.88138198852539
81 163.27133178710938
82 23.186460494995117
83 57.00004959106445
84 28.016971588134766
85 1.932205080986023
86 22.22035789489746
87 0.0
88 10.627127647399902
89 21.254255294799805
90 0.9661025404930115
91 47.33902359008789
92 28.983076095581055
93 27.050870895385742
94 70.52548217773438
95 15.457640647888184
96 6.7627177238464355
97 42.50851058959961
98 34.77968978881836
99 16.423742294311523
100 34.77968978881836
101 48.30512619018555
102 13.525435447692871
103 21.254255294799805
104 11.593230247497559
105 0.0
106 49.2712287902832
107 14.491538047790527
108 47.33902359008789
109 25.11866569519043
110 18.355947494506836
111 66.66107177734375
112 54.101741790771484
113 45.40681838989258
114 38.644100189208984
115 39.61020278930664
116 22.22035789489746
117 55.06784439086914
118 21.254255294799805
119 32.84748458862305
120 9.661025047302246
121 0.0
122 18.355947494506836
123 23.186460494995117
124 26.084768295288086
125 11.593230247497559
126 21.254255294799805
127 24.152563095092773
128 3.864410161972046
129 27.050870895385742
130 46.372920989990234
131 42.50851058959961
132 26.084768295288086
133 34.77968978881836
134 32.84748458862305
135 66.66107177734375
136 41.54240798950195
137 28.0169734954834
138 79.22040557861328
139 24.152563095092773
140 30.915281295776367
141 9.661025047302246
142 23.186460494995117
143 55.06784439086914
144 8.69492244720459
145 85.98312377929688
146 19.322050094604492
147 4.830512523651123
148 10.627127647399902
149 13.525435447692871
150 13.525435447692871
151 7.728820323944092
152 61.830562591552734
153 11.593230247497559
154 30.915281295776367
155 8.69492244720459
156 23.186460494995117
157 0.0
158 3.864410161972046
159 13.525435447692871
160 31.881383895874023
161 37.67799758911133
162 32.84748458862305
163 0.0
164 71.49158477783203
165 52.16953659057617
166 51.203433990478516
167 18.355947494506836
168 12.559332847595215
169 8.69492244720459
170 12.559332847595215
171 44.44071578979492
172 0.9661025404930115
173 23.186460494995117
174 0.0
175 7.728820323944092
176 16.423742294311523
177 34.77968978881836
178 18.355947494506836
179 37.67799758911133
180 33.8135871887207
181 31.881383895874023
182 56.0339469909668
183 20.28815269470215
184 58.9322509765625
185 8.69492244720459
186 0.0
187 10.627127647399902
188 39.61020278930664
189 0.0
190 50.23733139038086
191 3.864410161972046
192 4.830512523651123
193 50.23733139038086
194 33.8135871887207
195 24.152563095092773
196 27.050870895385742
197 67.6271743774414
198 77.28820037841797
199 83.0848159790039
200 87.91532897949219
201 14.491538047790527
202 5.796615123748779
203 11.593230247497559
204 8.69492244720459
205 35.745792388916016
206 12.559332847595215
207 41.54240798950195
208 30.915281295776367
209 35.745792388916016
210 123.66112518310547
211 56.03394317626953
212 89.8475341796875
213 108.20347595214844
214 0.9661025404930115
215 5.796615123748779
216 47.33902359008789
217 38.644100189208984
218 6.7627177238464355
219 28.983076095581055
220 21.254255294799805
221 39.61020278930664
222 97.57635498046875
223 23.186460494995117
224 43.474613189697266
225 1.932205080986023
226 45.40681838989258
227 59.898353576660156
228 42.50851058959961
229 46.37291717529297
230 40.5763053894043
231 52.16953659057617
232 34.77968978881836
233 24.152563095092773
234 0.0
235 20.28815269470215
236 18.355947494506836
237 65.6949691772461
238 9.661025047302246
239 76.32209777832031
240 55.06784439086914
241 8.69492244720459
242 10.627127647399902
243 37.67799758911133
244 18.355947494506836
245 9.661025047302246
246 2.8983075618743896
247 12.559332847595215
248 33.8135871887207
249 39.61020278930664
250 27.050870895385742
251 36.71189498901367
252 8.69492244720459
253 38.644100189208984
254 84.05091857910156
255 9.661025047302246
256 12.559332847595215
257 37.67799758911133
258 25.11866569519043
259 28.983074188232422
260 59.89835739135742
261 113.03399658203125
262 2.8983075618743896
263 85.01702117919922
264 93.71194458007813
265 34.77968978881836
266 32.84748458862305
267 2.8983075618743896
268 23.186460494995117
269 11.593230247497559
270 0.0
271 30.915281295776367
272 106.27127838134766
273 57.966148376464844
274 11.593230247497559
275 7.728820323944092
276 58.9322509765625
277 24.152563095092773
278 11.593230247497559
279 45.40681838989258
280 63.76276779174805
281 7.728820323944092
282 3.864410161972046
283 18.355947494506836
284 11.593230247497559
285 26.084768295288086
286 4.830512523651123
287 15.457639694213867
288 12.559332847595215
289 21.254255294799805
290 16.423742294311523
291 1.932205080986023
292 16.423742294311523
293 0.0
294 91.77973937988281
295 20.28815269470215
296 99.50856018066406
297 7.728820323944092
298 44.44071578979492
299 68.59327697753906
300 58.932254791259766
301 168.10183715820313
302 10.627127647399902
303 68.59327697753906
304 56.0339469909668
305 51.203433990478516
306 82.11871337890625
307 128.4916229248047
308 49.2712287902832
309 99.50856018066406
310 128.49163818359375
311 23.186460494995117
312 0.0
313 8.69492244720459
314 19.322050094604492
315 55.06784439086914
316 61.83055877685547
317 77.28820037841797
318 58.932254791259766
319 10.627127647399902
320 34.77968978881836
321 8.69492244720459
322 50.23733139038086
323 25.11866569519043
324 40.5763053894043
325 2.8983075618743896
326 18.355947494506836
327 18.355947494506836
328 42.50851058959961
329 14.491538047790527
330 33.8135871887207
331 11.593230247497559
332 50.23733139038086
333 24.152563095092773
334 2.8983075618743896
335 2.8983075618743896
336 0.0
337 9.661025047302246
338 4.830512523651123
339 0.9661025404930115
340 4.830512523651123
341 10.627127647399902
342 26.084768295288086
343 28.983076095581055
344 42.50851058959961
345 85.98312377929688
346 3.864410161972046
347 39.61020278930664
348 28.983076095581055
349 24.152563095092773
350 0.0
351 2.8983075618743896
352 2.8983075618743896
353 9.661025047302246
354 14.491538047790527
355 13.525435447692871
356 8.69492244720459
357 48.30512237548828
358 24.152563095092773
359 95.64414978027344
360 77.28820037841797
361 19.322050094604492
362 24.152563095092773
363 45.40681838989258
364 6.7627177238464355
365 16.423742294311523
366 11.593230247497559
367 41.54240798950195
368 15.457640647888184
369 31.881383895874023
370 38.644100189208984
371 21.254255294799805
372 75.35599517822266
373 20.28815269470215
374 36.71189498901367
375 19.322050094604492
376 2.8983075618743896
377 16.423742294311523
378 8.69492244720459
379 0.9661025404930115
380 37.67799758911133
381 67.6271743774414
382 122.69501495361328
383 69.55937957763672
384 5.796615123748779
385 55.06784439086914
386 35.745792388916016
387 21.254255294799805
388 38.644100189208984
389 14.491537094116211
390 18.355947494506836
391 28.983076095581055
392 9.661025047302246
393 53.13563919067383
394 21.254255294799805
395 18.355947494506836
396 81.1526107788086
397 70.52548217773438
398 94.67804718017578
399 64.72886657714844
400 9.661025047302246
401 23.186460494995117
402 141.05096435546875
403 14.491538047790527
404 51.203433990478516
405 34.77968978881836
406 53.13563919067383
407 9.661025047302246
408 8.69492244720459
409 11.593230247497559
410 72.45768737792969
411 25.11866569519043
412 11.593230247497559
413 9.661025047302246
414 69.55937957763672
415 3.864410161972046
416 0.9661025404930115
417 47.33902359008789
418 65.6949691772461
419 0.9661025404930115
420 16.423742294311523
421 35.745792388916016
422 4.830512523651123
423 19.322050094604492
424 4.830512523651123
425 43.474613189697266
426 2.8983075618743896
427 2.8983075618743896
428 5.796615123748779
429 24.152563095092773
430 45.40681838989258
431 15.457640647888184
432 14.491538047790527
433 42.50851058959961
434 29.94917869567871
435 2.8983075618743896
436 10.627127647399902
437 8.69492244720459
438 7.728820323944092
439 14.491538047790527
440 27.050870895385742
441 10.627127647399902
442 20.28815269470215
443 65.6949691772461
444 38.644100189208984
445 16.423742294311523
446 7.728820323944092
447 4.830512523651123
448 7.728820323944092
449 50.23733139038086
450 1.932205080986023
451 32.84748458862305
452 21.254255294799805
453 35.745792388916016
454 12.559332847595215
455 48.30512619018555
456 26.084768295288086
457 26.084768295288086
458 49.2712287902832
459 14.491538047790527
460 15.457640647888184
461 28.0169734954834
462 12.559332847595215
463 4.830512523651123
464 28.983076095581055
465 43.474613189697266
466 51.203433990478516
467 54.10173797607422
468 50.23733139038086
469 8.69492244720459
470 141.05096435546875
471 63.76276779174805
472 26.084768295288086
473 35.745792388916016
474 5.796615123748779
475 16.423742294311523
476 7.728819847106934
477 35.745792388916016
478 20.28815269470215
479 47.33902359008789
480 33.8135871887207
481 32.84748458862305
482 10.627127647399902
483 73.42378997802734
484 53.13563537597656
485 58.932254791259766
486 7.728820323944092
487 154.57640075683594
488 62.79666519165039
489 64.72886657714844
490 19.322050094604492
491 1.932205080986023
492 85.98312377929688
493 8.69492244720459
494 10.627127647399902
495 27.050870895385742
496 3.864410161972046
497 95.64414978027344
498 0.0
499 20.28815269470215
500 45.40681838989258
501 28.983074188232422
502 80.18650817871094
503 25.11866569519043
504 0.9661025404930115
505 0.0
506 11.593230247497559
507 39.61020278930664
508 37.67799758911133
509 67.6271743774414
510 17.38984489440918
511 45.40681838989258
512 46.372920989990234
513 0.0
514 32.84748458862305
515 6.7627177238464355
516 0.0
517 149.7458953857422
518 70.52548217773438
519 109.16958618164063
520 4.830512523651123
521 0.0
522 10.627127647399902
523 76.32209777832031
524 0.9661025404930115
525 86.94922637939453
526 47.33902359008789
527 122.69502258300781
528 10.627127647399902
529 20.28815269470215
530 33.8135871887207
531 127.52552795410156
532 69.55937957763672
533 65.6949691772461
534 86.94922637939453
535 19.322050094604492
536 19.322050094604492
537 24.152563095092773
538 19.322050094604492
539 26.084768295288086
540 29.94917869567871
541 68.59327697753906
542 16.423742294311523
543 0.9661025404930115
544 6.7627177238464355
545 3.864410161972046
546 7.728820323944092
547 0.9661025404930115
548 0.0
549 5.796615123748779
550 7.728819847106934
551 31.88138198852539
552 27.050870895385742
553 14.491538047790527
554 28.983074188232422
555 65.6949691772461
556 58.932254791259766
557 81.1526107788086
558 30.915281295776367
559 18.355947494506836
560 61.83055877685547
561 65.6949691772461
562 54.101741790771484
563 38.644100189208984
564 10.627127647399902
565 66.66107177734375
566 0.0
567 85.98312377929688
568 22.22035789489746
569 70.52548217773438
570 23.186460494995117
571 0.0
572 19.322050094604492
573 70.52548217773438
574 2.8983075618743896
575 27.05086898803711
576 28.0169734954834
577 18.355947494506836
578 36.71189498901367
579 16.423742294311523
580 19.322050094604492
581 136.22044372558594
582 7.728820323944092
583 17.38984489440918
584 117.86450958251953
585 46.372920989990234
586 68.59327697753906
587 146.8475799560547
588 26.084766387939453
589 74.389892578125
590 55.06784439086914
591 6.7627177238464355
592 9.661025047302246
593 23.186460494995117
594 69.55937957763672
595 13.525435447692871
596 11.593230247497559
597 31.88138198852539
598 9.661025047302246
599 56.03394317626953
600 10.627127647399902
601 27.050870895385742
602 80.18650817871094
603 38.644100189208984
604 69.55937957763672
605 45.40681838989258
606 58.932254791259766
607 83.0848159790039
608 24.152563095092773
609 62.796661376953125
610 71.49158477783203
611 70.52548217773438
612 31.88138198852539
613 77.28820037841797
614 131.3899383544922
615 52.16953659057617
616 51.203433990478516
617 84.05091857910156
618 19.322050094604492
619 18.355947494506836
620 68.59327697753906
621 97.57635498046875
622 47.33902359008789
623 51.203433990478516
624 19.322050094604492
625 32.84748458862305
626 37.67799758911133
627 28.016971588134766
628 39.61020278930664
629 7.728819847106934
630 15.457640647888184
631 68.59327697753906
632 2.8983075618743896
633 30.915279388427734
634 23.186460494995117
635 15.457640647888184
636 68.59327697753906
637 22.22035789489746
638 19.322050094604492
639 20.28815269470215
640 16.423742294311523
641 65.6949691772461
642 67.6271743774414
643 2.8983075618743896
644 24.152563095092773
645 27.050870895385742
646 14.491538047790527
647 5.796615123748779
648 21.254255294799805
649 44.44071578979492
650 17.38984489440918
651 51.203433990478516
652 6.7627177238464355
653 22.22035789489746
654 6.7627177238464355
655 14.491538047790527
656 4.830512523651123
657 5.796615123748779
658 22.22035789489746
659 7.728820323944092
660 17.38984489440918
661 26.084768295288086
662 17.38984489440918
663 8.69492244720459
664 28.983076095581055
665 23.186460494995117
666 19.322050094604492
667 20.28815269470215
668 15.457640647888184
669 24.152563095092773
670 73.42378997802734
671 35.745792388916016
672 43.474613189697266
673 48.30512619018555
674 141.05096435546875
675 126.55943298339844
676 39.61020278930664
677 75.35599517822266
678 68.59327697753906
679 22.22035789489746
680 108.20348358154297
681 48.30512619018555
682 157.47470092773438
683 49.2712287902832
684 9.661025047302246
685 11.593230247497559
686 47.33902359008789
687 49.2712287902832
688 60.86445617675781
689 42.50851058959961
690 72.45768737792969
691 16.423742294311523
692 71.49158477783203
693 6.7627177238464355
694 0.0
695 21.254255294799805
696 0.9661025404930115
697 10.627127647399902
698 11.593230247497559
699 40.5763053894043
700 33.8135871887207
701 40.5763053894043
702 3.864410161972046
703 30.915279388427734
704 166.16961669921875
705 34.77968978881836
706 52.16953659057617
707 28.983076095581055
708 1.932205080986023
709 106.27127838134766
710 104.33907318115234
711 79.22040557861328
712 81.1526107788086
713 76.32209777832031
714 46.372920989990234
715 33.8135871887207
716 25.11866569519043
717 0.9661025404930115
718 15.457640647888184
719 46.372920989990234
720 3.864410161972046
721 126.55943298339844
722 18.355947494506836
723 45.40681838989258
724 36.71189498901367
725 49.2712287902832
726 28.983076095581055
727 34.77968978881836
728 26.084768295288086
729 47.33902359008789
730 47.33902359008789
731 39.61020278930664
732 62.79666519165039
733 76.32209777832031
734 118.83060455322266
735 82.11871337890625
736 14.491538047790527
737 22.22035789489746
738 5.796615123748779
739 0.9661025404930115
740 66.66107177734375
741 18.355947494506836
742 22.22035789489746
743 8.69492244720459
744 45.40681838989258
745 38.644100189208984
746 33.8135871887207
747 49.2712287902832
748 25.11866569519043
749 40.5763053894043
750 7.728819847106934
751 7.728820323944092
752 94.67804718017578
753 35.745792388916016
754 34.77968978881836
755 30.915281295776367
756 43.474613189697266
757 7.728820323944092
758 65.6949691772461
759 18.355947494506836
760 27.05086898803711
761 8.69492244720459
762 74.389892578125
763 6.7627177238464355
764 0.0
765 37.67799758911133
766 19.322050094604492
767 42.50851058959961
768 18.355947494506836
769 95.64414978027344
770 8.69492244720459
771 40.5763053894043
772 37.67799758911133
773 49.2712287902832
774 48.30512619018555
775 39.61020278930664
776 34.77968978881836
777 66.66107177734375
778 21.254255294799805
779 62.796661376953125
780 26.084768295288086
781 86.94922637939453
782 22.22035789489746
783 34.77968978881836
784 0.0
785 94.67804718017578
786 23.186460494995117
787 26.084768295288086
788 17.38984489440918
789 11.593230247497559
790 44.44071578979492
791 102.40686798095703
792 57.00004959106445
793 63.76276779174805
794 19.322050094604492
795 4.830512523651123
796 9.661025047302246
797 15.457639694213867
798 16.423742294311523
799 81.1526107788086
800 28.016971588134766
801 41.54240798950195
802 21.254255294799805
803 68.59327697753906
804 0.9661025404930115
805 7.728820323944092
806 29.949176788330078
807 12.559332847595215
808 65.6949691772461
809 29.94917869567871
810 57.96615219116211
811 28.016971588134766
812 22.22035789489746
813 15.457640647888184
814 5.796615123748779
815 45.40681838989258
816 27.050870895385742
817 13.525435447692871
818 24.152563095092773
819 8.69492244720459
820 4.830512523651123
821 22.22035789489746
822 34.77968978881836
823 26.084768295288086
824 14.491538047790527
825 22.22035789489746
826 38.644100189208984
827 3.864410161972046
828 107.23738098144531
829 13.525435447692871
830 3.864410161972046
831 16.423742294311523
832 87.91532897949219
833 17.38984489440918
834 9.661025047302246
835 1.932205080986023
836 8.69492244720459
837 41.54240798950195
838 35.745792388916016
839 5.796615123748779
840 114.0000991821289
841 72.45768737792969
842 8.69492244720459
843 7.728820323944092
844 38.644100189208984
845 22.22035789489746
846 33.8135871887207
847 60.86445999145508
848 19.322050094604492
849 2.8983075618743896
850 34.77968978881836
851 6.7627177238464355
852 32.84748458862305
853 43.474613189697266
854 40.5763053894043
855 33.8135871887207
856 22.22035789489746
857 109.16958618164063
858 27.05086898803711
859 30.915279388427734
860 61.83055877685547
861 20.28815269470215
862 29.94917869567871
863 35.745792388916016
864 54.101741790771484
865 18.355947494506836
866 49.2712287902832
867 67.6271743774414
868 34.77968978881836
869 33.8135871887207
870 18.355947494506836
871 0.0
872 45.40681838989258
873 61.830562591552734
874 20.28815269470215
875 156.50860595703125
876 65.6949691772461
877 57.96615219116211
878 93.71194458007813
879 24.152563095092773
880 136.220458984375
881 39.61020278930664
882 0.0
883 22.22035789489746
884 3.864410161972046
885 0.9661025404930115
886 85.01702117919922
887 0.0
888 14.491537094116211
889 40.5763053894043
890 57.00004577636719
891 42.50851058959961
892 53.13563537597656
893 11.593230247497559
894 51.203433990478516
895 47.33902359008789
896 15.457640647888184
897 26.084768295288086
898 25.11866569519043
899 21.254255294799805
900 10.627127647399902
901 25.11866569519043
902 78.25430297851563
903 34.77968978881836
904 31.881383895874023
905 41.54240798950195
906 0.9661025404930115
907 0.0
908 9.661025047302246
909 8.69492244720459
910 21.254255294799805
911 52.16953659057617
912 22.22035789489746
913 49.2712287902832
914 26.084768295288086
915 15.457640647888184
916 42.50851058959961
917 141.05096435546875
918 78.25430297851563
919 22.22035789489746
920 1.932205080986023
921 28.983074188232422
922 95.64414978027344
923 11.593230247497559
924 13.525435447692871
925 30.915279388427734
926 65.6949691772461
927 73.42378997802734
928 48.30512619018555
929 57.00004959106445
930 10.627127647399902
931 45.40681838989258
932 20.28815269470215
933 23.186460494995117
934 57.00004959106445
935 43.474613189697266
936 30.915281295776367
937 22.22035789489746
938 4.830512523651123
939 111.10179138183594
940 143.94927978515625
941 53.13563919067383
942 61.830562591552734
943 51.203433990478516
944 19.322050094604492
945 26.084768295288086
946 13.525435447692871
947 3.864410161972046
948 16.423742294311523
949 18.355947494506836
950 28.983074188232422
951 4.830512523651123
952 67.6271743774414
953 38.644100189208984
954 12.559332847595215
955 156.50860595703125
956 12.559332847595215
957 17.38984489440918
958 92.74584197998047
959 33.8135871887207
960 24.152563095092773
961 15.457640647888184
962 82.11871337890625
963 64.72886657714844
964 21.254255294799805
965 55.06784439086914
966 114.96619415283203
967 3.864410161972046
968 4.830512523651123
969 24.152563095092773
970 32.84748458862305
971 34.77968978881836
972 45.40681838989258
973 20.28815269470215
974 51.203433990478516
975 14.491538047790527
976 25.11866569519043
977 0.0
978 0.0
979 9.661025047302246
980 59.898353576660156
981 105.30517578125
982 24.152563095092773
983 9.661025047302246
984 136.220458984375
985 44.44071578979492
986 60.86445999145508
987 44.44071578979492
988 79.22040557861328
989 47.33902359008789
990 16.423742294311523
991 57.00004959106445
992 26.084768295288086
993 5.796615123748779
994 9.661025047302246
995 59.898353576660156
996 39.61020278930664
997 26.084768295288086
998 27.05086898803711
999 30.915279388427734
1000 33.8135871887207
1001 46.372920989990234
1002 46.372920989990234
