0 {1 2 3 4 5 6 7 8 9 10} {}
1 {1 2 3 4 5 6 7 8 9 10} {}
2 {1 2 3 4 5 6 8 10} {{0 0 0 0 0 0 7 0 9 0}}
3 {1 2 3 4 5 6 8 10} {{0 0 0 0 0 0 7 0 9 0}}
4 {1 2 3 4 5 6 8 10} {{0 0 0 0 0 0 7 0 9 0}}
5 {1 2 3 4 5 6 8 10} {{0 0 0 0 0 0 7 0 9 0}}
6 {1 2 3 4 5 6 8 10} {{0 0 0 0 0 0 7 0 9 0}}
7 {1 2 3 4 5 6 8 10} {{0 0 0 0 0 0 7 0 9 0}}
8 {1 2 3 4 5 6 8 10} {{0 0 0 0 0 0 7 0 9 0}}
9 {1 2 3 4 5 6 8 10} {{0 0 0 0 0 0 7 0 9 0}}
10 {1 3 5 6 8 10} {{0 2 0 4 0 0 0 0 0 0} {0 0 0 0 0 0 7 0 9 0}}
11 {1 5 6 10} {{0 2 0 4 0 0 0 0 0 0} {0 0 3 0 0 0 0 8 0 0} {0 0 0 0 0 0 7 0 9 0}}
12 {1 5 6 10} {{0 2 0 4 0 0 0 0 0 0} {0 0 3 0 0 0 0 8 0 0} {0 0 0 0 0 0 7 0 9 0}}
13 {1 5 6 10} {{0 2 0 4 0 0 0 0 0 0} {0 0 3 0 0 0 0 8 0 0} {0 0 0 0 0 0 7 0 9 0}}
14 {1 5 6 10} {{0 2 0 4 0 0 0 0 0 0} {0 0 3 0 0 0 0 8 0 0} {0 0 0 0 0 0 7 0 9 0}}
15 {1 5 6 10} {{0 2 0 4 0 0 0 0 0 0} {0 0 3 0 0 0 0 8 0 0} {0 0 0 0 0 0 7 0 9 0}}
16 {1 5 6 10} {{0 2 0 4 0 0 0 0 0 0} {0 0 3 0 0 0 0 8 0 0} {0 0 0 0 0 0 7 0 9 0}}
17 {1 5 6 10} {{0 2 0 4 0 0 0 0 0 0} {0 0 3 0 0 0 0 8 0 0} {0 0 0 0 0 0 7 0 9 0}}
18 {1 5 6 10} {{0 2 0 4 0 0 0 0 0 0} {0 0 3 0 0 0 0 8 0 0} {0 0 0 0 0 0 7 0 9 0}}
19 {1 5 6 10} {{0 2 0 4 0 0 0 0 0 0} {0 0 3 0 0 0 0 8 0 0} {0 0 0 0 0 0 7 0 9 0}}
20 {1 5 6 10} {{0 2 0 4 0 0 0 0 0 0} {0 0 3 0 0 0 0 8 0 0} {0 0 0 0 0 0 7 0 9 0}}
21 {1 5 6 10} {{0 2 0 4 0 0 0 0 0 0} {0 0 3 0 0 0 0 8 0 0} {0 0 0 0 0 0 7 0 9 0}}
22 {1 5 6 10} {{0 2 0 4 0 0 0 0 0 0} {0 0 3 0 0 0 0 8 0 0} {0 0 0 0 0 0 7 0 9 0}}
23 {1 5 6 10} {{0 2 0 4 0 0 0 0 0 0} {0 0 3 0 0 0 0 8 0 0} {0 0 0 0 0 0 7 0 9 0}}
24 {1 5 6 10} {{0 2 0 4 0 0 0 0 0 0} {0 0 3 0 0 0 0 8 0 0} {0 0 0 0 0 0 7 0 9 0}}
25 {1 5 6 10} {{0 2 0 4 0 0 0 0 0 0} {0 0 3 0 0 0 0 8 0 0} {0 0 0 0 0 0 7 0 9 0}}
26 {1 5 6 10} {{0 2 0 4 0 0 0 0 0 0} {0 0 3 0 0 0 0 8 0 0} {0 0 0 0 0 0 7 0 9 0}}
27 {1 5 6 10} {{0 2 0 4 0 0 0 0 0 0} {0 0 3 0 0 0 0 8 0 0} {0 0 0 0 0 0 7 0 9 0}}
28 {1 5 6 10} {{0 2 0 4 0 0 0 0 0 0} {0 0 3 0 0 0 0 8 0 0} {0 0 0 0 0 0 7 0 9 0}}
29 {1 5 6 10} {{0 2 0 4 0 0 0 0 0 0} {0 0 3 0 0 0 0 8 0 0} {0 0 0 0 0 0 7 0 9 0}}
30 {1 5 6 10} {{0 2 0 4 0 0 0 0 0 0} {0 0 3 0 0 0 0 8 0 0} {0 0 0 0 0 0 7 0 9 0}}
31 {1 5 6 10} {{0 2 0 4 0 0 0 0 0 0} {0 0 3 0 0 0 0 8 0 0} {0 0 0 0 0 0 7 0 9 0}}
32 {1 5 6 10} {{0 2 0 4 0 0 0 0 0 0} {0 0 3 0 0 0 0 8 0 0} {0 0 0 0 0 0 7 0 9 0}}
33 {1 5 6 10} {{0 2 0 4 0 0 0 0 0 0} {0 0 3 0 0 0 0 8 0 0} {0 0 0 0 0 0 7 0 9 0}}
34 {1 5 6 10} {{0 2 3 4 0 0 0 8 0 0} {0 0 0 0 0 0 7 0 9 0}}
35 {1 5 6 10} {{0 2 3 4 0 0 0 8 0 0} {0 0 0 0 0 0 7 0 9 0}}
36 {1 5 6 10} {{0 2 3 4 0 0 0 8 0 0} {0 0 0 0 0 0 7 0 9 0}}
37 {1 5 6 10} {{0 2 3 4 0 0 0 8 0 0} {0 0 0 0 0 0 7 0 9 0}}
38 {1 5 6 10} {{0 2 3 4 0 0 0 8 0 0} {0 0 0 0 0 0 7 0 9 0}}
39 {1 5 6 10} {{0 2 3 4 0 0 0 8 0 0} {0 0 0 0 0 0 7 0 9 0}}
40 {1 5 6 10} {{0 2 3 4 0 0 0 8 0 0} {0 0 0 0 0 0 7 0 9 0}}
41 {1 5 6 10} {{0 2 3 4 0 0 0 8 0 0} {0 0 0 0 0 0 7 0 9 0}}
42 {1 5 6 10} {{0 2 3 4 0 0 0 8 0 0} {0 0 0 0 0 0 7 0 9 0}}
43 {1 5 6 10} {{0 2 3 4 0 0 0 8 0 0} {0 0 0 0 0 0 7 0 9 0}}
44 {1 5 6 10} {{0 2 3 4 0 0 0 8 0 0} {0 0 0 0 0 0 7 0 9 0}}
45 {1 5 6 10} {{0 2 3 4 0 0 0 8 0 0} {0 0 0 0 0 0 7 0 9 0}}
46 {1 5 6 10} {{0 2 3 4 0 0 0 8 0 0} {0 0 0 0 0 0 7 0 9 0}}
47 {1 5 6 10} {{0 2 3 4 0 0 0 8 0 0} {0 0 0 0 0 0 7 0 9 0}}
48 {1 5 6 10} {{0 2 3 4 0 0 0 8 0 0} {0 0 0 0 0 0 7 0 9 0}}
49 {1 5 6 10} {{0 2 3 4 0 0 0 8 0 0} {0 0 0 0 0 0 7 0 9 0}}
50 {1 5 6 10} {{0 2 3 4 0 0 0 8 0 0} {0 0 0 0 0 0 7 0 9 0}}
51 {1 5 6 10} {{0 2 3 4 0 0 0 8 0 0} {0 0 0 0 0 0 7 0 9 0}}
52 {1 5 6 10} {{0 2 3 4 0 0 0 8 0 0} {0 0 0 0 0 0 7 0 9 0}}
53 {5 6} {{1 0 0 0 0 0 0 0 0 10} {0 2 3 4 0 0 0 8 0 0} {0 0 0 0 0 0 7 0 9 0}}
54 {5 6} {{1 0 0 0 0 0 0 0 0 10} {0 2 3 4 0 0 0 8 0 0} {0 0 0 0 0 0 7 0 9 0}}
55 {5 6} {{1 0 0 0 0 0 0 0 0 10} {0 2 3 4 0 0 0 8 0 0} {0 0 0 0 0 0 7 0 9 0}}
56 {5 6} {{1 0 0 0 0 0 0 0 0 10} {0 2 3 4 0 0 0 8 0 0} {0 0 0 0 0 0 7 0 9 0}}
57 {5 6} {{1 0 0 0 0 0 0 0 0 10} {0 2 3 4 0 0 0 8 0 0} {0 0 0 0 0 0 7 0 9 0}}
58 {5 6} {{1 0 0 0 0 0 0 0 0 10} {0 2 3 4 0 0 0 8 0 0} {0 0 0 0 0 0 7 0 9 0}}
59 {5 6} {{1 0 0 0 0 0 0 0 0 10} {0 2 3 4 0 0 0 8 0 0} {0 0 0 0 0 0 7 0 9 0}}
60 {5 6} {{1 0 0 0 0 0 0 0 0 10} {0 2 3 4 0 0 0 8 0 0} {0 0 0 0 0 0 7 0 9 0}}
61 {5 6} {{1 0 0 0 0 0 0 0 0 10} {0 2 3 4 0 0 0 8 0 0} {0 0 0 0 0 0 7 0 9 0}}
62 {5 6} {{1 0 0 0 0 0 0 0 0 10} {0 2 3 4 0 0 0 8 0 0} {0 0 0 0 0 0 7 0 9 0}}
63 {5 6} {{1 0 0 0 0 0 0 0 0 10} {0 2 3 4 0 0 0 8 0 0} {0 0 0 0 0 0 7 0 9 0}}
64 {5 6} {{1 0 0 0 0 0 0 0 0 10} {0 2 3 4 0 0 0 8 0 0} {0 0 0 0 0 0 7 0 9 0}}
65 {5 6} {{1 0 0 0 0 0 0 0 0 10} {0 2 3 4 0 0 0 8 0 0} {0 0 0 0 0 0 7 0 9 0}}
66 {5 6} {{1 0 0 0 0 0 0 0 0 10} {0 2 3 4 0 0 0 8 0 0} {0 0 0 0 0 0 7 0 9 0}}
67 {5 6} {{1 0 0 0 0 0 0 0 0 10} {0 2 3 4 0 0 0 8 0 0} {0 0 0 0 0 0 7 0 9 0}}
68 {5 6} {{1 0 0 0 0 0 0 0 0 10} {0 2 3 4 0 0 0 8 0 0} {0 0 0 0 0 0 7 0 9 0}}
69 {5 6} {{1 0 0 0 0 0 0 0 0 10} {0 2 3 4 0 0 0 8 0 0} {0 0 0 0 0 0 7 0 9 0}}
70 {5 6} {{1 0 0 0 0 0 0 0 0 10} {0 2 3 4 0 0 0 8 0 0} {0 0 0 0 0 0 7 0 9 0}}
71 {5 6} {{1 0 0 0 0 0 0 0 0 10} {0 2 3 4 0 0 0 8 0 0} {0 0 0 0 0 0 7 0 9 0}}
72 {5 6} {{1 0 0 0 0 0 0 0 0 10} {0 2 3 4 0 0 0 8 0 0} {0 0 0 0 0 0 7 0 9 0}}
73 {5 6} {{1 0 0 0 0 0 0 0 0 10} {0 2 3 4 0 0 0 8 0 0} {0 0 0 0 0 0 7 0 9 0}}
74 {5 6} {{1 0 0 0 0 0 0 0 0 10} {0 2 3 4 0 0 0 8 0 0} {0 0 0 0 0 0 7 0 9 0}}
75 {5 6} {{1 0 0 0 0 0 0 0 0 10} {0 2 3 4 0 0 0 8 0 0} {0 0 0 0 0 0 7 0 9 0}}
76 {5 6} {{1 0 0 0 0 0 0 0 0 10} {0 2 3 4 0 0 0 8 0 0} {0 0 0 0 0 0 7 0 9 0}}
77 {5 6} {{1 0 0 0 0 0 0 0 0 10} {0 2 3 4 0 0 0 8 0 0} {0 0 0 0 0 0 7 0 9 0}}
78 {5 6} {{1 0 0 0 0 0 0 0 0 10} {0 2 3 4 0 0 0 8 0 0} {0 0 0 0 0 0 7 0 9 0}}
79 {5 6} {{1 0 0 0 0 0 0 0 0 10} {0 2 3 4 0 0 0 8 0 0} {0 0 0 0 0 0 7 0 9 0}}
80 {5 6} {{1 0 0 0 0 0 0 0 0 10} {0 2 3 4 0 0 0 8 0 0} {0 0 0 0 0 0 7 0 9 0}}
81 {5 6} {{1 0 0 0 0 0 0 0 0 10} {0 2 3 4 0 0 0 8 0 0} {0 0 0 0 0 0 7 0 9 0}}
82 {5 6} {{1 0 0 0 0 0 0 0 0 10} {0 2 3 4 0 0 0 8 0 0} {0 0 0 0 0 0 7 0 9 0}}
83 {5 6} {{1 0 0 0 0 0 0 0 0 10} {0 2 3 4 0 0 0 8 0 0} {0 0 0 0 0 0 7 0 9 0}}
84 {5 6} {{1 0 0 0 0 0 0 0 0 10} {0 2 3 4 0 0 0 8 0 0} {0 0 0 0 0 0 7 0 9 0}}
85 {5 6} {{1 0 0 0 0 0 0 0 0 10} {0 2 3 4 0 0 0 8 0 0} {0 0 0 0 0 0 7 0 9 0}}
86 {5 6} {{1 0 0 0 0 0 0 0 0 10} {0 2 3 4 0 0 0 8 0 0} {0 0 0 0 0 0 7 0 9 0}}
87 {5 6} {{1 0 0 0 0 0 0 0 0 10} {0 2 3 4 0 0 0 8 0 0} {0 0 0 0 0 0 7 0 9 0}}
88 {5 6} {{1 0 0 0 0 0 0 0 0 10} {0 2 3 4 0 0 0 8 0 0} {0 0 0 0 0 0 7 0 9 0}}
89 {5 6} {{1 0 0 0 0 0 0 0 0 10} {0 2 3 4 0 0 0 8 0 0} {0 0 0 0 0 0 7 0 9 0}}
90 {5 6} {{1 0 0 0 0 0 0 0 0 10} {0 2 3 4 0 0 0 8 0 0} {0 0 0 0 0 0 7 0 9 0}}
91 {5 6} {{1 0 0 0 0 0 0 0 0 10} {0 2 3 4 0 0 0 8 0 0} {0 0 0 0 0 0 7 0 9 0}}
92 {5 6} {{1 0 0 0 0 0 0 0 0 10} {0 2 3 4 0 0 0 8 0 0} {0 0 0 0 0 0 7 0 9 0}}
93 {5 6} {{1 0 0 0 0 0 0 0 0 10} {0 2 3 4 0 0 0 8 0 0} {0 0 0 0 0 0 7 0 9 0}}
94 {5 6} {{1 0 0 0 0 0 0 0 0 10} {0 2 3 4 0 0 0 8 0 0} {0 0 0 0 0 0 7 0 9 0}}
95 {5 6} {{1 0 0 0 0 0 0 0 0 10} {0 2 3 4 0 0 0 8 0 0} {0 0 0 0 0 0 7 0 9 0}}
96 {5 6} {{1 0 0 0 0 0 0 0 0 10} {0 2 3 4 0 0 0 8 0 0} {0 0 0 0 0 0 7 0 9 0}}
97 {5 6} {{1 0 0 0 0 0 0 0 0 10} {0 2 3 4 0 0 0 8 0 0} {0 0 0 0 0 0 7 0 9 0}}
98 {5 6} {{1 0 0 0 0 0 0 0 0 10} {0 2 3 4 0 0 0 8 0 0} {0 0 0 0 0 0 7 0 9 0}}
99 {5 6} {{1 0 0 0 0 0 0 0 0 10} {0 2 3 4 0 0 0 8 0 0} {0 0 0 0 0 0 7 0 9 0}}
100 {5 6} {{1 0 0 0 0 0 0 0 0 10} {0 2 3 4 0 0 0 8 0 0} {0 0 0 0 0 0 7 0 9 0}}
101 {5 6} {{1 0 0 0 0 0 0 0 0 10} {0 2 3 4 0 0 0 8 0 0} {0 0 0 0 0 0 7 0 9 0}}
102 {5 6} {{1 0 0 0 0 0 0 0 0 10} {0 2 3 4 0 0 0 8 0 0} {0 0 0 0 0 0 7 0 9 0}}
103 {5 6} {{1 0 0 0 0 0 0 0 0 10} {0 2 3 4 0 0 0 8 0 0} {0 0 0 0 0 0 7 0 9 0}}
104 {5 6} {{1 0 0 0 0 0 0 0 0 10} {0 2 3 4 0 0 0 8 0 0} {0 0 0 0 0 0 7 0 9 0}}
105 {5 6} {{1 0 0 0 0 0 0 0 0 10} {0 2 3 4 0 0 0 8 0 0} {0 0 0 0 0 0 7 0 9 0}}
106 {5 6} {{1 0 0 0 0 0 0 0 0 10} {0 2 3 4 0 0 0 8 0 0} {0 0 0 0 0 0 7 0 9 0}}
107 {5 6} {{1 0 0 0 0 0 0 0 0 10} {0 2 3 4 0 0 0 8 0 0} {0 0 0 0 0 0 7 0 9 0}}
108 {5 6} {{1 0 0 0 0 0 0 0 0 10} {0 2 3 4 0 0 0 8 0 0} {0 0 0 0 0 0 7 0 9 0}}
109 {5 6} {{1 0 0 0 0 0 0 0 0 10} {0 2 3 4 0 0 0 8 0 0} {0 0 0 0 0 0 7 0 9 0}}
110 {5 6} {{1 0 0 0 0 0 0 0 0 10} {0 2 3 4 0 0 0 8 0 0} {0 0 0 0 0 0 7 0 9 0}}
111 {5 6} {{1 0 0 0 0 0 0 0 0 10} {0 2 3 4 0 0 0 8 0 0} {0 0 0 0 0 0 7 0 9 0}}
112 {5 6} {{1 0 0 0 0 0 0 0 0 10} {0 2 3 4 0 0 0 8 0 0} {0 0 0 0 0 0 7 0 9 0}}
113 {5 6} {{1 0 0 0 0 0 0 0 0 10} {0 2 3 4 0 0 0 8 0 0} {0 0 0 0 0 0 7 0 9 0}}
114 {5 6} {{1 0 0 0 0 0 0 0 0 10} {0 2 3 4 0 0 0 8 0 0} {0 0 0 0 0 0 7 0 9 0}}
115 {5 6} {{1 0 0 0 0 0 0 0 0 10} {0 2 3 4 0 0 0 8 0 0} {0 0 0 0 0 0 7 0 9 0}}
116 {5 6} {{1 0 0 0 0 0 0 0 0 10} {0 2 3 4 0 0 0 8 0 0} {0 0 0 0 0 0 7 0 9 0}}
117 {5 6} {{1 0 0 0 0 0 0 0 0 10} {0 2 3 4 0 0 0 8 0 0} {0 0 0 0 0 0 7 0 9 0}}
118 {5 6} {{1 0 0 0 0 0 0 0 0 10} {0 2 3 4 0 0 0 8 0 0} {0 0 0 0 0 0 7 0 9 0}}
119 {5 6} {{1 0 0 0 0 0 0 0 0 10} {0 2 3 4 0 0 0 8 0 0} {0 0 0 0 0 0 7 0 9 0}}
120 {5 6} {{1 0 0 0 0 0 0 0 0 10} {0 2 3 4 0 0 0 8 0 0} {0 0 0 0 0 0 7 0 9 0}}
121 {5 6} {{1 0 0 0 0 0 0 0 0 10} {0 2 3 4 0 0 0 8 0 0} {0 0 0 0 0 0 7 0 9 0}}
122 {5 6} {{1 0 0 0 0 0 0 0 0 10} {0 2 3 4 0 0 0 8 0 0} {0 0 0 0 0 0 7 0 9 0}}
123 {5 6} {{1 0 0 0 0 0 0 0 0 10} {0 2 3 4 0 0 0 8 0 0} {0 0 0 0 0 0 7 0 9 0}}
124 {5 6} {{1 0 0 0 0 0 0 0 0 10} {0 2 3 4 0 0 0 8 0 0} {0 0 0 0 0 0 7 0 9 0}}
125 {5 6} {{1 0 0 0 0 0 0 0 0 10} {0 2 3 4 0 0 0 8 0 0} {0 0 0 0 0 0 7 0 9 0}}
126 {5 6} {{1 0 0 0 0 0 0 0 0 10} {0 2 3 4 0 0 0 8 0 0} {0 0 0 0 0 0 7 0 9 0}}
127 {5 6} {{1 0 0 0 0 0 0 0 0 10} {0 2 3 4 0 0 0 8 0 0} {0 0 0 0 0 0 7 0 9 0}}
128 {5 6} {{1 0 0 0 0 0 0 0 0 10} {0 2 3 4 0 0 0 8 0 0} {0 0 0 0 0 0 7 0 9 0}}
129 {5 6} {{1 0 0 0 0 0 0 0 0 10} {0 2 3 4 0 0 0 8 0 0} {0 0 0 0 0 0 7 0 9 0}}
130 {5 6} {{1 0 0 0 0 0 0 0 0 10} {0 2 3 4 0 0 0 8 0 0} {0 0 0 0 0 0 7 0 9 0}}
131 {5 6} {{1 0 0 0 0 0 0 0 0 10} {0 2 3 4 0 0 0 8 0 0} {0 0 0 0 0 0 7 0 9 0}}
132 {5 6} {{1 0 0 0 0 0 0 0 0 10} {0 2 3 4 0 0 0 8 0 0} {0 0 0 0 0 0 7 0 9 0}}
133 {5 6} {{1 0 0 0 0 0 0 0 0 10} {0 2 3 4 0 0 0 8 0 0} {0 0 0 0 0 0 7 0 9 0}}
134 {5 6} {{1 0 0 0 0 0 0 0 0 10} {0 2 3 4 0 0 0 8 0 0} {0 0 0 0 0 0 7 0 9 0}}
135 {5 6} {{1 0 0 0 0 0 0 0 0 10} {0 2 3 4 0 0 0 8 0 0} {0 0 0 0 0 0 7 0 9 0}}
136 {5 6} {{1 0 0 0 0 0 0 0 0 10} {0 2 3 4 0 0 0 8 0 0} {0 0 0 0 0 0 7 0 9 0}}
137 {5 6} {{1 0 0 0 0 0 0 0 0 10} {0 2 3 4 0 0 0 8 0 0} {0 0 0 0 0 0 7 0 9 0}}
138 {5 6} {{1 0 0 0 0 0 0 0 0 10} {0 2 3 4 0 0 0 8 0 0} {0 0 0 0 0 0 7 0 9 0}}
139 {5 6} {{1 0 0 0 0 0 0 0 0 10} {0 2 3 4 0 0 0 8 0 0} {0 0 0 0 0 0 7 0 9 0}}
140 {5 6} {{1 0 0 0 0 0 0 0 0 10} {0 2 3 4 0 0 0 8 0 0} {0 0 0 0 0 0 7 0 9 0}}
141 {5 6} {{1 0 0 0 0 0 0 0 0 10} {0 2 3 4 0 0 0 8 0 0} {0 0 0 0 0 0 7 0 9 0}}
142 {5 6} {{1 0 0 0 0 0 0 0 0 10} {0 2 3 4 0 0 0 8 0 0} {0 0 0 0 0 0 7 0 9 0}}
143 {5 6} {{1 0 0 0 0 0 0 0 0 10} {0 2 3 4 0 0 0 8 0 0} {0 0 0 0 0 0 7 0 9 0}}
144 {5 6} {{1 0 0 0 0 0 0 0 0 10} {0 2 3 4 0 0 0 8 0 0} {0 0 0 0 0 0 7 0 9 0}}
145 {5 6} {{1 0 0 0 0 0 0 0 0 10} {0 2 3 4 0 0 0 8 0 0} {0 0 0 0 0 0 7 0 9 0}}
146 {5 6} {{1 0 0 0 0 0 0 0 0 10} {0 2 3 4 0 0 0 8 0 0} {0 0 0 0 0 0 7 0 9 0}}
147 {5 6} {{1 0 0 0 0 0 0 0 0 10} {0 2 3 4 0 0 0 8 0 0} {0 0 0 0 0 0 7 0 9 0}}
148 {5 6} {{1 0 0 0 0 0 0 0 0 10} {0 2 3 4 0 0 0 8 0 0} {0 0 0 0 0 0 7 0 9 0}}
149 {5 6} {{1 0 0 0 0 0 0 0 0 10} {0 2 3 4 0 0 0 8 0 0} {0 0 0 0 0 0 7 0 9 0}}
150 {5 6} {{1 0 0 0 0 0 0 0 0 10} {0 2 3 4 0 0 0 8 0 0} {0 0 0 0 0 0 7 0 9 0}}
151 {5 6} {{1 0 0 0 0 0 0 0 0 10} {0 2 3 4 0 0 0 8 0 0} {0 0 0 0 0 0 7 0 9 0}}
152 {5 6} {{1 0 0 0 0 0 0 0 0 10} {0 2 3 4 0 0 0 8 0 0} {0 0 0 0 0 0 7 0 9 0}}
153 {5 6} {{1 0 0 0 0 0 0 0 0 10} {0 2 3 4 0 0 0 8 0 0} {0 0 0 0 0 0 7 0 9 0}}
154 {5 6} {{1 0 0 0 0 0 0 0 0 10} {0 2 3 4 0 0 0 8 0 0} {0 0 0 0 0 0 7 0 9 0}}
155 {5 6} {{1 0 0 0 0 0 0 0 0 10} {0 2 3 4 0 0 0 8 0 0} {0 0 0 0 0 0 7 0 9 0}}
156 {5 6} {{1 0 0 0 0 0 0 0 0 10} {0 2 3 4 0 0 0 8 0 0} {0 0 0 0 0 0 7 0 9 0}}
157 {5 6} {{1 0 0 0 0 0 0 0 0 10} {0 2 3 4 0 0 0 8 0 0} {0 0 0 0 0 0 7 0 9 0}}
158 {5 6} {{1 0 0 0 0 0 0 0 0 10} {0 2 3 4 0 0 0 8 0 0} {0 0 0 0 0 0 7 0 9 0}}
159 {5 6} {{1 0 0 0 0 0 0 0 0 10} {0 2 3 4 0 0 0 8 0 0} {0 0 0 0 0 0 7 0 9 0}}
160 {5 6} {{1 0 0 0 0 0 0 0 0 10} {0 2 3 4 0 0 0 8 0 0} {0 0 0 0 0 0 7 0 9 0}}
161 {5 6} {{1 0 0 0 0 0 0 0 0 10} {0 2 3 4 0 0 0 8 0 0} {0 0 0 0 0 0 7 0 9 0}}
162 {5 6} {{1 0 0 0 0 0 0 0 0 10} {0 2 3 4 0 0 0 8 0 0} {0 0 0 0 0 0 7 0 9 0}}
163 {5 6} {{1 0 0 0 0 0 0 0 0 10} {0 2 3 4 0 0 0 8 0 0} {0 0 0 0 0 0 7 0 9 0}}
164 {5 6} {{1 0 0 0 0 0 0 0 0 10} {0 2 3 4 0 0 0 8 0 0} {0 0 0 0 0 0 7 0 9 0}}
165 {5 6} {{1 0 0 0 0 0 0 0 0 10} {0 2 3 4 0 0 0 8 0 0} {0 0 0 0 0 0 7 0 9 0}}
166 {5 6} {{1 0 0 0 0 0 0 0 0 10} {0 2 3 4 0 0 0 8 0 0} {0 0 0 0 0 0 7 0 9 0}}
167 {5 6} {{1 0 0 0 0 0 0 0 0 10} {0 2 3 4 0 0 0 8 0 0} {0 0 0 0 0 0 7 0 9 0}}
168 {5 6} {{1 0 0 0 0 0 0 0 0 10} {0 2 3 4 0 0 0 8 0 0} {0 0 0 0 0 0 7 0 9 0}}
169 {5 6} {{1 0 0 0 0 0 0 0 0 10} {0 2 3 4 0 0 0 8 0 0} {0 0 0 0 0 0 7 0 9 0}}
170 {5 6} {{1 0 0 0 0 0 0 0 0 10} {0 2 3 4 0 0 0 8 0 0} {0 0 0 0 0 0 7 0 9 0}}
171 {5 6} {{1 0 0 0 0 0 0 0 0 10} {0 2 3 4 0 0 0 8 0 0} {0 0 0 0 0 0 7 0 9 0}}
172 {5 6} {{1 0 0 0 0 0 0 0 0 10} {0 2 3 4 0 0 0 8 0 0} {0 0 0 0 0 0 7 0 9 0}}
173 {5 6} {{1 0 0 0 0 0 0 0 0 10} {0 2 3 4 0 0 0 8 0 0} {0 0 0 0 0 0 7 0 9 0}}
174 {5 6} {{1 0 0 0 0 0 0 0 0 10} {0 2 3 4 0 0 0 8 0 0} {0 0 0 0 0 0 7 0 9 0}}
175 {5 6} {{1 0 0 0 0 0 0 0 0 10} {0 2 3 4 0 0 0 8 0 0} {0 0 0 0 0 0 7 0 9 0}}
176 {5 6} {{1 0 0 0 0 0 0 0 0 10} {0 2 3 4 0 0 0 8 0 0} {0 0 0 0 0 0 7 0 9 0}}
177 {5 6} {{1 0 0 0 0 0 0 0 0 10} {0 2 3 4 0 0 0 8 0 0} {0 0 0 0 0 0 7 0 9 0}}
178 {5 6} {{1 0 0 0 0 0 0 0 0 10} {0 2 3 4 0 0 0 8 0 0} {0 0 0 0 0 0 7 0 9 0}}
179 {5 6} {{1 0 0 0 0 0 0 0 0 10} {0 2 3 4 0 0 0 8 0 0} {0 0 0 0 0 0 7 0 9 0}}
180 {5 6} {{1 0 0 0 0 0 0 0 0 10} {0 2 3 4 0 0 0 8 0 0} {0 0 0 0 0 0 7 0 9 0}}
181 {5 6} {{1 0 0 0 0 0 0 0 0 10} {0 2 3 4 0 0 0 8 0 0} {0 0 0 0 0 0 7 0 9 0}}
182 {5 6} {{1 0 0 0 0 0 0 0 0 10} {0 2 3 4 0 0 0 8 0 0} {0 0 0 0 0 0 7 0 9 0}}
183 {5 6} {{1 0 0 0 0 0 0 0 0 10} {0 2 3 4 0 0 0 8 0 0} {0 0 0 0 0 0 7 0 9 0}}
184 {5 6} {{1 0 0 0 0 0 0 0 0 10} {0 2 3 4 0 0 0 8 0 0} {0 0 0 0 0 0 7 0 9 0}}
185 {5 6} {{1 0 0 0 0 0 0 0 0 10} {0 2 3 4 0 0 0 8 0 0} {0 0 0 0 0 0 7 0 9 0}}
186 {5 6} {{1 0 0 0 0 0 0 0 0 10} {0 2 3 4 0 0 0 8 0 0} {0 0 0 0 0 0 7 0 9 0}}
187 {5 6} {{1 0 0 0 0 0 0 0 0 10} {0 2 3 4 0 0 0 8 0 0} {0 0 0 0 0 0 7 0 9 0}}
188 {5 6} {{1 0 0 0 0 0 0 0 0 10} {0 2 3 4 0 0 0 8 0 0} {0 0 0 0 0 0 7 0 9 0}}
189 {5 6} {{1 0 0 0 0 0 0 0 0 10} {0 2 3 4 0 0 0 8 0 0} {0 0 0 0 0 0 7 0 9 0}}
190 {5 6} {{1 0 0 0 0 0 0 0 0 10} {0 2 3 4 0 0 0 8 0 0} {0 0 0 0 0 0 7 0 9 0}}
191 {5 6} {{1 0 0 0 0 0 0 0 0 10} {0 2 3 4 0 0 0 8 0 0} {0 0 0 0 0 0 7 0 9 0}}
192 {5 6} {{1 0 0 0 0 0 0 0 0 10} {0 2 3 4 0 0 0 8 0 0} {0 0 0 0 0 0 7 0 9 0}}
193 {5 6} {{1 0 0 0 0 0 0 0 0 10} {0 2 3 4 0 0 0 8 0 0} {0 0 0 0 0 0 7 0 9 0}}
194 {5 6} {{1 0 0 0 0 0 0 0 0 10} {0 2 3 4 0 0 0 8 0 0} {0 0 0 0 0 0 7 0 9 0}}
195 {5 6} {{1 0 0 0 0 0 0 0 0 10} {0 2 3 4 0 0 0 8 0 0} {0 0 0 0 0 0 7 0 9 0}}
196 {5 6} {{1 0 0 0 0 0 0 0 0 10} {0 2 3 4 0 0 0 8 0 0} {0 0 0 0 0 0 7 0 9 0}}
197 {5 6} {{1 0 0 0 0 0 0 0 0 10} {0 2 3 4 0 0 0 8 0 0} {0 0 0 0 0 0 7 0 9 0}}
198 {5 6} {{1 0 0 0 0 0 0 0 0 10} {0 2 3 4 0 0 0 8 0 0} {0 0 0 0 0 0 7 0 9 0}}
199 {5 6} {{1 0 0 0 0 0 0 0 0 10} {0 2 3 4 0 0 0 8 0 0} {0 0 0 0 0 0 7 0 9 0}}
200 {5 6} {{1 0 0 0 0 0 0 0 0 10} {0 2 3 4 0 0 0 8 0 0} {0 0 0 0 0 0 7 0 9 0}}
201 {5 6} {{1 0 0 0 0 0 0 0 0 10} {0 2 3 4 0 0 0 8 0 0} {0 0 0 0 0 0 7 0 9 0}}
202 {5 6} {{1 0 0 0 0 0 0 0 0 10} {0 2 3 4 0 0 0 8 0 0} {0 0 0 0 0 0 7 0 9 0}}
203 {5 6} {{1 0 0 0 0 0 0 0 0 10} {0 2 3 4 0 0 0 8 0 0} {0 0 0 0 0 0 7 0 9 0}}
204 {5 6} {{1 0 0 0 0 0 0 0 0 10} {0 2 3 4 0 0 0 8 0 0} {0 0 0 0 0 0 7 0 9 0}}
205 {5 6} {{1 0 0 0 0 0 0 0 0 10} {0 2 3 4 0 0 0 8 0 0} {0 0 0 0 0 0 7 0 9 0}}
206 {5 6} {{1 0 0 0 0 0 0 0 0 10} {0 2 3 4 0 0 0 8 0 0} {0 0 0 0 0 0 7 0 9 0}}
207 {5 6} {{1 0 0 0 0 0 0 0 0 10} {0 2 3 4 0 0 0 8 0 0} {0 0 0 0 0 0 7 0 9 0}}
208 {5 6} {{1 0 0 0 0 0 0 0 0 10} {0 2 3 4 0 0 0 8 0 0} {0 0 0 0 0 0 7 0 9 0}}
209 {5 6} {{1 0 0 0 0 0 0 0 0 10} {0 2 3 4 0 0 0 8 0 0} {0 0 0 0 0 0 7 0 9 0}}
210 {5 6} {{1 0 0 0 0 0 0 0 0 10} {0 2 3 4 0 0 0 8 0 0} {0 0 0 0 0 0 7 0 9 0}}
211 {5 6} {{1 0 0 0 0 0 0 0 0 10} {0 2 3 4 0 0 0 8 0 0} {0 0 0 0 0 0 7 0 9 0}}
212 {5 6} {{1 0 0 0 0 0 0 0 0 10} {0 2 3 4 0 0 0 8 0 0} {0 0 0 0 0 0 7 0 9 0}}
213 {5 6} {{1 0 0 0 0 0 0 0 0 10} {0 2 3 4 0 0 0 8 0 0} {0 0 0 0 0 0 7 0 9 0}}
214 {5 6} {{1 0 0 0 0 0 0 0 0 10} {0 2 3 4 0 0 0 8 0 0} {0 0 0 0 0 0 7 0 9 0}}
215 {5 6} {{1 0 0 0 0 0 0 0 0 10} {0 2 3 4 0 0 0 8 0 0} {0 0 0 0 0 0 7 0 9 0}}
216 {5 6} {{1 0 0 0 0 0 0 0 0 10} {0 2 3 4 0 0 0 8 0 0} {0 0 0 0 0 0 7 0 9 0}}
217 {5 6} {{1 0 0 0 0 0 0 0 0 10} {0 2 3 4 0 0 0 8 0 0} {0 0 0 0 0 0 7 0 9 0}}
218 {5 6} {{1 0 0 0 0 0 0 0 0 10} {0 2 3 4 0 0 0 8 0 0} {0 0 0 0 0 0 7 0 9 0}}
219 {5 6} {{1 0 0 0 0 0 0 0 0 10} {0 2 3 4 0 0 0 8 0 0} {0 0 0 0 0 0 7 0 9 0}}
220 {5 6} {{1 0 0 0 0 0 0 0 0 10} {0 2 3 4 0 0 0 8 0 0} {0 0 0 0 0 0 7 0 9 0}}
221 {5 6} {{1 0 0 0 0 0 0 0 0 10} {0 2 3 4 0 0 0 8 0 0} {0 0 0 0 0 0 7 0 9 0}}
222 {5 6} {{1 0 0 0 0 0 0 0 0 10} {0 2 3 4 0 0 0 8 0 0} {0 0 0 0 0 0 7 0 9 0}}
223 {5 6} {{1 0 0 0 0 0 0 0 0 10} {0 2 3 4 0 0 0 8 0 0} {0 0 0 0 0 0 7 0 9 0}}
224 {5 6} {{1 0 0 0 0 0 0 0 0 10} {0 2 3 4 0 0 0 8 0 0} {0 0 0 0 0 0 7 0 9 0}}
225 {5 6} {{1 0 0 0 0 0 0 0 0 10} {0 2 3 4 0 0 0 8 0 0} {0 0 0 0 0 0 7 0 9 0}}
226 {5 6} {{1 0 0 0 0 0 0 0 0 10} {0 2 3 4 0 0 0 8 0 0} {0 0 0 0 0 0 7 0 9 0}}
227 {5 6} {{1 0 0 0 0 0 0 0 0 10} {0 2 3 4 0 0 0 8 0 0} {0 0 0 0 0 0 7 0 9 0}}
228 {5 6} {{1 0 0 0 0 0 0 0 0 10} {0 2 3 4 0 0 0 8 0 0} {0 0 0 0 0 0 7 0 9 0}}
229 {5 6} {{1 0 0 0 0 0 0 0 0 10} {0 2 3 4 0 0 0 8 0 0} {0 0 0 0 0 0 7 0 9 0}}
230 {5 6} {{1 0 0 0 0 0 0 0 0 10} {0 2 3 4 0 0 0 8 0 0} {0 0 0 0 0 0 7 0 9 0}}
231 {5 6} {{1 0 0 0 0 0 0 0 0 10} {0 2 3 4 0 0 0 8 0 0} {0 0 0 0 0 0 7 0 9 0}}
232 {5 6} {{1 0 0 0 0 0 0 0 0 10} {0 2 3 4 0 0 0 8 0 0} {0 0 0 0 0 0 7 0 9 0}}
233 {5 6} {{1 0 0 0 0 0 0 0 0 10} {0 2 3 4 0 0 0 8 0 0} {0 0 0 0 0 0 7 0 9 0}}
234 {5 6} {{1 0 0 0 0 0 0 0 0 10} {0 2 3 4 0 0 0 8 0 0} {0 0 0 0 0 0 7 0 9 0}}
235 {5 6} {{1 0 0 0 0 0 0 0 0 10} {0 2 3 4 0 0 0 8 0 0} {0 0 0 0 0 0 7 0 9 0}}
236 {5 6} {{1 0 0 0 0 0 0 0 0 10} {0 2 3 4 0 0 0 8 0 0} {0 0 0 0 0 0 7 0 9 0}}
237 {5 6} {{1 0 0 0 0 0 0 0 0 10} {0 2 3 4 0 0 0 8 0 0} {0 0 0 0 0 0 7 0 9 0}}
238 {5 6} {{1 0 0 0 0 0 0 0 0 10} {0 2 3 4 0 0 0 8 0 0} {0 0 0 0 0 0 7 0 9 0}}
239 {5 6} {{1 0 0 0 0 0 0 0 0 10} {0 2 3 4 0 0 0 8 0 0} {0 0 0 0 0 0 7 0 9 0}}
240 {5 6} {{1 0 0 0 0 0 0 0 0 10} {0 2 3 4 0 0 0 8 0 0} {0 0 0 0 0 0 7 0 9 0}}
241 {5 6} {{1 0 0 0 0 0 0 0 0 10} {0 2 3 4 0 0 0 8 0 0} {0 0 0 0 0 0 7 0 9 0}}
242 {5 6} {{1 0 0 0 0 0 0 0 0 10} {0 2 3 4 0 0 0 8 0 0} {0 0 0 0 0 0 7 0 9 0}}
243 {5 6} {{1 0 0 0 0 0 0 0 0 10} {0 2 3 4 0 0 0 8 0 0} {0 0 0 0 0 0 7 0 9 0}}
244 {5 6} {{1 0 0 0 0 0 0 0 0 10} {0 2 3 4 0 0 0 8 0 0} {0 0 0 0 0 0 7 0 9 0}}
245 {5 6} {{1 0 0 0 0 0 0 0 0 10} {0 2 3 4 0 0 0 8 0 0} {0 0 0 0 0 0 7 0 9 0}}
246 {5 6} {{1 0 0 0 0 0 0 0 0 10} {0 2 3 4 0 0 0 8 0 0} {0 0 0 0 0 0 7 0 9 0}}
247 {5 6} {{1 0 0 0 0 0 0 0 0 10} {0 2 3 4 0 0 0 8 0 0} {0 0 0 0 0 0 7 0 9 0}}
248 {5 6} {{1 0 0 0 0 0 0 0 0 10} {0 2 3 4 0 0 0 8 0 0} {0 0 0 0 0 0 7 0 9 0}}
249 {5 6} {{1 0 0 0 0 0 0 0 0 10} {0 2 3 4 0 0 0 8 0 0} {0 0 0 0 0 0 7 0 9 0}}
250 {5 6} {{1 0 0 0 0 0 0 0 0 10} {0 2 3 4 0 0 0 8 0 0} {0 0 0 0 0 0 7 0 9 0}}
251 {5 6} {{1 0 0 0 0 0 0 0 0 10} {0 2 3 4 0 0 0 8 0 0} {0 0 0 0 0 0 7 0 9 0}}
252 {5 6} {{1 0 0 0 0 0 0 0 0 10} {0 2 3 4 0 0 0 8 0 0} {0 0 0 0 0 0 7 0 9 0}}
253 {5 6} {{1 0 0 0 0 0 0 0 0 10} {0 2 3 4 0 0 0 8 0 0} {0 0 0 0 0 0 7 0 9 0}}
254 {5 6} {{1 0 0 0 0 0 0 0 0 10} {0 2 3 4 0 0 0 8 0 0} {0 0 0 0 0 0 7 0 9 0}}
255 {5 6} {{1 0 0 0 0 0 0 0 0 10} {0 2 3 4 0 0 0 8 0 0} {0 0 0 0 0 0 7 0 9 0}}
256 {5 6} {{1 0 0 0 0 0 0 0 0 10} {0 2 3 4 0 0 0 8 0 0} {0 0 0 0 0 0 7 0 9 0}}
257 {5 6} {{1 0 0 0 0 0 0 0 0 10} {0 2 3 4 0 0 0 8 0 0} {0 0 0 0 0 0 7 0 9 0}}
258 {5 6} {{1 0 0 0 0 0 0 0 0 10} {0 2 3 4 0 0 0 8 0 0} {0 0 0 0 0 0 7 0 9 0}}
259 {5 6} {{1 0 0 0 0 0 0 0 0 10} {0 2 3 4 0 0 0 8 0 0} {0 0 0 0 0 0 7 0 9 0}}
260 {5 6} {{1 0 0 0 0 0 0 0 0 10} {0 2 3 4 0 0 0 8 0 0} {0 0 0 0 0 0 7 0 9 0}}
261 {5 6} {{1 0 0 0 0 0 0 0 0 10} {0 2 3 4 0 0 0 8 0 0} {0 0 0 0 0 0 7 0 9 0}}
262 {5 6} {{1 0 0 0 0 0 0 0 0 10} {0 2 3 4 0 0 0 8 0 0} {0 0 0 0 0 0 7 0 9 0}}
263 {5 6} {{1 0 0 0 0 0 0 0 0 10} {0 2 3 4 0 0 0 8 0 0} {0 0 0 0 0 0 7 0 9 0}}
264 {5 6} {{1 0 0 0 0 0 0 0 0 10} {0 2 3 4 0 0 0 8 0 0} {0 0 0 0 0 0 7 0 9 0}}
265 {5 6} {{1 0 0 0 0 0 0 0 0 10} {0 2 3 4 0 0 0 8 0 0} {0 0 0 0 0 0 7 0 9 0}}
266 {5 6} {{1 0 0 0 0 0 0 0 0 10} {0 2 3 4 0 0 0 8 0 0} {0 0 0 0 0 0 7 0 9 0}}
267 {5 6} {{1 0 0 0 0 0 0 0 0 10} {0 2 3 4 0 0 0 8 0 0} {0 0 0 0 0 0 7 0 9 0}}
268 {5 6} {{1 0 0 0 0 0 0 0 0 10} {0 2 3 4 0 0 0 8 0 0} {0 0 0 0 0 0 7 0 9 0}}
269 {5 6} {{1 0 0 0 0 0 0 0 0 10} {0 2 3 4 0 0 0 8 0 0} {0 0 0 0 0 0 7 0 9 0}}
270 {5 6} {{1 0 0 0 0 0 0 0 0 10} {0 2 3 4 0 0 0 8 0 0} {0 0 0 0 0 0 7 0 9 0}}
271 {5 6} {{1 0 0 0 0 0 0 0 0 10} {0 2 3 4 0 0 0 8 0 0} {0 0 0 0 0 0 7 0 9 0}}
272 {5 6} {{1 0 0 0 0 0 0 0 0 10} {0 2 3 4 0 0 0 8 0 0} {0 0 0 0 0 0 7 0 9 0}}
273 {5 6} {{1 0 0 0 0 0 0 0 0 10} {0 2 3 4 0 0 0 8 0 0} {0 0 0 0 0 0 7 0 9 0}}
274 {5 6} {{1 0 0 0 0 0 0 0 0 10} {0 2 3 4 0 0 0 8 0 0} {0 0 0 0 0 0 7 0 9 0}}
275 {5 6} {{1 0 0 0 0 0 0 0 0 10} {0 2 3 4 0 0 0 8 0 0} {0 0 0 0 0 0 7 0 9 0}}
276 {5 6} {{1 0 0 0 0 0 0 0 0 10} {0 2 3 4 0 0 0 8 0 0} {0 0 0 0 0 0 7 0 9 0}}
277 {5 6} {{1 0 0 0 0 0 0 0 0 10} {0 2 3 4 0 0 0 8 0 0} {0 0 0 0 0 0 7 0 9 0}}
278 {5 6} {{1 0 0 0 0 0 0 0 0 10} {0 2 3 4 0 0 0 8 0 0} {0 0 0 0 0 0 7 0 9 0}}
279 {5 6} {{1 0 0 0 0 0 0 0 0 10} {0 2 3 4 0 0 0 8 0 0} {0 0 0 0 0 0 7 0 9 0}}
280 {5 6} {{1 0 0 0 0 0 0 0 0 10} {0 2 3 4 0 0 0 8 0 0} {0 0 0 0 0 0 7 0 9 0}}
281 {5 6} {{1 0 0 0 0 0 0 0 0 10} {0 2 3 4 0 0 0 8 0 0} {0 0 0 0 0 0 7 0 9 0}}
282 {5 6} {{1 0 0 0 0 0 0 0 0 10} {0 2 3 4 0 0 0 8 0 0} {0 0 0 0 0 0 7 0 9 0}}
283 {5 6} {{1 0 0 0 0 0 0 0 0 10} {0 2 3 4 0 0 0 8 0 0} {0 0 0 0 0 0 7 0 9 0}}
284 {5 6} {{1 0 0 0 0 0 0 0 0 10} {0 2 3 4 0 0 0 8 0 0} {0 0 0 0 0 0 7 0 9 0}}
285 {5 6} {{1 0 0 0 0 0 0 0 0 10} {0 2 3 4 0 0 0 8 0 0} {0 0 0 0 0 0 7 0 9 0}}
286 {5 6} {{1 0 0 0 0 0 0 0 0 10} {0 2 3 4 0 0 0 8 0 0} {0 0 0 0 0 0 7 0 9 0}}
287 {5 6} {{1 0 0 0 0 0 0 0 0 10} {0 2 3 4 0 0 0 8 0 0} {0 0 0 0 0 0 7 0 9 0}}
288 {5 6} {{1 0 0 0 0 0 0 0 0 10} {0 2 3 4 0 0 0 8 0 0} {0 0 0 0 0 0 7 0 9 0}}
289 {5 6} {{1 0 0 0 0 0 0 0 0 10} {0 2 3 4 0 0 0 8 0 0} {0 0 0 0 0 0 7 0 9 0}}
290 {5 6} {{1 0 0 0 0 0 0 0 0 10} {0 2 3 4 0 0 0 8 0 0} {0 0 0 0 0 0 7 0 9 0}}
291 {5 6} {{1 0 0 0 0 0 0 0 0 10} {0 2 3 4 0 0 0 8 0 0} {0 0 0 0 0 0 7 0 9 0}}
292 {5 6} {{1 0 0 0 0 0 0 0 0 10} {0 2 3 4 0 0 0 8 0 0} {0 0 0 0 0 0 7 0 9 0}}
293 {5 6} {{1 0 0 0 0 0 0 0 0 10} {0 2 3 4 0 0 0 8 0 0} {0 0 0 0 0 0 7 0 9 0}}
294 {5 6} {{1 0 0 0 0 0 0 0 0 10} {0 2 3 4 0 0 0 8 0 0} {0 0 0 0 0 0 7 0 9 0}}
295 {5 6} {{1 0 0 0 0 0 0 0 0 10} {0 2 3 4 0 0 0 8 0 0} {0 0 0 0 0 0 7 0 9 0}}
296 {5 6} {{1 0 0 0 0 0 0 0 0 10} {0 2 3 4 0 0 0 8 0 0} {0 0 0 0 0 0 7 0 9 0}}
297 {5 6} {{1 0 0 0 0 0 0 0 0 10} {0 2 3 4 0 0 0 8 0 0} {0 0 0 0 0 0 7 0 9 0}}
298 {5 6} {{1 0 0 0 0 0 0 0 0 10} {0 2 3 4 0 0 0 8 0 0} {0 0 0 0 0 0 7 0 9 0}}
299 {5 6} {{1 0 0 0 0 0 0 0 0 10} {0 2 3 4 0 0 0 8 0 0} {0 0 0 0 0 0 7 0 9 0}}
300 {5 6} {{1 0 0 0 0 0 0 0 0 10} {0 2 3 4 0 0 0 8 0 0} {0 0 0 0 0 0 7 0 9 0}}
301 {5 6} {{1 0 0 0 0 0 0 0 0 10} {0 2 3 4 0 0 0 8 0 0} {0 0 0 0 0 0 7 0 9 0}}
302 {5 6} {{1 0 0 0 0 0 0 0 0 10} {0 2 3 4 0 0 0 8 0 0} {0 0 0 0 0 0 7 0 9 0}}
303 5 {{1 0 0 0 0 0 0 0 0 10} {0 2 3 4 0 0 0 8 0 0} {0 0 0 0 0 6 7 0 9 0}}
304 5 {{1 0 0 0 0 0 0 0 0 10} {0 2 3 4 0 0 0 8 0 0} {0 0 0 0 0 6 7 0 9 0}}
305 5 {{1 0 0 0 0 0 0 0 0 10} {0 2 3 4 0 0 0 8 0 0} {0 0 0 0 0 6 7 0 9 0}}
306 5 {{1 0 0 0 0 0 0 0 0 10} {0 2 3 4 0 0 0 8 0 0} {0 0 0 0 0 6 7 0 9 0}}
307 5 {{1 0 0 0 0 0 0 0 0 10} {0 2 3 4 0 0 0 8 0 0} {0 0 0 0 0 6 7 0 9 0}}
308 5 {{1 0 0 0 0 0 0 0 0 10} {0 2 3 4 0 0 0 8 0 0} {0 0 0 0 0 6 7 0 9 0}}
309 5 {{1 0 0 0 0 0 0 0 0 10} {0 2 3 4 0 0 0 8 0 0} {0 0 0 0 0 6 7 0 9 0}}
310 5 {{1 0 0 0 0 0 0 0 0 10} {0 2 3 4 0 0 0 8 0 0} {0 0 0 0 0 6 7 0 9 0}}
311 5 {{1 0 0 0 0 0 0 0 0 10} {0 2 3 4 0 0 0 8 0 0} {0 0 0 0 0 6 7 0 9 0}}
312 5 {{1 0 0 0 0 0 0 0 0 10} {0 2 3 4 0 0 0 8 0 0} {0 0 0 0 0 6 7 0 9 0}}
313 5 {{1 0 0 0 0 0 0 0 0 10} {0 2 3 4 0 0 0 8 0 0} {0 0 0 0 0 6 7 0 9 0}}
314 5 {{1 0 0 0 0 0 0 0 0 10} {0 2 3 4 0 0 0 8 0 0} {0 0 0 0 0 6 7 0 9 0}}
315 5 {{1 0 0 0 0 0 0 0 0 10} {0 2 3 4 0 0 0 8 0 0} {0 0 0 0 0 6 7 0 9 0}}
316 5 {{1 0 0 0 0 0 0 0 0 10} {0 2 3 4 0 0 0 8 0 0} {0 0 0 0 0 6 7 0 9 0}}
317 5 {{1 0 0 0 0 0 0 0 0 10} {0 2 3 4 0 0 0 8 0 0} {0 0 0 0 0 6 7 0 9 0}}
318 5 {{1 0 0 0 0 0 0 0 0 10} {0 2 3 4 0 0 0 8 0 0} {0 0 0 0 0 6 7 0 9 0}}
319 5 {{1 0 0 0 0 0 0 0 0 10} {0 2 3 4 0 0 0 8 0 0} {0 0 0 0 0 6 7 0 9 0}}
320 5 {{1 0 0 0 0 0 0 0 0 10} {0 2 3 4 0 0 0 8 0 0} {0 0 0 0 0 6 7 0 9 0}}
321 5 {{1 0 0 0 0 0 0 0 0 10} {0 2 3 4 0 0 0 8 0 0} {0 0 0 0 0 6 7 0 9 0}}
322 5 {{1 0 0 0 0 0 0 0 0 10} {0 2 3 4 0 0 0 8 0 0} {0 0 0 0 0 6 7 0 9 0}}
323 5 {{1 0 0 0 0 0 0 0 0 10} {0 2 3 4 0 0 0 8 0 0} {0 0 0 0 0 6 7 0 9 0}}
324 5 {{1 0 0 0 0 0 0 0 0 10} {0 2 3 4 0 0 0 8 0 0} {0 0 0 0 0 6 7 0 9 0}}
325 5 {{1 0 0 0 0 0 0 0 0 10} {0 2 3 4 0 0 0 8 0 0} {0 0 0 0 0 6 7 0 9 0}}
326 5 {{1 0 0 0 0 0 0 0 0 10} {0 2 3 4 0 0 0 8 0 0} {0 0 0 0 0 6 7 0 9 0}}
327 5 {{1 0 0 0 0 0 0 0 0 10} {0 2 3 4 0 0 0 8 0 0} {0 0 0 0 0 6 7 0 9 0}}
328 {} {{1 0 0 0 0 0 0 0 0 10} {0 2 3 4 0 0 0 8 0 0} {0 0 0 0 5 6 7 0 9 0}}
329 {} {{1 0 0 0 0 0 0 0 0 10} {0 2 3 4 0 0 0 8 0 0} {0 0 0 0 5 6 7 0 9 0}}
330 {} {{1 0 0 0 0 0 0 0 0 10} {0 2 3 4 0 0 0 8 0 0} {0 0 0 0 5 6 7 0 9 0}}
331 {} {{1 0 0 0 0 0 0 0 0 10} {0 2 3 4 0 0 0 8 0 0} {0 0 0 0 5 6 7 0 9 0}}
332 {} {{1 0 0 0 0 0 0 0 0 10} {0 2 3 4 0 0 0 8 0 0} {0 0 0 0 5 6 7 0 9 0}}
333 {} {{1 0 0 0 0 0 0 0 0 10} {0 2 3 4 0 0 0 8 0 0} {0 0 0 0 5 6 7 0 9 0}}
334 {} {{1 0 0 0 0 0 0 0 0 10} {0 2 3 4 0 0 0 8 0 0} {0 0 0 0 5 6 7 0 9 0}}
335 {} {{1 0 0 0 0 0 0 0 0 10} {0 2 3 4 0 0 0 8 0 0} {0 0 0 0 5 6 7 0 9 0}}
336 {} {{1 0 0 0 0 0 0 0 0 10} {0 2 3 4 0 0 0 8 0 0} {0 0 0 0 5 6 7 0 9 0}}
337 {} {{1 0 0 0 0 0 0 0 0 10} {0 2 3 4 0 0 0 8 0 0} {0 0 0 0 5 6 7 0 9 0}}
338 {} {{1 0 0 0 0 0 0 0 0 10} {0 2 3 4 0 0 0 8 0 0} {0 0 0 0 5 6 7 0 9 0}}
339 {} {{1 0 0 0 0 0 0 0 0 10} {0 2 3 4 0 0 0 8 0 0} {0 0 0 0 5 6 7 0 9 0}}
340 {} {{1 0 0 0 0 0 0 0 0 10} {0 2 3 4 0 0 0 8 0 0} {0 0 0 0 5 6 7 0 9 0}}
341 {} {{1 0 0 0 0 0 0 0 0 10} {0 2 3 4 0 0 0 8 0 0} {0 0 0 0 5 6 7 0 9 0}}
342 {} {{1 0 0 0 0 0 0 0 0 10} {0 2 3 4 0 0 0 8 0 0} {0 0 0 0 5 6 7 0 9 0}}
343 {} {{1 0 0 0 0 0 0 0 0 10} {0 2 3 4 0 0 0 8 0 0} {0 0 0 0 5 6 7 0 9 0}}
344 {} {{1 0 0 0 0 0 0 0 0 10} {0 2 3 4 0 0 0 8 0 0} {0 0 0 0 5 6 7 0 9 0}}
345 {} {{1 0 0 0 0 0 0 0 0 10} {0 2 3 4 0 0 0 8 0 0} {0 0 0 0 5 6 7 0 9 0}}
346 {} {{1 0 0 0 0 0 0 0 0 10} {0 2 3 4 0 0 0 8 0 0} {0 0 0 0 5 6 7 0 9 0}}
347 {} {{1 0 0 0 0 0 0 0 0 10} {0 2 3 4 0 0 0 8 0 0} {0 0 0 0 5 6 7 0 9 0}}
348 {} {{1 0 0 0 0 0 0 0 0 10} {0 2 3 4 0 0 0 8 0 0} {0 0 0 0 5 6 7 0 9 0}}
349 {} {{1 0 0 0 0 0 0 0 0 10} {0 2 3 4 0 0 0 8 0 0} {0 0 0 0 5 6 7 0 9 0}}
350 {} {{1 0 0 0 0 0 0 0 0 10} {0 2 3 4 0 0 0 8 0 0} {0 0 0 0 5 6 7 0 9 0}}
351 {} {{1 0 0 0 0 0 0 0 0 10} {0 2 3 4 0 0 0 8 0 0} {0 0 0 0 5 6 7 0 9 0}}
352 {} {{1 0 0 0 0 0 0 0 0 10} {0 2 3 4 0 0 0 8 0 0} {0 0 0 0 5 6 7 0 9 0}}
353 {} {{1 0 0 0 0 0 0 0 0 10} {0 2 3 4 0 0 0 8 0 0} {0 0 0 0 5 6 7 0 9 0}}
354 {} {{1 0 0 0 0 0 0 0 0 10} {0 2 3 4 0 0 0 8 0 0} {0 0 0 0 5 6 7 0 9 0}}
355 {} {{1 0 0 0 0 0 0 0 0 10} {0 2 3 4 0 0 0 8 0 0} {0 0 0 0 5 6 7 0 9 0}}
356 {} {{1 0 0 0 0 0 0 0 0 10} {0 2 3 4 0 0 0 8 0 0} {0 0 0 0 5 6 7 0 9 0}}
357 {} {{1 0 0 0 0 0 0 0 0 10} {0 2 3 4 0 0 0 8 0 0} {0 0 0 0 5 6 7 0 9 0}}
358 {} {{1 0 0 0 0 0 0 0 0 10} {0 2 3 4 0 0 0 8 0 0} {0 0 0 0 5 6 7 0 9 0}}
359 {} {{1 0 0 0 0 0 0 0 0 10} {0 2 3 4 0 0 0 8 0 0} {0 0 0 0 5 6 7 0 9 0}}
360 {} {{1 0 0 0 0 0 0 0 0 10} {0 2 3 4 0 0 0 8 0 0} {0 0 0 0 5 6 7 0 9 0}}
361 {} {{1 0 0 0 0 0 0 0 0 10} {0 2 3 4 0 0 0 8 0 0} {0 0 0 0 5 6 7 0 9 0}}
362 {} {{1 0 0 0 0 0 0 0 0 10} {0 2 3 4 0 0 0 8 0 0} {0 0 0 0 5 6 7 0 9 0}}
363 {} {{1 0 0 0 0 0 0 0 0 10} {0 2 3 4 0 0 0 8 0 0} {0 0 0 0 5 6 7 0 9 0}}
364 {} {{1 0 0 0 0 0 0 0 0 10} {0 2 3 4 0 0 0 8 0 0} {0 0 0 0 5 6 7 0 9 0}}
365 {} {{1 0 0 0 0 0 0 0 0 10} {0 2 3 4 0 0 0 8 0 0} {0 0 0 0 5 6 7 0 9 0}}
366 {} {{1 0 0 0 0 0 0 0 0 10} {0 2 3 4 0 0 0 8 0 0} {0 0 0 0 5 6 7 0 9 0}}
367 {} {{1 0 0 0 0 0 0 0 0 10} {0 2 3 4 0 0 0 8 0 0} {0 0 0 0 5 6 7 0 9 0}}
368 {} {{1 0 0 0 0 0 0 0 0 10} {0 2 3 4 0 0 0 8 0 0} {0 0 0 0 5 6 7 0 9 0}}
369 {} {{1 0 0 0 0 0 0 0 0 10} {0 2 3 4 0 0 0 8 0 0} {0 0 0 0 5 6 7 0 9 0}}
370 {} {{1 0 0 0 0 0 0 0 0 10} {0 2 3 4 0 0 0 8 0 0} {0 0 0 0 5 6 7 0 9 0}}
371 {} {{1 0 0 0 0 0 0 0 0 10} {0 2 3 4 0 0 0 8 0 0} {0 0 0 0 5 6 7 0 9 0}}
372 {} {{1 0 0 0 0 0 0 0 0 10} {0 2 3 4 0 0 0 8 0 0} {0 0 0 0 5 6 7 0 9 0}}
373 {} {{1 0 0 0 0 0 0 0 0 10} {0 2 3 4 0 0 0 8 0 0} {0 0 0 0 5 6 7 0 9 0}}
374 {} {{1 0 0 0 0 0 0 0 0 10} {0 2 3 4 0 0 0 8 0 0} {0 0 0 0 5 6 7 0 9 0}}
375 {} {{1 0 0 0 0 0 0 0 0 10} {0 2 3 4 0 0 0 8 0 0} {0 0 0 0 5 6 7 0 9 0}}
376 {} {{1 0 0 0 0 0 0 0 0 10} {0 2 3 4 0 0 0 8 0 0} {0 0 0 0 5 6 7 0 9 0}}
377 {} {{1 0 0 0 0 0 0 0 0 10} {0 2 3 4 0 0 0 8 0 0} {0 0 0 0 5 6 7 0 9 0}}
378 {} {{1 0 0 0 0 0 0 0 0 10} {0 2 3 4 0 0 0 8 0 0} {0 0 0 0 5 6 7 0 9 0}}
379 {} {{1 0 0 0 0 0 0 0 0 10} {0 2 3 4 0 0 0 8 0 0} {0 0 0 0 5 6 7 0 9 0}}
380 {} {{1 0 0 0 0 0 0 0 0 10} {0 2 3 4 0 0 0 8 0 0} {0 0 0 0 5 6 7 0 9 0}}
381 {} {{1 0 0 0 0 0 0 0 0 10} {0 2 3 4 0 0 0 8 0 0} {0 0 0 0 5 6 7 0 9 0}}
382 {} {{1 0 0 0 0 0 0 0 0 10} {0 2 3 4 0 0 0 8 0 0} {0 0 0 0 5 6 7 0 9 0}}
383 {} {{1 0 0 0 0 0 0 0 0 10} {0 2 3 4 0 0 0 8 0 0} {0 0 0 0 5 6 7 0 9 0}}
384 {} {{1 0 0 0 0 0 0 0 0 10} {0 2 3 4 0 0 0 8 0 0} {0 0 0 0 5 6 7 0 9 0}}
385 {} {{1 0 0 0 0 0 0 0 0 10} {0 2 3 4 0 0 0 8 0 0} {0 0 0 0 5 6 7 0 9 0}}
386 {} {{1 0 0 0 0 0 0 0 0 10} {0 2 3 4 0 0 0 8 0 0} {0 0 0 0 5 6 7 0 9 0}}
387 {} {{1 0 0 0 0 0 0 0 0 10} {0 2 3 4 0 0 0 8 0 0} {0 0 0 0 5 6 7 0 9 0}}
388 {} {{1 0 0 0 0 0 0 0 0 10} {0 2 3 4 0 0 0 8 0 0} {0 0 0 0 5 6 7 0 9 0}}
389 {} {{1 0 0 0 0 0 0 0 0 10} {0 2 3 4 0 0 0 8 0 0} {0 0 0 0 5 6 7 0 9 0}}
390 {} {{1 0 0 0 0 0 0 0 0 10} {0 2 3 4 0 0 0 8 0 0} {0 0 0 0 5 6 7 0 9 0}}
391 {} {{1 0 0 0 0 0 0 0 0 10} {0 2 3 4 0 0 0 8 0 0} {0 0 0 0 5 6 7 0 9 0}}
392 {} {{1 0 0 0 0 0 0 0 0 10} {0 2 3 4 0 0 0 8 0 0} {0 0 0 0 5 6 7 0 9 0}}
393 {} {{1 0 0 0 0 0 0 0 0 10} {0 2 3 4 0 0 0 8 0 0} {0 0 0 0 5 6 7 0 9 0}}
394 {} {{1 0 0 0 0 0 0 0 0 10} {0 2 3 4 0 0 0 8 0 0} {0 0 0 0 5 6 7 0 9 0}}
395 {} {{1 0 0 0 0 0 0 0 0 10} {0 2 3 4 0 0 0 8 0 0} {0 0 0 0 5 6 7 0 9 0}}
396 {} {{1 0 0 0 0 0 0 0 0 10} {0 2 3 4 0 0 0 8 0 0} {0 0 0 0 5 6 7 0 9 0}}
397 {} {{1 0 0 0 0 0 0 0 0 10} {0 2 3 4 0 0 0 8 0 0} {0 0 0 0 5 6 7 0 9 0}}
398 {} {{1 0 0 0 0 0 0 0 0 10} {0 2 3 4 0 0 0 8 0 0} {0 0 0 0 5 6 7 0 9 0}}
399 {} {{1 0 0 0 0 0 0 0 0 10} {0 2 3 4 0 0 0 8 0 0} {0 0 0 0 5 6 7 0 9 0}}
400 {} {{1 0 0 0 0 0 0 0 0 10} {0 2 3 4 0 0 0 8 0 0} {0 0 0 0 5 6 7 0 9 0}}
401 {} {{1 0 0 0 0 0 0 0 0 10} {0 2 3 4 0 0 0 8 0 0} {0 0 0 0 5 6 7 0 9 0}}
402 {} {{1 0 0 0 0 0 0 0 0 10} {0 2 3 4 0 0 0 8 0 0} {0 0 0 0 5 6 7 0 9 0}}
403 {} {{1 0 0 0 0 0 0 0 0 10} {0 2 3 4 0 0 0 8 0 0} {0 0 0 0 5 6 7 0 9 0}}
404 {} {{1 0 0 0 0 0 0 0 0 10} {0 2 3 4 0 0 0 8 0 0} {0 0 0 0 5 6 7 0 9 0}}
405 {} {{1 0 0 0 0 0 0 0 0 10} {0 2 3 4 0 0 0 8 0 0} {0 0 0 0 5 6 7 0 9 0}}
406 {} {{1 0 0 0 0 0 0 0 0 10} {0 2 3 4 0 0 0 8 0 0} {0 0 0 0 5 6 7 0 9 0}}
407 {} {{1 0 0 0 0 0 0 0 0 10} {0 2 3 4 0 0 0 8 0 0} {0 0 0 0 5 6 7 0 9 0}}
408 {} {{1 0 0 0 0 0 0 0 0 10} {0 2 3 4 0 0 0 8 0 0} {0 0 0 0 5 6 7 0 9 0}}
409 {} {{1 0 0 0 0 0 0 0 0 10} {0 2 3 4 0 0 0 8 0 0} {0 0 0 0 5 6 7 0 9 0}}
410 {} {{1 0 0 0 0 0 0 0 0 10} {0 2 3 4 0 0 0 8 0 0} {0 0 0 0 5 6 7 0 9 0}}
411 {} {{1 0 0 0 0 0 0 0 0 10} {0 2 3 4 0 0 0 8 0 0} {0 0 0 0 5 6 7 0 9 0}}
412 {} {{1 0 0 0 0 0 0 0 0 10} {0 2 3 4 0 0 0 8 0 0} {0 0 0 0 5 6 7 0 9 0}}
413 {} {{1 0 0 0 0 0 0 0 0 10} {0 2 3 4 0 0 0 8 0 0} {0 0 0 0 5 6 7 0 9 0}}
414 {} {{1 0 0 0 0 0 0 0 0 10} {0 2 3 4 0 0 0 8 0 0} {0 0 0 0 5 6 7 0 9 0}}
415 {} {{1 0 0 0 0 0 0 0 0 10} {0 2 3 4 0 0 0 8 0 0} {0 0 0 0 5 6 7 0 9 0}}
416 {} {{1 0 0 0 0 0 0 0 0 10} {0 2 3 4 0 0 0 8 0 0} {0 0 0 0 5 6 7 0 9 0}}
417 {} {{1 0 0 0 0 0 0 0 0 10} {0 2 3 4 0 0 0 8 0 0} {0 0 0 0 5 6 7 0 9 0}}
418 {} {{1 0 0 0 0 0 0 0 0 10} {0 2 3 4 0 0 0 8 0 0} {0 0 0 0 5 6 7 0 9 0}}
419 {} {{1 0 0 0 0 0 0 0 0 10} {0 2 3 4 0 0 0 8 0 0} {0 0 0 0 5 6 7 0 9 0}}
420 {} {{1 0 0 0 0 0 0 0 0 10} {0 2 3 4 0 0 0 8 0 0} {0 0 0 0 5 6 7 0 9 0}}
421 {} {{1 0 0 0 0 0 0 0 0 10} {0 2 3 4 0 0 0 8 0 0} {0 0 0 0 5 6 7 0 9 0}}
422 {} {{1 0 0 0 0 0 0 0 0 10} {0 2 3 4 0 0 0 8 0 0} {0 0 0 0 5 6 7 0 9 0}}
423 {} {{1 0 0 0 0 0 0 0 0 10} {0 2 3 4 0 0 0 8 0 0} {0 0 0 0 5 6 7 0 9 0}}
424 {} {{1 0 0 0 0 0 0 0 0 10} {0 2 3 4 0 0 0 8 0 0} {0 0 0 0 5 6 7 0 9 0}}
425 {} {{1 0 0 0 0 0 0 0 0 10} {0 2 3 4 0 0 0 8 0 0} {0 0 0 0 5 6 7 0 9 0}}
426 {} {{1 0 0 0 0 0 0 0 0 10} {0 2 3 4 0 0 0 8 0 0} {0 0 0 0 5 6 7 0 9 0}}
427 {} {{1 0 0 0 0 0 0 0 0 10} {0 2 3 4 0 0 0 8 0 0} {0 0 0 0 5 6 7 0 9 0}}
428 {} {{1 0 0 0 0 0 0 0 0 10} {0 2 3 4 0 0 0 8 0 0} {0 0 0 0 5 6 7 0 9 0}}
429 {} {{1 0 0 0 0 0 0 0 0 10} {0 2 3 4 0 0 0 8 0 0} {0 0 0 0 5 6 7 0 9 0}}
430 {} {{1 0 0 0 0 0 0 0 0 10} {0 2 3 4 0 0 0 8 0 0} {0 0 0 0 5 6 7 0 9 0}}
431 {} {{1 0 0 0 0 0 0 0 0 10} {0 2 3 4 0 0 0 8 0 0} {0 0 0 0 5 6 7 0 9 0}}
432 {} {{1 0 0 0 0 0 0 0 0 10} {0 2 3 4 0 0 0 8 0 0} {0 0 0 0 5 6 7 0 9 0}}
433 {} {{1 0 0 0 0 0 0 0 0 10} {0 2 3 4 0 0 0 8 0 0} {0 0 0 0 5 6 7 0 9 0}}
434 {} {{1 0 0 0 0 0 0 0 0 10} {0 2 3 4 0 0 0 8 0 0} {0 0 0 0 5 6 7 0 9 0}}
435 {} {{1 0 0 0 0 0 0 0 0 10} {0 2 3 4 0 0 0 8 0 0} {0 0 0 0 5 6 7 0 9 0}}
436 {} {{1 0 0 0 0 0 0 0 0 10} {0 2 3 4 0 0 0 8 0 0} {0 0 0 0 5 6 7 0 9 0}}
437 {} {{1 0 0 0 0 0 0 0 0 10} {0 2 3 4 0 0 0 8 0 0} {0 0 0 0 5 6 7 0 9 0}}
438 {} {{1 0 0 0 0 0 0 0 0 10} {0 2 3 4 0 0 0 8 0 0} {0 0 0 0 5 6 7 0 9 0}}
439 {} {{1 0 0 0 0 0 0 0 0 10} {0 2 3 4 0 0 0 8 0 0} {0 0 0 0 5 6 7 0 9 0}}
440 {} {{1 0 0 0 0 0 0 0 0 10} {0 2 3 4 0 0 0 8 0 0} {0 0 0 0 5 6 7 0 9 0}}
441 {} {{1 0 0 0 0 0 0 0 0 10} {0 2 3 4 0 0 0 8 0 0} {0 0 0 0 5 6 7 0 9 0}}
442 {} {{1 0 0 0 0 0 0 0 0 10} {0 2 3 4 0 0 0 8 0 0} {0 0 0 0 5 6 7 0 9 0}}
443 {} {{1 0 0 0 0 0 0 0 0 10} {0 2 3 4 0 0 0 8 0 0} {0 0 0 0 5 6 7 0 9 0}}
444 {} {{1 0 0 0 0 0 0 0 0 10} {0 2 3 4 0 0 0 8 0 0} {0 0 0 0 5 6 7 0 9 0}}
445 {} {{1 0 0 0 0 0 0 0 0 10} {0 2 3 4 0 0 0 8 0 0} {0 0 0 0 5 6 7 0 9 0}}
446 {} {{1 0 0 0 0 0 0 0 0 10} {0 2 3 4 0 0 0 8 0 0} {0 0 0 0 5 6 7 0 9 0}}
447 {} {{1 0 0 0 0 0 0 0 0 10} {0 2 3 4 0 0 0 8 0 0} {0 0 0 0 5 6 7 0 9 0}}
448 {} {{1 0 0 0 0 0 0 0 0 10} {0 2 3 4 0 0 0 8 0 0} {0 0 0 0 5 6 7 0 9 0}}
449 {} {{1 0 0 0 0 0 0 0 0 10} {0 2 3 4 0 0 0 8 0 0} {0 0 0 0 5 6 7 0 9 0}}
450 {} {{1 0 0 0 0 0 0 0 0 10} {0 2 3 4 0 0 0 8 0 0} {0 0 0 0 5 6 7 0 9 0}}
451 {} {{1 0 0 0 0 0 0 0 0 10} {0 2 3 4 0 0 0 8 0 0} {0 0 0 0 5 6 7 0 9 0}}
452 {} {{1 0 0 0 0 0 0 0 0 10} {0 2 3 4 0 0 0 8 0 0} {0 0 0 0 5 6 7 0 9 0}}
453 {} {{1 0 0 0 0 0 0 0 0 10} {0 2 3 4 0 0 0 8 0 0} {0 0 0 0 5 6 7 0 9 0}}
454 {} {{1 0 0 0 0 0 0 0 0 10} {0 2 3 4 0 0 0 8 0 0} {0 0 0 0 5 6 7 0 9 0}}
455 {} {{1 0 0 0 0 0 0 0 0 10} {0 2 3 4 0 0 0 8 0 0} {0 0 0 0 5 6 7 0 9 0}}
456 {} {{1 0 0 0 0 0 0 0 0 10} {0 2 3 4 0 0 0 8 0 0} {0 0 0 0 5 6 7 0 9 0}}
457 {} {{1 0 0 0 0 0 0 0 0 10} {0 2 3 4 0 0 0 8 0 0} {0 0 0 0 5 6 7 0 9 0}}
458 {} {{1 0 0 0 0 0 0 0 0 10} {0 2 3 4 0 0 0 8 0 0} {0 0 0 0 5 6 7 0 9 0}}
459 {} {{1 0 0 0 0 0 0 0 0 10} {0 2 3 4 0 0 0 8 0 0} {0 0 0 0 5 6 7 0 9 0}}
460 {} {{1 0 0 0 0 0 0 0 0 10} {0 2 3 4 0 0 0 8 0 0} {0 0 0 0 5 6 7 0 9 0}}
461 {} {{1 0 0 0 0 0 0 0 0 10} {0 2 3 4 0 0 0 8 0 0} {0 0 0 0 5 6 7 0 9 0}}
462 {} {{1 0 0 0 0 0 0 0 0 10} {0 2 3 4 0 0 0 8 0 0} {0 0 0 0 5 6 7 0 9 0}}
463 {} {{1 0 0 0 0 0 0 0 0 10} {0 2 3 4 0 0 0 8 0 0} {0 0 0 0 5 6 7 0 9 0}}
464 {} {{1 0 0 0 0 0 0 0 0 10} {0 2 3 4 0 0 0 8 0 0} {0 0 0 0 5 6 7 0 9 0}}
465 {} {{1 0 0 0 0 0 0 0 0 10} {0 2 3 4 0 0 0 8 0 0} {0 0 0 0 5 6 7 0 9 0}}
466 {} {{1 0 0 0 0 0 0 0 0 10} {0 2 3 4 0 0 0 8 0 0} {0 0 0 0 5 6 7 0 9 0}}
467 {} {{1 0 0 0 0 0 0 0 0 10} {0 2 3 4 0 0 0 8 0 0} {0 0 0 0 5 6 7 0 9 0}}
468 {} {{1 0 0 0 0 0 0 0 0 10} {0 2 3 4 0 0 0 8 0 0} {0 0 0 0 5 6 7 0 9 0}}
469 {} {{1 0 0 0 0 0 0 0 0 10} {0 2 3 4 0 0 0 8 0 0} {0 0 0 0 5 6 7 0 9 0}}
470 {} {{1 0 0 0 0 0 0 0 0 10} {0 2 3 4 0 0 0 8 0 0} {0 0 0 0 5 6 7 0 9 0}}
471 {} {{1 0 0 0 0 0 0 0 0 10} {0 2 3 4 0 0 0 8 0 0} {0 0 0 0 5 6 7 0 9 0}}
472 {} {{1 0 0 0 0 0 0 0 0 10} {0 2 3 4 0 0 0 8 0 0} {0 0 0 0 5 6 7 0 9 0}}
473 {} {{1 0 0 0 0 0 0 0 0 10} {0 2 3 4 0 0 0 8 0 0} {0 0 0 0 5 6 7 0 9 0}}
474 {} {{1 0 0 0 0 0 0 0 0 10} {0 2 3 4 0 0 0 8 0 0} {0 0 0 0 5 6 7 0 9 0}}
475 {} {{1 0 0 0 0 0 0 0 0 10} {0 2 3 4 0 0 0 8 0 0} {0 0 0 0 5 6 7 0 9 0}}
476 {} {{1 0 0 0 0 0 0 0 0 10} {0 2 3 4 0 0 0 8 0 0} {0 0 0 0 5 6 7 0 9 0}}
477 {} {{1 0 0 0 0 0 0 0 0 10} {0 2 3 4 0 0 0 8 0 0} {0 0 0 0 5 6 7 0 9 0}}
478 {} {{1 0 0 0 0 0 0 0 0 10} {0 2 3 4 0 0 0 8 0 0} {0 0 0 0 5 6 7 0 9 0}}
479 {} {{1 0 0 0 0 0 0 0 0 10} {0 2 3 4 0 0 0 8 0 0} {0 0 0 0 5 6 7 0 9 0}}
480 {} {{1 0 0 0 0 0 0 0 0 10} {0 2 3 4 0 0 0 8 0 0} {0 0 0 0 5 6 7 0 9 0}}
481 {} {{1 0 0 0 0 0 0 0 0 10} {0 2 3 4 0 0 0 8 0 0} {0 0 0 0 5 6 7 0 9 0}}
482 {} {{1 0 0 0 0 0 0 0 0 10} {0 2 3 4 0 0 0 8 0 0} {0 0 0 0 5 6 7 0 9 0}}
483 {} {{1 0 0 0 0 0 0 0 0 10} {0 2 3 4 0 0 0 8 0 0} {0 0 0 0 5 6 7 0 9 0}}
484 {} {{1 0 0 0 0 0 0 0 0 10} {0 2 3 4 0 0 0 8 0 0} {0 0 0 0 5 6 7 0 9 0}}
485 {} {{1 0 0 0 0 0 0 0 0 10} {0 2 3 4 0 0 0 8 0 0} {0 0 0 0 5 6 7 0 9 0}}
486 {} {{1 0 0 0 0 0 0 0 0 10} {0 2 3 4 0 0 0 8 0 0} {0 0 0 0 5 6 7 0 9 0}}
487 {} {{1 0 0 0 0 0 0 0 0 10} {0 2 3 4 0 0 0 8 0 0} {0 0 0 0 5 6 7 0 9 0}}
488 {} {{1 0 0 0 0 0 0 0 0 10} {0 2 3 4 0 0 0 8 0 0} {0 0 0 0 5 6 7 0 9 0}}
489 {} {{1 0 0 0 0 0 0 0 0 10} {0 2 3 4 0 0 0 8 0 0} {0 0 0 0 5 6 7 0 9 0}}
490 {} {{1 0 0 0 0 0 0 0 0 10} {0 2 3 4 0 0 0 8 0 0} {0 0 0 0 5 6 7 0 9 0}}
491 {} {{1 0 0 0 0 0 0 0 0 10} {0 2 3 4 0 0 0 8 0 0} {0 0 0 0 5 6 7 0 9 0}}
492 {} {{1 0 0 0 0 0 0 0 0 10} {0 2 3 4 0 0 0 8 0 0} {0 0 0 0 5 6 7 0 9 0}}
493 {} {{1 0 0 0 0 0 0 0 0 10} {0 2 3 4 0 0 0 8 0 0} {0 0 0 0 5 6 7 0 9 0}}
494 {} {{1 0 0 0 0 0 0 0 0 10} {0 2 3 4 0 0 0 8 0 0} {0 0 0 0 5 6 7 0 9 0}}
495 {} {{1 0 0 0 0 0 0 0 0 10} {0 2 3 4 0 0 0 8 0 0} {0 0 0 0 5 6 7 0 9 0}}
496 {} {{1 0 0 0 0 0 0 0 0 10} {0 2 3 4 0 0 0 8 0 0} {0 0 0 0 5 6 7 0 9 0}}
497 {} {{1 0 0 0 0 0 0 0 0 10} {0 2 3 4 0 0 0 8 0 0} {0 0 0 0 5 6 7 0 9 0}}
498 {} {{1 0 0 0 0 0 0 0 0 10} {0 2 3 4 0 0 0 8 0 0} {0 0 0 0 5 6 7 0 9 0}}
499 {} {{1 0 0 0 0 0 0 0 0 10} {0 2 3 4 0 0 0 8 0 0} {0 0 0 0 5 6 7 0 9 0}}
500 {} {{1 0 0 0 0 0 0 0 0 10} {0 2 3 4 0 0 0 8 0 0} {0 0 0 0 5 6 7 0 9 0}}
501 {} {{1 0 0 0 0 0 0 0 0 10} {0 2 3 4 0 0 0 8 0 0} {0 0 0 0 5 6 7 0 9 0}}
