# Selection:resname AU W ION Restricted:name AUC AUL AUSL Radius:2.64 Start:0 End:-1
0 362.7043151855469
1 370.4580383300781
2 56.43024444580078
3 71.93779754638672
4 61.16865921020508
5 78.83004760742188
6 50.399532318115234
7 57.29177474975586
8 103.38365173339844
9 108.55282592773438
10 74.95314025878906
11 60.307132720947266
12 80.12234497070313
13 129.66033935546875
14 147.75247192382813
15 164.12155151367188
16 118.02965545654297
17 108.12205505371094
18 90.02993774414063
19 97.78370666503906
20 114.58353424072266
21 102.09136962890625
22 134.3987579345703
23 192.55206298828125
24 105.9682388305664
25 191.6905517578125
26 124.49114990234375
27 231.32093811035156
28 139.13717651367188
29 106.39901733398438
30 152.4908905029297
31 90.46070861816406
32 136.9833221435547
33 128.36802673339844
34 29.292034149169922
35 70.21472930908203
36 38.76887130737305
37 99.93753051757813
38 47.38417053222656
39 80.1223373413086
40 61.16865921020508
41 108.98360443115234
42 45.66111373901367
43 85.7222900390625
44 138.70640563964844
45 112.42971801757813
46 99.50675964355469
47 166.70611572265625
48 155.93702697753906
49 77.10697937011719
50 144.30636596679688
51 82.70692443847656
52 107.6913070678711
53 141.7217559814453
54 98.64522552490234
55 103.3836669921875
56 88.73765563964844
57 143.87559509277344
58 99.93754577636719
59 144.73712158203125
60 158.09085083007813
61 135.69105529785156
62 180.49063110351563
63 146.02940368652344
64 57.72254180908203
65 93.0452880859375
66 75.3839111328125
67 113.7220230102539
68 126.21421813964844
69 105.96824645996094
70 72.79931640625
71 74.52237701416016
72 150.767822265625
73 127.9372787475586
74 75.8146743774414
75 91.32223510742188
76 135.69105529785156
77 132.24493408203125
78 99.93753814697266
79 106.39900207519531
80 68.4916763305664
81 93.90682983398438
82 108.98361206054688
83 108.98359680175781
84 144.30633544921875
85 143.44480895996094
86 90.02992248535156
87 130.95262145996094
88 104.24518585205078
89 159.38311767578125
90 120.18350982666016
91 103.38365936279297
92 91.32223510742188
93 96.92218017578125
94 156.36778259277344
95 131.38340759277344
96 135.26028442382813
97 48.24570846557617
98 92.18375396728516
99 76.67621612548828
100 108.55284118652344
101 46.95341110229492
102 116.73738861083984
103 127.07574462890625
104 160.6754150390625
105 152.92164611816406
106 67.63014221191406
107 147.3217010498047
108 88.73762512207031
109 130.95262145996094
110 132.24493408203125
111 154.64471435546875
112 131.8141632080078
113 106.82977294921875
114 111.56819915771484
115 121.90656280517578
116 113.29125213623047
117 66.76860809326172
118 123.1988525390625
119 48.245704650878906
120 98.21446228027344
121 124.49114227294922
122 125.783447265625
123 93.47605895996094
124 126.64498138427734
125 99.07600402832031
126 152.4908905029297
127 102.09136199951172
128 81.84539794921875
129 80.55309295654297
130 115.01431274414063
131 124.92191314697266
132 169.29074096679688
133 71.50703430175781
134 112.8604965209961
135 132.24493408203125
136 90.46070098876953
137 66.76861572265625
138 114.15279388427734
139 98.64523315429688
140 98.64522552490234
141 127.93727111816406
142 128.79881286621094
143 59.44560623168945
144 93.90680694580078
145 174.89068603515625
146 102.52212524414063
147 151.62936401367188
148 167.1369171142578
149 152.06011962890625
150 143.44482421875
151 51.69182586669922
152 59.014835357666016
153 63.75325393676758
154 66.33784484863281
155 150.33706665039063
156 133.96798706054688
157 135.6910400390625
158 228.73634338378906
159 46.09187698364258
160 47.384178161621094
161 62.03019332885742
162 97.7837142944336
163 65.47631072998047
164 79.69155883789063
165 64.18402099609375
166 46.522647857666016
167 30.153564453125
168 38.33810806274414
169 86.15304565429688
170 81.41461944580078
171 78.3992691040039
172 72.3685531616211
173 92.18376159667969
174 197.29049682617188
175 188.67515563964844
176 182.21368408203125
177 134.8295135498047
178 104.24518585205078
179 80.12232971191406
180 149.04476928710938
181 115.87583923339844
182 96.06065368652344
183 142.58328247070313
184 117.59890747070313
185 170.58302307128906
186 103.38365173339844
187 106.82977294921875
188 89.16840362548828
189 203.75193786621094
190 199.44430541992188
191 83.5684585571289
192 140.8602294921875
193 123.62962341308594
194 155.93701171875
195 117.16815185546875
196 133.5372314453125
197 70.6455078125
198 94.33757781982422
199 83.56845092773438
200 94.33759307861328
201 83.99922180175781
202 64.61478424072266
203 128.79879760742188
204 80.55309295654297
205 49.53799819946289
206 101.66058349609375
207 88.30686950683594
208 128.79881286621094
209 125.783447265625
210 60.30713653564453
211 48.67647171020508
212 116.30661010742188
213 89.59916687011719
214 59.876373291015625
215 100.36830139160156
216 106.39900970458984
217 115.87583923339844
218 79.26080322265625
219 126.64497375488281
220 87.44534301757813
221 97.78370666503906
222 46.09188461303711
223 61.599422454833984
224 152.921630859375
225 90.8914566040039
226 133.1064453125
227 129.22955322265625
228 70.64550018310547
229 133.9679718017578
230 74.52239227294922
231 74.52239227294922
232 190.82901000976563
233 53.414886474609375
234 120.18350982666016
235 78.83003234863281
236 80.9838638305664
237 133.53721618652344
238 117.16813659667969
239 184.7982635498047
240 95.19911193847656
241 61.59942626953125
242 77.10697937011719
243 149.90628051757813
244 69.78397369384766
245 102.09135437011719
246 96.49140930175781
247 126.2142105102539
248 94.33758544921875
249 118.89118957519531
250 66.33785247802734
251 142.5832977294922
252 90.0299301147461
253 177.47528076171875
254 139.56793212890625
255 92.18375396728516
256 70.21472930908203
257 72.79932403564453
258 79.69156646728516
259 98.64522552490234
260 127.07573699951172
261 97.78369903564453
262 51.691829681396484
263 164.98309326171875
264 178.76756286621094
265 48.24571228027344
266 118.46043395996094
267 30.58432960510254
268 90.02993774414063
269 79.26079559326172
270 160.67543029785156
271 79.69157409667969
272 146.46017456054688
273 161.96771240234375
274 64.18402099609375
275 130.52188110351563
276 52.122596740722656
277 97.35293579101563
278 73.6608657836914
279 143.87559509277344
280 53.414894104003906
281 139.1371612548828
282 76.67620849609375
283 139.1371612548828
284 196.42893981933594
285 168.42921447753906
286 161.53697204589844
287 124.49114227294922
288 98.21446990966797
289 124.9218978881836
290 103.81441497802734
291 105.10672760009766
292 77.96849822998047
293 111.56819915771484
294 101.66060638427734
295 211.50572204589844
296 165.41384887695313
297 221.413330078125
298 214.52105712890625
299 76.24544525146484
300 158.95236206054688
301 114.15277099609375
302 157.2292938232422
303 87.44534301757813
304 86.58380889892578
305 171.01380920410156
306 67.19937896728516
307 120.61426544189453
308 104.67595672607422
309 127.50650787353516
310 162.39849853515625
311 95.62989044189453
312 74.52238464355469
313 80.5531005859375
314 190.39822387695313
315 111.99895477294922
316 134.39874267578125
317 77.96851348876953
318 104.24518585205078
319 56.86101150512695
320 177.9060516357422
321 142.5832977294922
322 127.50650024414063
323 149.47552490234375
324 86.58381652832031
325 143.87559509277344
326 144.73712158203125
327 96.92218017578125
328 101.22982788085938
329 114.15278625488281
330 88.73763275146484
331 151.6293487548828
332 96.92218017578125
333 130.95263671875
334 207.62884521484375
335 194.2751007080078
336 165.8446044921875
337 210.64419555664063
338 136.55259704589844
339 108.55284118652344
340 189.10594177246094
341 55.5687141418457
342 78.83003997802734
343 183.5059814453125
344 86.58380889892578
345 179.62908935546875
346 96.92218017578125
347 132.67568969726563
348 164.9830780029297
349 112.42972564697266
350 165.84461975097656
351 115.44508361816406
352 134.39874267578125
353 122.33731842041016
354 111.99896240234375
355 69.35320281982422
356 78.39928436279297
357 111.13742065429688
358 118.89120483398438
359 91.32222747802734
360 169.72149658203125
361 147.7524871826172
362 112.4297103881836
363 127.9372787475586
364 136.9833221435547
365 151.1986083984375
366 75.8146743774414
367 155.93701171875
368 198.1519775390625
369 118.46044158935547
370 166.275390625
371 71.50703430175781
372 75.81468963623047
373 113.7220230102539
374 149.47552490234375
375 114.58354949951172
376 98.21446228027344
377 113.291259765625
378 165.84461975097656
379 222.27487182617188
380 170.15225219726563
381 165.8446044921875
382 146.89096069335938
383 147.3217010498047
384 130.09107971191406
385 138.70640563964844
386 222.7056121826172
387 173.16763305664063
388 136.12181091308594
389 93.90681457519531
390 108.5528335571289
391 152.9216766357422
392 105.5374755859375
393 102.952880859375
394 116.73737335205078
395 59.44561004638672
396 88.306884765625
397 99.50677490234375
398 29.292034149169922
399 126.21421813964844
400 119.75273895263672
401 100.79906463623047
402 112.42972564697266
403 96.92218017578125
404 92.6145248413086
405 92.61451721191406
406 59.01483917236328
407 73.66085815429688
408 88.30687713623047
409 76.67621612548828
410 98.64524841308594
411 130.09109497070313
412 78.83003997802734
413 186.09059143066406
414 159.81390380859375
415 58.1533088684082
416 126.21422576904297
417 118.0296630859375
418 80.98387145996094
419 115.44507598876953
420 195.1366424560547
421 188.67520141601563
422 152.0601043701172
423 133.1064453125
424 84.86074829101563
425 59.014835357666016
426 119.75273895263672
427 87.87610626220703
428 94.33757781982422
429 75.38391876220703
430 106.82977294921875
431 52.12260055541992
432 95.6298599243164
433 140.8602294921875
434 62.891719818115234
435 102.95288848876953
436 61.599430084228516
437 97.35293579101563
438 69.35319519042969
439 56.86101150512695
440 52.122589111328125
441 124.06038665771484
442 195.13662719726563
443 133.5372314453125
444 175.32142639160156
445 145.59866333007813
446 216.6749267578125
447 118.4604263305664
448 206.76731872558594
449 109.41436004638672
450 118.8912124633789
451 129.66033935546875
452 124.06039428710938
453 119.75273132324219
454 126.64496612548828
455 235.6286163330078
456 133.10646057128906
457 89.59917449951172
458 87.8760986328125
459 55.99947738647461
460 80.5531005859375
461 88.30686950683594
462 60.30712890625
463 135.69105529785156
464 113.291259765625
465 96.49141693115234
466 79.26079559326172
467 102.5221176147461
468 52.12259292602539
469 50.830299377441406
470 133.53721618652344
471 74.52238464355469
472 56.43024444580078
473 103.81441497802734
474 67.63014221191406
475 49.968772888183594
476 133.5372314453125
477 129.6603240966797
478 91.75298309326172
479 106.82977294921875
480 145.1678924560547
481 158.95236206054688
482 192.12130737304688
483 148.18324279785156
484 171.444580078125
485 121.90654754638672
486 86.15303802490234
487 99.50676727294922
488 142.15252685546875
489 90.8914794921875
490 82.27615356445313
491 93.04529571533203
492 122.76810455322266
493 96.49140167236328
494 69.35320281982422
495 118.89118957519531
496 45.230350494384766
497 99.93753051757813
498 74.9531478881836
499 127.50651550292969
500 86.15303802490234
501 106.39900970458984
502 136.5525665283203
503 121.47579956054688
504 104.67594909667969
505 104.67594909667969
506 117.16814422607422
507 104.24519348144531
508 61.59943389892578
509 178.3367919921875
510 101.66058349609375
511 145.1678924560547
512 85.72227478027344
513 75.3839111328125
514 53.84565353393555
515 98.64523315429688
516 76.67622375488281
517 52.55335998535156
518 90.8914566040039
519 88.73764038085938
520 102.09135437011719
521 75.81468200683594
522 120.18350219726563
523 68.92243194580078
524 83.13768768310547
525 59.44560241699219
526 47.81494140625
527 105.96824645996094
528 94.33757781982422
529 80.9838638305664
530 136.98333740234375
531 89.59917449951172
532 121.04502868652344
533 107.26055145263672
534 99.07599639892578
535 140.8602294921875
536 64.61477661132813
537 33.59968566894531
538 104.24519348144531
539 28.86126708984375
540 111.13742065429688
541 86.58380889892578
542 56.86101150512695
543 71.93779754638672
544 63.322486877441406
545 71.93779754638672
546 92.61451721191406
547 80.5531005859375
548 120.61425018310547
549 56.86101150512695
550 237.3516387939453
551 110.70665740966797
552 146.0294189453125
553 76.67621612548828
554 132.6757049560547
555 53.84565353393555
556 83.56845092773438
557 121.04502868652344
558 84.86074829101563
559 83.99921417236328
560 130.52186584472656
561 86.15303802490234
562 52.122589111328125
563 89.59916687011719
564 160.67544555664063
565 176.18296813964844
566 167.13690185546875
567 45.2303466796875
568 82.27616119384766
569 154.21397399902344
570 108.12206268310547
571 72.3685531616211
572 86.15304565429688
573 208.4904022216797
574 170.1522674560547
575 115.01431274414063
576 174.45993041992188
577 119.32198333740234
578 107.69129180908203
579 87.44534301757813
580 106.39900970458984
581 114.15277862548828
582 184.36752319335938
583 121.04502868652344
584 73.66085815429688
585 130.95263671875
586 129.66033935546875
587 174.45993041992188
588 186.95208740234375
589 163.260009765625
590 146.89093017578125
591 104.24518585205078
592 124.49115753173828
593 147.32171630859375
594 135.6910400390625
595 100.79905700683594
596 186.9521026611328
597 155.07546997070313
598 102.09135437011719
599 106.82978057861328
600 96.49142456054688
601 127.07575225830078
602 91.32221984863281
603 195.99818420410156
604 144.3063507080078
605 146.46017456054688
606 116.30661010742188
607 102.952880859375
608 151.19859313964844
609 192.5520782470703
610 145.1678924560547
611 108.55284118652344
612 97.35293579101563
613 226.1517333984375
614 89.16840362548828
615 106.82977294921875
616 71.93779754638672
617 218.82875061035156
618 110.70665740966797
619 190.82901000976563
620 111.99896240234375
621 162.39846801757813
622 143.44482421875
623 222.27487182617188
624 144.73712158203125
625 136.5525665283203
626 174.89068603515625
627 133.53721618652344
628 97.78370666503906
629 71.93780517578125
630 110.27589416503906
631 54.70718765258789
632 57.29177474975586
633 136.55258178710938
634 93.47605895996094
635 156.36776733398438
636 142.58326721191406
637 111.56819152832031
638 70.64550018310547
639 151.6293487548828
640 93.04528045654297
641 101.66059112548828
642 94.76834869384766
643 61.16865921020508
644 254.5822296142578
645 139.5679473876953
646 111.1374282836914
647 141.291015625
648 144.73712158203125
649 56.86101531982422
650 69.35319519042969
651 81.84539031982422
652 65.90707397460938
653 49.107234954833984
654 45.6611213684082
655 44.79957962036133
656 136.55258178710938
657 83.13768768310547
658 125.35267639160156
659 113.72201538085938
660 146.02940368652344
661 79.26081085205078
662 146.02940368652344
663 87.87611389160156
664 68.0609130859375
665 72.79932403564453
666 109.84513092041016
667 87.44535064697266
668 71.93779754638672
669 82.27616882324219
670 81.84539794921875
671 110.27589416503906
672 46.953407287597656
673 62.030189514160156
674 153.35238647460938
675 143.44482421875
676 118.02967834472656
677 97.35294342041016
678 142.5832977294922
679 138.275634765625
680 118.0296630859375
681 115.87584686279297
682 92.6145248413086
683 28.861268997192383
684 99.50675964355469
685 68.49166870117188
686 120.61427307128906
687 72.36856079101563
688 115.87584686279297
689 121.04502868652344
690 103.81442260742188
691 130.95262145996094
692 98.6452407836914
693 96.06063079833984
694 79.69155883789063
695 128.79881286621094
696 49.53801727294922
697 72.36856079101563
698 102.09136199951172
699 60.307132720947266
700 122.7680892944336
701 94.33758544921875
702 150.76783752441406
703 84.86074829101563
704 56.43024444580078
705 145.59864807128906
706 119.32196044921875
707 101.22984313964844
708 136.121826171875
709 77.10697174072266
710 97.35293579101563
711 90.89146423339844
712 157.22930908203125
713 82.27616119384766
714 138.70639038085938
715 119.32196807861328
716 110.27589416503906
717 81.84539794921875
718 88.30686950683594
719 139.9987030029297
720 73.66085052490234
721 90.46070861816406
722 131.38339233398438
723 52.12259292602539
724 78.3992691040039
725 80.98384857177734
726 147.75250244140625
727 86.15304565429688
728 101.22984313964844
729 75.81466674804688
730 45.66111373901367
731 32.7381591796875
732 80.98385620117188
733 54.707183837890625
734 73.66085052490234
735 28.430503845214844
736 22.399789810180664
737 37.9073371887207
738 107.6913070678711
739 57.7225456237793
740 54.276424407958984
741 80.55309295654297
742 52.5533561706543
743 114.15278625488281
744 135.6910400390625
745 106.39900207519531
746 61.16866683959961
747 178.76756286621094
748 82.27615356445313
749 83.56845092773438
750 126.21421813964844
751 104.67594146728516
752 105.1067123413086
753 125.3526840209961
754 71.93778991699219
755 45.2303466796875
756 73.66085052490234
757 129.66033935546875
758 92.6145248413086
759 131.8141632080078
760 96.0606460571289
761 113.72200012207031
762 67.63014221191406
763 199.01353454589844
764 176.61373901367188
765 137.41409301757813
766 101.22982025146484
767 74.52238464355469
768 61.16865921020508
769 127.9372787475586
770 120.1834945678711
771 71.50702667236328
772 81.41464233398438
773 162.82923889160156
774 91.75299835205078
775 160.24465942382813
776 164.5522918701172
777 121.47579956054688
778 104.67594909667969
779 86.1530532836914
780 105.96824645996094
781 47.384178161621094
782 69.35320281982422
783 137.4141082763672
784 175.3214569091797
785 85.7222900390625
786 65.04554748535156
787 135.69105529785156
788 99.07600402832031
789 152.4908905029297
790 63.32249069213867
791 113.7220230102539
792 89.16841125488281
793 114.15277862548828
794 172.7368621826172
795 148.61398315429688
796 158.95236206054688
797 195.1366424560547
798 155.07550048828125
799 139.9987030029297
800 92.18376922607422
801 188.244384765625
802 109.84513092041016
803 87.87610626220703
804 87.87611389160156
805 96.92218017578125
806 112.42971801757813
807 59.44560241699219
808 130.5218505859375
809 108.5528335571289
810 47.81494140625
811 62.03019714355469
812 132.2449188232422
813 97.35293579101563
814 115.44507598876953
815 211.5057373046875
816 189.96746826171875
817 204.613525390625
818 205.4750213623047
819 122.76809692382813
820 93.47607421875
821 118.89119720458984
822 186.95213317871094
823 173.16763305664063
824 218.39797973632813
825 174.8906707763672
826 163.69078063964844
827 161.9677276611328
828 127.93727111816406
829 113.29125213623047
830 143.0140380859375
831 96.0606460571289
832 108.55282592773438
833 135.69105529785156
834 119.32196044921875
835 233.04396057128906
836 178.3367919921875
837 146.02940368652344
838 70.64550018310547
839 133.96798706054688
840 65.90707397460938
841 75.81468200683594
842 68.06090545654297
843 87.01457977294922
844 172.30609130859375
845 96.0606460571289
846 197.72122192382813
847 118.02967071533203
848 72.79931640625
849 41.35346221923828
850 69.35321044921875
851 52.984127044677734
852 134.8295135498047
853 113.72201538085938
854 106.39900970458984
855 120.18350982666016
856 87.87611389160156
857 100.3683090209961
858 146.46018981933594
859 102.52212524414063
860 78.83003234863281
861 79.26079559326172
862 106.82977294921875
863 109.41438293457031
864 99.9375228881836
865 68.4916763305664
866 154.64471435546875
867 62.891727447509766
868 88.73763275146484
869 106.39901733398438
870 90.46070098876953
871 99.93753814697266
872 60.30712890625
873 25.415145874023438
874 90.02993774414063
875 31.445859909057617
876 74.09161376953125
877 91.32222747802734
878 113.291259765625
879 18.522903442382813
880 80.98385620117188
881 36.18427658081055
882 75.3839111328125
883 74.52239227294922
884 104.67595672607422
885 29.722797393798828
886 60.737892150878906
887 136.121826171875
888 114.15278625488281
889 68.06090545654297
890 40.06116485595703
891 162.39849853515625
892 117.59892272949219
893 175.75221252441406
894 134.39874267578125
895 118.02967834472656
896 185.2290496826172
897 63.322486877441406
898 41.78422546386719
899 43.938053131103516
900 58.58407211303711
901 66.33785247802734
902 75.81468200683594
903 96.06063842773438
904 88.30686950683594
905 109.84513854980469
906 74.09161376953125
907 94.76835632324219
908 68.49166870117188
909 164.98309326171875
910 80.98385620117188
911 83.99921417236328
912 166.70614624023438
913 161.9677276611328
914 214.95184326171875
915 173.598388671875
916 140.42947387695313
917 143.01406860351563
918 144.3063507080078
919 113.29125213623047
920 68.06090545654297
921 128.3680419921875
922 93.90682220458984
923 89.16841125488281
924 106.39901733398438
925 169.7214813232422
926 109.41436004638672
927 87.01455688476563
928 90.89146423339844
929 151.62936401367188
930 112.8604965209961
931 83.13768768310547
932 127.50650024414063
933 51.26106262207031
934 134.39874267578125
935 64.18402099609375
936 151.19859313964844
937 115.01431274414063
938 130.95263671875
939 135.69105529785156
940 87.01457977294922
941 56.86100769042969
942 109.41436767578125
943 85.29150390625
944 105.96825408935547
945 93.04529571533203
946 108.55282592773438
947 137.4141082763672
948 45.66111755371094
949 134.3987579345703
950 93.47605895996094
951 46.95341110229492
952 64.61478424072266
953 115.8758544921875
954 84.42998504638672
955 72.3685531616211
956 82.70691680908203
957 64.61479187011719
958 96.92217254638672
959 104.24518585205078
960 122.7680892944336
961 82.7069320678711
962 130.95263671875
963 90.0299301147461
964 96.0606460571289
965 134.8295135498047
966 57.72254180908203
967 43.93805694580078
968 72.79932403564453
969 93.47605895996094
970 116.73736572265625
971 63.32249450683594
972 83.1376953125
973 62.030189514160156
974 93.04528045654297
975 139.13717651367188
976 158.09085083007813
977 94.76835632324219
978 109.84513854980469
979 61.599430084228516
980 99.93753814697266
981 155.0754852294922
982 140.42947387695313
983 159.3831329345703
984 162.82925415039063
985 183.5059814453125
986 74.52238464355469
987 43.507286071777344
988 159.81390380859375
989 108.98359680175781
990 104.67594909667969
991 186.090576171875
992 251.9976806640625
993 139.13714599609375
994 92.18376922607422
995 182.21368408203125
996 226.58251953125
997 111.56819152832031
998 127.93729400634766
999 167.13690185546875
1000 191.6905059814453
1001 86.1530532836914
1002 86.1530532836914
