# Selection 1:name C1A D2A C3A C4A C1B C2B C3B C4B Selection 2:name AUC AUSL AUL Cutoff:8 Start:0 End:-1
0 0
1 0
2 19
3 22
4 26
5 29
6 22
7 20
8 30
9 27
10 25
11 19
12 28
13 27
14 27
15 38
16 29
17 29
18 22
19 20
20 29
21 32
22 31
23 37
24 29
25 32
26 28
27 35
28 25
29 22
30 26
31 30
32 27
33 32
34 19
35 26
36 23
37 32
38 19
39 23
40 24
41 29
42 15
43 26
44 33
45 31
46 29
47 25
48 35
49 30
50 30
51 27
52 31
53 30
54 29
55 31
56 33
57 28
58 30
59 28
60 36
61 31
62 27
63 28
64 21
65 22
66 23
67 25
68 28
69 31
70 24
71 23
72 27
73 33
74 20
75 28
76 31
77 25
78 19
79 29
80 26
81 30
82 26
83 27
84 26
85 36
86 25
87 26
88 25
89 32
90 22
91 23
92 28
93 33
94 29
95 32
96 26
97 25
98 29
99 23
100 26
101 23
102 34
103 22
104 29
105 25
106 22
107 32
108 25
109 30
110 32
111 30
112 27
113 24
114 25
115 34
116 31
117 22
118 24
119 28
120 27
121 31
122 27
123 31
124 28
125 28
126 26
127 26
128 25
129 23
130 23
131 32
132 28
133 23
134 24
135 31
136 27
137 28
138 37
139 24
140 30
141 31
142 28
143 20
144 26
145 33
146 25
147 27
148 29
149 29
150 31
151 26
152 23
153 27
154 30
155 34
156 29
157 28
158 32
159 17
160 21
161 31
162 27
163 25
164 27
165 19
166 26
167 18
168 14
169 27
170 29
171 25
172 30
173 22
174 31
175 35
176 30
177 30
178 24
179 25
180 26
181 20
182 25
183 32
184 29
185 30
186 30
187 32
188 24
189 35
190 35
191 25
192 32
193 24
194 29
195 26
196 32
197 26
198 29
199 25
200 18
201 22
202 27
203 32
204 29
205 21
206 28
207 21
208 29
209 32
210 22
211 20
212 28
213 31
214 21
215 27
216 32
217 25
218 23
219 29
220 29
221 28
222 21
223 24
224 33
225 30
226 28
227 34
228 25
229 29
230 24
231 23
232 35
233 26
234 29
235 24
236 28
237 25
238 22
239 31
240 21
241 27
242 19
243 35
244 26
245 34
246 20
247 34
248 30
249 27
250 24
251 27
252 28
253 36
254 31
255 26
256 24
257 22
258 26
259 25
260 32
261 32
262 23
263 32
264 34
265 22
266 26
267 15
268 25
269 20
270 28
271 22
272 31
273 32
274 19
275 28
276 23
277 24
278 27
279 31
280 20
281 30
282 25
283 29
284 40
285 30
286 31
287 25
288 26
289 31
290 25
291 32
292 25
293 31
294 28
295 35
296 33
297 31
298 33
299 23
300 26
301 21
302 21
303 31
304 28
305 31
306 24
307 25
308 27
309 27
310 30
311 25
312 23
313 23
314 30
315 26
316 29
317 25
318 25
319 25
320 28
321 34
322 31
323 27
324 27
325 33
326 31
327 23
328 23
329 24
330 32
331 29
332 29
333 28
334 33
335 39
336 33
337 28
338 25
339 27
340 41
341 25
342 22
343 38
344 26
345 28
346 19
347 31
348 31
349 23
350 31
351 26
352 31
353 26
354 30
355 23
356 26
357 31
358 29
359 21
360 34
361 30
362 33
363 36
364 28
365 28
366 23
367 27
368 35
369 29
370 33
371 28
372 25
373 32
374 28
375 24
376 22
377 29
378 33
379 36
380 27
381 31
382 28
383 25
384 30
385 27
386 36
387 33
388 33
389 28
390 23
391 35
392 31
393 32
394 25
395 26
396 31
397 31
398 21
399 26
400 28
401 32
402 24
403 23
404 30
405 33
406 21
407 20
408 27
409 22
410 32
411 35
412 25
413 37
414 36
415 24
416 22
417 30
418 24
419 25
420 30
421 30
422 32
423 28
424 23
425 26
426 29
427 25
428 27
429 24
430 25
431 19
432 26
433 29
434 26
435 35
436 24
437 25
438 22
439 26
440 20
441 28
442 32
443 29
444 30
445 30
446 34
447 28
448 30
449 29
450 25
451 26
452 33
453 34
454 35
455 33
456 31
457 23
458 25
459 24
460 21
461 21
462 27
463 23
464 30
465 27
466 29
467 28
468 23
469 24
470 33
471 22
472 19
473 27
474 27
475 25
476 28
477 32
478 27
479 29
480 31
481 32
482 32
483 30
484 34
485 27
486 26
487 25
488 38
489 29
490 24
491 32
492 30
493 26
494 31
495 25
496 22
497 29
498 28
499 27
500 28
501 20
502 31
503 26
504 30
505 30
506 29
507 24
508 24
509 33
510 25
511 30
512 27
513 24
514 21
515 21
516 25
517 23
518 26
519 37
520 29
521 24
522 25
523 18
524 27
525 23
526 30
527 25
528 22
529 26
530 35
531 27
532 31
533 28
534 24
535 30
536 19
537 24
538 32
539 20
540 29
541 27
542 28
543 26
544 32
545 21
546 26
547 22
548 27
549 25
550 35
551 25
552 23
553 21
554 34
555 25
556 21
557 28
558 29
559 28
560 32
561 23
562 17
563 26
564 26
565 33
566 38
567 25
568 29
569 25
570 23
571 24
572 21
573 33
574 32
575 27
576 34
577 28
578 28
579 24
580 20
581 27
582 31
583 32
584 34
585 30
586 24
587 29
588 31
589 30
590 37
591 33
592 32
593 26
594 28
595 32
596 35
597 34
598 26
599 25
600 36
601 24
602 25
603 36
604 25
605 29
606 28
607 31
608 28
609 31
610 33
611 28
612 31
613 31
614 26
615 30
616 35
617 36
618 23
619 33
620 20
621 34
622 29
623 32
624 31
625 29
626 34
627 28
628 32
629 28
630 25
631 20
632 24
633 34
634 29
635 39
636 30
637 27
638 24
639 30
640 29
641 37
642 18
643 19
644 33
645 30
646 29
647 34
648 29
649 26
650 18
651 26
652 21
653 19
654 21
655 19
656 30
657 32
658 33
659 32
660 34
661 22
662 27
663 22
664 26
665 26
666 29
667 31
668 17
669 34
670 24
671 33
672 22
673 20
674 28
675 23
676 27
677 28
678 33
679 22
680 32
681 31
682 30
683 20
684 28
685 27
686 33
687 27
688 20
689 31
690 25
691 36
692 29
693 29
694 28
695 32
696 26
697 24
698 29
699 18
700 34
701 25
702 34
703 28
704 22
705 31
706 26
707 36
708 30
709 26
710 27
711 26
712 37
713 34
714 38
715 29
716 28
717 27
718 34
719 25
720 21
721 32
722 29
723 20
724 28
725 28
726 26
727 23
728 30
729 25
730 27
731 19
732 24
733 27
734 26
735 17
736 16
737 19
738 31
739 30
740 26
741 25
742 22
743 34
744 23
745 23
746 25
747 38
748 26
749 27
750 29
751 19
752 29
753 20
754 26
755 20
756 28
757 32
758 26
759 36
760 29
761 37
762 27
763 39
764 32
765 26
766 25
767 26
768 22
769 31
770 29
771 29
772 27
773 34
774 29
775 28
776 28
777 33
778 27
779 21
780 29
781 24
782 21
783 26
784 35
785 25
786 27
787 29
788 29
789 32
790 29
791 25
792 26
793 31
794 34
795 35
796 29
797 31
798 32
799 30
800 27
801 33
802 29
803 24
804 31
805 26
806 34
807 23
808 32
809 26
810 18
811 27
812 31
813 29
814 35
815 33
816 42
817 31
818 36
819 30
820 27
821 23
822 32
823 30
824 35
825 34
826 34
827 36
828 36
829 27
830 29
831 23
832 29
833 36
834 28
835 32
836 32
837 27
838 21
839 30
840 18
841 26
842 27
843 29
844 31
845 26
846 38
847 30
848 23
849 27
850 28
851 25
852 31
853 37
854 32
855 31
856 32
857 26
858 32
859 23
860 22
861 28
862 25
863 29
864 26
865 23
866 36
867 24
868 28
869 27
870 32
871 31
872 24
873 22
874 29
875 19
876 24
877 28
878 25
879 20
880 22
881 18
882 25
883 21
884 22
885 17
886 27
887 27
888 32
889 23
890 20
891 25
892 26
893 30
894 32
895 32
896 33
897 24
898 17
899 14
900 18
901 26
902 25
903 32
904 28
905 31
906 24
907 30
908 19
909 30
910 24
911 23
912 33
913 26
914 27
915 33
916 26
917 35
918 27
919 25
920 23
921 31
922 29
923 33
924 29
925 29
926 25
927 21
928 23
929 30
930 25
931 22
932 30
933 24
934 33
935 26
936 37
937 29
938 31
939 27
940 27
941 18
942 31
943 28
944 24
945 28
946 28
947 33
948 23
949 29
950 29
951 20
952 30
953 37
954 26
955 22
956 27
957 27
958 31
959 27
960 30
961 31
962 27
963 24
964 30
965 29
966 25
967 19
968 19
969 27
970 26
971 20
972 27
973 30
974 26
975 33
976 30
977 24
978 24
979 18
980 24
981 30
982 32
983 31
984 31
985 28
986 30
987 21
988 30
989 30
990 37
991 32
992 37
993 25
994 29
995 34
996 34
997 32
998 30
999 31
1000 31
1001 26
1002 26
