# Selection:resname AU POPC Restricted:name AUC AUL AUSL Radius:2.64 Start:0 End:-1
0 362.7043151855469
1 370.4580383300781
2 33.16891860961914
3 53.41489028930664
4 37.04581069946289
5 46.09187698364258
6 31.015092849731445
7 19.38443374633789
8 14.215251922607422
9 15.507547378540039
10 8.184538841247559
11 0.0
12 0.0
13 2.1538259983062744
14 0.0
15 0.8615304231643677
16 0.0
17 2.1538262367248535
18 1.2922956943511963
19 0.0
20 0.0
21 0.0
22 2.5845913887023926
23 0.8615304231643677
24 0.43076521158218384
25 0.8615304231643677
26 2.1538259983062744
27 0.43076521158218384
28 1.2922956943511963
29 0.0
30 2.1538259983062744
31 4.307651996612549
32 19.81519889831543
33 7.3230085372924805
34 13.353721618652344
35 10.33836555480957
36 9.046069145202637
37 12.922956466674805
38 8.184538841247559
39 12.492191314697266
40 5.599947929382324
41 0.8615304231643677
42 5.169182777404785
43 0.8615304231643677
44 1.2922956943511963
45 2.5845913887023926
46 0.0
47 1.2922956943511963
48 1.7230608463287354
49 0.0
50 0.0
51 0.43076521158218384
52 0.0
53 1.7230608463287354
54 4.738417148590088
55 0.0
56 0.0
57 0.0
58 1.2922956943511963
59 2.5845913887023926
60 0.8615304231643677
61 2.1538259983062744
62 0.0
63 2.1538259983062744
64 0.0
65 9.046070098876953
66 16.799842834472656
67 28.430503845214844
68 13.353720664978027
69 23.69208526611328
70 5.169182777404785
71 24.9843807220459
72 17.661373138427734
73 20.676729202270508
74 20.676729202270508
75 11.630660057067871
76 18.95366859436035
77 27.999738693237305
78 48.676475524902344
79 32.30739212036133
80 15.938312530517578
81 22.399789810180664
82 22.830554962158203
83 11.199895858764648
84 9.476835250854492
85 18.092138290405273
86 9.046069145202637
87 14.215251922607422
88 12.061426162719727
89 2.5845911502838135
90 0.0
91 0.0
92 0.43076521158218384
93 0.43076521158218384
94 0.0
95 0.0
96 7.7537736892700195
97 0.0
98 0.8615304231643677
99 0.8615304231643677
100 6.461478233337402
101 0.0
102 2.5845913887023926
103 0.43076521158218384
104 1.2922956943511963
105 0.43076521158218384
106 0.43076521158218384
107 0.0
108 0.0
109 0.0
110 0.8615304231643677
111 6.892243385314941
112 19.38443374633789
113 6.461478233337402
114 10.769129753112793
115 18.522903442382813
116 10.76913070678711
117 18.092138290405273
118 32.738155364990234
119 12.922956466674805
120 14.646017074584961
121 21.538259506225586
122 19.81519889831543
123 12.49219036102295
124 10.76913070678711
125 17.230609893798828
126 25.845911026000977
127 24.12285041809082
128 3.876887083053589
129 11.199894905090332
130 13.353721618652344
131 4.307651996612549
132 7.3230085372924805
133 6.461478233337402
134 11.199895858764648
135 4.738417148590088
136 12.061426162719727
137 11.199894905090332
138 13.784486770629883
139 16.369077682495117
140 15.938312530517578
141 15.0767822265625
142 13.353721618652344
143 13.784486770629883
144 11.630661010742188
145 2.5845911502838135
146 5.599947929382324
147 7.3230085372924805
148 3.4461216926574707
149 21.107494354248047
150 16.799842834472656
151 18.092138290405273
152 13.353721618652344
153 28.43050193786621
154 23.69208526611328
155 18.522903442382813
156 12.061426162719727
157 0.0
158 6.461478233337402
159 12.061426162719727
160 14.646017074584961
161 19.81519889831543
162 24.12285041809082
163 14.215251922607422
164 23.261320114135742
165 24.12285041809082
166 34.03044891357422
167 15.0767822265625
168 15.507547378540039
169 12.06142520904541
170 18.522903442382813
171 24.122852325439453
172 21.969024658203125
173 24.9843807220459
174 7.3230085372924805
175 9.046069145202637
176 7.7537736892700195
177 6.892243385314941
178 7.753774166107178
179 6.030713081359863
180 6.461478233337402
181 9.046070098876953
182 13.353721618652344
183 9.476834297180176
184 0.8615304231643677
185 3.4461216926574707
186 4.738417625427246
187 2.1538262367248535
188 0.43076521158218384
189 1.7230608463287354
190 0.43076521158218384
191 1.7230608463287354
192 0.0
193 0.8615304231643677
194 0.0
195 28.430503845214844
196 12.49219036102295
197 16.799842834472656
198 12.492191314697266
199 27.568973541259766
200 22.399789810180664
201 5.599947929382324
202 21.969024658203125
203 24.98438262939453
204 19.38443374633789
205 11.199895858764648
206 6.892243385314941
207 25.415149688720703
208 0.0
209 22.830554962158203
210 0.43076521158218384
211 0.43076521158218384
212 1.2922956943511963
213 0.0
214 9.476835250854492
215 12.922956466674805
216 18.522903442382813
217 8.184538841247559
218 15.938312530517578
219 22.399789810180664
220 16.36907958984375
221 8.184538841247559
222 21.10749626159668
223 15.507547378540039
224 21.969026565551758
225 24.553617477416992
226 19.38443374633789
227 9.476835250854492
228 12.922956466674805
229 11.199895858764648
230 24.55361557006836
231 8.615304946899414
232 8.184538841247559
233 12.061426162719727
234 21.107494354248047
235 17.230607986450195
236 6.461478233337402
237 23.69208526611328
238 37.045806884765625
239 18.522903442382813
240 23.692087173461914
241 24.122852325439453
242 36.615047454833984
243 47.814937591552734
244 10.338364601135254
245 8.615303993225098
246 8.615303993225098
247 0.0
248 1.2922956943511963
249 10.33836555480957
250 13.353721618652344
251 35.32274627685547
252 49.53800582885742
253 20.676729202270508
254 31.445859909057617
255 24.55361557006836
256 39.19963455200195
257 20.676729202270508
258 24.55361557006836
259 20.676729202270508
260 16.369077682495117
261 15.938312530517578
262 14.646017074584961
263 18.522903442382813
264 24.122852325439453
265 22.399789810180664
266 7.323009014129639
267 26.27667808532715
268 22.399789810180664
269 29.72279930114746
270 16.369077682495117
271 10.33836555480957
272 23.69208526611328
273 13.784486770629883
274 7.7537736892700195
275 6.892243385314941
276 10.33836555480957
277 27.138206481933594
278 18.95366859436035
279 11.199895858764648
280 12.922955513000488
281 21.969024658203125
282 12.061426162719727
283 12.492191314697266
284 17.230609893798828
285 12.061426162719727
286 14.215251922607422
287 26.707443237304688
288 10.338364601135254
289 10.76913070678711
290 20.24596405029297
291 9.046069145202637
292 9.476835250854492
293 11.199895858764648
294 9.907600402832031
295 16.369077682495117
296 0.43076521158218384
297 0.0
298 2.1538262367248535
299 2.5845913887023926
300 11.630661010742188
301 0.0
302 0.0
303 1.7230608463287354
304 2.1538259983062744
305 0.43076521158218384
306 0.8615304231643677
307 14.215251922607422
308 1.2922956943511963
309 0.8615304231643677
310 0.0
311 0.0
312 0.0
313 1.2922956943511963
314 3.0153565406799316
315 4.307651996612549
316 0.0
317 0.0
318 2.1538262367248535
319 0.0
320 0.0
321 2.1538259983062744
322 0.0
323 0.0
324 0.0
325 1.7230608463287354
326 1.2922956943511963
327 3.876887083053589
328 24.12285041809082
329 11.199895858764648
330 45.230350494384766
331 0.0
332 0.0
333 0.0
334 0.43076521158218384
335 1.2922956943511963
336 1.7230608463287354
337 0.0
338 0.0
339 0.0
340 0.43076521158218384
341 0.43076521158218384
342 18.092138290405273
343 15.507547378540039
344 21.107494354248047
345 1.7230608463287354
346 6.461478233337402
347 0.0
348 0.0
349 0.8615304231643677
350 0.8615304231643677
351 3.8768868446350098
352 1.2922956943511963
353 0.43076521158218384
354 0.0
355 0.43076521158218384
356 0.8615304231643677
357 0.43076521158218384
358 0.0
359 0.0
360 0.0
361 1.7230608463287354
362 0.0
363 2.1538259983062744
364 0.0
365 1.2922956943511963
366 0.0
367 0.0
368 0.0
369 0.43076521158218384
370 0.0
371 0.0
372 0.43076521158218384
373 2.1538259983062744
374 2.1538259983062744
375 6.030713081359863
376 35.32274627685547
377 9.907599449157715
378 15.507547378540039
379 2.5845913887023926
380 0.8615304231643677
381 0.43076521158218384
382 0.43076521158218384
383 1.2922956943511963
384 0.43076521158218384
385 1.7230608463287354
386 0.0
387 13.784486770629883
388 7.7537736892700195
389 0.0
390 1.7230608463287354
391 12.922956466674805
392 10.76913070678711
393 13.784486770629883
394 11.199895858764648
395 11.199895858764648
396 13.784486770629883
397 10.33836555480957
398 15.507547378540039
399 9.476834297180176
400 12.061426162719727
401 16.799842834472656
402 10.76913070678711
403 9.907600402832031
404 3.0153565406799316
405 0.0
406 0.8615304231643677
407 9.476834297180176
408 0.0
409 0.0
410 0.0
411 0.0
412 3.8768868446350098
413 8.615303993225098
414 1.2922956943511963
415 0.0
416 1.2922956943511963
417 0.0
418 1.2922956943511963
419 0.8615304231643677
420 0.0
421 2.1538259983062744
422 0.43076521158218384
423 0.0
424 11.630661010742188
425 24.12285041809082
426 25.41514778137207
427 18.95366859436035
428 26.707441329956055
429 13.353721618652344
430 17.661373138427734
431 37.90734100341797
432 30.58432960510254
433 20.24596405029297
434 31.445858001708984
435 21.969024658203125
436 23.692087173461914
437 26.707443237304688
438 31.445859909057617
439 20.676729202270508
440 52.55335998535156
441 23.69208526611328
442 18.522903442382813
443 45.66111755371094
444 53.41489028930664
445 22.830554962158203
446 16.369077682495117
447 30.153564453125
448 5.599947929382324
449 7.3230085372924805
450 1.7230608463287354
451 14.646016120910645
452 11.199895858764648
453 11.630661010742188
454 15.076783180236816
455 0.0
456 0.43076521158218384
457 1.2922956943511963
458 5.169182777404785
459 0.8615304231643677
460 0.0
461 0.43076521158218384
462 0.43076521158218384
463 13.784486770629883
464 15.0767822265625
465 23.261322021484375
466 10.338364601135254
467 2.5845913887023926
468 6.461478233337402
469 14.646017074584961
470 11.630661010742188
471 11.199894905090332
472 9.476834297180176
473 14.215251922607422
474 9.907600402832031
475 0.43076521158218384
476 0.0
477 3.0153565406799316
478 9.907599449157715
479 9.907599449157715
480 13.353721618652344
481 9.046070098876953
482 9.046069145202637
483 10.33836555480957
484 37.045806884765625
485 27.568973541259766
486 12.492191314697266
487 9.046069145202637
488 13.353721618652344
489 8.184538841247559
490 21.538259506225586
491 8.615303993225098
492 31.445859909057617
493 27.568973541259766
494 12.061426162719727
495 13.353721618652344
496 8.184538841247559
497 0.0
498 0.0
499 0.8615304231643677
500 3.0153565406799316
501 7.3230085372924805
502 2.5845913887023926
503 0.8615304231643677
504 0.0
505 2.1538262367248535
506 11.630661010742188
507 12.061426162719727
508 16.369077682495117
509 13.784486770629883
510 17.661373138427734
511 12.061426162719727
512 21.969024658203125
513 34.030452728271484
514 22.830554962158203
515 13.353721618652344
516 23.261322021484375
517 12.922956466674805
518 12.061426162719727
519 24.9843807220459
520 18.092140197753906
521 10.76913070678711
522 14.215251922607422
523 7.7537736892700195
524 16.369077682495117
525 18.95366859436035
526 24.12285041809082
527 8.615303993225098
528 3.876887083053589
529 11.199895858764648
530 7.3230085372924805
531 12.061426162719727
532 32.30738830566406
533 19.38443374633789
534 41.35346221923828
535 35.75351333618164
536 23.261320114135742
537 28.430503845214844
538 29.292034149169922
539 16.369077682495117
540 31.015094757080078
541 46.52264404296875
542 24.122852325439453
543 37.47657012939453
544 38.76887130737305
545 19.81519889831543
546 27.568971633911133
547 41.78423309326172
548 19.81519889831543
549 26.276676177978516
550 7.7537736892700195
551 15.938312530517578
552 17.661373138427734
553 15.938312530517578
554 15.0767822265625
555 7.3230085372924805
556 5.599947929382324
557 12.061426162719727
558 5.599947929382324
559 7.7537736892700195
560 10.33836555480957
561 0.0
562 0.43076521158218384
563 13.353721618652344
564 4.738417625427246
565 8.184539794921875
566 2.5845913887023926
567 9.476834297180176
568 0.0
569 4.738417625427246
570 0.0
571 2.1538259983062744
572 0.0
573 0.0
574 0.8615304231643677
575 0.8615304231643677
576 0.43076521158218384
577 0.8615304231643677
578 0.43076521158218384
579 0.0
580 0.0
581 0.0
582 0.0
583 0.43076521158218384
584 0.0
585 0.8615304231643677
586 0.8615304231643677
587 0.43076521158218384
588 0.43076521158218384
589 0.0
590 0.8615304231643677
591 0.0
592 0.0
593 10.76913070678711
594 2.1538262367248535
595 6.461478233337402
596 16.369077682495117
597 0.0
598 0.8615304231643677
599 2.5845911502838135
600 0.0
601 0.0
602 0.0
603 1.2922956943511963
604 0.8615304231643677
605 0.8615304231643677
606 0.0
607 1.7230608463287354
608 0.0
609 0.0
610 0.0
611 4.307651996612549
612 0.0
613 0.0
614 0.0
615 0.0
616 3.4461216926574707
617 0.0
618 0.0
619 0.0
620 0.0
621 0.0
622 5.169182300567627
623 3.4461216926574707
624 0.0
625 2.1538259983062744
626 0.0
627 0.8615304231643677
628 1.7230608463287354
629 5.169182300567627
630 5.169182300567627
631 12.922956466674805
632 9.046069145202637
633 9.046069145202637
634 10.338364601135254
635 12.922956466674805
636 0.8615304231643677
637 0.0
638 1.7230608463287354
639 0.0
640 0.0
641 0.0
642 0.0
643 0.0
644 0.8615304231643677
645 0.0
646 14.215251922607422
647 0.8615304231643677
648 2.1538259983062744
649 6.892243385314941
650 21.53826141357422
651 10.76913070678711
652 13.784486770629883
653 21.538259506225586
654 28.86126708984375
655 10.76913070678711
656 18.953670501708984
657 15.0767822265625
658 11.630661010742188
659 17.661373138427734
660 9.907599449157715
661 11.630661010742188
662 15.507547378540039
663 6.030713081359863
664 16.369077682495117
665 27.999736785888672
666 6.892243385314941
667 14.646017074584961
668 9.907600402832031
669 29.72279930114746
670 22.399789810180664
671 14.646017074584961
672 16.369077682495117
673 19.384435653686523
674 20.676729202270508
675 28.86126708984375
676 13.784486770629883
677 8.615304946899414
678 10.76913070678711
679 36.18427658081055
680 9.046069145202637
681 0.0
682 0.0
683 1.7230608463287354
684 0.43076521158218384
685 0.0
686 0.0
687 7.3230085372924805
688 10.76913070678711
689 8.184538841247559
690 16.369077682495117
691 13.784486770629883
692 14.215250968933105
693 12.492191314697266
694 14.215251922607422
695 15.938312530517578
696 11.199894905090332
697 17.230607986450195
698 22.830556869506836
699 17.230607986450195
700 9.476834297180176
701 12.492191314697266
702 13.784486770629883
703 18.092138290405273
704 11.199895858764648
705 21.107494354248047
706 24.98438262939453
707 19.815200805664063
708 34.46121597290039
709 45.230350494384766
710 15.507547378540039
711 13.784486770629883
712 9.907599449157715
713 12.492191314697266
714 9.046069145202637
715 22.830554962158203
716 10.76913070678711
717 9.476835250854492
718 6.892243385314941
719 9.046069145202637
720 4.307651996612549
721 6.030713081359863
722 7.7537736892700195
723 6.892243385314941
724 12.49219036102295
725 4.307651996612549
726 8.184538841247559
727 0.43076521158218384
728 0.0
729 16.369077682495117
730 15.507547378540039
731 21.107494354248047
732 9.046070098876953
733 24.9843807220459
734 16.799842834472656
735 16.369077682495117
736 15.507547378540039
737 6.461478233337402
738 11.199895858764648
739 15.938312530517578
740 20.676729202270508
741 18.092138290405273
742 11.199895858764648
743 14.215251922607422
744 6.461478233337402
745 0.0
746 0.43076521158218384
747 2.5845913887023926
748 0.0
749 0.0
750 0.0
751 3.8768868446350098
752 0.0
753 0.0
754 0.0
755 3.4461216926574707
756 10.76913070678711
757 25.845911026000977
758 15.507547378540039
759 19.81519889831543
760 18.522905349731445
761 12.492191314697266
762 6.030713081359863
763 7.3230085372924805
764 12.492191314697266
765 18.522903442382813
766 19.38443374633789
767 6.892243385314941
768 12.922956466674805
769 12.492191314697266
770 15.0767822265625
771 15.507547378540039
772 15.0767822265625
773 22.399791717529297
774 4.738417625427246
775 19.38443374633789
776 20.2459659576416
777 12.061426162719727
778 3.0153565406799316
779 3.8768868446350098
780 10.76913070678711
781 10.769129753112793
782 0.0
783 0.0
784 0.0
785 0.0
786 1.2922956943511963
787 0.0
788 2.1538259983062744
789 0.0
790 0.0
791 0.8615304231643677
792 0.43076521158218384
793 0.0
794 0.8615304231643677
795 0.0
796 0.0
797 0.0
798 0.0
799 0.0
800 0.0
801 0.0
802 0.0
803 12.922956466674805
804 7.3230085372924805
805 10.76913070678711
806 9.907600402832031
807 6.030713081359863
808 8.615303993225098
809 19.38443374633789
810 17.230607986450195
811 9.046069145202637
812 11.199895858764648
813 5.599947929382324
814 17.230607986450195
815 7.3230085372924805
816 11.630661010742188
817 4.738417148590088
818 10.338364601135254
819 5.599947929382324
820 3.8768868446350098
821 4.738417625427246
822 3.8768868446350098
823 0.8615304231643677
824 4.307652473449707
825 0.43076521158218384
826 0.0
827 0.0
828 0.0
829 0.0
830 8.615303993225098
831 9.046069145202637
832 28.861268997192383
833 0.43076521158218384
834 0.43076521158218384
835 1.2922956943511963
836 0.0
837 8.615303993225098
838 7.753774166107178
839 8.184538841247559
840 3.8768868446350098
841 13.784486770629883
842 19.38443374633789
843 11.199895858764648
844 12.922956466674805
845 39.630401611328125
846 16.799842834472656
847 9.046069145202637
848 18.092138290405273
849 8.615304946899414
850 9.907599449157715
851 11.199895858764648
852 16.369077682495117
853 18.092138290405273
854 17.661373138427734
855 32.30738830566406
856 42.214996337890625
857 16.799842834472656
858 18.092138290405273
859 17.661373138427734
860 18.092138290405273
861 17.230607986450195
862 20.67673110961914
863 12.922956466674805
864 14.215250968933105
865 21.107494354248047
866 21.107494354248047
867 24.12285041809082
868 28.86126708984375
869 17.661373138427734
870 18.95366859436035
871 9.046070098876953
872 16.369077682495117
873 10.338364601135254
874 9.907599449157715
875 21.538259506225586
876 20.676729202270508
877 19.81519889831543
878 27.999738693237305
879 48.67647171020508
880 13.784485816955566
881 15.507547378540039
882 15.938312530517578
883 9.046069145202637
884 10.76913070678711
885 8.615303993225098
886 9.476835250854492
887 12.492191314697266
888 22.830556869506836
889 7.3230085372924805
890 9.907599449157715
891 3.8768868446350098
892 11.199895858764648
893 17.661373138427734
894 9.046069145202637
895 1.2922956943511963
896 7.7537736892700195
897 16.369077682495117
898 15.938312530517578
899 9.046069145202637
900 19.38443374633789
901 9.046070098876953
902 9.476834297180176
903 6.892243385314941
904 14.646017074584961
905 17.230609893798828
906 23.69208526611328
907 14.215251922607422
908 13.353721618652344
909 6.461478233337402
910 11.199895858764648
911 21.10749626159668
912 14.646017074584961
913 9.046070098876953
914 6.461477756500244
915 6.892243385314941
916 8.615304946899414
917 14.646017074584961
918 10.33836555480957
919 7.7537736892700195
920 8.615304946899414
921 2.1538259983062744
922 24.9843807220459
923 36.18427658081055
924 20.676729202270508
925 38.338104248046875
926 29.292034149169922
927 34.46121597290039
928 27.138208389282227
929 35.75351333618164
930 49.53800582885742
931 31.445858001708984
932 24.12285041809082
933 35.75351333618164
934 32.738155364990234
935 41.78423309326172
936 41.35346221923828
937 24.9843807220459
938 31.015092849731445
939 21.107494354248047
940 27.568973541259766
941 33.16892623901367
942 13.784486770629883
943 19.81519889831543
944 21.107494354248047
945 0.43076521158218384
946 0.0
947 7.7537736892700195
948 2.1538259983062744
949 8.615303993225098
950 0.43076521158218384
951 0.0
952 7.3230085372924805
953 9.476835250854492
954 14.646017074584961
955 32.738155364990234
956 17.230607986450195
957 33.59968566894531
958 17.230607986450195
959 8.184538841247559
960 9.046069145202637
961 11.199895858764648
962 13.784486770629883
963 15.938312530517578
964 15.507547378540039
965 15.507547378540039
966 21.107494354248047
967 16.369077682495117
968 13.353721618652344
969 11.630660057067871
970 22.399789810180664
971 9.046069145202637
972 7.323009014129639
973 12.49219036102295
974 43.938053131103516
975 20.676729202270508
976 19.815200805664063
977 9.046069145202637
978 9.046069145202637
979 9.476835250854492
980 9.907600402832031
981 17.230607986450195
982 1.7230608463287354
983 0.8615304231643677
984 0.43076521158218384
985 0.0
986 0.0
987 2.5845913887023926
988 0.43076521158218384
989 4.307652473449707
990 0.0
991 0.0
992 1.2922956943511963
993 0.8615304231643677
994 2.1538259983062744
995 3.8768868446350098
996 0.0
997 0.0
998 0.0
999 0.0
1000 2.5845913887023926
1001 13.353721618652344
1002 13.353721618652344
