0 {1 2 3 4 5 6 7 8 9 10} {}
1 {1 2 3 4 5 6 7 8 9 10} {}
2 {1 2 3 4 5 6 7 8 9 10} {}
3 {1 2 3 4 5 6 7 8 9 10} {}
4 {1 2 3 4 5 6 7 8 9 10} {}
5 {1 2 3 4 5 6 7 8 9 10} {}
6 {1 2 3 4 5 6 7 8 9 10} {}
7 {1 2 3 4 5 6 7 8 9 10} {}
8 {1 2 3 4 5 6 7 8 9 10} {}
9 {1 2 3 4 5 6 7 8 9 10} {}
10 {1 2 3 4 5 6 7 8 9 10} {}
11 {1 2 3 4 5 6 7 8 9 10} {}
12 {1 2 3 4 5 6 7 8 9 10} {}
13 {1 2 3 4 5 6 7 8 9 10} {}
14 {1 2 3 4 5 6 7 8 9 10} {}
15 {1 2 3 4 5 6 7 8 9 10} {}
16 {1 2 3 4 5 6 7 8 9 10} {}
17 {1 2 3 4 5 6 7 8 9 10} {}
18 {1 2 3 4 5 6 7 8 9 10} {}
19 {1 2 3 4 5 6 7 8 9 10} {}
20 {1 2 3 4 5 6 7 8 9 10} {}
21 {1 2 3 4 5 6 7 8 9 10} {}
22 {1 2 3 4 5 6 7 8 9 10} {}
23 {1 2 3 4 5 6 7 8 9 10} {}
24 {1 2 3 4 5 6 7 8 9 10} {}
25 {1 2 3 4 5 6 7 8 9 10} {}
26 {1 2 3 4 5 6 7 8 9 10} {}
27 {1 2 3 4 5 6 7 8 9 10} {}
28 {1 2 3 4 5 6 7 8 9 10} {}
29 {1 2 3 4 5 6 7 8 9 10} {}
30 {1 2 3 4 5 6 7 8 9 10} {}
31 {1 2 3 4 5 6 7 8 9 10} {}
32 {1 2 3 4 5 6 7 8 9 10} {}
33 {1 2 3 4 5 6 8 10} {{0 0 0 0 0 0 7 0 9 0}}
34 {1 2 3 4 5 6 8 10} {{0 0 0 0 0 0 7 0 9 0}}
35 {1 2 3 4 5 6 8 10} {{0 0 0 0 0 0 7 0 9 0}}
36 {1 2 3 4 5 6 8 10} {{0 0 0 0 0 0 7 0 9 0}}
37 {1 2 3 4 5 6 8 10} {{0 0 0 0 0 0 7 0 9 0}}
38 {1 2 3 4 5 6 8 10} {{0 0 0 0 0 0 7 0 9 0}}
39 {1 2 3 4 5 6 8 10} {{0 0 0 0 0 0 7 0 9 0}}
40 {2 3 5 6 8 10} {{1 0 0 4 0 0 0 0 0 0} {0 0 0 0 0 0 7 0 9 0}}
41 {2 3 5 6 8 10} {{1 0 0 4 0 0 0 0 0 0} {0 0 0 0 0 0 7 0 9 0}}
42 {2 3 5 6 8 10} {{1 0 0 4 0 0 0 0 0 0} {0 0 0 0 0 0 7 0 9 0}}
43 {2 3 5 6 8 10} {{1 0 0 4 0 0 0 0 0 0} {0 0 0 0 0 0 7 0 9 0}}
44 {2 3 5 6 8 10} {{1 0 0 4 0 0 0 0 0 0} {0 0 0 0 0 0 7 0 9 0}}
45 {2 3 5 6 8 10} {{1 0 0 4 0 0 0 0 0 0} {0 0 0 0 0 0 7 0 9 0}}
46 {2 3 5 6 8 10} {{1 0 0 4 0 0 0 0 0 0} {0 0 0 0 0 0 7 0 9 0}}
47 {2 3 5 6 8 10} {{1 0 0 4 0 0 0 0 0 0} {0 0 0 0 0 0 7 0 9 0}}
48 {2 3 5 6 8 10} {{1 0 0 4 0 0 0 0 0 0} {0 0 0 0 0 0 7 0 9 0}}
49 {2 3 5 6 8 10} {{1 0 0 4 0 0 0 0 0 0} {0 0 0 0 0 0 7 0 9 0}}
50 {2 3 5 6 8 10} {{1 0 0 4 0 0 0 0 0 0} {0 0 0 0 0 0 7 0 9 0}}
51 {2 3 5 8} {{1 0 0 4 0 0 0 0 0 0} {0 0 0 0 0 6 0 0 0 10} {0 0 0 0 0 0 7 0 9 0}}
52 {2 3 5 8} {{1 0 0 4 0 0 0 0 0 0} {0 0 0 0 0 6 0 0 0 10} {0 0 0 0 0 0 7 0 9 0}}
53 {2 3 5 8} {{1 0 0 4 0 0 0 0 0 0} {0 0 0 0 0 6 0 0 0 10} {0 0 0 0 0 0 7 0 9 0}}
54 {2 3 5 8} {{1 0 0 4 0 0 0 0 0 0} {0 0 0 0 0 6 0 0 0 10} {0 0 0 0 0 0 7 0 9 0}}
55 {2 3 5 8} {{1 0 0 4 0 0 0 0 0 0} {0 0 0 0 0 6 0 0 0 10} {0 0 0 0 0 0 7 0 9 0}}
56 {2 3 5 8} {{1 0 0 4 0 0 0 0 0 0} {0 0 0 0 0 6 0 0 0 10} {0 0 0 0 0 0 7 0 9 0}}
57 {2 3 5 8} {{1 0 0 4 0 0 0 0 0 0} {0 0 0 0 0 6 0 0 0 10} {0 0 0 0 0 0 7 0 9 0}}
58 {2 3 5 8} {{1 0 0 4 0 0 0 0 0 0} {0 0 0 0 0 6 0 0 0 10} {0 0 0 0 0 0 7 0 9 0}}
59 {2 3 5 8} {{1 0 0 4 0 0 0 0 0 0} {0 0 0 0 0 6 0 0 0 10} {0 0 0 0 0 0 7 0 9 0}}
60 {2 3 5 8} {{1 0 0 4 0 0 0 0 0 0} {0 0 0 0 0 6 0 0 0 10} {0 0 0 0 0 0 7 0 9 0}}
61 {2 3 5 8} {{1 0 0 4 0 0 0 0 0 0} {0 0 0 0 0 6 0 0 0 10} {0 0 0 0 0 0 7 0 9 0}}
62 {2 3 5 8} {{1 0 0 4 0 0 0 0 0 0} {0 0 0 0 0 6 0 0 0 10} {0 0 0 0 0 0 7 0 9 0}}
63 {2 3 5 8} {{1 0 0 4 0 0 0 0 0 0} {0 0 0 0 0 6 0 0 0 10} {0 0 0 0 0 0 7 0 9 0}}
64 {2 3 5 8} {{1 0 0 4 0 0 0 0 0 0} {0 0 0 0 0 6 0 0 0 10} {0 0 0 0 0 0 7 0 9 0}}
65 {2 3 5 8} {{1 0 0 4 0 0 0 0 0 0} {0 0 0 0 0 6 0 0 0 10} {0 0 0 0 0 0 7 0 9 0}}
66 {2 3 5 8} {{1 0 0 4 0 0 0 0 0 0} {0 0 0 0 0 6 0 0 0 10} {0 0 0 0 0 0 7 0 9 0}}
67 {2 3 5 8} {{1 0 0 4 0 0 0 0 0 0} {0 0 0 0 0 6 0 0 0 10} {0 0 0 0 0 0 7 0 9 0}}
68 {2 3 5 8} {{1 0 0 4 0 0 0 0 0 0} {0 0 0 0 0 6 0 0 0 10} {0 0 0 0 0 0 7 0 9 0}}
69 {2 3 5 8} {{1 0 0 4 0 0 0 0 0 0} {0 0 0 0 0 6 0 0 0 10} {0 0 0 0 0 0 7 0 9 0}}
70 {2 3 5 8} {{1 0 0 4 0 0 0 0 0 0} {0 0 0 0 0 6 0 0 0 10} {0 0 0 0 0 0 7 0 9 0}}
71 {2 3 5 8} {{1 0 0 4 0 0 0 0 0 0} {0 0 0 0 0 6 0 0 0 10} {0 0 0 0 0 0 7 0 9 0}}
72 {3 5 8} {{1 0 0 4 0 0 0 0 0 0} {0 2 0 0 0 0 7 0 9 0} {0 0 0 0 0 6 0 0 0 10}}
73 {3 5 8} {{1 0 0 4 0 0 0 0 0 0} {0 2 0 0 0 0 7 0 9 0} {0 0 0 0 0 6 0 0 0 10}}
74 {3 5 8} {{1 0 0 4 0 0 0 0 0 0} {0 2 0 0 0 0 7 0 9 0} {0 0 0 0 0 6 0 0 0 10}}
75 {3 5 8} {{1 0 0 4 0 0 0 0 0 0} {0 2 0 0 0 0 7 0 9 0} {0 0 0 0 0 6 0 0 0 10}}
76 {3 5 8} {{1 0 0 4 0 0 0 0 0 0} {0 2 0 0 0 0 7 0 9 0} {0 0 0 0 0 6 0 0 0 10}}
77 {3 5 8} {{1 0 0 4 0 0 0 0 0 0} {0 2 0 0 0 0 7 0 9 0} {0 0 0 0 0 6 0 0 0 10}}
78 {3 5 8} {{1 0 0 4 0 0 0 0 0 0} {0 2 0 0 0 0 7 0 9 0} {0 0 0 0 0 6 0 0 0 10}}
79 {3 5 8} {{1 0 0 4 0 0 0 0 0 0} {0 2 0 0 0 0 7 0 9 0} {0 0 0 0 0 6 0 0 0 10}}
80 {3 5 8} {{1 0 0 4 0 0 0 0 0 0} {0 2 0 0 0 0 7 0 9 0} {0 0 0 0 0 6 0 0 0 10}}
81 {5 8} {{1 0 0 4 0 0 0 0 0 0} {0 2 0 0 0 0 7 0 9 0} {0 0 3 0 0 6 0 0 0 10}}
82 {5 8} {{1 0 0 4 0 0 0 0 0 0} {0 2 0 0 0 0 7 0 9 0} {0 0 3 0 0 6 0 0 0 10}}
83 {5 8} {{1 0 0 4 0 0 0 0 0 0} {0 2 0 0 0 0 7 0 9 0} {0 0 3 0 0 6 0 0 0 10}}
84 {5 8} {{1 0 0 4 0 0 0 0 0 0} {0 2 0 0 0 0 7 0 9 0} {0 0 3 0 0 6 0 0 0 10}}
85 {5 8} {{1 0 0 4 0 0 0 0 0 0} {0 2 0 0 0 0 7 0 9 0} {0 0 3 0 0 6 0 0 0 10}}
86 {5 8} {{1 0 0 4 0 0 0 0 0 0} {0 2 0 0 0 0 7 0 9 0} {0 0 3 0 0 6 0 0 0 10}}
87 {5 8} {{1 0 0 4 0 0 0 0 0 0} {0 2 0 0 0 0 7 0 9 0} {0 0 3 0 0 6 0 0 0 10}}
88 {5 8} {{1 0 0 4 0 0 0 0 0 0} {0 2 0 0 0 0 7 0 9 0} {0 0 3 0 0 6 0 0 0 10}}
89 {5 8} {{1 0 0 4 0 0 0 0 0 0} {0 2 0 0 0 0 7 0 9 0} {0 0 3 0 0 6 0 0 0 10}}
90 {5 8} {{1 0 0 4 0 0 0 0 0 0} {0 2 0 0 0 0 7 0 9 0} {0 0 3 0 0 6 0 0 0 10}}
91 5 {{1 0 0 4 0 0 0 0 0 0} {0 2 0 0 0 0 7 0 9 0} {0 0 3 0 0 6 0 8 0 10}}
92 5 {{1 0 0 4 0 0 0 0 0 0} {0 2 0 0 0 0 7 0 9 0} {0 0 3 0 0 6 0 8 0 10}}
93 5 {{1 0 0 4 0 0 0 0 0 0} {0 2 0 0 0 0 7 0 9 0} {0 0 3 0 0 6 0 8 0 10}}
94 5 {{1 0 0 4 0 0 0 0 0 0} {0 2 0 0 0 0 7 0 9 0} {0 0 3 0 0 6 0 8 0 10}}
95 5 {{1 0 0 4 0 0 0 0 0 0} {0 2 0 0 0 0 7 0 9 0} {0 0 3 0 0 6 0 8 0 10}}
96 5 {{1 0 0 4 0 0 0 0 0 0} {0 2 0 0 0 0 7 0 9 0} {0 0 3 0 0 6 0 8 0 10}}
97 5 {{1 0 0 4 0 0 0 0 0 0} {0 2 0 0 0 0 7 0 9 0} {0 0 3 0 0 6 0 8 0 10}}
98 5 {{1 0 0 4 0 0 0 0 0 0} {0 2 0 0 0 0 7 0 9 0} {0 0 3 0 0 6 0 8 0 10}}
99 5 {{1 0 0 4 0 0 0 0 0 0} {0 2 0 0 0 0 7 0 9 0} {0 0 3 0 0 6 0 8 0 10}}
100 5 {{1 0 0 4 0 0 0 0 0 0} {0 2 0 0 0 0 7 0 9 0} {0 0 3 0 0 6 0 8 0 10}}
101 5 {{1 0 0 4 0 0 0 0 0 0} {0 2 0 0 0 0 7 0 9 0} {0 0 3 0 0 6 0 8 0 10}}
102 5 {{1 0 0 4 0 0 0 0 0 0} {0 2 0 0 0 0 7 0 9 0} {0 0 3 0 0 6 0 8 0 10}}
103 5 {{1 0 0 4 0 0 0 0 0 0} {0 2 0 0 0 0 7 0 9 0} {0 0 3 0 0 6 0 8 0 10}}
104 5 {{1 0 0 4 0 0 0 0 0 0} {0 2 0 0 0 0 7 0 9 0} {0 0 3 0 0 6 0 8 0 10}}
105 5 {{1 0 0 4 0 0 0 0 0 0} {0 2 0 0 0 0 7 0 9 0} {0 0 3 0 0 6 0 8 0 10}}
106 5 {{1 0 0 4 0 0 0 0 0 0} {0 2 0 0 0 0 7 0 9 0} {0 0 3 0 0 6 0 8 0 10}}
107 5 {{1 0 0 4 0 0 0 0 0 0} {0 2 0 0 0 0 7 0 9 0} {0 0 3 0 0 6 0 8 0 10}}
108 5 {{1 0 0 4 0 0 0 0 0 0} {0 2 0 0 0 0 7 0 9 0} {0 0 3 0 0 6 0 8 0 10}}
109 5 {{1 0 0 4 0 0 0 0 0 0} {0 2 0 0 0 0 7 0 9 0} {0 0 3 0 0 6 0 8 0 10}}
110 5 {{1 0 0 4 0 0 0 0 0 0} {0 2 0 0 0 0 7 0 9 0} {0 0 3 0 0 6 0 8 0 10}}
111 5 {{1 0 0 4 0 0 0 0 0 0} {0 2 0 0 0 0 7 0 9 0} {0 0 3 0 0 6 0 8 0 10}}
112 5 {{1 0 0 4 0 0 0 0 0 0} {0 2 0 0 0 0 7 0 9 0} {0 0 3 0 0 6 0 8 0 10}}
113 5 {{1 0 0 4 0 0 0 0 0 0} {0 2 0 0 0 0 7 0 9 0} {0 0 3 0 0 6 0 8 0 10}}
114 5 {{1 0 0 4 0 0 0 0 0 0} {0 2 0 0 0 0 7 0 9 0} {0 0 3 0 0 6 0 8 0 10}}
115 5 {{1 0 0 4 0 0 0 0 0 0} {0 2 0 0 0 0 7 0 9 0} {0 0 3 0 0 6 0 8 0 10}}
116 5 {{1 0 0 4 0 0 0 0 0 0} {0 2 0 0 0 0 7 0 9 0} {0 0 3 0 0 6 0 8 0 10}}
117 5 {{1 0 0 4 0 0 0 0 0 0} {0 2 0 0 0 0 7 0 9 0} {0 0 3 0 0 6 0 8 0 10}}
118 5 {{1 0 0 4 0 0 0 0 0 0} {0 2 0 0 0 0 7 0 9 0} {0 0 3 0 0 6 0 8 0 10}}
119 5 {{1 0 0 4 0 0 0 0 0 0} {0 2 0 0 0 0 7 0 9 0} {0 0 3 0 0 6 0 8 0 10}}
120 5 {{1 0 0 4 0 0 0 0 0 0} {0 2 0 0 0 0 7 0 9 0} {0 0 3 0 0 6 0 8 0 10}}
121 5 {{1 0 0 4 0 0 0 0 0 0} {0 2 0 0 0 0 7 0 9 0} {0 0 3 0 0 6 0 8 0 10}}
122 5 {{1 0 0 4 0 0 0 0 0 0} {0 2 0 0 0 0 7 0 9 0} {0 0 3 0 0 6 0 8 0 10}}
123 5 {{1 0 0 4 0 0 0 0 0 0} {0 2 0 0 0 0 7 0 9 0} {0 0 3 0 0 6 0 8 0 10}}
124 5 {{1 0 0 4 0 0 0 0 0 0} {0 2 0 0 0 0 7 0 9 0} {0 0 3 0 0 6 0 8 0 10}}
125 5 {{1 0 0 4 0 0 0 0 0 0} {0 2 0 0 0 0 7 0 9 0} {0 0 3 0 0 6 0 8 0 10}}
126 5 {{1 0 0 4 0 0 0 0 0 0} {0 2 0 0 0 0 7 0 9 0} {0 0 3 0 0 6 0 8 0 10}}
127 5 {{1 0 0 4 0 0 0 0 0 0} {0 2 0 0 0 0 7 0 9 0} {0 0 3 0 0 6 0 8 0 10}}
128 5 {{1 0 0 4 0 0 0 0 0 0} {0 2 0 0 0 0 7 0 9 0} {0 0 3 0 0 6 0 8 0 10}}
129 5 {{1 0 0 4 0 0 0 0 0 0} {0 2 0 0 0 0 7 0 9 0} {0 0 3 0 0 6 0 8 0 10}}
130 5 {{1 0 0 4 0 0 0 0 0 0} {0 2 0 0 0 0 7 0 9 0} {0 0 3 0 0 6 0 8 0 10}}
131 5 {{1 0 0 4 0 0 0 0 0 0} {0 2 0 0 0 0 7 0 9 0} {0 0 3 0 0 6 0 8 0 10}}
132 5 {{1 0 0 4 0 0 0 0 0 0} {0 2 0 0 0 0 7 0 9 0} {0 0 3 0 0 6 0 8 0 10}}
133 5 {{1 0 0 4 0 0 0 0 0 0} {0 2 0 0 0 0 7 0 9 0} {0 0 3 0 0 6 0 8 0 10}}
134 5 {{1 0 0 4 0 0 0 0 0 0} {0 2 0 0 0 0 7 0 9 0} {0 0 3 0 0 6 0 8 0 10}}
135 5 {{1 0 0 4 0 0 0 0 0 0} {0 2 0 0 0 0 7 0 9 0} {0 0 3 0 0 6 0 8 0 10}}
136 5 {{1 0 0 4 0 0 0 0 0 0} {0 2 0 0 0 0 7 0 9 0} {0 0 3 0 0 6 0 8 0 10}}
137 5 {{1 0 0 4 0 0 0 0 0 0} {0 2 0 0 0 0 7 0 9 0} {0 0 3 0 0 6 0 8 0 10}}
138 5 {{1 0 0 4 0 0 0 0 0 0} {0 2 0 0 0 0 7 0 9 0} {0 0 3 0 0 6 0 8 0 10}}
139 5 {{1 0 0 4 0 0 0 0 0 0} {0 2 0 0 0 0 7 0 9 0} {0 0 3 0 0 6 0 8 0 10}}
140 5 {{1 0 0 4 0 0 0 0 0 0} {0 2 0 0 0 0 7 0 9 0} {0 0 3 0 0 6 0 8 0 10}}
141 5 {{1 0 0 4 0 0 0 0 0 0} {0 2 0 0 0 0 7 0 9 0} {0 0 3 0 0 6 0 8 0 10}}
142 5 {{1 0 0 4 0 0 0 0 0 0} {0 2 0 0 0 0 7 0 9 0} {0 0 3 0 0 6 0 8 0 10}}
143 5 {{1 0 0 4 0 0 0 0 0 0} {0 2 0 0 0 0 7 0 9 0} {0 0 3 0 0 6 0 8 0 10}}
144 5 {{1 0 0 4 0 0 0 0 0 0} {0 2 0 0 0 0 7 0 9 0} {0 0 3 0 0 6 0 8 0 10}}
145 5 {{1 0 0 4 0 0 0 0 0 0} {0 2 0 0 0 0 7 0 9 0} {0 0 3 0 0 6 0 8 0 10}}
146 5 {{1 0 0 4 0 0 0 0 0 0} {0 2 0 0 0 0 7 0 9 0} {0 0 3 0 0 6 0 8 0 10}}
147 5 {{1 0 0 4 0 0 0 0 0 0} {0 2 0 0 0 0 7 0 9 0} {0 0 3 0 0 6 0 8 0 10}}
148 5 {{1 0 0 4 0 0 0 0 0 0} {0 2 0 0 0 0 7 0 9 0} {0 0 3 0 0 6 0 8 0 10}}
149 5 {{1 0 0 4 0 0 0 0 0 0} {0 2 0 0 0 0 7 0 9 0} {0 0 3 0 0 6 0 8 0 10}}
150 5 {{1 0 0 4 0 0 0 0 0 0} {0 2 0 0 0 0 7 0 9 0} {0 0 3 0 0 6 0 8 0 10}}
151 5 {{1 0 0 4 0 0 0 0 0 0} {0 2 0 0 0 0 7 0 9 0} {0 0 3 0 0 6 0 8 0 10}}
152 5 {{1 0 0 4 0 0 0 0 0 0} {0 2 0 0 0 0 7 0 9 0} {0 0 3 0 0 6 0 8 0 10}}
153 5 {{1 0 0 4 0 0 0 0 0 0} {0 2 0 0 0 0 7 0 9 0} {0 0 3 0 0 6 0 8 0 10}}
154 5 {{1 0 0 4 0 0 0 0 0 0} {0 2 0 0 0 0 7 0 9 0} {0 0 3 0 0 6 0 8 0 10}}
155 5 {{1 0 0 4 0 0 0 0 0 0} {0 2 0 0 0 0 7 0 9 0} {0 0 3 0 0 6 0 8 0 10}}
156 5 {{1 0 0 4 0 0 0 0 0 0} {0 2 0 0 0 0 7 0 9 0} {0 0 3 0 0 6 0 8 0 10}}
157 5 {{1 0 0 4 0 0 0 0 0 0} {0 2 0 0 0 0 7 0 9 0} {0 0 3 0 0 6 0 8 0 10}}
158 5 {{1 0 0 4 0 0 0 0 0 0} {0 2 0 0 0 0 7 0 9 0} {0 0 3 0 0 6 0 8 0 10}}
159 5 {{1 0 0 4 0 0 0 0 0 0} {0 2 0 0 0 0 7 0 9 0} {0 0 3 0 0 6 0 8 0 10}}
160 5 {{1 0 0 4 0 0 0 0 0 0} {0 2 0 0 0 0 7 0 9 0} {0 0 3 0 0 6 0 8 0 10}}
161 5 {{1 0 0 4 0 0 0 0 0 0} {0 2 0 0 0 0 7 0 9 0} {0 0 3 0 0 6 0 8 0 10}}
162 5 {{1 0 0 4 0 0 0 0 0 0} {0 2 0 0 0 0 7 0 9 0} {0 0 3 0 0 6 0 8 0 10}}
163 5 {{1 0 0 4 0 0 0 0 0 0} {0 2 0 0 0 0 7 0 9 0} {0 0 3 0 0 6 0 8 0 10}}
164 5 {{1 0 0 4 0 0 0 0 0 0} {0 2 0 0 0 0 7 0 9 0} {0 0 3 0 0 6 0 8 0 10}}
165 5 {{1 0 0 4 0 0 0 0 0 0} {0 2 0 0 0 0 7 0 9 0} {0 0 3 0 0 6 0 8 0 10}}
166 5 {{1 0 0 4 0 0 0 0 0 0} {0 2 0 0 0 0 7 0 9 0} {0 0 3 0 0 6 0 8 0 10}}
167 5 {{1 0 0 4 0 0 0 0 0 0} {0 2 0 0 0 0 7 0 9 0} {0 0 3 0 0 6 0 8 0 10}}
168 5 {{1 0 0 4 0 0 0 0 0 0} {0 2 0 0 0 0 7 0 9 0} {0 0 3 0 0 6 0 8 0 10}}
169 5 {{1 0 0 4 0 0 0 0 0 0} {0 2 0 0 0 0 7 0 9 0} {0 0 3 0 0 6 0 8 0 10}}
170 5 {{1 2 0 4 0 0 7 0 9 0} {0 0 3 0 0 6 0 8 0 10}}
171 5 {{1 2 0 4 0 0 7 0 9 0} {0 0 3 0 0 6 0 8 0 10}}
172 5 {{1 0 0 4 0 0 0 0 0 0} {0 2 0 0 0 0 7 0 9 0} {0 0 3 0 0 6 0 8 0 10}}
173 5 {{1 2 0 4 0 0 7 0 9 0} {0 0 3 0 0 6 0 8 0 10}}
174 5 {{1 2 0 4 0 0 7 0 9 0} {0 0 3 0 0 6 0 8 0 10}}
175 5 {{1 2 0 4 0 0 7 0 9 0} {0 0 3 0 0 6 0 8 0 10}}
176 5 {{1 2 0 4 0 0 7 0 9 0} {0 0 3 0 0 6 0 8 0 10}}
177 5 {{1 2 0 4 0 0 7 0 9 0} {0 0 3 0 0 6 0 8 0 10}}
178 5 {{1 2 0 4 0 0 7 0 9 0} {0 0 3 0 0 6 0 8 0 10}}
179 5 {{1 2 0 4 0 0 7 0 9 0} {0 0 3 0 0 6 0 8 0 10}}
180 5 {{1 2 0 4 0 0 7 0 9 0} {0 0 3 0 0 6 0 8 0 10}}
181 5 {{1 2 0 4 0 0 7 0 9 0} {0 0 3 0 0 6 0 8 0 10}}
182 5 {{1 2 0 4 0 0 7 0 9 0} {0 0 3 0 0 6 0 8 0 10}}
183 5 {{1 2 0 4 0 0 7 0 9 0} {0 0 3 0 0 6 0 8 0 10}}
184 5 {{1 2 0 4 0 0 7 0 9 0} {0 0 3 0 0 6 0 8 0 10}}
185 5 {{1 2 0 4 0 0 7 0 9 0} {0 0 3 0 0 6 0 8 0 10}}
186 5 {{1 2 0 4 0 0 7 0 9 0} {0 0 3 0 0 6 0 8 0 10}}
187 5 {{1 2 0 4 0 0 7 0 9 0} {0 0 3 0 0 6 0 8 0 10}}
188 5 {{1 2 0 4 0 0 7 0 9 0} {0 0 3 0 0 6 0 8 0 10}}
189 5 {{1 2 0 4 0 0 7 0 9 0} {0 0 3 0 0 6 0 8 0 10}}
190 5 {{1 2 0 4 0 0 7 0 9 0} {0 0 3 0 0 6 0 8 0 10}}
191 5 {{1 2 0 4 0 0 7 0 9 0} {0 0 3 0 0 6 0 8 0 10}}
192 5 {{1 2 0 4 0 0 7 0 9 0} {0 0 3 0 0 6 0 8 0 10}}
193 5 {{1 2 0 4 0 0 7 0 9 0} {0 0 3 0 0 6 0 8 0 10}}
194 5 {{1 2 0 4 0 0 7 0 9 0} {0 0 3 0 0 6 0 8 0 10}}
195 5 {{1 2 0 4 0 0 7 0 9 0} {0 0 3 0 0 6 0 8 0 10}}
196 5 {{1 2 0 4 0 0 7 0 9 0} {0 0 3 0 0 6 0 8 0 10}}
197 5 {{1 2 0 4 0 0 7 0 9 0} {0 0 3 0 0 6 0 8 0 10}}
198 5 {{1 2 0 4 0 0 7 0 9 0} {0 0 3 0 0 6 0 8 0 10}}
199 5 {{1 2 0 4 0 0 7 0 9 0} {0 0 3 0 0 6 0 8 0 10}}
200 5 {{1 2 0 4 0 0 7 0 9 0} {0 0 3 0 0 6 0 8 0 10}}
201 5 {{1 2 0 4 0 0 7 0 9 0} {0 0 3 0 0 6 0 8 0 10}}
202 5 {{1 2 0 4 0 0 7 0 9 0} {0 0 3 0 0 6 0 8 0 10}}
203 5 {{1 2 0 4 0 0 7 0 9 0} {0 0 3 0 0 6 0 8 0 10}}
204 5 {{1 2 0 4 0 0 7 0 9 0} {0 0 3 0 0 6 0 8 0 10}}
205 5 {{1 2 0 4 0 0 7 0 9 0} {0 0 3 0 0 6 0 8 0 10}}
206 5 {{1 2 0 4 0 0 7 0 9 0} {0 0 3 0 0 6 0 8 0 10}}
207 5 {{1 2 0 4 0 0 7 0 9 0} {0 0 3 0 0 6 0 8 0 10}}
208 5 {{1 2 0 4 0 0 7 0 9 0} {0 0 3 0 0 6 0 8 0 10}}
209 5 {{1 2 0 4 0 0 7 0 9 0} {0 0 3 0 0 6 0 8 0 10}}
210 5 {{1 2 0 4 0 0 7 0 9 0} {0 0 3 0 0 6 0 8 0 10}}
211 5 {{1 2 0 4 0 0 7 0 9 0} {0 0 3 0 0 6 0 8 0 10}}
212 5 {{1 2 0 4 0 0 7 0 9 0} {0 0 3 0 0 6 0 8 0 10}}
213 5 {{1 2 0 4 0 0 7 0 9 0} {0 0 3 0 0 6 0 8 0 10}}
214 5 {{1 2 0 4 0 0 7 0 9 0} {0 0 3 0 0 6 0 8 0 10}}
215 5 {{1 2 0 4 0 0 7 0 9 0} {0 0 3 0 0 6 0 8 0 10}}
216 5 {{1 2 0 4 0 0 7 0 9 0} {0 0 3 0 0 6 0 8 0 10}}
217 5 {{1 2 0 4 0 0 7 0 9 0} {0 0 3 0 0 6 0 8 0 10}}
218 5 {{1 2 0 4 0 0 7 0 9 0} {0 0 3 0 0 6 0 8 0 10}}
219 5 {{1 2 0 4 0 0 7 0 9 0} {0 0 3 0 0 6 0 8 0 10}}
220 5 {{1 2 0 4 0 0 7 0 9 0} {0 0 3 0 0 6 0 8 0 10}}
221 5 {{1 2 0 4 0 0 7 0 9 0} {0 0 3 0 0 6 0 8 0 10}}
222 5 {{1 2 0 4 0 0 7 0 9 0} {0 0 3 0 0 6 0 8 0 10}}
223 5 {{1 2 0 4 0 0 7 0 9 0} {0 0 3 0 0 6 0 8 0 10}}
224 5 {{1 2 0 4 0 0 7 0 9 0} {0 0 3 0 0 6 0 8 0 10}}
225 5 {{1 2 0 4 0 0 7 0 9 0} {0 0 3 0 0 6 0 8 0 10}}
226 5 {{1 2 0 4 0 0 7 0 9 0} {0 0 3 0 0 6 0 8 0 10}}
227 5 {{1 2 0 4 0 0 7 0 9 0} {0 0 3 0 0 6 0 8 0 10}}
228 5 {{1 2 0 4 0 0 7 0 9 0} {0 0 3 0 0 6 0 8 0 10}}
229 5 {{1 2 0 4 0 0 7 0 9 0} {0 0 3 0 0 6 0 8 0 10}}
230 5 {{1 2 0 4 0 0 7 0 9 0} {0 0 3 0 0 6 0 8 0 10}}
231 5 {{1 2 0 4 0 0 7 0 9 0} {0 0 3 0 0 6 0 8 0 10}}
232 5 {{1 2 0 4 0 0 7 0 9 0} {0 0 3 0 0 6 0 8 0 10}}
233 5 {{1 2 0 4 0 0 7 0 9 0} {0 0 3 0 0 6 0 8 0 10}}
234 5 {{1 2 0 4 0 0 7 0 9 0} {0 0 3 0 0 6 0 8 0 10}}
235 5 {{1 2 0 4 0 0 7 0 9 0} {0 0 3 0 0 6 0 8 0 10}}
236 5 {{1 2 0 4 0 0 7 0 9 0} {0 0 3 0 0 6 0 8 0 10}}
237 5 {{1 2 0 4 0 0 7 0 9 0} {0 0 3 0 0 6 0 8 0 10}}
238 5 {{1 2 0 4 0 0 7 0 9 0} {0 0 3 0 0 6 0 8 0 10}}
239 5 {{1 2 0 4 0 0 7 0 9 0} {0 0 3 0 0 6 0 8 0 10}}
240 5 {{1 2 0 4 0 0 7 0 9 0} {0 0 3 0 0 6 0 8 0 10}}
241 5 {{1 2 0 4 0 0 7 0 9 0} {0 0 3 0 0 6 0 8 0 10}}
242 5 {{1 2 0 4 0 0 7 0 9 0} {0 0 3 0 0 6 0 8 0 10}}
243 5 {{1 2 0 4 0 0 7 0 9 0} {0 0 3 0 0 6 0 8 0 10}}
244 5 {{1 2 0 4 0 0 7 0 9 0} {0 0 3 0 0 6 0 8 0 10}}
245 5 {{1 2 0 4 0 0 7 0 9 0} {0 0 3 0 0 6 0 8 0 10}}
246 5 {{1 2 0 4 0 0 7 0 9 0} {0 0 3 0 0 6 0 8 0 10}}
247 5 {{1 2 0 4 0 0 7 0 9 0} {0 0 3 0 0 6 0 8 0 10}}
248 5 {{1 2 0 4 0 0 7 0 9 0} {0 0 3 0 0 6 0 8 0 10}}
249 5 {{1 2 0 4 0 0 7 0 9 0} {0 0 3 0 0 6 0 8 0 10}}
250 5 {{1 2 0 4 0 0 7 0 9 0} {0 0 3 0 0 6 0 8 0 10}}
251 5 {{1 2 0 4 0 0 7 0 9 0} {0 0 3 0 0 6 0 8 0 10}}
252 5 {{1 2 0 4 0 0 7 0 9 0} {0 0 3 0 0 6 0 8 0 10}}
253 5 {{1 2 0 4 0 0 7 0 9 0} {0 0 3 0 0 6 0 8 0 10}}
254 5 {{1 2 0 4 0 0 7 0 9 0} {0 0 3 0 0 6 0 8 0 10}}
255 5 {{1 2 0 4 0 0 7 0 9 0} {0 0 3 0 0 6 0 8 0 10}}
256 5 {{1 2 0 4 0 0 7 0 9 0} {0 0 3 0 0 6 0 8 0 10}}
257 5 {{1 2 0 4 0 0 7 0 9 0} {0 0 3 0 0 6 0 8 0 10}}
258 5 {{1 2 0 4 0 0 7 0 9 0} {0 0 3 0 0 6 0 8 0 10}}
259 5 {{1 2 0 4 0 0 7 0 9 0} {0 0 3 0 0 6 0 8 0 10}}
260 5 {{1 2 0 4 0 0 7 0 9 0} {0 0 3 0 0 6 0 8 0 10}}
261 5 {{1 2 0 4 0 0 7 0 9 0} {0 0 3 0 0 6 0 8 0 10}}
262 5 {{1 2 0 4 0 0 7 0 9 0} {0 0 3 0 0 6 0 8 0 10}}
263 5 {{1 2 0 4 0 0 7 0 9 0} {0 0 3 0 0 6 0 8 0 10}}
264 5 {{1 2 0 4 0 0 7 0 9 0} {0 0 3 0 0 6 0 8 0 10}}
265 5 {{1 2 0 4 0 0 7 0 9 0} {0 0 3 0 0 6 0 8 0 10}}
266 5 {{1 2 0 4 0 0 7 0 9 0} {0 0 3 0 0 6 0 8 0 10}}
267 5 {{1 2 0 4 0 0 7 0 9 0} {0 0 3 0 0 6 0 8 0 10}}
268 5 {{1 2 0 4 0 0 7 0 9 0} {0 0 3 0 0 6 0 8 0 10}}
269 5 {{1 2 0 4 0 0 7 0 9 0} {0 0 3 0 0 6 0 8 0 10}}
270 5 {{1 2 0 4 0 0 7 0 9 0} {0 0 3 0 0 6 0 8 0 10}}
271 5 {{1 2 0 4 0 0 7 0 9 0} {0 0 3 0 0 6 0 8 0 10}}
272 5 {{1 2 0 4 0 0 7 0 9 0} {0 0 3 0 0 6 0 8 0 10}}
273 5 {{1 2 0 4 0 0 7 0 9 0} {0 0 3 0 0 6 0 8 0 10}}
274 5 {{1 2 0 4 0 0 7 0 9 0} {0 0 3 0 0 6 0 8 0 10}}
275 5 {{1 2 0 4 0 0 7 0 9 0} {0 0 3 0 0 6 0 8 0 10}}
276 5 {{1 2 0 4 0 0 7 0 9 0} {0 0 3 0 0 6 0 8 0 10}}
277 5 {{1 2 0 4 0 0 7 0 9 0} {0 0 3 0 0 6 0 8 0 10}}
278 5 {{1 2 0 4 0 0 7 0 9 0} {0 0 3 0 0 6 0 8 0 10}}
279 5 {{1 2 0 4 0 0 7 0 9 0} {0 0 3 0 0 6 0 8 0 10}}
280 5 {{1 2 0 4 0 0 7 0 9 0} {0 0 3 0 0 6 0 8 0 10}}
281 5 {{1 2 0 4 0 0 7 0 9 0} {0 0 3 0 0 6 0 8 0 10}}
282 5 {{1 2 0 4 0 0 7 0 9 0} {0 0 3 0 0 6 0 8 0 10}}
283 5 {{1 2 0 4 0 0 7 0 9 0} {0 0 3 0 0 6 0 8 0 10}}
284 5 {{1 2 0 4 0 0 7 0 9 0} {0 0 3 0 0 6 0 8 0 10}}
285 5 {{1 2 0 4 0 0 7 0 9 0} {0 0 3 0 0 6 0 8 0 10}}
286 5 {{1 2 3 4 0 6 7 8 9 10}}
287 5 {{1 2 3 4 0 6 7 8 9 10}}
288 5 {{1 2 3 4 0 6 7 8 9 10}}
289 5 {{1 2 3 4 0 6 7 8 9 10}}
290 5 {{1 2 3 4 0 6 7 8 9 10}}
291 5 {{1 2 3 4 0 6 7 8 9 10}}
292 5 {{1 2 3 4 0 6 7 8 9 10}}
293 5 {{1 2 3 4 0 6 7 8 9 10}}
294 5 {{1 2 3 4 0 6 7 8 9 10}}
295 5 {{1 2 3 4 0 6 7 8 9 10}}
296 5 {{1 2 3 4 0 6 7 8 9 10}}
297 5 {{1 2 3 4 0 6 7 8 9 10}}
298 5 {{1 2 3 4 0 6 7 8 9 10}}
299 5 {{1 2 3 4 0 6 7 8 9 10}}
300 5 {{1 2 3 4 0 6 7 8 9 10}}
301 5 {{1 2 3 4 0 6 7 8 9 10}}
302 5 {{1 2 3 4 0 6 7 8 9 10}}
303 5 {{1 2 3 4 0 6 7 8 9 10}}
304 5 {{1 2 3 4 0 6 7 8 9 10}}
305 5 {{1 2 3 4 0 6 7 8 9 10}}
306 5 {{1 2 3 4 0 6 7 8 9 10}}
307 5 {{1 2 3 4 0 6 7 8 9 10}}
308 5 {{1 2 3 4 0 6 7 8 9 10}}
309 5 {{1 2 3 4 0 6 7 8 9 10}}
310 5 {{1 2 3 4 0 6 7 8 9 10}}
311 5 {{1 2 3 4 0 6 7 8 9 10}}
312 5 {{1 2 3 4 0 6 7 8 9 10}}
313 5 {{1 2 3 4 0 6 7 8 9 10}}
314 5 {{1 2 3 4 0 6 7 8 9 10}}
315 5 {{1 2 3 4 0 6 7 8 9 10}}
316 5 {{1 2 3 4 0 6 7 8 9 10}}
317 5 {{1 2 3 4 0 6 7 8 9 10}}
318 5 {{1 2 3 4 0 6 7 8 9 10}}
319 5 {{1 2 3 4 0 6 7 8 9 10}}
320 5 {{1 2 3 4 0 6 7 8 9 10}}
321 5 {{1 2 3 4 0 6 7 8 9 10}}
322 5 {{1 2 3 4 0 6 7 8 9 10}}
323 5 {{1 2 3 4 0 6 7 8 9 10}}
324 5 {{1 2 3 4 0 6 7 8 9 10}}
325 5 {{1 2 3 4 0 6 7 8 9 10}}
326 5 {{1 2 3 4 0 6 7 8 9 10}}
327 5 {{1 2 3 4 0 6 7 8 9 10}}
328 5 {{1 2 3 4 0 6 7 8 9 10}}
329 5 {{1 2 3 4 0 6 7 8 9 10}}
330 5 {{1 2 3 4 0 6 7 8 9 10}}
331 5 {{1 2 3 4 0 6 7 8 9 10}}
332 5 {{1 2 3 4 0 6 7 8 9 10}}
333 5 {{1 2 3 4 0 6 7 8 9 10}}
334 5 {{1 2 3 4 0 6 7 8 9 10}}
335 5 {{1 2 3 4 0 6 7 8 9 10}}
336 5 {{1 2 3 4 0 6 7 8 9 10}}
337 5 {{1 2 3 4 0 6 7 8 9 10}}
338 5 {{1 2 3 4 0 6 7 8 9 10}}
339 5 {{1 2 3 4 0 6 7 8 9 10}}
340 5 {{1 2 3 4 0 6 7 8 9 10}}
341 5 {{1 2 3 4 0 6 7 8 9 10}}
342 5 {{1 2 3 4 0 6 7 8 9 10}}
343 5 {{1 2 3 4 0 6 7 8 9 10}}
344 5 {{1 2 3 4 0 6 7 8 9 10}}
345 5 {{1 2 3 4 0 6 7 8 9 10}}
346 5 {{1 2 3 4 0 6 7 8 9 10}}
347 5 {{1 2 3 4 0 6 7 8 9 10}}
348 5 {{1 2 3 4 0 6 7 8 9 10}}
349 5 {{1 2 3 4 0 6 7 8 9 10}}
350 5 {{1 2 3 4 0 6 7 8 9 10}}
351 5 {{1 2 3 4 0 6 7 8 9 10}}
352 5 {{1 2 3 4 0 6 7 8 9 10}}
353 5 {{1 2 3 4 0 6 7 8 9 10}}
354 5 {{1 2 3 4 0 6 7 8 9 10}}
355 5 {{1 2 3 4 0 6 7 8 9 10}}
356 5 {{1 2 3 4 0 6 7 8 9 10}}
357 5 {{1 2 3 4 0 6 7 8 9 10}}
358 5 {{1 2 3 4 0 6 7 8 9 10}}
359 5 {{1 2 3 4 0 6 7 8 9 10}}
360 5 {{1 2 3 4 0 6 7 8 9 10}}
361 5 {{1 2 3 4 0 6 7 8 9 10}}
362 5 {{1 2 3 4 0 6 7 8 9 10}}
363 5 {{1 2 3 4 0 6 7 8 9 10}}
364 5 {{1 2 3 4 0 6 7 8 9 10}}
365 5 {{1 2 3 4 0 6 7 8 9 10}}
366 5 {{1 2 3 4 0 6 7 8 9 10}}
367 5 {{1 2 3 4 0 6 7 8 9 10}}
368 5 {{1 2 3 4 0 6 7 8 9 10}}
369 5 {{1 2 3 4 0 6 7 8 9 10}}
370 5 {{1 2 3 4 0 6 7 8 9 10}}
371 5 {{1 2 3 4 0 6 7 8 9 10}}
372 5 {{1 2 3 4 0 6 7 8 9 10}}
373 5 {{1 2 3 4 0 6 7 8 9 10}}
374 5 {{1 2 3 4 0 6 7 8 9 10}}
375 5 {{1 2 3 4 0 6 7 8 9 10}}
376 5 {{1 2 3 4 0 6 7 8 9 10}}
377 5 {{1 2 3 4 0 6 7 8 9 10}}
378 5 {{1 2 3 4 0 6 7 8 9 10}}
379 5 {{1 2 3 4 0 6 7 8 9 10}}
380 5 {{1 2 3 4 0 6 7 8 9 10}}
381 5 {{1 2 3 4 0 6 7 8 9 10}}
382 5 {{1 2 3 4 0 6 7 8 9 10}}
383 5 {{1 2 3 4 0 6 7 8 9 10}}
384 5 {{1 2 3 4 0 6 7 8 9 10}}
385 5 {{1 2 3 4 0 6 7 8 9 10}}
386 5 {{1 2 3 4 0 6 7 8 9 10}}
387 5 {{1 2 3 4 0 6 7 8 9 10}}
388 5 {{1 2 3 4 0 6 7 8 9 10}}
389 5 {{1 2 3 4 0 6 7 8 9 10}}
390 5 {{1 2 3 4 0 6 7 8 9 10}}
391 5 {{1 2 3 4 0 6 7 8 9 10}}
392 5 {{1 2 3 4 0 6 7 8 9 10}}
393 5 {{1 2 3 4 0 6 7 8 9 10}}
394 5 {{1 2 3 4 0 6 7 8 9 10}}
395 5 {{1 2 3 4 0 6 7 8 9 10}}
396 5 {{1 2 3 4 0 6 7 8 9 10}}
397 5 {{1 2 3 4 0 6 7 8 9 10}}
398 5 {{1 2 3 4 0 6 7 8 9 10}}
399 5 {{1 2 3 4 0 6 7 8 9 10}}
400 5 {{1 2 3 4 0 6 7 8 9 10}}
401 5 {{1 2 3 4 0 6 7 8 9 10}}
402 5 {{1 2 3 4 0 6 7 8 9 10}}
403 5 {{1 2 3 4 0 6 7 8 9 10}}
404 5 {{1 2 3 4 0 6 7 8 9 10}}
405 5 {{1 2 3 4 0 6 7 8 9 10}}
406 5 {{1 2 3 4 0 6 7 8 9 10}}
407 5 {{1 2 3 4 0 6 7 8 9 10}}
408 5 {{1 2 3 4 0 6 7 8 9 10}}
409 5 {{1 2 3 4 0 6 7 8 9 10}}
410 5 {{1 2 3 4 0 6 7 8 9 10}}
411 {} {{1 2 3 4 5 6 7 8 9 10}}
412 {} {{1 2 3 4 5 6 7 8 9 10}}
413 5 {{1 2 3 4 0 6 7 8 9 10}}
414 {} {{1 2 3 4 5 6 7 8 9 10}}
415 {} {{1 2 3 4 5 6 7 8 9 10}}
416 {} {{1 2 3 4 5 6 7 8 9 10}}
417 {} {{1 2 3 4 5 6 7 8 9 10}}
418 {} {{1 2 3 4 5 6 7 8 9 10}}
419 {} {{1 2 3 4 5 6 7 8 9 10}}
420 {} {{1 2 3 4 5 6 7 8 9 10}}
421 {} {{1 2 3 4 5 6 7 8 9 10}}
422 {} {{1 2 3 4 5 6 7 8 9 10}}
423 {} {{1 2 3 4 5 6 7 8 9 10}}
424 {} {{1 2 3 4 5 6 7 8 9 10}}
425 {} {{1 2 3 4 5 6 7 8 9 10}}
426 {} {{1 2 3 4 5 6 7 8 9 10}}
427 {} {{1 2 3 4 5 6 7 8 9 10}}
428 {} {{1 2 3 4 5 6 7 8 9 10}}
429 {} {{1 2 3 4 5 6 7 8 9 10}}
430 {} {{1 2 3 4 5 6 7 8 9 10}}
431 {} {{1 2 3 4 5 6 7 8 9 10}}
432 {} {{1 2 3 4 5 6 7 8 9 10}}
433 {} {{1 2 3 4 5 6 7 8 9 10}}
434 {} {{1 2 3 4 5 6 7 8 9 10}}
435 {} {{1 2 3 4 5 6 7 8 9 10}}
436 {} {{1 2 3 4 5 6 7 8 9 10}}
437 {} {{1 2 3 4 5 6 7 8 9 10}}
438 {} {{1 2 3 4 5 6 7 8 9 10}}
439 {} {{1 2 3 4 5 6 7 8 9 10}}
440 {} {{1 2 3 4 5 6 7 8 9 10}}
441 {} {{1 2 3 4 5 6 7 8 9 10}}
442 {} {{1 2 3 4 5 6 7 8 9 10}}
443 {} {{1 2 3 4 5 6 7 8 9 10}}
444 {} {{1 2 3 4 5 6 7 8 9 10}}
445 {} {{1 2 3 4 5 6 7 8 9 10}}
446 {} {{1 2 3 4 5 6 7 8 9 10}}
447 {} {{1 2 3 4 5 6 7 8 9 10}}
448 {} {{1 2 3 4 5 6 7 8 9 10}}
449 {} {{1 2 3 4 5 6 7 8 9 10}}
450 {} {{1 2 3 4 5 6 7 8 9 10}}
451 {} {{1 2 3 4 5 6 7 8 9 10}}
452 {} {{1 2 3 4 5 6 7 8 9 10}}
453 {} {{1 2 3 4 5 6 7 8 9 10}}
454 {} {{1 2 3 4 5 6 7 8 9 10}}
455 {} {{1 2 3 4 5 6 7 8 9 10}}
456 {} {{1 2 3 4 5 6 7 8 9 10}}
457 {} {{1 2 3 4 5 6 7 8 9 10}}
458 {} {{1 2 3 4 5 6 7 8 9 10}}
459 {} {{1 2 3 4 5 6 7 8 9 10}}
460 {} {{1 2 3 4 5 6 7 8 9 10}}
461 {} {{1 2 3 4 5 6 7 8 9 10}}
462 {} {{1 2 3 4 5 6 7 8 9 10}}
463 {} {{1 2 3 4 5 6 7 8 9 10}}
464 {} {{1 2 3 4 5 6 7 8 9 10}}
465 {} {{1 2 3 4 5 6 7 8 9 10}}
466 {} {{1 2 3 4 5 6 7 8 9 10}}
467 {} {{1 2 3 4 5 6 7 8 9 10}}
468 {} {{1 2 3 4 5 6 7 8 9 10}}
469 {} {{1 2 3 4 5 6 7 8 9 10}}
470 {} {{1 2 3 4 5 6 7 8 9 10}}
471 {} {{1 2 3 4 5 6 7 8 9 10}}
472 {} {{1 2 3 4 5 6 7 8 9 10}}
473 {} {{1 2 3 4 5 6 7 8 9 10}}
474 {} {{1 2 3 4 5 6 7 8 9 10}}
475 {} {{1 2 3 4 5 6 7 8 9 10}}
476 {} {{1 2 3 4 5 6 7 8 9 10}}
477 {} {{1 2 3 4 5 6 7 8 9 10}}
478 {} {{1 2 3 4 5 6 7 8 9 10}}
479 {} {{1 2 3 4 5 6 7 8 9 10}}
480 {} {{1 2 3 4 5 6 7 8 9 10}}
481 {} {{1 2 3 4 5 6 7 8 9 10}}
482 {} {{1 2 3 4 5 6 7 8 9 10}}
483 {} {{1 2 3 4 5 6 7 8 9 10}}
484 {} {{1 2 3 4 5 6 7 8 9 10}}
485 {} {{1 2 3 4 5 6 7 8 9 10}}
486 {} {{1 2 3 4 5 6 7 8 9 10}}
487 {} {{1 2 3 4 5 6 7 8 9 10}}
488 {} {{1 2 3 4 5 6 7 8 9 10}}
489 {} {{1 2 3 4 5 6 7 8 9 10}}
490 {} {{1 2 3 4 5 6 7 8 9 10}}
491 {} {{1 2 3 4 5 6 7 8 9 10}}
492 {} {{1 2 3 4 5 6 7 8 9 10}}
493 {} {{1 2 3 4 5 6 7 8 9 10}}
494 {} {{1 2 3 4 5 6 7 8 9 10}}
495 {} {{1 2 3 4 5 6 7 8 9 10}}
496 {} {{1 2 3 4 5 6 7 8 9 10}}
497 {} {{1 2 3 4 5 6 7 8 9 10}}
498 {} {{1 2 3 4 5 6 7 8 9 10}}
499 {} {{1 2 3 4 5 6 7 8 9 10}}
500 {} {{1 2 3 4 5 6 7 8 9 10}}
501 {} {{1 2 3 4 5 6 7 8 9 10}}
