# Selection:resname AU W ION Restricted:name AUC AUL AUSL Radius:2.64 Start:0 End:-1
0 137.84487915039063
1 139.56793212890625
2 141.72177124023438
3 120.18350219726563
4 152.4908905029297
5 108.55284118652344
6 129.6603240966797
7 118.02967071533203
8 111.56818389892578
9 130.0911102294922
10 129.66033935546875
11 112.86048889160156
12 183.93675231933594
13 136.98333740234375
14 153.3524169921875
15 112.86048889160156
16 169.72149658203125
17 127.50650787353516
18 210.21343994140625
19 120.61426544189453
20 148.61399841308594
21 141.7217559814453
22 77.5377426147461
23 123.1988525390625
24 108.55284118652344
25 97.7837142944336
26 120.61425018310547
27 158.52159118652344
28 80.1223373413086
29 147.75247192382813
30 185.6597900390625
31 124.92191314697266
32 106.39901733398438
33 109.41436004638672
34 138.70639038085938
35 184.36752319335938
36 209.3518829345703
37 126.64496612548828
38 117.16814422607422
39 149.04478454589844
40 124.06037902832031
41 105.53749084472656
42 139.99867248535156
43 84.86075592041016
44 128.79879760742188
45 100.7990493774414
46 137.84487915039063
47 136.12181091308594
48 117.59889221191406
49 186.09056091308594
50 132.67568969726563
51 143.01406860351563
52 189.53668212890625
53 183.50595092773438
54 175.32147216796875
55 146.46017456054688
56 202.8904266357422
57 141.72177124023438
58 137.84487915039063
59 144.30636596679688
60 212.36727905273438
61 141.7217559814453
62 120.61425018310547
63 165.41384887695313
64 107.26054382324219
65 152.49087524414063
66 164.1215362548828
67 145.16787719726563
68 145.59864807128906
69 105.1067123413086
70 127.50651550292969
71 93.4760513305664
72 129.66033935546875
73 131.8141632080078
74 149.9062957763672
75 140.8602294921875
76 152.0601043701172
77 195.5673828125
78 159.3831329345703
79 135.6910400390625
80 55.5687141418457
81 165.41383361816406
82 162.82925415039063
83 207.19805908203125
84 147.7524871826172
85 157.2293243408203
86 106.3990249633789
87 124.49114990234375
88 174.89071655273438
89 106.82976531982422
90 100.79905700683594
91 176.18296813964844
92 127.07574462890625
93 146.89093017578125
94 168.85997009277344
95 195.56741333007813
96 171.87533569335938
97 195.99818420410156
98 199.8750762939453
99 189.10592651367188
100 126.64498901367188
101 180.92140197753906
102 162.3985137939453
103 182.64447021484375
104 183.0751953125
105 153.35243225097656
106 131.8141632080078
107 138.27565002441406
108 102.95288848876953
109 217.1056671142578
110 147.7524871826172
111 84.42997741699219
112 150.76783752441406
113 179.6291046142578
114 167.5676727294922
115 141.29098510742188
116 209.78269958496094
117 157.22933959960938
118 127.9372787475586
119 182.2136993408203
120 145.59864807128906
121 121.90658569335938
122 201.16737365722656
123 174.45993041992188
124 173.1676025390625
125 95.62986755371094
126 68.4916763305664
127 137.84487915039063
128 116.73739624023438
129 99.07600402832031
130 117.59890747070313
131 150.767822265625
132 101.66059112548828
133 171.0137939453125
134 147.75247192382813
135 183.50599670410156
136 148.1832275390625
137 174.8907012939453
138 142.1525115966797
139 139.13717651367188
140 61.16865921020508
141 74.09162902832031
142 150.33705139160156
143 108.55284118652344
144 77.10697174072266
145 137.84486389160156
146 149.4755401611328
147 170.15225219726563
148 178.3367919921875
149 102.09135437011719
150 194.27511596679688
151 73.23008728027344
152 68.06090545654297
153 177.47528076171875
154 181.3521728515625
155 134.3987579345703
156 136.98333740234375
157 151.19857788085938
158 181.78292846679688
159 132.24493408203125
160 152.49087524414063
161 209.7826690673828
162 199.8750762939453
163 132.67567443847656
164 147.75247192382813
165 84.43000030517578
166 132.24493408203125
167 157.2292938232422
168 108.12207794189453
169 93.90681457519531
170 155.93704223632813
171 170.15228271484375
172 172.3060760498047
173 175.7522430419922
174 129.6603240966797
175 159.3831329345703
176 136.55258178710938
177 182.64443969726563
178 163.69078063964844
179 189.53668212890625
180 154.6447296142578
181 202.02890014648438
182 93.47605895996094
183 167.1369171142578
184 119.32196807861328
185 239.5054931640625
186 135.6910400390625
187 177.4752655029297
188 115.87584686279297
189 129.22955322265625
190 133.1064453125
191 160.6754150390625
192 134.8295135498047
193 253.28997802734375
194 148.61399841308594
195 137.41412353515625
196 104.24518585205078
197 133.10646057128906
198 232.61325073242188
199 126.21420288085938
200 215.81336975097656
201 159.38316345214844
202 49.96876525878906
203 123.19886779785156
204 148.18324279785156
205 131.8141632080078
206 136.55258178710938
207 133.9679718017578
208 161.10618591308594
209 193.84434509277344
210 127.07572937011719
211 181.78292846679688
212 144.3063507080078
213 147.32171630859375
214 143.87559509277344
215 152.4908905029297
216 146.89096069335938
217 142.58328247070313
218 208.9210968017578
219 178.767578125
220 224.4286651611328
221 135.26026916503906
222 124.06037902832031
223 126.6449966430664
224 143.8756103515625
225 199.87506103515625
226 176.61373901367188
227 161.96771240234375
228 113.29126739501953
229 282.1512145996094
230 178.3367919921875
231 134.39874267578125
232 156.36776733398438
233 157.2292938232422
234 124.06037139892578
235 187.38287353515625
236 115.87583923339844
237 168.42919921875
238 159.3831329345703
239 177.9060516357422
240 86.58380889892578
241 128.36802673339844
242 125.3526840209961
243 100.799072265625
244 189.10592651367188
245 128.79881286621094
246 118.02967071533203
247 186.09059143066406
248 186.090576171875
249 248.5515594482422
250 134.3987579345703
251 232.61322021484375
252 220.9825897216797
253 86.15304565429688
254 148.614013671875
255 115.0143051147461
256 121.47579956054688
257 127.50650787353516
258 159.38314819335938
259 105.1067123413086
260 163.26002502441406
261 121.04503631591797
262 135.69105529785156
263 133.53721618652344
264 87.01457977294922
265 115.44507598876953
266 123.19886016845703
267 127.07575225830078
268 136.98333740234375
269 139.9987030029297
270 138.70639038085938
271 115.44508361816406
272 110.27590942382813
273 145.1678924560547
274 71.50702667236328
275 100.79905700683594
276 133.10646057128906
277 186.52133178710938
278 117.59890747070313
279 151.19859313964844
280 123.6296157836914
281 205.90577697753906
282 124.49114990234375
283 111.56819152832031
284 134.39874267578125
285 180.0598602294922
286 166.275390625
287 182.21368408203125
288 112.8604965209961
289 114.15278625488281
290 127.07574462890625
291 215.81336975097656
292 163.260009765625
293 156.7985382080078
294 107.6913070678711
295 141.29098510742188
296 167.99844360351563
297 129.6603240966797
298 66.76861572265625
299 169.7214813232422
300 144.73712158203125
301 151.62936401367188
302 155.07550048828125
303 140.8602294921875
304 185.22903442382813
305 102.95288848876953
306 172.7368621826172
307 195.13662719726563
308 149.90628051757813
309 227.44403076171875
310 96.92217254638672
311 138.70639038085938
312 217.10569763183594
313 148.61398315429688
314 155.50625610351563
315 167.5676727294922
316 140.86021423339844
317 158.95237731933594
318 124.06037902832031
319 166.275390625
320 116.73738098144531
321 121.90657043457031
322 172.30609130859375
323 150.767822265625
324 161.9677276611328
325 125.783447265625
326 139.13717651367188
327 172.7368621826172
328 110.2759017944336
329 110.27591705322266
330 252.85919189453125
331 111.99895477294922
332 158.5216064453125
333 183.50601196289063
334 182.64443969726563
335 160.24465942382813
336 238.21319580078125
337 180.4906463623047
338 176.18296813964844
339 122.76809692382813
340 183.93675231933594
341 177.4752960205078
342 103.3836441040039
343 100.36829376220703
344 150.767822265625
345 194.7058868408203
346 153.3524169921875
347 169.72149658203125
348 139.56793212890625
349 78.3992691040039
350 89.16840362548828
351 171.8753204345703
352 82.27616119384766
353 118.46044158935547
354 159.8138885498047
355 186.5213165283203
356 149.9062957763672
357 154.6447296142578
358 203.32118225097656
359 102.5221176147461
360 111.56819152832031
361 152.92164611816406
362 115.0143051147461
363 160.67543029785156
364 127.07573699951172
365 109.41438293457031
366 153.3524169921875
367 146.46017456054688
368 107.26052856445313
369 37.4765739440918
370 171.4445343017578
371 191.69053649902344
372 187.81362915039063
373 107.6913070678711
374 125.35269927978516
375 174.45993041992188
376 153.78318786621094
377 159.81385803222656
378 102.09136199951172
379 136.121826171875
380 149.4755401611328
381 146.8909454345703
382 148.18324279785156
383 139.9987030029297
384 105.96824645996094
385 189.10592651367188
386 110.7066650390625
387 163.26002502441406
388 160.6754150390625
389 138.7064208984375
390 104.67594146728516
391 135.26028442382813
392 115.01432800292969
393 208.49037170410156
394 164.12156677246094
395 115.87583923339844
396 117.16813659667969
397 111.13743591308594
398 110.27589416503906
399 100.36829376220703
400 143.44479370117188
401 116.73738098144531
402 227.0132598876953
403 140.42947387695313
404 161.9677276611328
405 127.07573699951172
406 109.84513092041016
407 220.9825897216797
408 153.783203125
409 186.95211791992188
410 149.9062957763672
411 169.29074096679688
412 72.79932403564453
413 183.936767578125
414 166.27537536621094
415 173.598388671875
416 149.47555541992188
417 245.10540771484375
418 151.1986083984375
419 134.8295440673828
420 103.38365936279297
421 193.84437561035156
422 116.73738098144531
423 139.5679168701172
424 188.24440002441406
425 149.04476928710938
426 174.02914428710938
427 102.09134674072266
428 130.95263671875
429 88.73764038085938
430 155.07546997070313
431 209.78265380859375
432 160.6754150390625
433 192.55206298828125
434 148.18324279785156
435 95.1991195678711
436 128.3680419921875
437 90.0299301147461
438 208.92112731933594
439 170.58303833007813
440 228.30555725097656
441 116.30661010742188
442 120.18350219726563
443 210.21343994140625
444 111.99895477294922
445 156.79855346679688
446 98.6452407836914
447 144.30633544921875
448 199.0135498046875
449 146.46017456054688
450 134.82952880859375
451 100.36829376220703
452 158.95240783691406
453 182.6444549560547
454 123.62962341308594
455 89.59916687011719
456 121.04503631591797
457 90.89146423339844
458 158.52162170410156
459 116.3066177368164
460 113.291259765625
461 127.9372787475586
462 172.30612182617188
463 170.1522674560547
464 93.90681457519531
465 122.33732604980469
466 104.67594909667969
467 139.1371612548828
468 202.45965576171875
469 78.83003234863281
470 120.1834945678711
471 133.10646057128906
472 141.29098510742188
473 133.5372314453125
474 191.25973510742188
475 153.78318786621094
476 160.24465942382813
477 156.7985382080078
478 239.93624877929688
479 119.32197570800781
480 96.92218780517578
481 171.44456481933594
482 223.99790954589844
483 93.04530334472656
484 101.2298355102539
485 136.98333740234375
486 110.27589416503906
487 150.3370819091797
488 140.42945861816406
489 112.8604965209961
490 236.92088317871094
491 195.1366424560547
492 183.50596618652344
493 170.15223693847656
494 106.82978057861328
495 140.429443359375
496 180.05987548828125
497 178.33680725097656
498 122.33732604980469
499 183.5059814453125
500 80.98385620117188
501 154.6446990966797
502 208.49038696289063
503 130.09109497070313
504 140.86021423339844
505 171.8753204345703
506 145.59866333007813
507 199.44430541992188
508 177.04452514648438
509 141.72178649902344
510 124.06039428710938
511 183.5059814453125
512 120.1834945678711
513 134.8295135498047
514 188.24440002441406
515 157.2292938232422
516 124.06038665771484
517 115.44508361816406
518 155.93702697753906
519 185.65980529785156
520 86.15304565429688
521 155.07550048828125
522 181.35215759277344
523 99.9375228881836
524 168.42918395996094
525 164.55235290527344
526 81.41461944580078
527 71.0762710571289
528 125.35269165039063
529 198.58274841308594
530 171.44454956054688
531 126.21420288085938
532 158.9523468017578
533 154.2139434814453
534 94.33757781982422
535 143.87557983398438
536 102.52212524414063
537 90.46070098876953
538 124.06039428710938
539 223.567138671875
540 205.90577697753906
541 201.59814453125
542 203.75193786621094
543 235.1977996826172
544 96.06065368652344
545 197.7212371826172
546 157.66009521484375
547 175.7522430419922
548 95.1991195678711
549 97.35294342041016
550 178.767578125
551 146.8909454345703
552 145.16790771484375
553 113.72203826904297
554 131.38340759277344
555 84.42997741699219
556 80.12232971191406
557 170.58302307128906
558 97.78372192382813
559 164.5523223876953
560 75.81468200683594
561 143.87557983398438
562 174.8907012939453
563 170.58302307128906
564 106.39900970458984
565 119.32196044921875
566 129.2295684814453
567 151.6293487548828
568 151.19859313964844
569 155.93701171875
570 189.10592651367188
571 125.3526840209961
572 103.8144302368164
573 119.32197570800781
574 119.32197570800781
575 188.24440002441406
576 185.22906494140625
577 104.24518585205078
578 149.4755401611328
579 124.92192840576172
580 91.75299835205078
581 139.1371612548828
582 99.50676727294922
583 119.32197570800781
584 154.64471435546875
585 172.3060760498047
586 175.3214569091797
587 155.07550048828125
588 112.86050415039063
589 121.47579956054688
590 186.09060668945313
591 227.01329040527344
592 111.99896240234375
593 201.59814453125
594 193.84437561035156
595 158.09083557128906
596 186.09060668945313
597 151.19859313964844
598 172.73684692382813
599 139.99871826171875
600 112.86048889160156
601 131.8141632080078
602 145.1678924560547
603 140.42947387695313
604 159.8139190673828
605 137.41409301757813
606 127.50651550292969
607 94.33758544921875
608 170.58303833007813
609 96.06065368652344
610 180.49061584472656
611 111.13743591308594
612 106.39900970458984
613 121.47579956054688
614 145.5986328125
615 203.32118225097656
616 141.72177124023438
617 164.55233764648438
618 172.30609130859375
619 244.24388122558594
620 216.67491149902344
621 130.0911102294922
622 109.41437530517578
623 187.8136444091797
624 129.66033935546875
625 195.13665771484375
626 183.936767578125
627 167.1369171142578
628 77.96851348876953
629 100.79905700683594
630 161.9677276611328
631 189.9674530029297
632 102.09136199951172
633 149.9062957763672
634 210.64419555664063
635 136.12179565429688
636 200.7366180419922
637 206.767333984375
638 77.53773498535156
639 136.12181091308594
640 96.06065368652344
641 170.58302307128906
642 126.21420288085938
643 94.76835632324219
644 146.0294189453125
645 132.67568969726563
646 270.0898132324219
647 137.4141082763672
648 211.5057373046875
649 83.99921417236328
650 182.6444549560547
651 118.02967071533203
652 182.2136993408203
653 116.30661010742188
654 143.87557983398438
655 144.7371063232422
656 154.2139434814453
657 152.9216766357422
658 144.3063507080078
659 153.35243225097656
660 175.75221252441406
661 120.6142578125
662 90.0299301147461
663 177.47528076171875
664 193.84434509277344
665 64.61478424072266
666 200.73658752441406
667 131.38339233398438
668 156.7985382080078
669 145.16787719726563
670 154.6446990966797
671 133.10646057128906
672 190.39822387695313
673 164.98312377929688
674 123.62962341308594
675 210.6442108154297
676 161.96771240234375
677 174.02915954589844
678 224.42868041992188
679 139.9987030029297
680 148.614013671875
681 163.6907958984375
682 173.598388671875
683 151.19857788085938
684 139.1371612548828
685 131.38340759277344
686 179.19833374023438
687 163.260009765625
688 110.7066650390625
689 143.01406860351563
690 223.13638305664063
691 187.3828887939453
692 146.0294189453125
693 176.1829833984375
694 150.33706665039063
695 250.7053680419922
696 102.09136199951172
697 105.10672760009766
698 198.582763671875
699 133.53721618652344
700 128.79879760742188
701 195.1366729736328
702 91.32223510742188
703 103.38365173339844
704 139.99868774414063
705 195.56741333007813
706 133.96800231933594
707 99.93751525878906
708 201.59812927246094
709 134.82949829101563
710 116.30659484863281
711 189.1059112548828
712 71.93778991699219
713 210.2134552001953
714 168.42921447753906
715 155.07546997070313
716 174.02915954589844
717 178.767578125
718 289.4742736816406
719 197.29043579101563
720 251.5669403076172
721 149.90631103515625
722 176.61376953125
723 96.06063842773438
724 151.19859313964844
725 161.9677276611328
726 171.87530517578125
727 269.228271484375
728 139.9987030029297
729 226.1517333984375
730 111.56819915771484
731 199.44432067871094
732 103.38365173339844
733 153.3524169921875
734 115.01431274414063
735 106.82977294921875
736 151.62936401367188
737 80.55308532714844
738 82.7069320678711
739 132.24493408203125
740 202.45965576171875
741 87.01457977294922
742 127.07572937011719
743 108.98359680175781
744 130.52186584472656
745 139.5679473876953
746 135.2602996826172
747 142.58328247070313
748 165.8446044921875
749 208.49037170410156
750 151.6293487548828
751 134.3987579345703
752 154.6447296142578
753 121.90655517578125
754 194.275146484375
755 138.27566528320313
756 136.12181091308594
757 176.6137237548828
758 192.1212921142578
759 162.82925415039063
760 161.10618591308594
761 167.9984130859375
762 158.95237731933594
763 217.1056671142578
764 88.30687713623047
765 124.49114990234375
766 171.44456481933594
767 163.69078063964844
768 121.04502868652344
769 140.42947387695313
770 148.614013671875
771 79.26079559326172
772 115.87584686279297
773 173.59840393066406
774 155.93701171875
775 159.8139190673828
776 178.76759338378906
777 172.73684692382813
778 140.8602294921875
779 82.27616882324219
780 192.1212921142578
781 106.82978820800781
782 106.82978057861328
783 127.50650024414063
784 172.3060760498047
785 110.2759017944336
786 146.8909454345703
787 180.4906463623047
788 110.2759017944336
789 224.8594512939453
790 105.10671997070313
791 154.21397399902344
792 140.429443359375
793 188.24440002441406
794 111.13743591308594
795 165.8446044921875
796 93.90682983398438
797 191.69056701660156
798 150.76785278320313
799 180.92135620117188
800 115.87584686279297
801 197.72125244140625
802 142.15252685546875
803 196.8597412109375
804 173.598388671875
805 133.10646057128906
806 133.1064453125
807 151.6293487548828
808 113.291259765625
809 167.13690185546875
810 86.1530532836914
811 157.22930908203125
812 129.66033935546875
813 177.90603637695313
814 143.44480895996094
815 91.32222747802734
816 139.13717651367188
817 117.59890747070313
818 161.106201171875
819 137.4141082763672
820 134.8295135498047
821 70.64550018310547
822 125.78343963623047
823 167.99844360351563
824 167.1369171142578
825 188.67514038085938
826 77.968505859375
827 126.2142105102539
828 116.30660247802734
829 115.87584686279297
830 124.0604019165039
831 146.46017456054688
832 149.04478454589844
833 170.15225219726563
834 70.21473693847656
835 193.8443603515625
836 116.73738861083984
837 83.1376953125
838 126.64497375488281
839 80.98385620117188
840 103.81441497802734
841 49.96876907348633
842 131.8141632080078
843 74.52238464355469
844 192.98281860351563
845 146.02940368652344
846 173.16761779785156
847 142.58328247070313
848 87.01457214355469
849 222.70559692382813
850 162.39849853515625
851 103.81442260742188
852 117.59890747070313
853 132.2449188232422
854 84.86074829101563
855 72.79932403564453
856 150.33705139160156
857 190.39822387695313
858 205.90579223632813
859 166.275390625
860 267.93597412109375
861 197.2904510498047
862 55.999481201171875
863 75.81468200683594
864 142.58328247070313
865 175.3214569091797
866 65.9070816040039
867 102.09136962890625
868 176.18301391601563
869 182.21368408203125
870 296.36651611328125
871 149.0447540283203
872 100.79906463623047
873 174.02914428710938
874 184.3675079345703
875 136.9833526611328
876 110.70665740966797
877 90.8914566040039
878 122.7680892944336
879 109.41438293457031
880 189.53671264648438
881 161.10618591308594
882 138.70640563964844
883 181.35215759277344
884 165.41384887695313
885 161.9677276611328
886 178.767578125
887 83.13768768310547
888 158.52162170410156
889 123.1988525390625
890 106.82978820800781
891 167.1369171142578
892 161.53695678710938
893 177.47528076171875
894 226.58248901367188
895 120.6142578125
896 152.92164611816406
897 241.65927124023438
898 106.82977294921875
899 123.19886016845703
900 95.19911193847656
901 124.49116516113281
902 96.0606460571289
903 151.62936401367188
904 162.3984832763672
905 106.39900207519531
906 152.49090576171875
907 164.5523223876953
908 152.0601348876953
909 159.38314819335938
910 85.7222900390625
911 116.73737335205078
912 82.70693969726563
913 138.27565002441406
914 95.19912719726563
915 137.41412353515625
916 95.6298828125
917 140.86021423339844
918 133.10646057128906
919 136.55258178710938
920 118.02967834472656
921 224.8594512939453
922 170.1522674560547
923 147.3217010498047
924 199.4442901611328
925 167.13690185546875
926 125.78343963623047
927 166.70614624023438
928 135.26028442382813
929 164.9831085205078
930 81.41464233398438
931 103.38365936279297
932 114.15279388427734
933 138.7063751220703
934 128.79881286621094
935 132.67567443847656
936 185.65980529785156
937 229.59788513183594
938 136.5525665283203
939 178.76756286621094
940 138.70640563964844
941 178.33677673339844
942 170.58303833007813
943 188.67518615722656
944 161.53695678710938
945 167.99844360351563
946 122.33731842041016
947 141.7217559814453
948 161.10618591308594
949 110.27590942382813
950 145.59864807128906
951 130.52186584472656
952 163.69078063964844
953 139.5679168701172
954 155.07550048828125
955 178.33680725097656
956 102.52213287353516
957 173.59837341308594
958 156.3677978515625
959 146.46017456054688
960 101.22982788085938
961 120.1834945678711
962 213.22877502441406
963 124.49114990234375
964 112.8604965209961
965 147.3217315673828
966 119.75272369384766
967 104.67594909667969
968 113.291259765625
969 164.55233764648438
970 167.5676727294922
971 132.2449188232422
972 118.02967834472656
973 121.90654754638672
974 121.47579956054688
975 202.89041137695313
976 185.6597900390625
977 195.1366424560547
978 162.3984832763672
979 93.90681457519531
980 143.87557983398438
981 156.36778259277344
982 71.07625579833984
983 166.70614624023438
984 175.752197265625
985 195.1366424560547
986 152.06011962890625
987 175.75221252441406
988 161.53697204589844
989 135.69105529785156
990 185.2290496826172
991 102.09135437011719
992 68.92243957519531
993 90.89146423339844
994 133.10646057128906
995 161.106201171875
996 99.07599639892578
997 204.61349487304688
998 173.1676483154297
999 216.6749267578125
1000 148.1832275390625
1001 177.04449462890625
1002 177.04449462890625
