# Selection 1:name C1A D2A C3A C4A C1B C2B C3B C4B Selection 2:name AUC AUSL AUL Cutoff:8 Start:0 End:-1
0 0
1 0
2 48
3 41
4 35
5 43
6 39
7 39
8 32
9 39
10 42
11 35
12 42
13 36
14 36
15 40
16 43
17 39
18 38
19 38
20 42
21 37
22 34
23 36
24 34
25 37
26 40
27 45
28 32
29 36
30 42
31 40
32 33
33 35
34 39
35 50
36 42
37 42
38 43
39 41
40 37
41 33
42 39
43 33
44 39
45 30
46 34
47 37
48 30
49 44
50 40
51 37
52 44
53 42
54 41
55 39
56 47
57 39
58 40
59 31
60 39
61 35
62 35
63 41
64 34
65 42
66 33
67 37
68 36
69 27
70 38
71 36
72 34
73 43
74 36
75 46
76 34
77 38
78 37
79 36
80 31
81 51
82 39
83 43
84 36
85 38
86 32
87 34
88 40
89 43
90 37
91 37
92 26
93 33
94 43
95 36
96 39
97 47
98 42
99 42
100 37
101 43
102 37
103 34
104 40
105 36
106 36
107 35
108 41
109 40
110 43
111 28
112 39
113 37
114 39
115 39
116 41
117 45
118 35
119 44
120 38
121 38
122 42
123 46
124 42
125 33
126 32
127 36
128 49
129 31
130 32
131 40
132 36
133 43
134 35
135 48
136 39
137 42
138 34
139 41
140 37
141 35
142 40
143 30
144 32
145 37
146 33
147 43
148 41
149 33
150 41
151 32
152 28
153 40
154 41
155 38
156 38
157 42
158 36
159 29
160 34
161 40
162 42
163 37
164 37
165 28
166 29
167 39
168 42
169 33
170 35
171 37
172 39
173 42
174 41
175 38
176 36
177 40
178 36
179 43
180 43
181 43
182 37
183 41
184 37
185 44
186 43
187 40
188 43
189 35
190 34
191 37
192 35
193 45
194 42
195 37
196 45
197 31
198 48
199 40
200 43
201 43
202 23
203 34
204 40
205 38
206 36
207 40
208 40
209 39
210 39
211 50
212 36
213 42
214 34
215 41
216 44
217 39
218 43
219 40
220 41
221 42
222 27
223 32
224 44
225 43
226 40
227 39
228 32
229 47
230 37
231 39
232 36
233 36
234 38
235 38
236 31
237 39
238 39
239 41
240 29
241 35
242 30
243 35
244 39
245 39
246 39
247 41
248 38
249 46
250 39
251 42
252 47
253 35
254 43
255 34
256 29
257 37
258 42
259 27
260 38
261 41
262 33
263 39
264 32
265 41
266 31
267 37
268 41
269 45
270 42
271 31
272 37
273 41
274 38
275 31
276 36
277 41
278 35
279 41
280 36
281 41
282 36
283 30
284 36
285 43
286 36
287 40
288 37
289 36
290 33
291 44
292 39
293 41
294 43
295 34
296 37
297 39
298 36
299 38
300 36
301 39
302 41
303 38
304 35
305 39
306 38
307 34
308 34
309 38
310 34
311 39
312 42
313 39
314 38
315 37
316 37
317 38
318 39
319 33
320 37
321 41
322 49
323 36
324 43
325 35
326 38
327 38
328 33
329 28
330 45
331 43
332 38
333 44
334 36
335 45
336 39
337 44
338 47
339 39
340 37
341 34
342 36
343 34
344 41
345 38
346 33
347 29
348 35
349 28
350 29
351 43
352 36
353 39
354 35
355 39
356 32
357 37
358 44
359 38
360 46
361 40
362 41
363 37
364 40
365 36
366 42
367 40
368 39
369 38
370 39
371 42
372 40
373 34
374 43
375 41
376 33
377 44
378 31
379 39
380 37
381 34
382 38
383 29
384 39
385 38
386 40
387 48
388 39
389 37
390 42
391 40
392 36
393 41
394 39
395 33
396 34
397 29
398 37
399 34
400 33
401 28
402 45
403 39
404 42
405 37
406 36
407 49
408 44
409 41
410 40
411 35
412 37
413 41
414 32
415 45
416 42
417 43
418 33
419 39
420 30
421 39
422 40
423 45
424 43
425 38
426 41
427 37
428 36
429 34
430 35
431 44
432 32
433 36
434 38
435 35
436 29
437 35
438 49
439 36
440 36
441 38
442 40
443 41
444 32
445 34
446 34
447 36
448 41
449 37
450 39
451 32
452 40
453 41
454 41
455 36
456 36
457 35
458 38
459 36
460 32
461 41
462 39
463 41
464 39
465 38
466 35
467 32
468 45
469 37
470 34
471 32
472 33
473 43
474 41
475 30
476 42
477 46
478 45
479 35
480 29
481 49
482 41
483 37
484 40
485 38
486 29
487 40
488 40
489 36
490 39
491 42
492 40
493 44
494 35
495 30
496 40
497 43
498 41
499 38
500 39
501 36
502 44
503 37
504 41
505 32
506 41
507 40
508 39
509 40
510 33
511 44
512 39
513 35
514 38
515 36
516 42
517 33
518 41
519 39
520 30
521 38
522 32
523 34
524 42
525 44
526 28
527 30
528 32
529 38
530 40
531 36
532 41
533 43
534 36
535 34
536 32
537 26
538 36
539 35
540 50
541 44
542 35
543 49
544 33
545 45
546 44
547 40
548 31
549 35
550 39
551 40
552 41
553 34
554 33
555 26
556 31
557 43
558 39
559 37
560 32
561 36
562 35
563 43
564 36
565 39
566 41
567 39
568 51
569 38
570 42
571 35
572 36
573 37
574 37
575 35
576 46
577 35
578 41
579 42
580 36
581 39
582 33
583 38
584 35
585 36
586 48
587 40
588 36
589 42
590 39
591 46
592 33
593 50
594 34
595 37
596 36
597 34
598 41
599 37
600 34
601 39
602 33
603 35
604 35
605 39
606 36
607 34
608 42
609 34
610 44
611 33
612 38
613 36
614 40
615 41
616 41
617 37
618 54
619 44
620 44
621 39
622 28
623 40
624 35
625 41
626 39
627 38
628 37
629 29
630 36
631 35
632 32
633 41
634 46
635 38
636 37
637 43
638 30
639 34
640 29
641 37
642 37
643 30
644 35
645 39
646 41
647 36
648 44
649 35
650 43
651 32
652 33
653 37
654 40
655 28
656 37
657 41
658 38
659 36
660 48
661 34
662 32
663 38
664 45
665 29
666 44
667 36
668 43
669 40
670 38
671 37
672 43
673 41
674 35
675 41
676 37
677 42
678 49
679 39
680 39
681 36
682 47
683 37
684 34
685 35
686 43
687 39
688 36
689 39
690 41
691 43
692 45
693 42
694 40
695 47
696 34
697 36
698 41
699 38
700 40
701 41
702 32
703 37
704 33
705 41
706 31
707 38
708 45
709 32
710 39
711 46
712 29
713 43
714 48
715 27
716 39
717 48
718 49
719 41
720 43
721 29
722 39
723 33
724 41
725 41
726 35
727 50
728 39
729 47
730 37
731 41
732 33
733 35
734 32
735 38
736 37
737 31
738 34
739 40
740 41
741 32
742 37
743 36
744 42
745 38
746 45
747 35
748 39
749 45
750 41
751 44
752 35
753 34
754 39
755 39
756 36
757 45
758 44
759 42
760 42
761 47
762 43
763 37
764 29
765 33
766 38
767 43
768 34
769 29
770 42
771 29
772 36
773 38
774 35
775 41
776 43
777 44
778 40
779 33
780 34
781 38
782 35
783 39
784 37
785 38
786 37
787 47
788 38
789 39
790 37
791 38
792 39
793 37
794 31
795 47
796 39
797 38
798 34
799 41
800 36
801 40
802 44
803 42
804 46
805 36
806 37
807 40
808 34
809 41
810 39
811 40
812 36
813 38
814 40
815 32
816 35
817 36
818 40
819 43
820 42
821 34
822 33
823 37
824 39
825 38
826 35
827 32
828 33
829 31
830 33
831 35
832 39
833 39
834 27
835 42
836 33
837 35
838 38
839 36
840 34
841 24
842 37
843 28
844 45
845 35
846 36
847 40
848 34
849 48
850 37
851 35
852 38
853 43
854 29
855 28
856 45
857 42
858 42
859 39
860 45
861 37
862 31
863 29
864 39
865 45
866 39
867 31
868 44
869 39
870 46
871 38
872 36
873 42
874 47
875 39
876 30
877 37
878 39
879 39
880 42
881 41
882 37
883 35
884 35
885 34
886 36
887 30
888 38
889 41
890 34
891 41
892 45
893 42
894 45
895 28
896 40
897 52
898 36
899 38
900 32
901 32
902 28
903 28
904 47
905 38
906 36
907 42
908 44
909 35
910 30
911 32
912 34
913 38
914 43
915 29
916 38
917 36
918 36
919 40
920 38
921 46
922 46
923 39
924 45
925 39
926 36
927 42
928 39
929 43
930 27
931 36
932 41
933 39
934 35
935 33
936 44
937 44
938 34
939 38
940 30
941 37
942 40
943 41
944 44
945 40
946 30
947 38
948 40
949 33
950 33
951 40
952 42
953 36
954 35
955 43
956 32
957 34
958 35
959 36
960 33
961 38
962 39
963 38
964 36
965 40
966 35
967 37
968 37
969 38
970 37
971 38
972 32
973 38
974 43
975 47
976 39
977 43
978 35
979 40
980 37
981 43
982 33
983 42
984 36
985 44
986 33
987 33
988 31
989 35
990 39
991 31
992 35
993 33
994 39
995 38
996 39
997 40
998 39
999 45
1000 36
1001 45
1002 45
