# Selection:resname AU POPC Restricted:name AUC AUL AUSL Radius:2.64 Start:0 End:-1
0 137.84487915039063
1 139.56793212890625
2 0.43076521158218384
3 0.8615304231643677
4 2.1538259983062744
5 1.7230608463287354
6 0.8615304231643677
7 1.7230608463287354
8 0.0
9 0.0
10 3.0153565406799316
11 0.8615304231643677
12 0.0
13 2.1538259983062744
14 1.2922956943511963
15 0.0
16 0.0
17 2.5845913887023926
18 0.43076521158218384
19 0.0
20 0.0
21 0.0
22 1.2922956943511963
23 2.1538259983062744
24 1.2922956943511963
25 0.43076521158218384
26 0.0
27 0.0
28 0.0
29 2.1538262367248535
30 0.0
31 0.43076521158218384
32 2.1538262367248535
33 0.0
34 0.0
35 3.4461216926574707
36 0.0
37 0.0
38 0.43076521158218384
39 0.0
40 1.2922956943511963
41 0.0
42 0.0
43 0.0
44 6.461478233337402
45 0.0
46 0.0
47 0.0
48 0.8615304231643677
49 1.7230608463287354
50 1.2922956943511963
51 0.0
52 0.0
53 0.0
54 0.0
55 0.0
56 0.43076521158218384
57 0.43076521158218384
58 0.0
59 0.0
60 0.43076521158218384
61 0.8615304231643677
62 0.43076521158218384
63 1.7230608463287354
64 2.1538259983062744
65 1.2922956943511963
66 0.8615304231643677
67 9.907600402832031
68 1.2922956943511963
69 0.0
70 1.7230608463287354
71 0.0
72 0.0
73 0.0
74 0.0
75 2.5845911502838135
76 5.169182300567627
77 0.8615304231643677
78 2.5845913887023926
79 0.0
80 0.0
81 0.0
82 2.1538259983062744
83 3.0153565406799316
84 0.0
85 2.5845913887023926
86 0.0
87 0.0
88 0.43076521158218384
89 0.0
90 0.43076521158218384
91 0.43076521158218384
92 0.0
93 0.0
94 1.2922956943511963
95 0.0
96 2.5845913887023926
97 0.0
98 2.1538262367248535
99 0.0
100 0.43076521158218384
101 0.0
102 6.030713081359863
103 2.1538259983062744
104 0.0
105 0.0
106 0.0
107 0.43076521158218384
108 0.8615304231643677
109 0.0
110 0.0
111 0.0
112 3.4461216926574707
113 0.43076521158218384
114 0.43076521158218384
115 1.7230608463287354
116 0.43076521158218384
117 0.0
118 0.0
119 0.0
120 6.030713081359863
121 0.0
122 0.0
123 0.43076521158218384
124 0.8615304231643677
125 0.0
126 0.0
127 0.0
128 0.8615304231643677
129 0.0
130 0.0
131 1.2922956943511963
132 0.0
133 0.43076521158218384
134 0.43076521158218384
135 0.0
136 0.0
137 2.1538259983062744
138 0.43076521158218384
139 0.0
140 3.0153565406799316
141 0.43076521158218384
142 2.1538259983062744
143 0.0
144 2.5845913887023926
145 0.43076521158218384
146 0.0
147 0.0
148 3.4461216926574707
149 1.7230608463287354
150 0.8615304231643677
151 0.0
152 0.43076521158218384
153 0.43076521158218384
154 2.5845913887023926
155 0.43076521158218384
156 9.907600402832031
157 0.0
158 0.0
159 13.353721618652344
160 0.0
161 0.0
162 0.43076521158218384
163 0.0
164 0.0
165 0.0
166 0.0
167 0.0
168 0.0
169 0.0
170 0.8615304231643677
171 0.8615304231643677
172 0.0
173 7.3230085372924805
174 0.8615304231643677
175 0.0
176 1.7230608463287354
177 0.0
178 0.0
179 0.0
180 4.307651996612549
181 1.2922956943511963
182 0.8615304231643677
183 0.0
184 0.43076521158218384
185 0.0
186 0.0
187 0.0
188 0.0
189 1.7230608463287354
190 2.5845913887023926
191 0.0
192 0.0
193 0.43076521158218384
194 0.0
195 2.1538262367248535
196 0.0
197 3.0153565406799316
198 0.43076521158218384
199 0.0
200 0.43076521158218384
201 0.43076521158218384
202 0.0
203 0.0
204 1.2922956943511963
205 0.0
206 0.0
207 0.0
208 2.1538259983062744
209 0.43076521158218384
210 0.8615304231643677
211 1.2922956943511963
212 0.0
213 0.0
214 0.43076521158218384
215 0.0
216 0.0
217 0.0
218 1.2922956943511963
219 0.0
220 0.0
221 0.43076521158218384
222 1.2922956943511963
223 0.0
224 0.43076521158218384
225 0.0
226 0.0
227 0.0
228 0.0
229 0.0
230 0.0
231 0.43076521158218384
232 0.8615304231643677
233 0.8615304231643677
234 1.2922956943511963
235 1.2922956943511963
236 1.7230608463287354
237 0.8615304231643677
238 0.0
239 1.7230608463287354
240 4.307651996612549
241 0.0
242 0.0
243 0.0
244 0.0
245 0.43076521158218384
246 0.43076521158218384
247 6.892243385314941
248 1.2922956943511963
249 0.8615304231643677
250 0.0
251 0.0
252 0.0
253 0.0
254 0.0
255 1.2922956943511963
256 2.1538259983062744
257 0.0
258 0.0
259 0.43076521158218384
260 0.0
261 0.0
262 0.0
263 0.0
264 0.0
265 0.0
266 0.43076521158218384
267 1.7230608463287354
268 0.43076521158218384
269 1.7230608463287354
270 4.738417148590088
271 4.738417148590088
272 0.0
273 0.43076521158218384
274 0.0
275 0.0
276 0.0
277 6.030713081359863
278 4.307652473449707
279 0.8615304231643677
280 0.43076521158218384
281 3.4461216926574707
282 0.0
283 0.0
284 2.1538259983062744
285 0.0
286 0.0
287 2.1538259983062744
288 2.1538262367248535
289 6.892243385314941
290 16.369077682495117
291 0.0
292 0.0
293 0.0
294 0.0
295 3.4461216926574707
296 3.0153565406799316
297 0.43076521158218384
298 0.0
299 0.8615304231643677
300 0.0
301 0.0
302 2.1538259983062744
303 0.8615304231643677
304 1.7230608463287354
305 0.0
306 0.0
307 3.0153565406799316
308 0.43076521158218384
309 3.876887083053589
310 0.0
311 0.0
312 0.0
313 0.0
314 0.0
315 0.0
316 0.0
317 3.4461216926574707
318 0.0
319 0.8615304231643677
320 0.0
321 0.0
322 0.0
323 2.5845913887023926
324 0.0
325 0.0
326 0.8615304231643677
327 0.8615304231643677
328 1.2922956943511963
329 0.8615304231643677
330 0.43076521158218384
331 0.0
332 0.0
333 0.43076521158218384
334 0.0
335 0.0
336 3.4461216926574707
337 0.0
338 3.8768868446350098
339 0.0
340 0.0
341 0.0
342 0.0
343 1.7230608463287354
344 3.0153565406799316
345 3.0153565406799316
346 0.0
347 4.307652473449707
348 0.0
349 0.0
350 0.43076521158218384
351 0.0
352 0.0
353 0.0
354 0.0
355 0.0
356 0.0
357 0.0
358 2.1538259983062744
359 1.2922956943511963
360 0.0
361 0.0
362 0.0
363 0.0
364 0.43076521158218384
365 0.0
366 1.7230608463287354
367 0.0
368 0.0
369 0.0
370 0.0
371 1.7230608463287354
372 0.0
373 0.43076521158218384
374 1.7230608463287354
375 10.76913070678711
376 1.7230608463287354
377 0.0
378 9.046070098876953
379 1.7230608463287354
380 1.2922956943511963
381 1.7230608463287354
382 0.0
383 0.0
384 5.599947929382324
385 1.7230608463287354
386 6.030713081359863
387 1.2922956943511963
388 0.0
389 0.0
390 0.0
391 0.43076521158218384
392 1.7230608463287354
393 0.0
394 0.8615304231643677
395 1.7230608463287354
396 0.0
397 0.0
398 0.43076521158218384
399 0.0
400 10.338364601135254
401 0.0
402 0.43076521158218384
403 1.7230608463287354
404 2.5845913887023926
405 5.599947929382324
406 0.0
407 3.0153565406799316
408 1.2922956943511963
409 0.0
410 0.0
411 0.43076521158218384
412 0.0
413 0.43076521158218384
414 0.43076521158218384
415 1.7230608463287354
416 1.2922956943511963
417 1.2922956943511963
418 8.184538841247559
419 17.661373138427734
420 7.3230085372924805
421 11.199895858764648
422 6.892243385314941
423 0.0
424 0.0
425 0.0
426 0.0
427 0.0
428 0.0
429 1.7230608463287354
430 0.0
431 1.7230608463287354
432 1.2922956943511963
433 0.43076521158218384
434 0.0
435 0.0
436 0.0
437 0.0
438 0.8615304231643677
439 1.7230608463287354
440 0.8615304231643677
441 0.43076521158218384
442 0.0
443 0.0
444 0.0
445 0.0
446 0.0
447 0.8615304231643677
448 0.0
449 16.369077682495117
450 0.0
451 8.615303993225098
452 0.0
453 0.43076521158218384
454 0.0
455 2.5845913887023926
456 0.8615304231643677
457 4.307651996612549
458 0.0
459 0.0
460 0.0
461 5.169182777404785
462 4.738417625427246
463 0.43076521158218384
464 0.8615304231643677
465 2.1538259983062744
466 1.7230608463287354
467 1.2922956943511963
468 0.0
469 2.5845913887023926
470 0.43076521158218384
471 0.0
472 1.2922956943511963
473 0.0
474 0.0
475 0.0
476 0.0
477 1.7230608463287354
478 0.0
479 0.0
480 1.7230608463287354
481 0.0
482 0.0
483 0.0
484 9.476834297180176
485 0.0
486 0.8615304231643677
487 0.0
488 0.0
489 3.0153565406799316
490 7.753774166107178
491 0.43076521158218384
492 0.8615304231643677
493 0.0
494 0.0
495 0.0
496 0.43076521158218384
497 3.4461216926574707
498 0.43076521158218384
499 9.476834297180176
500 0.0
501 1.7230608463287354
502 0.43076521158218384
503 9.046069145202637
504 0.0
505 0.0
506 0.0
507 4.307652473449707
508 0.43076521158218384
509 0.0
510 0.0
511 0.0
512 2.5845913887023926
513 0.8615304231643677
514 0.0
515 1.2922956943511963
516 0.0
517 0.0
518 0.0
519 1.7230608463287354
520 0.43076521158218384
521 2.5845913887023926
522 4.738417148590088
523 0.8615304231643677
524 0.0
525 0.0
526 3.4461216926574707
527 2.5845913887023926
528 5.599947452545166
529 0.0
530 0.43076521158218384
531 0.43076521158218384
532 0.0
533 0.0
534 3.0153565406799316
535 0.0
536 0.0
537 0.8615304231643677
538 0.0
539 12.061426162719727
540 4.738417148590088
541 5.599947929382324
542 14.646017074584961
543 6.892243385314941
544 6.461478233337402
545 13.784486770629883
546 8.615304946899414
547 1.2922956943511963
548 1.2922956943511963
549 0.0
550 0.0
551 13.784486770629883
552 0.0
553 0.43076521158218384
554 4.307652473449707
555 3.0153565406799316
556 1.2922956943511963
557 0.0
558 0.0
559 0.43076521158218384
560 0.0
561 0.0
562 1.2922956943511963
563 0.0
564 0.43076521158218384
565 12.922956466674805
566 0.43076521158218384
567 0.0
568 0.43076521158218384
569 2.5845911502838135
570 0.43076521158218384
571 1.7230608463287354
572 2.1538259983062744
573 0.43076521158218384
574 0.0
575 2.5845913887023926
576 3.0153565406799316
577 6.030713081359863
578 0.0
579 0.43076521158218384
580 0.0
581 0.0
582 0.0
583 0.0
584 1.2922956943511963
585 0.0
586 2.1538259983062744
587 0.0
588 0.8615304231643677
589 2.1538259983062744
590 0.0
591 0.0
592 0.43076521158218384
593 2.5845913887023926
594 0.0
595 0.0
596 1.2922956943511963
597 1.7230608463287354
598 0.43076521158218384
599 0.0
600 0.0
601 0.43076521158218384
602 0.8615304231643677
603 0.43076521158218384
604 0.8615304231643677
605 0.0
606 0.0
607 0.43076521158218384
608 0.0
609 0.0
610 0.0
611 1.7230608463287354
612 0.0
613 7.7537736892700195
614 1.2922956943511963
615 0.0
616 0.0
617 3.0153565406799316
618 0.8615304231643677
619 0.0
620 0.0
621 5.169182300567627
622 0.8615304231643677
623 0.0
624 0.0
625 0.0
626 0.0
627 0.43076521158218384
628 0.0
629 0.0
630 0.0
631 9.476835250854492
632 0.8615304231643677
633 0.0
634 0.0
635 8.184538841247559
636 0.0
637 1.7230608463287354
638 0.43076521158218384
639 7.3230085372924805
640 0.8615304231643677
641 0.43076521158218384
642 0.43076521158218384
643 0.0
644 0.43076521158218384
645 0.0
646 0.0
647 0.0
648 0.43076521158218384
649 0.0
650 0.0
651 0.0
652 0.8615304231643677
653 4.307651996612549
654 0.0
655 9.476834297180176
656 0.43076521158218384
657 0.0
658 0.0
659 1.7230608463287354
660 0.0
661 0.0
662 13.784486770629883
663 10.33836555480957
664 6.461478233337402
665 7.323009014129639
666 4.307652473449707
667 4.307652473449707
668 8.184538841247559
669 0.43076521158218384
670 0.0
671 0.0
672 0.43076521158218384
673 0.0
674 0.0
675 0.8615304231643677
676 0.0
677 0.0
678 0.0
679 1.2922956943511963
680 0.0
681 0.0
682 0.0
683 0.43076521158218384
684 0.43076521158218384
685 0.0
686 0.0
687 2.5845913887023926
688 0.0
689 3.4461216926574707
690 0.0
691 0.8615304231643677
692 0.0
693 0.0
694 0.43076521158218384
695 0.0
696 2.1538259983062744
697 2.5845913887023926
698 3.0153565406799316
699 0.43076521158218384
700 0.0
701 0.0
702 0.43076521158218384
703 0.8615304231643677
704 0.0
705 0.0
706 7.753774166107178
707 0.0
708 0.0
709 3.8768868446350098
710 9.046070098876953
711 0.0
712 0.0
713 0.0
714 0.0
715 1.2922956943511963
716 1.7230608463287354
717 0.0
718 1.7230608463287354
719 0.0
720 1.7230608463287354
721 0.0
722 0.43076521158218384
723 3.0153565406799316
724 0.0
725 0.0
726 2.1538262367248535
727 0.0
728 0.0
729 0.8615304231643677
730 0.0
731 0.0
732 0.8615304231643677
733 0.0
734 0.0
735 0.0
736 0.43076521158218384
737 0.0
738 0.43076521158218384
739 0.0
740 1.2922956943511963
741 0.8615304231643677
742 0.43076521158218384
743 0.0
744 3.876887083053589
745 0.0
746 3.8768868446350098
747 0.0
748 5.599947929382324
749 0.43076521158218384
750 3.0153565406799316
751 0.0
752 0.0
753 0.8615304231643677
754 5.169182300567627
755 0.43076521158218384
756 0.8615304231643677
757 1.2922956943511963
758 0.0
759 0.8615304231643677
760 0.0
761 0.0
762 1.2922956943511963
763 0.0
764 7.7537736892700195
765 0.0
766 0.0
767 0.0
768 0.43076521158218384
769 3.0153565406799316
770 1.2922956943511963
771 0.0
772 0.0
773 0.0
774 1.2922956943511963
775 0.0
776 1.7230608463287354
777 0.0
778 1.7230608463287354
779 12.492191314697266
780 6.892243385314941
781 0.0
782 0.8615304231643677
783 3.0153565406799316
784 0.43076521158218384
785 0.0
786 0.0
787 0.8615304231643677
788 0.0
789 0.43076521158218384
790 0.0
791 0.0
792 0.0
793 1.2922956943511963
794 0.0
795 0.0
796 0.8615304231643677
797 0.0
798 0.0
799 0.0
800 0.0
801 0.0
802 0.43076521158218384
803 0.0
804 0.0
805 3.0153565406799316
806 0.0
807 0.0
808 4.307651996612549
809 0.8615304231643677
810 0.0
811 13.7844877243042
812 0.8615304231643677
813 0.0
814 1.7230608463287354
815 0.0
816 0.43076521158218384
817 0.0
818 0.0
819 0.0
820 0.43076521158218384
821 0.0
822 0.0
823 6.892243385314941
824 0.8615304231643677
825 0.0
826 1.7230608463287354
827 0.0
828 0.0
829 0.43076521158218384
830 0.0
831 12.492191314697266
832 0.0
833 0.0
834 0.0
835 0.8615304231643677
836 7.7537736892700195
837 0.0
838 1.7230608463287354
839 0.0
840 0.0
841 0.0
842 0.0
843 0.0
844 0.43076521158218384
845 0.0
846 0.0
847 0.0
848 0.0
849 2.1538259983062744
850 2.1538259983062744
851 0.0
852 0.43076521158218384
853 0.0
854 0.0
855 0.0
856 3.4461216926574707
857 0.8615304231643677
858 0.43076521158218384
859 0.0
860 0.0
861 0.0
862 0.43076521158218384
863 0.8615304231643677
864 0.0
865 12.492191314697266
866 8.615303993225098
867 1.2922956943511963
868 0.43076521158218384
869 0.0
870 0.0
871 0.0
872 0.0
873 0.0
874 0.0
875 0.43076521158218384
876 0.0
877 0.0
878 0.0
879 0.0
880 0.0
881 1.7230608463287354
882 0.43076521158218384
883 1.7230608463287354
884 0.8615304231643677
885 0.8615304231643677
886 0.8615304231643677
887 0.0
888 1.7230608463287354
889 0.0
890 0.43076521158218384
891 0.43076521158218384
892 0.0
893 1.7230608463287354
894 0.43076521158218384
895 0.0
896 0.0
897 0.43076521158218384
898 0.43076521158218384
899 13.784485816955566
900 0.43076521158218384
901 0.0
902 0.0
903 0.0
904 0.8615304231643677
905 0.43076521158218384
906 15.0767822265625
907 1.7230608463287354
908 0.0
909 5.599947452545166
910 2.1538259983062744
911 0.0
912 0.0
913 0.0
914 0.43076521158218384
915 9.476834297180176
916 0.0
917 3.0153563022613525
918 0.0
919 13.353721618652344
920 0.0
921 0.8615304231643677
922 1.7230608463287354
923 0.0
924 1.2922956943511963
925 5.169182777404785
926 3.8768868446350098
927 1.2922956943511963
928 2.1538259983062744
929 0.0
930 0.8615304231643677
931 0.0
932 0.0
933 0.43076521158218384
934 0.0
935 0.43076521158218384
936 0.0
937 0.0
938 3.0153565406799316
939 15.938312530517578
940 11.199895858764648
941 21.107494354248047
942 10.33836555480957
943 5.599947929382324
944 6.892243385314941
945 2.5845913887023926
946 3.8768868446350098
947 8.615304946899414
948 12.922956466674805
949 5.169182777404785
950 9.907599449157715
951 11.630661010742188
952 7.7537736892700195
953 11.630661010742188
954 14.215251922607422
955 7.3230085372924805
956 6.030713081359863
957 7.3230085372924805
958 6.030713081359863
959 12.492191314697266
960 6.461478233337402
961 7.3230085372924805
962 5.169182300567627
963 4.307651996612549
964 10.33836555480957
965 6.030713081359863
966 4.307652473449707
967 6.030713081359863
968 9.907600402832031
969 13.353721618652344
970 8.184539794921875
971 9.907599449157715
972 6.892243385314941
973 5.599947929382324
974 4.738417625427246
975 6.892243385314941
976 18.092138290405273
977 12.492191314697266
978 9.046070098876953
979 4.738417625427246
980 3.8768868446350098
981 0.0
982 0.0
983 0.8615304231643677
984 5.169182300567627
985 0.43076521158218384
986 0.8615304231643677
987 0.0
988 0.0
989 1.7230608463287354
990 10.76913070678711
991 0.0
992 2.5845911502838135
993 0.0
994 0.0
995 0.43076521158218384
996 0.0
997 3.4461216926574707
998 0.0
999 2.1538262367248535
1000 1.2922956943511963
1001 2.5845913887023926
1002 2.5845913887023926
