# Selection:resname AU POPC Restricted:name AUC AUL AUSL Radius:2.64 Start:0 End:-1
0 443.2574462890625
1 449.71893310546875
2 337.7199401855469
3 272.24365234375
4 290.3357849121094
5 226.58245849609375
6 279.9974060058594
7 244.67465209960938
8 228.3055877685547
9 203.75196838378906
10 209.78265380859375
11 187.8136444091797
12 214.0903778076172
13 262.76678466796875
14 224.42868041992188
15 261.9053039550781
16 229.59788513183594
17 223.99794006347656
18 296.3665466308594
19 294.212646484375
20 226.58251953125
21 236.92088317871094
22 238.64395141601563
23 224.8594512939453
24 263.6282958984375
25 255.87452697753906
26 236.4901123046875
27 175.75221252441406
28 250.70535278320313
29 255.01304626464844
30 269.65899658203125
31 237.7824249267578
32 243.8131561279297
33 239.93626403808594
34 258.0283508300781
35 264.92059326171875
36 306.2740783691406
37 300.67413330078125
38 279.1358642578125
39 208.49038696289063
40 174.89065551757813
41 168.86001586914063
42 258.889892578125
43 215.38262939453125
44 208.0596466064453
45 266.6437072753906
46 174.89071655273438
47 228.7363739013672
48 234.3363037109375
49 314.889404296875
50 300.67413330078125
51 237.7823944091797
52 228.73638916015625
53 227.87481689453125
54 212.79800415039063
55 185.65982055664063
56 258.8899230957031
57 197.7212371826172
58 144.7371063232422
59 220.12106323242188
60 239.93621826171875
61 170.1522674560547
62 251.9976806640625
63 230.4593963623047
64 258.02838134765625
65 217.1056671142578
66 242.09007263183594
67 208.05963134765625
68 240.79774475097656
69 214.5210723876953
70 249.4130401611328
71 239.50546264648438
72 294.6434326171875
73 217.96725463867188
74 262.3360595703125
75 246.397705078125
76 281.2896728515625
77 227.01329040527344
78 228.30555725097656
79 257.59759521484375
80 188.2444305419922
81 299.38177490234375
82 252.8592071533203
83 252.8592071533203
84 243.3823699951172
85 320.0585632324219
86 186.09060668945313
87 231.7516632080078
88 190.3982391357422
89 263.19757080078125
90 202.4596710205078
91 211.50572204589844
92 213.22886657714844
93 217.105712890625
94 174.89068603515625
95 220.55181884765625
96 202.0288848876953
97 233.0439910888672
98 183.50599670410156
99 180.0598602294922
100 180.9214324951172
101 237.35171508789063
102 190.39825439453125
103 181.35218811035156
104 206.76731872558594
105 204.1827392578125
106 190.82901000976563
107 204.18272399902344
108 187.81362915039063
109 185.6598358154297
110 183.9367218017578
111 199.44430541992188
112 181.78294372558594
113 226.58251953125
114 201.16734313964844
115 207.6288604736328
116 215.81338500976563
117 165.4138641357422
118 225.72103881835938
119 246.82847595214844
120 202.45968627929688
121 174.89068603515625
122 188.24440002441406
123 193.41357421875
124 184.79827880859375
125 228.73634338378906
126 176.61373901367188
127 176.1829833984375
128 186.95211791992188
129 167.99842834472656
130 195.1366424560547
131 194.7058563232422
132 167.56768798828125
133 205.0442657470703
134 151.19859313964844
135 153.783203125
136 216.67494201660156
137 138.70643615722656
138 174.0291748046875
139 175.752197265625
140 167.9984588623047
141 190.39822387695313
142 189.96749877929688
143 188.244384765625
144 203.32119750976563
145 170.1522674560547
146 189.53672790527344
147 213.2288055419922
148 179.6291046142578
149 232.18246459960938
150 181.35220336914063
151 230.4593963623047
152 232.61322021484375
153 165.84461975097656
154 184.36753845214844
155 196.42893981933594
156 161.53695678710938
157 206.33653259277344
158 270.0898132324219
159 198.58277893066406
160 195.99822998046875
161 190.39825439453125
162 185.22909545898438
163 203.32122802734375
164 201.59812927246094
165 127.50653076171875
166 219.6902618408203
167 160.24468994140625
168 197.7212371826172
169 197.7212677001953
170 183.93678283691406
171 248.98231506347656
172 136.55259704589844
173 222.70562744140625
174 217.96722412109375
175 263.19757080078125
176 202.8904266357422
177 177.47531127929688
178 159.3831329345703
179 228.3055877685547
180 165.84463500976563
181 180.92138671875
182 176.1829833984375
183 225.72097778320313
184 175.7522735595703
185 229.59788513183594
186 186.5213623046875
187 146.46017456054688
188 222.2748565673828
189 161.53697204589844
190 212.36729431152344
191 177.04452514648438
192 167.9984588623047
193 145.59861755371094
194 164.12156677246094
195 214.95184326171875
196 146.0294189453125
197 172.73683166503906
198 174.8907012939453
199 185.65982055664063
200 200.3058624267578
201 153.783203125
202 189.5366973876953
203 182.21372985839844
204 193.4136199951172
205 171.44456481933594
206 175.3214569091797
207 121.90655517578125
208 144.30636596679688
209 161.10618591308594
210 178.76759338378906
211 213.22874450683594
212 161.106201171875
213 156.36776733398438
214 187.3828887939453
215 174.8907012939453
216 146.02943420410156
217 140.86024475097656
218 170.1522674560547
219 136.55258178710938
220 186.95213317871094
221 199.01353454589844
222 170.15223693847656
223 126.64498138427734
224 130.95262145996094
225 196.42893981933594
226 182.2136993408203
227 167.5677032470703
228 200.73660278320313
229 152.0601348876953
230 177.90602111816406
231 201.59814453125
232 182.64447021484375
233 200.3058319091797
234 206.767333984375
235 174.02915954589844
236 199.8750457763672
237 153.35244750976563
238 174.0291748046875
239 168.42918395996094
240 188.6751708984375
241 180.92140197753906
242 217.96722412109375
243 205.9058074951172
244 191.6905517578125
245 159.38314819335938
246 185.22903442382813
247 192.9828643798828
248 165.413818359375
249 157.66009521484375
250 146.89093017578125
251 155.50624084472656
252 161.96771240234375
253 182.6444854736328
254 154.6447296142578
255 180.49063110351563
256 147.32171630859375
257 164.5523223876953
258 146.8909454345703
259 179.62908935546875
260 143.44482421875
261 158.52157592773438
262 181.78297424316406
263 146.460205078125
264 194.275146484375
265 163.6907958984375
266 195.56744384765625
267 173.1676483154297
268 166.27537536621094
269 184.3674774169922
270 178.33680725097656
271 196.428955078125
272 206.3365478515625
273 187.81362915039063
274 163.26004028320313
275 158.52162170410156
276 168.42918395996094
277 183.07522583007813
278 184.36753845214844
279 159.38316345214844
280 174.8907012939453
281 174.89068603515625
282 200.30581665039063
283 192.121337890625
284 164.55230712890625
285 153.3524169921875
286 165.4138641357422
287 171.01377868652344
288 145.16787719726563
289 184.7982940673828
290 126.64497375488281
291 157.6600799560547
292 162.3984832763672
293 218.39794921875
294 193.84439086914063
295 260.61297607421875
296 200.30584716796875
297 183.07521057128906
298 195.13668823242188
299 182.2136993408203
300 215.38267517089844
301 174.45993041992188
302 182.6444549560547
303 171.87533569335938
304 212.3672637939453
305 172.3060760498047
306 123.19888305664063
307 187.81362915039063
308 187.3828582763672
309 219.25950622558594
310 228.7363739013672
311 256.736083984375
312 225.29026794433594
313 271.8128356933594
314 216.67489624023438
315 263.197509765625
316 239.07472229003906
317 239.07470703125
318 221.8441162109375
319 206.76730346679688
320 221.84410095214844
321 212.7980194091797
322 238.6439971923828
323 229.59788513183594
324 238.21319580078125
325 223.56715393066406
326 205.0442352294922
327 261.9052734375
328 200.73660278320313
329 232.1824493408203
330 181.78292846679688
331 160.24464416503906
332 180.05984497070313
333 156.3677978515625
334 188.24441528320313
335 161.53695678710938
336 190.39822387695313
337 183.50601196289063
338 170.5830535888672
339 221.413330078125
340 199.87506103515625
341 166.27540588378906
342 191.259765625
343 186.9521026611328
344 177.4752960205078
345 175.7522430419922
346 166.7061767578125
347 185.65982055664063
348 172.30612182617188
349 174.89065551757813
350 199.8750762939453
351 208.92111206054688
352 237.78245544433594
353 213.65956115722656
354 242.9515838623047
355 202.0289306640625
356 184.36749267578125
357 224.8594512939453
358 191.25978088378906
359 210.6442108154297
360 164.9830780029297
361 237.7823944091797
362 183.07525634765625
363 190.3982391357422
364 229.16709899902344
365 146.89096069335938
366 176.61373901367188
367 160.67544555664063
368 197.29049682617188
369 167.1369171142578
370 202.45965576171875
371 191.2598114013672
372 227.01324462890625
373 201.59812927246094
374 191.69053649902344
375 160.6754150390625
376 180.4906463623047
377 191.6905059814453
378 197.72129821777344
379 180.92140197753906
380 156.79856872558594
381 160.67547607421875
382 180.0598602294922
383 214.52110290527344
384 194.70587158203125
385 244.67462158203125
386 223.56716918945313
387 202.45962524414063
388 222.27484130859375
389 211.07496643066406
390 230.4593963623047
391 174.45993041992188
392 242.0900421142578
393 176.61378479003906
394 224.42868041992188
395 189.53672790527344
396 220.98257446289063
397 203.32119750976563
398 205.90577697753906
399 277.8435974121094
400 197.72122192382813
401 206.76730346679688
402 202.4596405029297
403 209.3519287109375
404 211.0749969482422
405 202.4596710205078
406 182.6444549560547
407 202.8904266357422
408 166.27540588378906
409 200.3058624267578
410 171.44456481933594
411 197.2904815673828
412 185.22903442382813
413 194.2751007080078
414 214.52108764648438
415 208.92117309570313
416 211.07492065429688
417 168.86000061035156
418 180.4906463623047
419 198.15199279785156
420 224.42868041992188
421 190.82899475097656
422 218.8287353515625
423 196.85971069335938
424 215.8133544921875
425 128.3680419921875
426 189.9674835205078
427 166.27540588378906
428 169.2907257080078
429 160.6754608154297
430 197.29046630859375
431 155.93699645996094
432 172.73683166503906
433 191.25978088378906
434 161.5369873046875
435 159.38314819335938
436 189.9674530029297
437 178.767578125
438 154.6446990966797
439 160.6754608154297
440 173.598388671875
441 183.0752410888672
442 161.96774291992188
443 132.24493408203125
444 175.7522430419922
445 186.52134704589844
446 207.62884521484375
447 188.67518615722656
448 173.1676483154297
449 113.7220230102539
450 166.70611572265625
451 202.8904266357422
452 227.01327514648438
453 211.50575256347656
454 172.73684692382813
455 223.13638305664063
456 195.56739807128906
457 146.89093017578125
458 208.05960083007813
459 205.4750213623047
460 235.6286163330078
461 230.89016723632813
462 166.70614624023438
463 223.56719970703125
464 184.79824829101563
465 174.8907012939453
466 180.4906463623047
467 183.936767578125
468 267.50518798828125
469 235.1978302001953
470 251.56689453125
471 224.4287109375
472 193.84432983398438
473 213.22882080078125
474 197.2904510498047
475 232.18251037597656
476 195.99819946289063
477 239.50546264648438
478 217.10565185546875
479 285.16656494140625
480 282.5820007324219
481 227.44407653808594
482 238.21316528320313
483 261.4745178222656
484 287.3204040527344
485 232.6132049560547
486 240.79771423339844
487 249.8438262939453
488 216.67489624023438
489 202.89041137695313
490 202.89044189453125
491 161.10621643066406
492 236.92088317871094
493 257.1668395996094
494 235.6285858154297
495 235.62857055664063
496 207.6288299560547
497 183.50599670410156
498 166.2753448486328
499 228.7362823486328
500 202.0288848876953
501 255.44383239746094
502 185.65982055664063
503 183.936767578125
504 220.1210479736328
505 243.81309509277344
506 211.93646240234375
507 233.90553283691406
508 186.5213623046875
509 244.67462158203125
510 230.02865600585938
511 217.10568237304688
512 236.49009704589844
513 161.96771240234375
514 177.9060821533203
515 168.85995483398438
516 199.01356506347656
517 178.3368377685547
518 216.67494201660156
519 250.70533752441406
520 195.13662719726563
521 166.7061767578125
522 220.98260498046875
523 189.96746826171875
524 270.08984375
525 214.5210723876953
526 230.02862548828125
527 229.16712951660156
528 227.8748321533203
529 252.85916137695313
530 232.61322021484375
531 242.0900421142578
532 255.87454223632813
533 233.90553283691406
534 215.81341552734375
535 243.38233947753906
536 194.70590209960938
537 242.52081298828125
538 193.84434509277344
539 206.76731872558594
540 227.01327514648438
541 260.1822204589844
542 215.81336975097656
543 219.6902618408203
544 252.8591766357422
545 214.09031677246094
546 229.1671600341797
547 180.92141723632813
548 259.7514343261719
549 250.2746124267578
550 238.6439666748047
551 253.720703125
552 233.04397583007813
553 187.3828582763672
554 205.04425048828125
555 237.35166931152344
556 236.059326171875
557 220.12103271484375
558 180.0598602294922
559 189.53671264648438
560 177.47531127929688
561 218.39794921875
562 227.4440460205078
563 230.89016723632813
564 219.69027709960938
565 166.27536010742188
566 168.42922973632813
567 160.67543029785156
568 221.41334533691406
569 218.8287353515625
570 202.89041137695313
571 192.1212921142578
572 217.53643798828125
573 217.9672088623047
574 279.9974060058594
575 210.21339416503906
576 183.07521057128906
577 236.49014282226563
578 229.16709899902344
579 230.45941162109375
580 211.50572204589844
581 202.8904266357422
582 235.1978302001953
583 205.9058074951172
584 298.5202941894531
585 226.15174865722656
586 248.1207733154297
587 195.56744384765625
588 232.6132354736328
589 258.889892578125
590 255.87457275390625
591 185.65980529785156
592 192.12130737304688
593 201.16737365722656
594 204.61351013183594
595 232.1824493408203
596 246.82846069335938
597 198.1520233154297
598 190.8289794921875
599 234.33628845214844
600 195.13662719726563
601 200.30580139160156
602 235.1978302001953
603 218.39801025390625
604 211.50572204589844
605 183.07522583007813
606 220.5517578125
607 227.01327514648438
608 189.96746826171875
609 172.3060760498047
610 213.22879028320313
611 199.44430541992188
612 234.7670440673828
613 149.0447998046875
614 168.85997009277344
615 219.69027709960938
616 172.3060760498047
617 186.52137756347656
618 232.61322021484375
619 202.8904266357422
620 219.25946044921875
621 277.84356689453125
622 234.76705932617188
623 246.397705078125
624 228.30557250976563
625 231.32095336914063
626 239.5054931640625
627 186.52130126953125
628 206.76734924316406
629 254.1514892578125
630 218.82876586914063
631 243.3824005126953
632 217.10569763183594
633 235.62855529785156
634 230.89015197753906
635 191.259765625
636 176.18296813964844
637 216.24415588378906
638 199.8750762939453
639 215.38258361816406
640 242.9516143798828
641 224.4286651611328
642 244.6746368408203
643 210.64422607421875
644 260.1822204589844
645 193.41357421875
646 216.24417114257813
647 230.89019775390625
648 214.9518280029297
649 165.4138641357422
650 251.56690979003906
651 201.59812927246094
652 185.22909545898438
653 199.44435119628906
654 263.19757080078125
655 191.25978088378906
656 203.75198364257813
657 277.8435363769531
658 243.3824005126953
659 261.4744873046875
660 233.90553283691406
661 258.0283508300781
662 236.05934143066406
663 230.45938110351563
664 300.6741638183594
665 204.18270874023438
666 263.6282958984375
667 209.35191345214844
668 190.39817810058594
669 138.275634765625
670 193.41360473632813
671 191.69052124023438
672 209.78265380859375
673 191.259765625
674 213.6595458984375
675 205.47500610351563
676 233.90553283691406
677 174.02914428710938
678 209.78265380859375
679 183.0752716064453
680 183.936767578125
681 203.751953125
682 211.074951171875
683 223.56710815429688
684 242.090087890625
685 230.89016723632813
686 204.61349487304688
687 212.36729431152344
688 220.12106323242188
689 178.33682250976563
690 193.41357421875
691 216.6748504638672
692 203.75192260742188
693 193.84437561035156
694 187.3828887939453
695 180.92140197753906
696 171.44456481933594
697 208.49038696289063
698 206.33656311035156
699 177.04452514648438
700 188.6751708984375
701 202.4596710205078
702 202.4596405029297
703 168.42922973632813
704 227.87481689453125
705 217.5364227294922
706 192.55206298828125
707 216.24415588378906
708 143.87559509277344
709 152.92166137695313
710 143.87557983398438
711 161.53697204589844
712 180.05987548828125
713 160.67543029785156
714 169.7214813232422
715 162.39849853515625
716 161.106201171875
717 151.1986083984375
718 167.56768798828125
719 165.41383361816406
720 150.767822265625
721 180.05987548828125
722 150.76783752441406
723 179.62913513183594
724 180.49063110351563
725 209.3518829345703
726 186.52133178710938
727 170.15228271484375
728 170.5830535888672
729 192.55206298828125
730 182.6444854736328
731 181.78297424316406
732 192.55206298828125
733 191.6905517578125
734 252.42845153808594
735 207.19805908203125
736 170.58303833007813
737 197.29046630859375
738 206.76731872558594
739 216.244140625
740 242.95159912109375
741 183.50599670410156
742 192.98284912109375
743 149.47555541992188
744 124.0604019165039
745 169.29074096679688
746 170.1522674560547
747 207.62879943847656
748 194.7058868408203
749 212.7980194091797
750 180.05990600585938
751 208.0596160888672
752 207.1981201171875
753 199.0135498046875
754 204.18270874023438
755 188.2444305419922
756 200.73663330078125
757 193.84439086914063
758 161.53697204589844
759 169.29071044921875
760 205.04428100585938
761 167.99842834472656
762 223.56716918945313
763 167.99844360351563
764 182.6444549560547
765 168.42921447753906
766 199.8750762939453
767 183.50599670410156
768 205.04425048828125
769 174.45994567871094
770 201.16738891601563
771 169.29075622558594
772 231.3209686279297
773 182.64447021484375
774 178.33682250976563
775 199.87506103515625
776 208.0596160888672
777 184.7982940673828
778 202.0288848876953
779 215.3826141357422
780 185.22911071777344
781 187.81362915039063
782 201.16737365722656
783 171.8753204345703
784 183.936767578125
785 175.75222778320313
786 191.6905517578125
787 197.72122192382813
788 191.6905517578125
789 220.9825439453125
790 171.01377868652344
791 202.8904266357422
792 171.87535095214844
793 237.3516845703125
794 204.1827850341797
795 203.32118225097656
796 195.5674285888672
797 183.0752410888672
798 161.53697204589844
799 213.65957641601563
800 236.05934143066406
801 198.58277893066406
802 229.1671142578125
803 245.9669647216797
804 225.72105407714844
805 178.76759338378906
806 192.98277282714844
807 185.6597900390625
808 230.02862548828125
809 225.29019165039063
810 186.52134704589844
811 239.07472229003906
812 239.5054931640625
813 181.3521728515625
814 212.7980194091797
815 220.12106323242188
816 184.36756896972656
817 198.582763671875
818 238.6439666748047
819 221.84410095214844
820 193.41358947753906
821 196.4289093017578
822 203.32122802734375
823 248.12075805664063
824 227.44406127929688
825 198.1520233154297
826 208.921142578125
827 251.99765014648438
828 211.074951171875
829 217.5364532470703
830 220.98260498046875
831 250.2746124267578
832 181.78292846679688
833 224.42868041992188
834 207.6288604736328
835 209.35189819335938
836 228.7363739013672
837 191.2597198486328
838 211.93650817871094
839 172.7368621826172
840 206.76730346679688
841 195.56744384765625
842 192.5520477294922
843 204.61351013183594
844 235.62857055664063
845 182.6444854736328
846 234.76705932617188
847 243.8131561279297
848 188.67520141601563
849 185.22903442382813
850 183.07521057128906
851 188.24444580078125
852 196.8597412109375
853 190.82901000976563
854 171.87535095214844
855 164.98312377929688
856 170.5830535888672
857 168.42922973632813
858 157.6600799560547
859 164.55230712890625
860 169.72149658203125
861 144.7371063232422
862 212.36724853515625
863 173.16763305664063
864 181.78294372558594
865 245.53616333007813
866 186.9521026611328
867 205.90577697753906
868 161.10621643066406
869 168.42921447753906
870 176.61375427246094
871 199.01356506347656
872 149.90631103515625
873 161.106201171875
874 174.0291748046875
875 130.95263671875
876 162.3985137939453
877 154.21395874023438
878 152.0601348876953
879 171.01380920410156
880 154.64474487304688
881 200.7366180419922
882 167.99844360351563
883 174.02915954589844
884 158.09085083007813
885 198.1520233154297
886 242.52084350585938
887 202.02890014648438
888 226.58253479003906
889 196.428955078125
890 223.1363983154297
891 195.9981689453125
892 201.1673583984375
893 140.8602294921875
894 168.85997009277344
895 180.05987548828125
896 177.47528076171875
897 196.42892456054688
898 183.07521057128906
899 163.6907958984375
900 219.69029235839844
901 177.90606689453125
902 185.2290496826172
903 180.49061584472656
904 174.45989990234375
905 181.782958984375
906 212.7980194091797
907 178.33682250976563
908 183.93675231933594
909 191.25979614257813
910 200.73660278320313
911 217.53643798828125
912 168.85997009277344
913 234.76705932617188
914 239.5054168701172
915 206.76731872558594
916 185.65980529785156
917 186.0906219482422
918 222.27487182617188
919 192.9828338623047
920 216.6749267578125
921 209.3519287109375
922 175.3214569091797
923 211.93650817871094
924 248.55152893066406
925 222.27490234375
926 211.9364776611328
927 184.36752319335938
928 234.76705932617188
929 221.84413146972656
930 149.9062957763672
931 245.10540771484375
932 196.8596954345703
933 190.39822387695313
934 223.13645935058594
935 198.1520233154297
936 230.4594268798828
937 171.87533569335938
938 220.5518341064453
939 226.15176391601563
940 242.95162963867188
941 230.4594268798828
942 226.58255004882813
943 232.61322021484375
944 204.1827392578125
945 229.16712951660156
946 189.5366973876953
947 219.6903076171875
948 209.78268432617188
949 229.16709899902344
950 275.259033203125
951 243.81314086914063
952 239.50546264648438
953 210.6442108154297
954 196.4290008544922
955 188.2444305419922
956 195.1366424560547
957 209.35194396972656
958 222.2748565673828
959 227.87481689453125
960 227.87481689453125
961 182.64447021484375
962 189.10594177246094
963 203.32118225097656
964 200.7366180419922
965 249.4130859375
966 197.2904510498047
967 211.93650817871094
968 196.8596954345703
969 208.49038696289063
970 247.25921630859375
971 211.93646240234375
972 223.99790954589844
973 187.3828887939453
974 198.582763671875
975 200.73663330078125
976 187.8136444091797
977 180.05987548828125
978 158.52162170410156
979 181.35214233398438
980 245.5361785888672
981 221.41331481933594
982 250.7053680419922
983 200.30584716796875
984 216.6749267578125
985 239.50546264648438
986 209.78265380859375
987 222.27488708496094
988 226.15174865722656
989 158.09083557128906
990 230.8901824951172
991 238.6439666748047
992 173.59840393066406
993 214.09031677246094
994 182.6444549560547
995 183.5059814453125
996 224.4287109375
997 155.50625610351563
998 220.5518035888672
999 233.905517578125
1000 249.84384155273438
1001 199.87510681152344
1002 199.87510681152344
