# Selection 1:name C1A D2A C3A C4A C1B C2B C3B C4B Selection 2:name AUC AUSL AUL Cutoff:8 Start:0 End:-1
0 0
1 0
2 24
3 32
4 20
5 24
6 23
7 24
8 24
9 25
10 29
11 28
12 26
13 32
14 26
15 27
16 14
17 24
18 26
19 19
20 21
21 20
22 23
23 19
24 18
25 30
26 20
27 28
28 18
29 23
30 26
31 24
32 17
33 28
34 14
35 12
36 21
37 25
38 21
39 23
40 22
41 30
42 28
43 20
44 27
45 20
46 25
47 26
48 24
49 24
50 25
51 15
52 14
53 17
54 23
55 17
56 18
57 22
58 32
59 28
60 19
61 28
62 23
63 28
64 32
65 28
66 26
67 20
68 19
69 28
70 24
71 24
72 22
73 26
74 28
75 23
76 24
77 28
78 25
79 24
80 31
81 28
82 23
83 24
84 23
85 27
86 34
87 25
88 25
89 21
90 24
91 27
92 28
93 29
94 25
95 24
96 25
97 22
98 30
99 31
100 37
101 23
102 26
103 29
104 29
105 20
106 24
107 33
108 28
109 31
110 26
111 32
112 27
113 27
114 32
115 20
116 32
117 22
118 29
119 28
120 25
121 21
122 34
123 34
124 27
125 30
126 29
127 28
128 21
129 30
130 27
131 26
132 28
133 29
134 31
135 26
136 27
137 26
138 25
139 24
140 18
141 22
142 29
143 31
144 26
145 23
146 29
147 34
148 24
149 29
150 32
151 27
152 24
153 26
154 20
155 23
156 23
157 22
158 28
159 26
160 26
161 23
162 21
163 24
164 27
165 25
166 17
167 28
168 28
169 28
170 26
171 26
172 26
173 25
174 25
175 32
176 22
177 22
178 22
179 25
180 22
181 29
182 24
183 24
184 24
185 24
186 21
187 28
188 30
189 24
190 23
191 15
192 22
193 24
194 17
195 22
196 19
197 20
198 24
199 22
200 17
201 21
202 20
203 16
204 17
205 23
206 20
207 20
208 22
209 21
210 19
211 20
212 25
213 25
214 22
215 30
216 20
217 19
218 14
219 19
220 21
221 27
222 24
223 21
224 26
225 16
226 26
227 27
228 28
229 19
230 31
231 13
232 26
233 22
234 23
235 23
236 22
237 22
238 26
239 18
240 20
241 17
242 14
243 16
244 19
245 25
246 14
247 24
248 16
249 20
250 27
251 24
252 21
253 19
254 25
255 20
256 28
257 23
258 20
259 13
260 13
261 19
262 24
263 16
264 22
265 16
266 25
267 16
268 21
269 17
270 13
271 21
272 25
273 18
274 16
275 15
276 21
277 19
278 21
279 24
280 26
281 31
282 25
283 21
284 39
285 32
286 32
287 29
288 31
289 24
290 26
291 20
292 23
293 29
294 28
295 20
296 23
297 31
298 27
299 24
300 29
301 28
302 25
303 31
304 26
305 33
306 29
307 25
308 28
309 29
310 27
311 22
312 22
313 25
314 22
315 21
316 26
317 26
318 31
319 32
320 27
321 24
322 29
323 22
324 25
325 18
326 20
327 26
328 34
329 23
330 27
331 25
332 30
333 19
334 17
335 23
336 24
337 26
338 28
339 27
340 29
341 24
342 24
343 24
344 25
345 29
346 22
347 25
348 21
349 20
350 27
351 28
352 25
353 22
354 23
355 31
356 27
357 28
358 29
359 28
360 26
361 26
362 23
363 27
364 24
365 25
366 21
367 26
368 20
369 23
370 33
371 26
372 23
373 20
374 29
375 34
376 23
377 27
378 35
379 26
380 18
381 29
382 29
383 21
384 23
385 27
386 21
387 28
388 26
389 20
390 30
391 28
392 28
393 23
394 24
395 25
396 26
397 29
398 24
399 28
400 19
401 20
402 24
403 28
404 25
405 20
406 21
407 20
408 20
409 20
410 26
411 23
412 28
413 24
414 27
415 20
416 28
417 21
418 21
419 30
420 27
421 30
422 23
423 26
424 24
425 16
426 26
427 30
428 27
429 26
430 29
431 25
432 26
433 27
434 33
435 24
436 25
437 24
438 30
439 25
440 25
441 27
442 37
443 26
444 17
445 30
446 24
447 32
448 35
449 29
450 34
451 24
452 26
453 21
454 27
455 21
456 22
457 22
458 24
459 18
460 21
461 23
462 32
463 27
464 22
465 24
466 15
467 23
468 24
469 30
470 22
471 18
472 28
473 23
474 21
475 24
476 20
477 28
478 27
479 23
480 24
481 31
482 25
483 23
484 26
485 23
486 24
487 23
488 28
489 23
490 22
491 26
492 25
493 31
494 29
495 22
496 23
497 22
498 25
499 23
500 23
501 29
502 24
503 26
504 28
505 22
506 30
507 20
508 32
509 26
510 22
511 31
512 27
513 23
514 17
515 23
516 31
517 20
518 26
519 23
520 31
521 29
522 26
523 22
524 23
525 26
526 21
527 24
528 27
529 26
530 26
531 31
532 32
533 28
534 23
535 32
536 19
537 27
538 21
539 25
540 29
541 22
542 30
543 19
544 22
545 23
546 28
547 32
548 32
549 30
550 26
551 24
552 22
553 23
554 37
555 20
556 26
557 22
558 26
559 22
560 20
561 25
562 32
563 25
564 24
565 23
566 29
567 26
568 24
569 26
570 23
571 22
572 26
573 26
574 30
575 26
576 24
577 20
578 26
579 30
580 21
581 31
582 25
583 25
584 20
585 30
586 24
587 20
588 23
589 25
590 26
591 30
592 30
593 25
594 24
595 32
596 25
597 27
598 18
599 23
600 29
601 23
602 20
603 24
604 27
605 32
606 32
607 24
608 19
609 26
610 28
611 21
612 24
613 25
614 19
615 27
616 27
617 28
618 29
619 21
620 28
621 31
622 28
623 26
624 25
625 32
626 30
627 24
628 27
629 27
630 30
631 29
632 21
633 21
634 28
635 29
636 17
637 26
638 26
639 20
640 25
641 34
642 21
643 28
644 20
645 26
646 19
647 18
648 21
649 28
650 23
651 23
652 24
653 28
654 25
655 31
656 24
657 20
658 26
659 27
660 27
661 26
662 33
663 25
664 27
665 34
666 28
667 21
668 28
669 20
670 27
671 26
672 30
673 30
674 25
675 25
676 17
677 21
678 26
679 25
680 32
681 22
682 21
683 27
684 27
685 30
686 25
687 24
688 16
689 26
690 19
691 25
692 21
693 27
694 22
695 24
696 30
697 29
698 31
699 19
700 29
701 22
702 27
703 21
704 28
705 31
706 23
707 22
708 18
709 33
710 43
711 32
712 28
713 24
714 29
715 24
716 31
717 27
718 21
719 34
720 17
721 26
722 28
723 32
724 26
725 23
726 20
727 27
728 28
729 21
730 23
731 28
732 33
733 25
734 25
735 32
736 26
737 21
738 27
739 23
740 30
741 29
742 32
743 22
744 19
745 25
746 26
747 26
748 21
749 28
750 35
751 27
752 23
753 24
754 26
755 27
756 36
757 23
758 32
759 28
760 21
761 27
762 29
763 19
764 31
765 27
766 32
767 31
768 22
769 24
770 24
771 31
772 23
773 25
774 22
775 24
776 21
777 24
778 25
779 31
780 24
781 24
782 17
783 24
784 29
785 28
786 25
787 26
788 23
789 25
790 28
791 27
792 25
793 25
794 23
795 25
796 27
797 28
798 27
799 25
800 26
801 19
802 22
803 27
804 33
805 25
806 15
807 17
808 22
809 22
810 31
811 27
812 30
813 26
814 27
815 27
816 19
817 22
818 26
819 22
820 31
821 25
822 30
823 25
824 31
825 22
826 26
827 19
828 23
829 26
830 25
831 19
832 28
833 22
834 24
835 21
836 25
837 28
838 27
839 25
840 23
841 22
842 26
843 21
844 22
845 24
846 28
847 23
848 30
849 28
850 25
851 24
852 25
853 28
854 28
855 19
856 29
857 23
858 24
859 28
860 31
861 34
862 29
863 26
864 24
865 28
866 24
867 24
868 25
869 26
870 22
871 25
872 33
873 22
874 33
875 30
876 28
877 30
878 28
879 21
880 19
881 28
882 25
883 28
884 21
885 19
886 29
887 27
888 27
889 24
890 20
891 29
892 24
893 26
894 17
895 25
896 21
897 15
898 25
899 23
900 32
901 28
902 23
903 21
904 25
905 32
906 26
907 35
908 33
909 21
910 28
911 24
912 30
913 28
914 17
915 24
916 21
917 29
918 30
919 19
920 28
921 30
922 18
923 31
924 37
925 32
926 35
927 21
928 25
929 29
930 33
931 20
932 27
933 30
934 23
935 21
936 31
937 30
938 22
939 23
940 24
941 31
942 24
943 28
944 27
945 20
946 23
947 28
948 26
949 22
950 30
951 23
952 25
953 26
954 25
955 21
956 33
957 27
958 24
959 30
960 14
961 29
962 20
963 18
964 19
965 27
966 24
967 26
968 20
969 21
970 29
971 24
972 21
973 23
974 26
975 28
976 23
977 30
978 21
979 21
980 32
981 22
982 25
983 26
984 25
985 25
986 29
987 28
988 31
989 15
990 27
991 25
992 29
993 27
994 25
995 19
996 32
997 30
998 30
999 27
1000 30
1001 27
1002 27
