# Selection:resname AU POPC Restricted:name AUC AUL AUSL Radius:2.64 Start:0 End:-1
0 194.70590209960938
1 195.5674285888672
2 12.492191314697266
3 46.522647857666016
4 24.12285041809082
5 11.199894905090332
6 59.87636947631836
7 17.230607986450195
8 33.59968566894531
9 4.738417148590088
10 14.646017074584961
11 17.661373138427734
12 9.907599449157715
13 14.215251922607422
14 3.0153565406799316
15 23.69208526611328
16 16.799842834472656
17 12.922956466674805
18 21.969024658203125
19 35.322750091552734
20 7.3230085372924805
21 25.84591293334961
22 13.784486770629883
23 16.799842834472656
24 8.615303993225098
25 10.33836555480957
26 39.199642181396484
27 2.1538259983062744
28 9.476835250854492
29 9.046069145202637
30 21.107494354248047
31 18.522903442382813
32 24.55361557006836
33 24.55361557006836
34 24.98438262939453
35 19.38443374633789
36 45.2303466796875
37 21.969024658203125
38 25.415145874023438
39 20.24596405029297
40 4.307651996612549
41 13.353721618652344
42 12.49219036102295
43 31.015094757080078
44 45.66111373901367
45 25.41514778137207
46 15.938312530517578
47 7.7537736892700195
48 23.261320114135742
49 12.492191314697266
50 11.199895858764648
51 9.476834297180176
52 46.09187698364258
53 11.199895858764648
54 28.861268997192383
55 16.369077682495117
56 12.922955513000488
57 2.1538262367248535
58 24.98438262939453
59 20.676729202270508
60 14.646017074584961
61 46.95341491699219
62 22.399791717529297
63 54.70718002319336
64 6.030713081359863
65 10.33836555480957
66 16.799842834472656
67 31.015094757080078
68 18.522903442382813
69 40.06116485595703
70 7.7537736892700195
71 17.230607986450195
72 18.092138290405273
73 6.030713081359863
74 45.661109924316406
75 21.538259506225586
76 33.168922424316406
77 18.092138290405273
78 37.9073371887207
79 2.5845911502838135
80 26.27667808532715
81 36.18428039550781
82 38.338104248046875
83 20.24596405029297
84 26.27667808532715
85 36.61504364013672
86 24.55361557006836
87 10.338364601135254
88 37.90734100341797
89 38.33810806274414
90 27.999736785888672
91 11.199895858764648
92 29.292034149169922
93 27.13821029663086
94 21.969024658203125
95 17.230607986450195
96 26.707441329956055
97 14.215251922607422
98 18.092138290405273
99 21.969026565551758
100 23.69208526611328
101 18.953670501708984
102 12.922956466674805
103 36.18427658081055
104 40.06116485595703
105 22.399791717529297
106 44.799583435058594
107 33.168922424316406
108 20.24596405029297
109 36.18427658081055
110 6.461478233337402
111 30.584331512451172
112 39.630401611328125
113 44.36881637573242
114 12.922956466674805
115 3.44612193107605
116 35.32274627685547
117 49.107234954833984
118 27.999736785888672
119 36.18427658081055
120 18.95366859436035
121 11.630661010742188
122 21.969024658203125
123 29.722797393798828
124 20.24596405029297
125 29.72279930114746
126 46.09188461303711
127 24.553617477416992
128 27.999736785888672
129 28.86126708984375
130 28.86126708984375
131 11.199894905090332
132 13.784486770629883
133 30.153562545776367
134 54.707183837890625
135 34.461219787597656
136 6.030713081359863
137 26.707443237304688
138 14.215251922607422
139 12.061426162719727
140 32.30738830566406
141 58.15330505371094
142 18.092138290405273
143 10.338364601135254
144 9.046069145202637
145 4.738417148590088
146 32.7381591796875
147 27.568971633911133
148 32.7381591796875
149 9.046069145202637
150 48.67646789550781
151 32.738155364990234
152 21.107494354248047
153 54.70718002319336
154 48.24570083618164
155 32.30738830566406
156 11.630661010742188
157 10.76913070678711
158 25.845911026000977
159 39.19963455200195
160 3.8768868446350098
161 17.661373138427734
162 16.369077682495117
163 18.092138290405273
164 14.646017074584961
165 14.646017074584961
166 61.59942626953125
167 27.138206481933594
168 40.4919319152832
169 31.445859909057617
170 15.938312530517578
171 21.538259506225586
172 9.476835250854492
173 18.522903442382813
174 4.738417625427246
175 14.646017074584961
176 6.461478233337402
177 31.015094757080078
178 5.599947929382324
179 17.230607986450195
180 16.799842834472656
181 6.030713081359863
182 25.84591293334961
183 46.95341491699219
184 20.24596405029297
185 41.78422546386719
186 8.184538841247559
187 24.55361557006836
188 18.522903442382813
189 23.69208526611328
190 12.49219036102295
191 20.676729202270508
192 27.999738693237305
193 21.538259506225586
194 27.138208389282227
195 51.26106643676758
196 7.3230085372924805
197 9.907599449157715
198 7.3230085372924805
199 16.799842834472656
200 19.81519889831543
201 27.568971633911133
202 18.953670501708984
203 13.353720664978027
204 8.615303993225098
205 24.9843807220459
206 34.46121597290039
207 32.30738830566406
208 33.59968566894531
209 5.169182300567627
210 20.24596405029297
211 22.830554962158203
212 10.338364601135254
213 27.999736785888672
214 8.184538841247559
215 22.399789810180664
216 12.922956466674805
217 29.722797393798828
218 40.06116485595703
219 11.199894905090332
220 21.969026565551758
221 5.599947452545166
222 18.092138290405273
223 35.32274627685547
224 13.784486770629883
225 35.75351333618164
226 37.045806884765625
227 49.9687614440918
228 24.12285041809082
229 22.830554962158203
230 15.0767822265625
231 29.72279930114746
232 25.415145874023438
233 39.630401611328125
234 13.784485816955566
235 26.276676177978516
236 15.507547378540039
237 21.107494354248047
238 18.95366859436035
239 41.35346221923828
240 17.230607986450195
241 34.89198303222656
242 9.476834297180176
243 14.215251922607422
244 5.169182777404785
245 12.922956466674805
246 13.353721618652344
247 22.830554962158203
248 33.16891860961914
249 36.18427658081055
250 23.69208526611328
251 12.06142520904541
252 23.69208526611328
253 27.138206481933594
254 13.353721618652344
255 34.461219787597656
256 28.861270904541016
257 10.76913070678711
258 6.461478233337402
259 16.799842834472656
260 23.261322021484375
261 15.507547378540039
262 35.322750091552734
263 8.184538841247559
264 11.199895858764648
265 26.707443237304688
266 24.12285041809082
267 23.261322021484375
268 21.969026565551758
269 9.476835250854492
270 17.230607986450195
271 14.215251922607422
272 17.661373138427734
273 34.89198303222656
274 46.091880798339844
275 17.230607986450195
276 21.969024658203125
277 13.784486770629883
278 12.922956466674805
279 29.292034149169922
280 21.538259506225586
281 11.630661010742188
282 20.67673110961914
283 12.061426162719727
284 38.338104248046875
285 21.969024658203125
286 15.0767822265625
287 17.230607986450195
288 22.830554962158203
289 32.738155364990234
290 18.95366859436035
291 18.95366859436035
292 9.476834297180176
293 23.261322021484375
294 31.445859909057617
295 40.06116485595703
296 34.46121597290039
297 15.507547378540039
298 24.98438262939453
299 5.599947452545166
300 45.661109924316406
301 32.738155364990234
302 6.461477756500244
303 20.676729202270508
304 40.06116485595703
305 32.30738830566406
306 31.015094757080078
307 15.507548332214355
308 66.76860046386719
309 39.630401611328125
310 34.030452728271484
311 19.38443374633789
312 2.5845913887023926
313 34.461219787597656
314 9.476834297180176
315 3.0153565406799316
316 31.015094757080078
317 19.38443374633789
318 48.245704650878906
319 19.81519889831543
320 17.661373138427734
321 32.30739212036133
322 25.415145874023438
323 46.091880798339844
324 22.399791717529297
325 22.830556869506836
326 12.922956466674805
327 39.63039779663086
328 28.86126708984375
329 44.36882019042969
330 25.845911026000977
331 27.13821029663086
332 31.015094757080078
333 20.676729202270508
334 40.06116485595703
335 2.1538259983062744
336 25.845911026000977
337 27.999738693237305
338 12.492191314697266
339 36.61504364013672
340 22.830554962158203
341 27.999736785888672
342 43.507286071777344
343 27.999736785888672
344 23.69208526611328
345 22.830554962158203
346 13.784486770629883
347 30.584327697753906
348 15.938312530517578
349 31.015094757080078
350 19.81519889831543
351 10.338364601135254
352 26.707443237304688
353 27.138208389282227
354 41.353458404541016
355 38.33810043334961
356 8.615303993225098
357 12.922955513000488
358 20.24596405029297
359 31.445858001708984
360 35.32274627685547
361 23.261320114135742
362 9.046069145202637
363 10.76913070678711
364 23.69208526611328
365 4.307651996612549
366 31.44586181640625
367 9.476834297180176
368 5.169182777404785
369 13.784486770629883
370 31.876628875732422
371 19.38443374633789
372 14.215251922607422
373 12.922956466674805
374 16.369077682495117
375 14.646017074584961
376 8.615303993225098
377 21.538259506225586
378 7.3230085372924805
379 25.845911026000977
380 25.415145874023438
381 40.061161041259766
382 24.98438262939453
383 37.9073371887207
384 16.369077682495117
385 30.58432960510254
386 32.738155364990234
387 19.815200805664063
388 13.784486770629883
389 3.8768868446350098
390 13.353720664978027
391 43.507286071777344
392 10.338364601135254
393 15.507547378540039
394 34.46121597290039
395 31.015094757080078
396 3.8768868446350098
397 31.015094757080078
398 27.138208389282227
399 9.907600402832031
400 18.95366859436035
401 21.107494354248047
402 11.199895858764648
403 31.015094757080078
404 29.292034149169922
405 23.69208526611328
406 12.922956466674805
407 12.06142520904541
408 30.153564453125
409 15.0767822265625
410 10.338364601135254
411 3.8768868446350098
412 12.922956466674805
413 24.553617477416992
414 24.9843807220459
415 18.953670501708984
416 6.030712604522705
417 24.9843807220459
418 15.0767822265625
419 6.892243385314941
420 26.707443237304688
421 18.95366859436035
422 24.55361557006836
423 42.214996337890625
424 20.676729202270508
425 9.476835250854492
426 14.646017074584961
427 19.38443374633789
428 24.553617477416992
429 8.184538841247559
430 10.769129753112793
431 34.89198303222656
432 13.353721618652344
433 18.95366859436035
434 19.81519889831543
435 22.830556869506836
436 8.615303993225098
437 21.538259506225586
438 20.24596405029297
439 32.30739212036133
440 30.584327697753906
441 36.18427658081055
442 16.369077682495117
443 10.338364601135254
444 34.46121597290039
445 19.38443374633789
446 15.0767822265625
447 14.215251922607422
448 33.168922424316406
449 20.676729202270508
450 15.938312530517578
451 37.9073371887207
452 15.0767822265625
453 36.61504364013672
454 14.215251922607422
455 15.0767822265625
456 29.72279930114746
457 13.353721618652344
458 20.24596405029297
459 27.138206481933594
460 27.13821029663086
461 15.507547378540039
462 17.230607986450195
463 38.338104248046875
464 19.81519889831543
465 24.12285041809082
466 44.36882019042969
467 16.369077682495117
468 15.938312530517578
469 34.89198303222656
470 28.86126708984375
471 4.738417625427246
472 15.0767822265625
473 28.430503845214844
474 16.36907958984375
475 21.538259506225586
476 6.892243385314941
477 11.630661010742188
478 14.646017074584961
479 18.522903442382813
480 36.61504364013672
481 31.015094757080078
482 35.32274627685547
483 29.292034149169922
484 20.24596405029297
485 6.8922438621521
486 13.784486770629883
487 28.86126708984375
488 13.353721618652344
489 16.799842834472656
490 27.999738693237305
491 22.399789810180664
492 33.168922424316406
493 64.61478424072266
494 44.799583435058594
495 26.27667808532715
496 19.38443374633789
497 40.49193572998047
498 21.969026565551758
499 15.938312530517578
500 39.19963836669922
501 32.738155364990234
502 32.30739212036133
503 18.092138290405273
504 18.95366859436035
505 5.169182300567627
506 29.722797393798828
507 5.169182777404785
508 24.122852325439453
509 31.44586181640625
510 39.630401611328125
511 15.938311576843262
512 31.445859909057617
513 55.13795471191406
514 3.0153565406799316
515 24.98438262939453
516 25.415145874023438
517 26.707441329956055
518 15.938312530517578
519 15.0767822265625
520 9.907599449157715
521 19.38443374633789
522 49.107234954833984
523 29.292034149169922
524 7.7537736892700195
525 12.49219036102295
526 34.46121597290039
527 37.47657012939453
528 15.507547378540039
529 12.922956466674805
530 31.445859909057617
531 28.430503845214844
532 28.43050193786621
533 21.969024658203125
534 42.645755767822266
535 23.261320114135742
536 6.030712604522705
537 13.784485816955566
538 19.38443374633789
539 34.030452728271484
540 16.79984474182129
541 12.061426162719727
542 18.092140197753906
543 23.261320114135742
544 20.24596405029297
545 9.046070098876953
546 21.969024658203125
547 40.061161041259766
548 24.122852325439453
549 25.415145874023438
550 41.35346221923828
551 42.21499252319336
552 16.369077682495117
553 19.81519889831543
554 27.138208389282227
555 51.69182205200195
556 21.107494354248047
557 27.999736785888672
558 46.09187698364258
559 12.922955513000488
560 15.0767822265625
561 12.922956466674805
562 26.707441329956055
563 15.0767822265625
564 34.461219787597656
565 24.55361557006836
566 35.322750091552734
567 22.830554962158203
568 10.76913070678711
569 52.5533561706543
570 33.59968566894531
571 15.507547378540039
572 25.415145874023438
573 31.876623153686523
574 31.876625061035156
575 20.24596405029297
576 33.59968566894531
577 32.738155364990234
578 8.184538841247559
579 31.445859909057617
580 34.46121597290039
581 18.95366859436035
582 63.322486877441406
583 27.138206481933594
584 16.799842834472656
585 31.015094757080078
586 23.261320114135742
587 6.892243385314941
588 12.06142520904541
589 16.369077682495117
590 21.969026565551758
591 26.276676177978516
592 20.24596405029297
593 56.43024444580078
594 37.045806884765625
595 12.922956466674805
596 27.999738693237305
597 18.092138290405273
598 17.661373138427734
599 13.353721618652344
600 11.630660057067871
601 30.153562545776367
602 21.10749626159668
603 46.09187698364258
604 12.061426162719727
605 23.69208526611328
606 20.24596405029297
607 18.092138290405273
608 17.661373138427734
609 35.322750091552734
610 10.33836555480957
611 21.10749626159668
612 26.707443237304688
613 50.830299377441406
614 20.2459659576416
615 52.98412322998047
616 37.9073371887207
617 16.799842834472656
618 21.10749626159668
619 14.215251922607422
620 28.86126708984375
621 11.630661010742188
622 10.769129753112793
623 31.876625061035156
624 6.030713081359863
625 47.81494140625
626 28.861268997192383
627 34.46121597290039
628 12.06142520904541
629 18.522903442382813
630 14.215251922607422
631 30.153564453125
632 18.95366859436035
633 39.63039779663086
634 16.369077682495117
635 31.445858001708984
636 22.399791717529297
637 9.907600402832031
638 13.353721618652344
639 23.692087173461914
640 18.95366859436035
641 38.338104248046875
642 27.999736785888672
643 27.999736785888672
644 32.7381591796875
645 16.799842834472656
646 12.06142520904541
647 36.18428039550781
648 23.261322021484375
649 16.369077682495117
650 18.092138290405273
651 18.092138290405273
652 8.615303993225098
653 14.646018028259277
654 25.41514778137207
655 31.445858001708984
656 23.69208526611328
657 32.30739212036133
658 36.18428039550781
659 26.707443237304688
660 16.369077682495117
661 27.138206481933594
662 9.046070098876953
663 6.892243385314941
664 27.999736785888672
665 5.169182777404785
666 11.199895858764648
667 20.24596405029297
668 21.969024658203125
669 17.230607986450195
670 39.63039779663086
671 30.584327697753906
672 21.538259506225586
673 23.261320114135742
674 27.138206481933594
675 6.892243385314941
676 36.61504364013672
677 30.153562545776367
678 17.661373138427734
679 38.76886749267578
680 39.630401611328125
681 23.69208526611328
682 49.10723876953125
683 23.692087173461914
684 39.19963455200195
685 15.938311576843262
686 23.692087173461914
687 16.799842834472656
688 10.338364601135254
689 40.06116485595703
690 34.030452728271484
691 18.092138290405273
692 15.507547378540039
693 25.845911026000977
694 13.353721618652344
695 20.24596405029297
696 30.584331512451172
697 41.353458404541016
698 17.661373138427734
699 6.892243385314941
700 21.53826141357422
701 55.5687141418457
702 43.07651901245117
703 27.999738693237305
704 10.338364601135254
705 31.87662696838379
706 27.999736785888672
707 15.938312530517578
708 29.292034149169922
709 33.59968566894531
710 21.107494354248047
711 24.9843807220459
712 12.922955513000488
713 34.030452728271484
714 18.092140197753906
715 24.9843807220459
716 21.969026565551758
717 13.784486770629883
718 42.214988708496094
719 17.230607986450195
720 26.707443237304688
721 38.338104248046875
722 17.661373138427734
723 12.492191314697266
724 19.81519889831543
725 40.0611686706543
726 11.199895858764648
727 38.76886749267578
728 21.969024658203125
729 14.646016120910645
730 34.8919792175293
731 60.30712890625
732 24.98438262939453
733 15.0767822265625
734 25.845911026000977
735 6.461478233337402
736 43.507286071777344
737 31.876623153686523
738 17.230607986450195
739 26.276676177978516
740 30.584327697753906
741 32.738155364990234
742 45.66111373901367
743 16.369077682495117
744 27.138206481933594
745 37.4765739440918
746 16.799842834472656
747 9.907600402832031
748 38.76887130737305
749 13.353721618652344
750 31.445858001708984
751 33.59968566894531
752 7.3230085372924805
753 13.784486770629883
754 31.44586181640625
755 33.59968566894531
756 41.353458404541016
757 12.492191314697266
758 32.738155364990234
759 17.661373138427734
760 33.168922424316406
761 40.4919319152832
762 15.938312530517578
763 51.26105880737305
764 31.44586181640625
765 26.707441329956055
766 24.55361557006836
767 21.107494354248047
768 39.19963455200195
769 41.35346221923828
770 27.568973541259766
771 10.33836555480957
772 9.046069145202637
773 23.261320114135742
774 17.661373138427734
775 27.138208389282227
776 12.922956466674805
777 12.922956466674805
778 30.584327697753906
779 15.0767822265625
780 31.876623153686523
781 15.507547378540039
782 13.784486770629883
783 8.615303993225098
784 28.86126708984375
785 31.44586181640625
786 11.630661010742188
787 8.615303993225098
788 34.03044891357422
789 18.522903442382813
790 17.661373138427734
791 27.138206481933594
792 27.999736785888672
793 12.06142520904541
794 30.153564453125
795 7.7537736892700195
796 38.76887130737305
797 15.507547378540039
798 23.69208526611328
799 10.769129753112793
800 13.784486770629883
801 16.369077682495117
802 22.399789810180664
803 13.353720664978027
804 7.7537736892700195
805 12.922955513000488
806 18.092138290405273
807 6.892243385314941
808 26.707443237304688
809 46.091880798339844
810 34.89198303222656
811 46.09187698364258
812 36.18427658081055
813 24.55361557006836
814 20.24596405029297
815 15.507547378540039
816 27.138208389282227
817 17.230607986450195
818 44.36882019042969
819 36.61504364013672
820 34.46121597290039
821 35.322750091552734
822 11.199895858764648
823 9.907600402832031
824 24.122852325439453
825 6.030713081359863
826 26.707441329956055
827 15.0767822265625
828 31.876625061035156
829 25.41514778137207
830 25.415145874023438
831 27.138206481933594
832 35.32274627685547
833 36.61504364013672
834 25.41514778137207
835 55.56871032714844
836 22.830554962158203
837 23.69208526611328
838 10.33836555480957
839 22.830554962158203
840 37.045806884765625
841 35.75351333618164
842 42.214988708496094
843 23.261320114135742
844 18.092138290405273
845 24.122852325439453
846 42.21499252319336
847 22.830554962158203
848 26.27667808532715
849 27.138206481933594
850 37.90734100341797
851 4.738417148590088
852 27.999740600585938
853 18.95366859436035
854 13.784486770629883
855 28.861268997192383
856 5.599947929382324
857 15.507547378540039
858 41.353458404541016
859 27.568971633911133
860 3.0153565406799316
861 21.107494354248047
862 13.784486770629883
863 42.214988708496094
864 28.86126708984375
865 22.399789810180664
866 26.276676177978516
867 32.738155364990234
868 17.230607986450195
869 29.722801208496094
870 11.630661010742188
871 25.845911026000977
872 27.999738693237305
873 21.53826141357422
874 18.95366859436035
875 7.7537736892700195
876 5.599947929382324
877 14.215251922607422
878 18.092138290405273
879 19.38443374633789
880 22.399791717529297
881 47.38417053222656
882 31.01509666442871
883 21.538259506225586
884 8.615303993225098
885 23.261322021484375
886 20.676729202270508
887 27.999736785888672
888 34.46121597290039
889 25.845911026000977
890 14.215251922607422
891 62.030189514160156
892 29.29203224182129
893 33.168922424316406
894 50.399532318115234
895 6.461478233337402
896 9.046069145202637
897 21.969024658203125
898 14.215251922607422
899 8.184538841247559
900 24.12285041809082
901 9.046069145202637
902 30.58432960510254
903 15.507547378540039
904 57.29177474975586
905 40.06116485595703
906 5.599947929382324
907 43.507286071777344
908 18.953670501708984
909 34.030452728271484
910 21.538259506225586
911 26.707443237304688
912 18.522903442382813
913 34.46121597290039
914 26.27667808532715
915 21.107494354248047
916 19.384435653686523
917 31.445859909057617
918 18.092138290405273
919 10.76913070678711
920 7.3230085372924805
921 46.522640228271484
922 30.58432960510254
923 15.507547378540039
924 2.5845913887023926
925 28.861270904541016
926 14.215251922607422
927 48.67647171020508
928 20.676729202270508
929 35.322750091552734
930 16.799842834472656
931 19.81519889831543
932 29.722797393798828
933 16.36907958984375
934 25.845911026000977
935 9.907599449157715
936 34.89198303222656
937 26.707443237304688
938 14.646017074584961
939 15.507547378540039
940 3.0153565406799316
941 29.72279930114746
942 14.646017074584961
943 26.707443237304688
944 34.46121597290039
945 18.95366859436035
946 46.09187316894531
947 17.230607986450195
948 24.98438262939453
949 25.845911026000977
950 41.78422546386719
951 20.24596405029297
952 27.568973541259766
953 28.430503845214844
954 31.44586181640625
955 14.646017074584961
956 20.676729202270508
957 12.922956466674805
958 47.38417434692383
959 15.0767822265625
960 23.69208526611328
961 8.615303993225098
962 30.153564453125
963 32.30739212036133
964 17.230607986450195
965 34.03044891357422
966 37.90734100341797
967 4.307651996612549
968 33.59968566894531
969 21.107494354248047
970 19.38443374633789
971 10.769129753112793
972 15.507547378540039
973 20.676729202270508
974 32.30739212036133
975 37.90734100341797
976 40.92269515991211
977 22.830556869506836
978 20.676729202270508
979 19.81519889831543
980 19.38443374633789
981 16.369077682495117
982 43.07652282714844
983 19.38443374633789
984 23.69208526611328
985 19.81519889831543
986 27.568971633911133
987 17.661373138427734
988 13.353721618652344
989 8.184538841247559
990 32.738155364990234
991 35.32274627685547
992 27.568971633911133
993 16.799842834472656
994 7.3230085372924805
995 24.55361557006836
996 55.99947738647461
997 12.922956466674805
998 38.76886749267578
999 37.045806884765625
1000 21.969024658203125
1001 29.72279930114746
1002 29.72279930114746
