# Selection:resname AU W ION Restricted:name AUC AUL AUSL Radius:2.64 Start:0 End:-1
0 459.6264953613281
1 460.91876220703125
2 117.16815185546875
3 143.44483947753906
4 87.4453353881836
5 106.39901733398438
6 115.44507598876953
7 75.38391876220703
8 44.799583435058594
9 74.09162139892578
10 65.47631072998047
11 92.6145248413086
12 99.50675201416016
13 64.61479187011719
14 174.0291290283203
15 75.38391876220703
16 64.18402099609375
17 73.66084289550781
18 49.53800964355469
19 61.59942626953125
20 43.507286071777344
21 71.07626342773438
22 96.06063842773438
23 66.33785247802734
24 84.42999267578125
25 74.52238464355469
26 71.93778991699219
27 82.70693969726563
28 46.95340347290039
29 81.84539031982422
30 65.04554748535156
31 53.41488265991211
32 86.58380889892578
33 108.55284118652344
34 102.952880859375
35 82.70692443847656
36 77.96851348876953
37 102.09135437011719
38 83.56845092773438
39 98.2144546508789
40 103.38365173339844
41 99.93753814697266
42 97.35294342041016
43 76.67620849609375
44 103.38365173339844
45 105.10670471191406
46 99.07599639892578
47 80.9838638305664
48 135.69105529785156
49 147.3217010498047
50 87.4453353881836
51 71.93779754638672
52 124.06037902832031
53 160.67544555664063
54 108.5528335571289
55 85.29151916503906
56 99.07601165771484
57 129.6603240966797
58 64.18402099609375
59 64.61477661132813
60 55.5687141418457
61 71.07625579833984
62 45.66111373901367
63 59.876365661621094
64 65.9070816040039
65 73.23008728027344
66 55.13794708251953
67 62.460960388183594
68 64.18401336669922
69 110.70667266845703
70 68.06089782714844
71 92.61451721191406
72 81.41461944580078
73 115.0143051147461
74 101.66058349609375
75 74.9531478881836
76 76.67620086669922
77 83.99922180175781
78 108.1220703125
79 75.81468200683594
80 78.83003234863281
81 126.21420288085938
82 48.24570083618164
83 83.56845092773438
84 121.47579193115234
85 124.06038665771484
86 116.73737335205078
87 140.42945861816406
88 141.29100036621094
89 66.76860809326172
90 89.59916687011719
91 95.19912719726563
92 37.04581069946289
93 87.01457977294922
94 78.83004760742188
95 95.6298828125
96 74.52238464355469
97 78.83003234863281
98 149.47552490234375
99 153.3524169921875
100 92.18376159667969
101 106.39900970458984
102 101.2298355102539
103 102.09134674072266
104 83.99921417236328
105 114.15279388427734
106 155.0754852294922
107 96.92217254638672
108 153.35243225097656
109 115.01432037353516
110 87.01457214355469
111 68.06092071533203
112 46.522647857666016
113 45.661109924316406
114 46.09187698364258
115 61.599422454833984
116 55.99947738647461
117 52.98412322998047
118 39.63039779663086
119 49.538002014160156
120 16.369077682495117
121 69.78396606445313
122 115.87584686279297
123 31.876625061035156
124 76.24544525146484
125 68.49166870117188
126 57.291770935058594
127 45.66111755371094
128 60.73789596557617
129 52.55335998535156
130 78.83001708984375
131 115.8758544921875
132 69.78396606445313
133 26.707443237304688
134 54.70718002319336
135 83.13768005371094
136 66.76861572265625
137 56.86101531982422
138 81.84539794921875
139 61.59942626953125
140 79.26080322265625
141 44.36881637573242
142 52.984127044677734
143 93.47604370117188
144 79.26080322265625
145 54.70718002319336
146 88.30686950683594
147 74.52238464355469
148 61.599430084228516
149 96.92218017578125
150 90.0299301147461
151 115.44507598876953
152 98.2144775390625
153 44.79958724975586
154 69.35320281982422
155 52.55335998535156
156 80.98385620117188
157 84.86074829101563
158 123.19883728027344
159 126.64496612548828
160 107.2605209350586
161 106.82977294921875
162 75.8146743774414
163 103.38365173339844
164 79.69156646728516
165 91.32222747802734
166 97.35295104980469
167 68.92243194580078
168 62.460968017578125
169 89.59917449951172
170 111.56819152832031
171 165.41383361816406
172 121.47579956054688
173 77.10697937011719
174 67.19937896728516
175 79.26079559326172
176 92.61451721191406
177 50.399532318115234
178 76.67622375488281
179 112.42973327636719
180 132.67568969726563
181 120.18350219726563
182 121.90655517578125
183 83.13768768310547
184 92.6145248413086
185 115.44508361816406
186 147.75245666503906
187 123.19886016845703
188 106.82978057861328
189 99.07601165771484
190 84.42998504638672
191 180.49061584472656
192 96.0606460571289
193 123.6296157836914
194 96.06063842773438
195 119.32196807861328
196 120.18350219726563
197 117.16813659667969
198 103.3836669921875
199 104.24518585205078
200 82.27615356445313
201 90.46070861816406
202 72.36856079101563
203 42.214988708496094
204 60.30713653564453
205 133.96798706054688
206 71.50702667236328
207 129.2295684814453
208 41.353458404541016
209 85.7222671508789
210 43.938053131103516
211 107.26054382324219
212 59.87636184692383
213 88.3068618774414
214 92.18376159667969
215 64.18401336669922
216 72.79932403564453
217 102.09134674072266
218 62.460960388183594
219 83.13768768310547
220 59.01483917236328
221 83.56846618652344
222 40.4919319152832
223 80.9838638305664
224 137.84486389160156
225 81.41462707519531
226 105.53748321533203
227 109.41436767578125
228 75.3839111328125
229 60.30713653564453
230 59.44560241699219
231 72.79932403564453
232 63.75325393676758
233 67.19937133789063
234 49.10723876953125
235 101.22982788085938
236 76.67620849609375
237 80.55309295654297
238 93.90682220458984
239 41.35346603393555
240 66.33784484863281
241 69.78396606445313
242 71.50701904296875
243 49.107234954833984
244 34.030452728271484
245 96.49142456054688
246 161.96774291992188
247 83.99920654296875
248 106.39900970458984
249 112.86048889160156
250 79.69158172607422
251 96.0606460571289
252 100.36830139160156
253 107.26053619384766
254 68.92243194580078
255 88.73762512207031
256 61.599430084228516
257 59.44560623168945
258 59.01484298706055
259 71.50702667236328
260 90.8914566040039
261 100.79905700683594
262 67.19937133789063
263 96.49140930175781
264 78.39927673339844
265 91.32223510742188
266 97.35294342041016
267 38.76887130737305
268 67.63014221191406
269 110.70667266845703
270 87.01458740234375
271 68.06090545654297
272 77.10697174072266
273 87.01457214355469
274 53.414886474609375
275 75.3839111328125
276 65.476318359375
277 45.2303466796875
278 95.62987518310547
279 79.26079559326172
280 98.64523315429688
281 83.56845092773438
282 66.33784484863281
283 81.41462707519531
284 65.476318359375
285 65.9070816040039
286 115.01432037353516
287 108.1220703125
288 56.86101150512695
289 76.24542999267578
290 45.230350494384766
291 78.83004760742188
292 62.03019332885742
293 66.33785247802734
294 46.95341110229492
295 118.02967071533203
296 121.90655517578125
297 71.50701904296875
298 76.67620849609375
299 78.83003234863281
300 96.06065368652344
301 73.66085052490234
302 74.9531478881836
303 60.30713653564453
304 102.52212524414063
305 59.01483917236328
306 66.76860809326172
307 67.19937896728516
308 54.27642059326172
309 59.44560241699219
310 82.27616882324219
311 89.16839599609375
312 76.67621612548828
313 68.92243194580078
314 66.33784484863281
315 32.738155364990234
316 99.07599639892578
317 73.23009490966797
318 81.41461944580078
319 113.7220230102539
320 53.84565353393555
321 57.722537994384766
322 95.19910430908203
323 51.69183349609375
324 62.03019332885742
325 61.16866683959961
326 121.0450439453125
327 86.15304565429688
328 72.79932403564453
329 99.50677490234375
330 83.99922180175781
331 118.89118957519531
332 61.59942626953125
333 40.49193572998047
334 51.26106643676758
335 57.72254180908203
336 105.1067123413086
337 68.4916763305664
338 92.18374633789063
339 85.29151916503906
340 74.09162139892578
341 102.952880859375
342 52.5533561706543
343 91.32222747802734
344 88.73764038085938
345 54.27641677856445
346 155.5062713623047
347 109.84513092041016
348 102.95288848876953
349 125.783447265625
350 99.07600402832031
351 78.83002471923828
352 87.4453353881836
353 74.52238464355469
354 82.2761459350586
355 82.27616119384766
356 94.76834869384766
357 81.41462707519531
358 36.18428039550781
359 59.44560623168945
360 64.18402099609375
361 63.75325393676758
362 52.12259292602539
363 59.87636947631836
364 115.87583923339844
365 84.86074829101563
366 138.70640563964844
367 113.29125213623047
368 55.99948501586914
369 43.50728988647461
370 121.47579956054688
371 117.16813659667969
372 87.4453353881836
373 65.476318359375
374 79.26079559326172
375 86.15303802490234
376 73.23009490966797
377 54.707183837890625
378 67.63013458251953
379 124.49114990234375
380 84.42999267578125
381 81.84539794921875
382 84.86076354980469
383 131.8141632080078
384 139.5679473876953
385 105.96823120117188
386 86.1530532836914
387 150.33705139160156
388 92.18375396728516
389 78.83003997802734
390 79.69157409667969
391 59.87636947631836
392 62.8917236328125
393 96.92217254638672
394 94.33757781982422
395 129.2295684814453
396 51.69182586669922
397 113.29125213623047
398 51.26106262207031
399 42.21499252319336
400 70.21473693847656
401 90.02993774414063
402 52.122596740722656
403 65.04554748535156
404 92.61451721191406
405 43.93805694580078
406 55.13794708251953
407 30.153562545776367
408 91.32221984863281
409 81.41461944580078
410 54.27642059326172
411 44.799583435058594
412 111.56819915771484
413 116.73737335205078
414 64.18402099609375
415 64.18402099609375
416 90.02992248535156
417 112.86048889160156
418 64.18402099609375
419 77.96849822998047
420 93.04529571533203
421 73.66085815429688
422 120.18350219726563
423 85.72228240966797
424 108.98360443115234
425 99.93753051757813
426 116.30661010742188
427 74.52237701416016
428 75.81468963623047
429 34.46121597290039
430 99.93753814697266
431 43.938053131103516
432 68.06089782714844
433 80.98387908935547
434 77.10697937011719
435 69.35319519042969
436 45.66111373901367
437 68.4916763305664
438 56.43023681640625
439 93.90682220458984
440 62.03019332885742
441 92.18375396728516
442 70.21472930908203
443 87.01457214355469
444 110.70665740966797
445 84.42998504638672
446 79.69155883789063
447 98.21446990966797
448 96.06063842773438
449 64.61478424072266
450 80.9838638305664
451 63.75325012207031
452 54.707183837890625
453 122.7680892944336
454 79.26081848144531
455 83.56846618652344
456 73.23008728027344
457 33.59968948364258
458 87.44534301757813
459 43.0765266418457
460 102.95289611816406
461 124.06038665771484
462 103.3836669921875
463 71.50703430175781
464 94.76834869384766
465 77.96851348876953
466 107.26054382324219
467 95.19910430908203
468 49.538002014160156
469 108.5528335571289
470 103.81441497802734
471 91.32222747802734
472 106.82977294921875
473 111.13742065429688
474 142.58328247070313
475 115.44508361816406
476 125.78345489501953
477 143.01406860351563
478 79.69155883789063
479 143.44482421875
480 73.23009490966797
481 102.5221176147461
482 73.66085052490234
483 109.84513092041016
484 118.89120483398438
485 111.56819152832031
486 144.3063507080078
487 129.66033935546875
488 111.99895477294922
489 101.22981262207031
490 72.79933166503906
491 100.3683090209961
492 118.02969360351563
493 143.44482421875
494 94.76834869384766
495 78.83003997802734
496 77.968505859375
497 88.30686950683594
498 88.3068618774414
499 111.56819915771484
500 101.66060638427734
501 86.58381652832031
502 45.66111373901367
503 50.39952850341797
504 47.814945220947266
505 76.67620086669922
506 77.10697174072266
507 79.69157409667969
508 70.64550018310547
509 56.86101150512695
510 85.72227478027344
511 77.53773498535156
512 74.09161376953125
513 108.98360443115234
514 64.61479187011719
515 113.29125213623047
516 76.2454605102539
517 64.61479187011719
518 102.95287322998047
519 62.46096420288086
520 94.33758544921875
521 115.445068359375
522 77.968505859375
523 102.952880859375
524 68.49166870117188
525 87.4453353881836
526 128.36802673339844
527 112.86048889160156
528 96.92218780517578
529 125.3526611328125
530 104.24519348144531
531 104.24518585205078
532 72.79931640625
533 57.291778564453125
534 95.6298828125
535 95.6298828125
536 46.522640228271484
537 28.43050193786621
538 58.584068298339844
539 48.245704650878906
540 29.722797393798828
541 17.661373138427734
542 46.52264404296875
543 89.59916687011719
544 68.4916763305664
545 35.75351333618164
546 49.107242584228516
547 51.69182205200195
548 62.460960388183594
549 69.35319519042969
550 102.952880859375
551 94.76834869384766
552 77.96851348876953
553 83.13768005371094
554 58.15330505371094
555 55.99947738647461
556 70.2147445678711
557 50.830299377441406
558 52.12259292602539
559 63.32249069213867
560 109.41437530517578
561 45.66111373901367
562 86.58380889892578
563 54.70718002319336
564 89.16841125488281
565 93.04529571533203
566 76.24544525146484
567 42.214996337890625
568 60.30713653564453
569 59.014835357666016
570 48.676475524902344
571 31.445859909057617
572 112.86048889160156
573 77.5377426147461
574 79.69156646728516
575 82.70691680908203
576 79.26080322265625
577 104.67594909667969
578 49.10723876953125
579 118.89120483398438
580 59.01483917236328
581 103.3836669921875
582 48.245704650878906
583 88.7376480102539
584 83.1376953125
585 124.92192077636719
586 50.399532318115234
587 155.93701171875
588 93.04529571533203
589 81.41461944580078
590 108.12207794189453
591 115.0143051147461
592 107.69131469726563
593 68.49166870117188
594 116.30661010742188
595 69.78396606445313
596 87.44534301757813
597 60.30712890625
598 83.13768768310547
599 59.44560623168945
600 51.26106262207031
601 62.891727447509766
602 57.722537994384766
603 55.99948501586914
604 99.07599639892578
605 94.33757781982422
606 109.41436767578125
607 102.52213287353516
608 72.79931640625
609 89.59916687011719
610 96.06063842773438
611 73.66085052490234
612 60.30712890625
613 75.81468200683594
614 55.13795471191406
615 97.35293579101563
616 72.36856079101563
617 60.30712890625
618 68.92243957519531
619 74.9531478881836
620 75.81468200683594
621 78.83003997802734
622 90.46070098876953
623 92.6145248413086
624 126.64497375488281
625 64.61478424072266
626 93.04530334472656
627 133.9679718017578
628 78.39927673339844
629 72.36856079101563
630 112.42972564697266
631 79.69156646728516
632 98.21446228027344
633 77.10697174072266
634 101.2298355102539
635 98.64523315429688
636 55.56871795654297
637 96.49141693115234
638 71.93779754638672
639 75.81468200683594
640 44.36882019042969
641 90.02994537353516
642 65.9070816040039
643 66.76860809326172
644 74.09162139892578
645 86.15303802490234
646 67.19937133789063
647 87.8760986328125
648 65.47631072998047
649 99.07600402832031
650 37.04581069946289
651 64.61478424072266
652 99.9375228881836
653 99.50677490234375
654 85.7222900390625
655 79.26079559326172
656 59.014835357666016
657 63.75325393676758
658 70.21473693847656
659 49.107234954833984
660 129.2295684814453
661 54.27641677856445
662 98.2144775390625
663 99.50676727294922
664 28.43050193786621
665 41.78422927856445
666 115.87583923339844
667 68.0609130859375
668 66.33784484863281
669 23.261322021484375
670 126.64498901367188
671 79.69155883789063
672 40.4919319152832
673 74.9531478881836
674 86.1530532836914
675 43.93804931640625
676 95.19910430908203
677 114.58354949951172
678 101.66058349609375
679 97.35295104980469
680 82.70692443847656
681 84.42998504638672
682 50.830299377441406
683 57.72254180908203
684 73.66085052490234
685 78.83003234863281
686 74.09161376953125
687 65.9070816040039
688 73.6608657836914
689 77.968505859375
690 106.82977294921875
691 70.64549255371094
692 55.99947738647461
693 96.92218017578125
694 99.93753051757813
695 74.52238464355469
696 36.61504364013672
697 61.16866683959961
698 72.79932403564453
699 49.107234954833984
700 85.72227478027344
701 75.81468200683594
702 84.86074829101563
703 74.52238464355469
704 40.4919319152832
705 40.4919319152832
706 65.04554748535156
707 95.19911193847656
708 115.44507598876953
709 86.58380889892578
710 102.09136199951172
711 80.5531005859375
712 99.9375228881836
713 94.76834869384766
714 83.5684585571289
715 20.676729202270508
716 73.66085815429688
717 83.56844329833984
718 91.75299072265625
719 75.81468200683594
720 109.84513854980469
721 85.2915267944336
722 90.0299301147461
723 59.87636947631836
724 74.09162139892578
725 95.19911193847656
726 36.18427658081055
727 51.26105880737305
728 115.01431274414063
729 54.27642059326172
730 90.89146423339844
731 53.84565353393555
732 48.67646789550781
733 43.07652282714844
734 79.26080322265625
735 120.6142578125
736 95.19911193847656
737 62.46095275878906
738 40.49192810058594
739 55.1379508972168
740 86.15304565429688
741 46.09187698364258
742 52.12259292602539
743 79.69155883789063
744 52.5533561706543
745 72.36856079101563
746 79.69157409667969
747 82.27616119384766
748 92.6145248413086
749 57.29177474975586
750 114.58354949951172
751 43.93805694580078
752 46.091880798339844
753 54.70718765258789
754 69.35320281982422
755 44.36882019042969
756 66.76860809326172
757 44.799583435058594
758 105.96825408935547
759 52.98412322998047
760 68.92243957519531
761 68.4916763305664
762 75.8146743774414
763 57.72254180908203
764 80.9838638305664
765 83.1376953125
766 41.78422546386719
767 92.18375396728516
768 56.86100769042969
769 70.6455078125
770 65.90707397460938
771 101.66059112548828
772 64.61478424072266
773 97.35293579101563
774 62.46096420288086
775 52.55336380004883
776 78.83003234863281
777 51.26106262207031
778 68.06090545654297
779 94.76836395263672
780 91.75299835205078
781 94.76835632324219
782 59.44559860229492
783 130.95263671875
784 137.84486389160156
785 85.29151153564453
786 141.29098510742188
787 70.21472930908203
788 95.19910430908203
789 121.90655517578125
790 105.53746795654297
791 92.18376159667969
792 126.21421813964844
793 142.15252685546875
794 127.93727111816406
795 95.62987518310547
796 61.59942626953125
797 110.2759017944336
798 115.44507598876953
799 66.33784484863281
800 121.04502868652344
801 75.81468200683594
802 127.07575988769531
803 156.7985382080078
804 144.7371368408203
805 103.38365936279297
806 86.58381652832031
807 161.9677276611328
808 104.24517822265625
809 150.3370819091797
810 98.21446990966797
811 132.2449188232422
812 115.01431274414063
813 67.63014221191406
814 100.36830139160156
815 69.78396606445313
816 92.61453247070313
817 92.61454010009766
818 77.5377426147461
819 118.02967071533203
820 90.460693359375
821 85.72228240966797
822 60.73789978027344
823 108.12207794189453
824 101.66060638427734
825 96.92218017578125
826 112.42972564697266
827 126.21421813964844
828 102.5221176147461
829 113.29124450683594
830 94.76834869384766
831 113.29126739501953
832 144.30636596679688
833 134.82949829101563
834 130.95262145996094
835 149.47552490234375
836 89.59916687011719
837 132.24493408203125
838 108.98359680175781
839 142.15252685546875
840 195.1366424560547
841 116.3066177368164
842 167.9984588623047
843 118.46044921875
844 109.84513854980469
845 124.06038665771484
846 63.322486877441406
847 103.81440734863281
848 111.99895477294922
849 87.01457214355469
850 87.44534301757813
851 92.61453247070313
852 65.0455551147461
853 85.72227478027344
854 65.47632598876953
855 75.3839111328125
856 107.26053619384766
857 91.32221984863281
858 123.19883728027344
859 92.61450958251953
860 130.95262145996094
861 80.55309295654297
862 113.291259765625
863 144.73712158203125
864 123.62963104248047
865 166.7061309814453
866 108.98360443115234
867 135.26028442382813
868 70.21473693847656
869 120.61426544189453
870 118.02967071533203
871 96.0606460571289
872 85.7222900390625
873 68.92244720458984
874 113.29125213623047
875 78.83003234863281
876 78.39927673339844
877 59.01484298706055
878 44.36881637573242
879 35.753517150878906
880 90.0299301147461
881 55.99947738647461
882 74.09162139892578
883 82.27616119384766
884 71.50702667236328
885 84.42997741699219
886 65.90707397460938
887 79.26079559326172
888 69.78396606445313
889 99.50675964355469
890 68.06090545654297
891 66.76860046386719
892 72.79932403564453
893 56.43024444580078
894 81.41463470458984
895 72.79931640625
896 85.72227478027344
897 52.98412322998047
898 59.014835357666016
899 124.49114990234375
900 49.96876525878906
901 70.21472930908203
902 95.6298828125
903 72.79932403564453
904 76.67620849609375
905 60.307132720947266
906 57.29177474975586
907 71.50703430175781
908 59.87636947631836
909 98.21446990966797
910 133.96798706054688
911 103.81439971923828
912 91.32222747802734
913 107.26054382324219
914 86.15304565429688
915 114.58355712890625
916 96.92218017578125
917 113.72201538085938
918 124.49114227294922
919 125.35267639160156
920 138.7064208984375
921 100.79906463623047
922 143.44480895996094
923 101.22981262207031
924 194.70590209960938
925 128.36802673339844
926 163.260009765625
927 95.1991195678711
928 144.30633544921875
929 80.55309295654297
930 124.49115753173828
931 171.87533569335938
932 55.56871795654297
933 78.39928436279297
934 105.53746795654297
935 90.89146423339844
936 66.76860809326172
937 88.73764038085938
938 50.39952850341797
939 68.06089782714844
940 67.63014221191406
941 60.307132720947266
942 65.47631072998047
943 100.79905700683594
944 149.9062957763672
945 80.5531005859375
946 172.73687744140625
947 112.42971801757813
948 108.12207794189453
949 71.07626342773438
950 139.13719177246094
951 163.25999450683594
952 68.4916763305664
953 168.42921447753906
954 122.33731079101563
955 157.2292938232422
956 149.47552490234375
957 72.3685531616211
958 77.10697937011719
959 120.61426544189453
960 105.10671997070313
961 107.26054382324219
962 70.64550018310547
963 66.76861572265625
964 76.67621612548828
965 91.75299072265625
966 137.4141082763672
967 59.01483917236328
968 79.69157409667969
969 104.67594909667969
970 71.0762710571289
971 78.83003997802734
972 94.33758544921875
973 148.1832275390625
974 126.21420288085938
975 120.61426544189453
976 105.10671997070313
977 77.968505859375
978 103.38365173339844
979 139.5679473876953
980 90.8914794921875
981 65.90707397460938
982 95.1991195678711
983 102.09135437011719
984 128.79879760742188
985 60.307132720947266
986 72.3685531616211
987 87.01457214355469
988 125.78343963623047
989 90.89146423339844
990 81.84539031982422
991 77.96851348876953
992 61.59942626953125
993 70.21473693847656
994 87.8760986328125
995 69.35320281982422
996 113.29126739501953
997 102.5221176147461
998 72.79932403564453
999 66.76860809326172
1000 72.36856079101563
1001 51.69183349609375
1002 51.69183349609375
