# Selection 1:name C1A D2A C3A C4A C1B C2B C3B C4B Selection 2:name AUC AUSL AUL Cutoff:8 Start:0 End:-1
0 0
1 0
2 29
3 23
4 24
5 26
6 25
7 16
8 18
9 21
10 19
11 19
12 31
13 18
14 37
15 17
16 20
17 21
18 22
19 20
20 20
21 16
22 31
23 21
24 25
25 19
26 18
27 21
28 18
29 19
30 14
31 26
32 19
33 22
34 32
35 21
36 24
37 21
38 19
39 20
40 24
41 29
42 21
43 25
44 26
45 32
46 15
47 20
48 32
49 26
50 18
51 22
52 26
53 29
54 23
55 21
56 25
57 20
58 30
59 19
60 17
61 18
62 21
63 23
64 21
65 16
66 18
67 22
68 17
69 25
70 23
71 22
72 20
73 25
74 17
75 14
76 21
77 22
78 26
79 29
80 15
81 25
82 19
83 21
84 20
85 24
86 27
87 23
88 27
89 24
90 24
91 28
92 20
93 22
94 26
95 27
96 28
97 26
98 30
99 31
100 19
101 28
102 28
103 22
104 29
105 28
106 29
107 32
108 27
109 28
110 31
111 21
112 22
113 21
114 22
115 15
116 22
117 20
118 21
119 20
120 21
121 24
122 24
123 29
124 23
125 24
126 16
127 27
128 26
129 29
130 25
131 29
132 26
133 27
134 24
135 24
136 16
137 25
138 26
139 23
140 23
141 18
142 27
143 30
144 20
145 20
146 24
147 24
148 19
149 31
150 25
151 32
152 29
153 22
154 26
155 20
156 23
157 23
158 30
159 26
160 23
161 33
162 24
163 26
164 28
165 24
166 33
167 22
168 24
169 23
170 26
171 31
172 32
173 25
174 25
175 23
176 16
177 24
178 25
179 28
180 33
181 30
182 29
183 22
184 25
185 23
186 34
187 28
188 26
189 20
190 25
191 28
192 24
193 27
194 27
195 30
196 26
197 26
198 29
199 23
200 24
201 29
202 32
203 22
204 24
205 32
206 24
207 27
208 14
209 30
210 20
211 31
212 28
213 24
214 24
215 18
216 28
217 31
218 25
219 27
220 23
221 21
222 17
223 30
224 27
225 21
226 26
227 23
228 23
229 23
230 25
231 28
232 18
233 19
234 18
235 25
236 28
237 15
238 25
239 26
240 17
241 25
242 20
243 22
244 20
245 24
246 27
247 25
248 23
249 26
250 22
251 25
252 24
253 30
254 25
255 24
256 25
257 24
258 23
259 19
260 26
261 28
262 19
263 21
264 28
265 22
266 30
267 18
268 25
269 25
270 23
271 23
272 20
273 20
274 26
275 21
276 23
277 17
278 26
279 20
280 29
281 30
282 28
283 27
284 28
285 21
286 21
287 29
288 25
289 23
290 18
291 21
292 25
293 27
294 20
295 29
296 28
297 28
298 23
299 27
300 32
301 28
302 28
303 21
304 33
305 24
306 24
307 23
308 26
309 17
310 25
311 22
312 27
313 23
314 16
315 20
316 32
317 24
318 24
319 29
320 20
321 25
322 25
323 24
324 19
325 30
326 33
327 21
328 25
329 24
330 34
331 29
332 23
333 17
334 20
335 25
336 26
337 24
338 18
339 26
340 27
341 21
342 23
343 27
344 21
345 17
346 33
347 22
348 25
349 28
350 30
351 20
352 23
353 27
354 28
355 24
356 28
357 26
358 22
359 19
360 33
361 22
362 21
363 22
364 34
365 26
366 32
367 28
368 23
369 15
370 34
371 29
372 27
373 18
374 21
375 25
376 25
377 25
378 27
379 31
380 30
381 25
382 27
383 28
384 24
385 28
386 26
387 27
388 28
389 18
390 22
391 26
392 20
393 24
394 31
395 29
396 23
397 24
398 26
399 23
400 21
401 30
402 23
403 21
404 31
405 25
406 20
407 14
408 20
409 22
410 25
411 29
412 27
413 27
414 28
415 28
416 30
417 23
418 23
419 22
420 31
421 23
422 32
423 29
424 27
425 28
426 31
427 20
428 31
429 21
430 25
431 20
432 24
433 22
434 28
435 20
436 17
437 20
438 21
439 33
440 24
441 26
442 26
443 27
444 26
445 28
446 28
447 25
448 21
449 20
450 28
451 24
452 25
453 29
454 21
455 25
456 18
457 20
458 29
459 17
460 31
461 28
462 23
463 28
464 22
465 26
466 26
467 27
468 22
469 27
470 23
471 16
472 30
473 29
474 26
475 29
476 27
477 30
478 27
479 21
480 21
481 31
482 25
483 29
484 28
485 28
486 30
487 27
488 28
489 28
490 21
491 24
492 24
493 27
494 27
495 23
496 27
497 27
498 27
499 25
500 26
501 19
502 19
503 26
504 15
505 24
506 19
507 22
508 25
509 22
510 21
511 21
512 21
513 25
514 22
515 27
516 24
517 19
518 23
519 26
520 28
521 32
522 27
523 28
524 30
525 20
526 29
527 26
528 28
529 20
530 25
531 29
532 23
533 21
534 25
535 27
536 24
537 15
538 20
539 24
540 16
541 16
542 17
543 26
544 23
545 18
546 25
547 25
548 23
549 20
550 25
551 25
552 21
553 21
554 22
555 27
556 28
557 21
558 21
559 23
560 30
561 21
562 24
563 22
564 29
565 31
566 26
567 20
568 26
569 22
570 21
571 23
572 22
573 21
574 24
575 26
576 25
577 27
578 22
579 23
580 27
581 27
582 23
583 28
584 26
585 30
586 19
587 25
588 25
589 29
590 27
591 28
592 24
593 20
594 31
595 21
596 22
597 20
598 25
599 20
600 21
601 27
602 21
603 21
604 22
605 22
606 15
607 26
608 19
609 28
610 24
611 20
612 25
613 27
614 19
615 28
616 24
617 23
618 23
619 17
620 21
621 22
622 28
623 28
624 28
625 29
626 26
627 30
628 25
629 27
630 24
631 26
632 26
633 21
634 25
635 29
636 21
637 29
638 26
639 29
640 17
641 23
642 21
643 19
644 23
645 23
646 24
647 31
648 24
649 22
650 12
651 21
652 25
653 17
654 19
655 21
656 25
657 23
658 27
659 22
660 31
661 28
662 22
663 24
664 22
665 14
666 25
667 22
668 26
669 16
670 29
671 18
672 20
673 28
674 29
675 22
676 25
677 18
678 22
679 28
680 26
681 19
682 17
683 22
684 22
685 22
686 21
687 26
688 23
689 26
690 28
691 18
692 19
693 21
694 24
695 27
696 21
697 27
698 23
699 25
700 23
701 28
702 26
703 20
704 15
705 21
706 20
707 23
708 23
709 21
710 28
711 28
712 27
713 27
714 24
715 24
716 24
717 27
718 35
719 22
720 31
721 26
722 29
723 23
724 24
725 26
726 14
727 19
728 23
729 19
730 28
731 23
732 27
733 19
734 21
735 33
736 22
737 20
738 22
739 29
740 27
741 19
742 23
743 30
744 25
745 25
746 27
747 27
748 30
749 21
750 24
751 22
752 20
753 19
754 24
755 22
756 24
757 22
758 24
759 23
760 23
761 19
762 27
763 21
764 24
765 18
766 17
767 25
768 25
769 27
770 16
771 22
772 22
773 20
774 23
775 16
776 16
777 17
778 26
779 28
780 18
781 26
782 18
783 29
784 30
785 23
786 25
787 19
788 21
789 31
790 26
791 26
792 27
793 28
794 23
795 27
796 26
797 19
798 23
799 20
800 24
801 21
802 25
803 24
804 25
805 24
806 27
807 29
808 30
809 28
810 31
811 28
812 24
813 27
814 22
815 28
816 31
817 21
818 23
819 29
820 24
821 26
822 24
823 26
824 35
825 28
826 31
827 28
828 20
829 31
830 23
831 24
832 25
833 24
834 24
835 27
836 23
837 25
838 25
839 22
840 32
841 30
842 25
843 34
844 30
845 27
846 28
847 30
848 30
849 24
850 21
851 24
852 17
853 26
854 24
855 26
856 24
857 25
858 24
859 29
860 27
861 21
862 26
863 28
864 30
865 25
866 23
867 28
868 14
869 24
870 29
871 23
872 26
873 25
874 29
875 24
876 22
877 21
878 21
879 18
880 23
881 17
882 16
883 24
884 28
885 25
886 23
887 22
888 24
889 21
890 23
891 23
892 27
893 26
894 20
895 22
896 26
897 19
898 22
899 26
900 25
901 25
902 28
903 21
904 24
905 21
906 19
907 19
908 26
909 28
910 28
911 31
912 24
913 27
914 32
915 34
916 29
917 27
918 26
919 29
920 24
921 23
922 29
923 30
924 34
925 27
926 27
927 25
928 30
929 23
930 24
931 29
932 21
933 31
934 30
935 21
936 21
937 26
938 18
939 32
940 27
941 19
942 26
943 24
944 29
945 22
946 32
947 28
948 31
949 22
950 26
951 29
952 25
953 29
954 26
955 28
956 25
957 27
958 22
959 26
960 22
961 30
962 26
963 25
964 31
965 22
966 26
967 27
968 26
969 27
970 18
971 26
972 30
973 27
974 20
975 24
976 24
977 22
978 22
979 29
980 22
981 23
982 21
983 29
984 29
985 28
986 23
987 20
988 29
989 28
990 28
991 22
992 27
993 28
994 26
995 20
996 27
997 30
998 22
999 24
1000 31
1001 22
1002 22
