# Selection:resname AU W ION Restricted:name AUC AUL AUSL Radius:2.64 Start:0 End:-1
0 326.9507751464844
1 328.673828125
2 73.66085052490234
3 71.93779754638672
4 69.78396606445313
5 64.61478424072266
6 75.3839111328125
7 47.38417434692383
8 71.50701904296875
9 91.32222747802734
10 85.72228240966797
11 107.6913070678711
12 73.23008728027344
13 71.50702667236328
14 104.24517822265625
15 45.230350494384766
16 77.10697174072266
17 69.78396606445313
18 55.56871795654297
19 44.36882019042969
20 34.8919792175293
21 68.0609130859375
22 70.64550018310547
23 90.460693359375
24 88.73762512207031
25 86.58381652832031
26 71.07626342773438
27 73.23009490966797
28 129.6603240966797
29 62.46095657348633
30 74.09162902832031
31 158.52159118652344
32 74.9531478881836
33 155.5062255859375
34 36.18427658081055
35 36.61504364013672
36 122.76809692382813
37 100.36830139160156
38 106.82977294921875
39 101.66059112548828
40 75.8146743774414
41 119.32196807861328
42 92.6145248413086
43 60.307132720947266
44 60.307132720947266
45 86.15304565429688
46 112.42972564697266
47 137.84487915039063
48 70.64550018310547
49 121.47579956054688
50 86.58380126953125
51 165.84461975097656
52 153.35240173339844
53 92.61451721191406
54 132.24493408203125
55 140.4294891357422
56 147.32168579101563
57 73.23009490966797
58 99.93753051757813
59 117.59889221191406
60 134.82952880859375
61 77.968505859375
62 91.32222747802734
63 69.78396606445313
64 122.33731842041016
65 95.62987518310547
66 128.36802673339844
67 183.93673706054688
68 141.29100036621094
69 232.61322021484375
70 160.24465942382813
71 161.9677276611328
72 170.58302307128906
73 176.1829833984375
74 149.90628051757813
75 105.5374984741211
76 83.1376724243164
77 114.15278625488281
78 149.9062957763672
79 118.89119720458984
80 167.99842834472656
81 143.01405334472656
82 131.8141632080078
83 208.49037170410156
84 138.70640563964844
85 130.52186584472656
86 125.35269165039063
87 61.16865921020508
88 49.53799819946289
89 73.23009490966797
90 83.99922180175781
91 95.19912719726563
92 110.7066650390625
93 110.70667266845703
94 114.15278625488281
95 124.06039428710938
96 127.50650024414063
97 82.7069320678711
98 112.42972564697266
99 116.73737335205078
100 84.86075592041016
101 93.90681457519531
102 60.73789978027344
103 65.90708923339844
104 148.614013671875
105 140.86024475097656
106 115.01431274414063
107 74.09162139892578
108 105.10671997070313
109 170.1522674560547
110 74.95315551757813
111 136.55255126953125
112 115.01431274414063
113 103.81441497802734
114 88.73764038085938
115 67.63014221191406
116 68.4916763305664
117 72.3685531616211
118 127.50650024414063
119 117.16814422607422
120 150.33706665039063
121 68.92243194580078
122 133.10646057128906
123 155.07550048828125
124 99.50679016113281
125 77.968505859375
126 102.09135437011719
127 79.26081085205078
128 133.96798706054688
129 90.8914566040039
130 100.79906463623047
131 125.35266876220703
132 129.66033935546875
133 136.5525665283203
134 111.56819915771484
135 118.02967071533203
136 134.39877319335938
137 180.0598602294922
138 167.1368865966797
139 132.67568969726563
140 105.10671997070313
141 102.95288848876953
142 78.83003997802734
143 80.1223373413086
144 121.0450210571289
145 65.9070816040039
146 88.73764038085938
147 123.19884490966797
148 42.645755767822266
149 122.33731842041016
150 116.30661010742188
151 114.15278625488281
152 122.33731079101563
153 83.99920654296875
154 106.82976531982422
155 66.33784484863281
156 97.78370666503906
157 64.18402099609375
158 96.0606460571289
159 109.41438293457031
160 158.0908203125
161 99.9375228881836
162 43.507286071777344
163 204.18272399902344
164 153.78318786621094
165 111.56819152832031
166 113.29125213623047
167 96.49140930175781
168 79.26080322265625
169 39.63039779663086
170 86.58380889892578
171 87.01457214355469
172 91.32222747802734
173 55.5687141418457
174 82.70692443847656
175 86.58380889892578
176 93.4760513305664
177 105.9682388305664
178 95.19910430908203
179 78.83003997802734
180 91.32222747802734
181 65.0455551147461
182 92.18375396728516
183 110.27590942382813
184 90.02993774414063
185 87.44532775878906
186 88.30687713623047
187 108.98360443115234
188 62.46096420288086
189 123.6296157836914
190 90.460693359375
191 102.5221176147461
192 74.09162139892578
193 57.29178237915039
194 105.5374984741211
195 83.99921417236328
196 62.46095275878906
197 94.33757781982422
198 88.73763275146484
199 83.1376953125
200 119.32197570800781
201 113.7220230102539
202 122.33732604980469
203 112.4297103881836
204 108.12206268310547
205 61.16866683959961
206 122.33733367919922
207 157.22930908203125
208 131.3833770751953
209 106.82978057861328
210 127.50652313232422
211 132.24493408203125
212 127.07574462890625
213 130.0911102294922
214 130.95262145996094
215 131.3833770751953
216 182.6444549560547
217 143.87559509277344
218 153.78318786621094
219 184.36753845214844
220 193.41357421875
221 151.19859313964844
222 102.5221176147461
223 116.73737335205078
224 132.2449188232422
225 130.09109497070313
226 146.46018981933594
227 125.35267639160156
228 119.75273895263672
229 102.52210998535156
230 156.36778259277344
231 173.16763305664063
232 146.8909454345703
233 130.95262145996094
234 165.41383361816406
235 147.7524871826172
236 146.89093017578125
237 86.58381652832031
238 149.47552490234375
239 99.50675201416016
240 84.42997741699219
241 143.87557983398438
242 128.79879760742188
243 77.10697937011719
244 99.07599639892578
245 90.89147186279297
246 90.8914566040039
247 156.79856872558594
248 111.13742065429688
249 112.42972564697266
250 162.82923889160156
251 99.07601165771484
252 132.67568969726563
253 82.27616119384766
254 145.59864807128906
255 168.42921447753906
256 124.06039428710938
257 87.01457977294922
258 165.41383361816406
259 152.49087524414063
260 192.1212921142578
261 118.0296630859375
262 87.87610626220703
263 102.95288848876953
264 242.0900421142578
265 130.0911102294922
266 81.41462707519531
267 131.38340759277344
268 123.19886016845703
269 96.06065368652344
270 179.19834899902344
271 121.90656280517578
272 179.6291046142578
273 102.5221176147461
274 134.3987579345703
275 150.33706665039063
276 109.84513092041016
277 119.32196044921875
278 124.49115753173828
279 103.8144302368164
280 105.1067123413086
281 186.52134704589844
282 104.67595672607422
283 93.04528045654297
284 93.47605895996094
285 152.92164611816406
286 121.04502868652344
287 172.3060760498047
288 128.3680419921875
289 76.67621612548828
290 152.92166137695313
291 154.21395874023438
292 200.736572265625
293 127.93727111816406
294 69.7839584350586
295 62.03019714355469
296 153.3524169921875
297 86.15304565429688
298 56.43024444580078
299 28.86126708984375
300 67.19937133789063
301 56.430240631103516
302 109.84513854980469
303 59.01483917236328
304 95.19911193847656
305 152.4908905029297
306 128.79879760742188
307 56.86100769042969
308 38.76887130737305
309 115.44508361816406
310 117.5988998413086
311 31.876625061035156
312 106.39900970458984
313 112.42972564697266
314 86.58380889892578
315 67.19937896728516
316 58.15330505371094
317 90.8914566040039
318 81.41463470458984
319 48.24570846557617
320 111.56819152832031
321 84.86076354980469
322 104.67594146728516
323 102.95288848876953
324 127.93727111816406
325 55.999488830566406
326 84.8607406616211
327 92.61454010009766
328 71.93779754638672
329 76.24545288085938
330 104.67595672607422
331 117.16814422607422
332 72.79931640625
333 100.79906463623047
334 71.07626342773438
335 99.50676727294922
336 80.12232208251953
337 76.67620849609375
338 104.24518585205078
339 87.8761215209961
340 107.6913070678711
341 182.21368408203125
342 134.8295135498047
343 71.93779754638672
344 127.93726348876953
345 108.98360443115234
346 93.0452880859375
347 90.89146423339844
348 92.6145248413086
349 57.72254180908203
350 143.44482421875
351 97.3529281616211
352 136.12179565429688
353 119.32196807861328
354 149.9062957763672
355 125.78345489501953
356 130.52186584472656
357 172.3061065673828
358 165.84461975097656
359 134.8295135498047
360 117.16815185546875
361 151.19859313964844
362 178.33680725097656
363 185.65982055664063
364 95.1991195678711
365 215.3826446533203
366 105.10671997070313
367 130.52186584472656
368 176.61373901367188
369 220.55177307128906
370 204.18270874023438
371 244.67466735839844
372 129.66033935546875
373 104.67594909667969
374 61.59943389892578
375 65.04554748535156
376 118.0296859741211
377 107.69131469726563
378 74.95315551757813
379 86.58382415771484
380 96.92217254638672
381 102.52212524414063
382 77.10697174072266
383 115.8758316040039
384 70.21472930908203
385 89.59916687011719
386 61.599422454833984
387 130.95262145996094
388 49.538002014160156
389 53.41489028930664
390 75.81468200683594
391 88.30686950683594
392 106.39901733398438
393 61.16866683959961
394 64.61479187011719
395 121.04502868652344
396 87.44535064697266
397 106.82977294921875
398 86.58382415771484
399 55.999488830566406
400 89.59916687011719
401 78.83003997802734
402 77.53773498535156
403 43.07652282714844
404 100.36829376220703
405 68.4916763305664
406 66.76860809326172
407 80.9838638305664
408 55.99948501586914
409 76.24543762207031
410 110.27589416503906
411 42.214996337890625
412 139.1371612548828
413 58.15330505371094
414 53.84565734863281
415 42.645755767822266
416 80.5531005859375
417 107.26053619384766
418 124.92192077636719
419 147.32171630859375
420 112.42973327636719
421 111.56819915771484
422 144.3063507080078
423 104.24519348144531
424 72.79932403564453
425 32.30739212036133
426 110.27589416503906
427 80.5531005859375
428 77.96851348876953
429 130.95263671875
430 111.56819915771484
431 45.230350494384766
432 71.50702667236328
433 99.93753051757813
434 68.06089782714844
435 120.6142578125
436 73.23009490966797
437 102.952880859375
438 112.86048889160156
439 83.99921417236328
440 75.3839111328125
441 75.38391876220703
442 94.76834869384766
443 97.35292053222656
444 113.291259765625
445 114.58355712890625
446 58.584075927734375
447 82.27615356445313
448 72.36856842041016
449 170.15228271484375
450 65.90708923339844
451 151.1986083984375
452 54.707183837890625
453 56.43025207519531
454 83.56846618652344
455 93.4760513305664
456 114.15278625488281
457 43.93805694580078
458 97.35295104980469
459 78.3992691040039
460 69.35319519042969
461 87.8760986328125
462 150.33706665039063
463 110.70665740966797
464 109.41438293457031
465 101.22984313964844
466 122.76808166503906
467 127.93726348876953
468 168.42919921875
469 162.8292694091797
470 85.72228240966797
471 138.70640563964844
472 99.07600402832031
473 83.1376953125
474 130.09109497070313
475 180.92137145996094
476 150.76783752441406
477 118.02965545654297
478 115.01431274414063
479 162.82925415039063
480 75.81468200683594
481 69.35319519042969
482 86.15303802490234
483 79.69156646728516
484 73.23009490966797
485 100.79905700683594
486 45.230350494384766
487 59.876373291015625
488 107.26052856445313
489 119.32196044921875
490 155.93702697753906
491 66.76861572265625
492 113.291259765625
493 98.2144775390625
494 48.24571228027344
495 120.18350219726563
496 52.98412322998047
497 77.5377426147461
498 37.045806884765625
499 79.69157409667969
500 78.83002471923828
501 52.122596740722656
502 126.64498138427734
503 28.430503845214844
504 86.15304565429688
505 106.82978820800781
506 111.99896240234375
507 74.09162139892578
508 39.630401611328125
509 174.02914428710938
510 121.90655517578125
511 112.42973327636719
512 113.29125213623047
513 123.19886016845703
514 62.460968017578125
515 94.33758544921875
516 104.67594146728516
517 107.26054382324219
518 145.1678924560547
519 161.10618591308594
520 84.86075592041016
521 109.84513854980469
522 133.5372314453125
523 147.75247192382813
524 127.07573699951172
525 180.49063110351563
526 138.275634765625
527 110.7066650390625
528 112.42972564697266
529 141.72178649902344
530 136.55259704589844
531 170.58302307128906
532 102.09136199951172
533 80.12232971191406
534 75.8146743774414
535 66.33785247802734
536 149.90628051757813
537 93.47605895996094
538 116.73738861083984
539 104.24519348144531
540 99.07600402832031
541 99.07600402832031
542 99.50675964355469
543 49.538002014160156
544 92.61453247070313
545 90.46070098876953
546 112.86048126220703
547 145.5986328125
548 105.1067123413086
549 44.36881637573242
550 83.99922943115234
551 153.783203125
552 98.64523315429688
553 100.3682861328125
554 89.16841125488281
555 138.7064208984375
556 87.44532775878906
557 94.76834869384766
558 80.98384857177734
559 102.95288848876953
560 89.59915924072266
561 108.12206268310547
562 117.59890747070313
563 189.10592651367188
564 154.64471435546875
565 81.41462707519531
566 71.93779754638672
567 82.2761459350586
568 101.66060638427734
569 83.5684585571289
570 74.09162902832031
571 129.2295684814453
572 134.3987579345703
573 59.87637710571289
574 150.33706665039063
575 83.1376953125
576 95.62989044189453
577 108.55282592773438
578 52.5533561706543
579 112.8604736328125
580 137.84486389160156
581 97.78370666503906
582 123.19884490966797
583 87.87608337402344
584 124.49114990234375
585 38.76887130737305
586 106.39901733398438
587 44.36882019042969
588 88.73764038085938
589 120.61426544189453
590 89.16840362548828
591 64.61479187011719
592 67.19937896728516
593 113.29124450683594
594 121.4758071899414
595 117.16813659667969
596 57.291778564453125
597 74.95315551757813
598 124.92192840576172
599 84.42996978759766
600 73.66085815429688
601 77.5377426147461
602 55.13795852661133
603 63.75325012207031
604 28.430503845214844
605 119.32197570800781
606 102.95289611816406
607 137.4141082763672
608 60.73789596557617
609 94.33757781982422
610 82.70692443847656
611 63.753257751464844
612 107.26053619384766
613 80.12232971191406
614 127.50650787353516
615 68.06090545654297
616 39.63040542602539
617 50.399532318115234
618 85.7222900390625
619 59.014835357666016
620 81.41463470458984
621 48.24571228027344
622 116.73736572265625
623 83.99922180175781
624 109.41436767578125
625 175.32147216796875
626 99.50675964355469
627 136.9833526611328
628 107.69129943847656
629 38.33810806274414
630 82.70692443847656
631 68.4916763305664
632 43.0765266418457
633 72.79932403564453
634 162.3984832763672
635 88.30686950683594
636 95.62989044189453
637 36.18427658081055
638 105.5374755859375
639 81.84539031982422
640 149.90631103515625
641 81.41462707519531
642 48.67647171020508
643 82.27616882324219
644 80.9838638305664
645 29.29203224182129
646 93.04529571533203
647 111.1374282836914
648 64.18402099609375
649 52.984127044677734
650 31.876628875732422
651 40.06116485595703
652 66.33785247802734
653 121.90656280517578
654 104.67594909667969
655 70.21473693847656
656 113.72201538085938
657 162.3984832763672
658 100.36829376220703
659 153.783203125
660 111.56819152832031
661 161.106201171875
662 63.3224983215332
663 125.78343200683594
664 116.73735046386719
665 70.21472930908203
666 29.72279930114746
667 90.460693359375
668 66.76861572265625
669 83.13768005371094
670 88.30686950683594
671 75.81468963623047
672 84.42998504638672
673 106.82978057861328
674 108.12208557128906
675 68.49166870117188
676 78.3992691040039
677 117.59890747070313
678 118.8912124633789
679 37.90734100341797
680 53.84565353393555
681 151.1986083984375
682 51.261070251464844
683 105.53746795654297
684 143.01405334472656
685 91.75298309326172
686 77.10697937011719
687 124.06038665771484
688 90.460693359375
689 113.29126739501953
690 120.1834945678711
691 31.876625061035156
692 38.33810806274414
693 112.42971801757813
694 104.67595672607422
695 95.19910430908203
696 87.01457214355469
697 145.16786193847656
698 108.98358917236328
699 40.92269515991211
700 124.06038665771484
701 72.79932403564453
702 78.83003997802734
703 84.86075592041016
704 23.69208526611328
705 114.15278625488281
706 150.33706665039063
707 70.21472930908203
708 87.44535064697266
709 41.35346221923828
710 80.1223373413086
711 68.92243957519531
712 89.16839599609375
713 68.06090545654297
714 71.50702667236328
715 110.70664978027344
716 162.82925415039063
717 80.9838638305664
718 77.10697937011719
719 145.16787719726563
720 72.36856842041016
721 102.09135437011719
722 62.46095657348633
723 33.16891860961914
724 75.81468200683594
725 106.82978057861328
726 68.49166870117188
727 135.26026916503906
728 108.55284118652344
729 52.12259292602539
730 31.015092849731445
731 37.4765739440918
732 123.1988525390625
733 115.01434326171875
734 118.02967071533203
735 68.92244720458984
736 95.19911193847656
737 93.0452880859375
738 71.07626342773438
739 116.30661010742188
740 140.86024475097656
741 77.10697937011719
742 106.82978820800781
743 126.21420288085938
744 91.75299835205078
745 87.8760986328125
746 94.33757019042969
747 87.8761215209961
748 164.55230712890625
749 133.96800231933594
750 142.15252685546875
751 122.33733367919922
752 154.64471435546875
753 180.92140197753906
754 82.70691680908203
755 146.46017456054688
756 117.16814422607422
757 131.38339233398438
758 104.67594909667969
759 60.307132720947266
760 89.59915924072266
761 108.1220703125
762 60.307132720947266
763 83.1376953125
764 87.01457214355469
765 111.1374282836914
766 118.02967071533203
767 33.59968566894531
768 62.030189514160156
769 98.21446228027344
770 85.29151153564453
771 96.49139404296875
772 86.15304565429688
773 97.35294342041016
774 120.61426544189453
775 96.06063842773438
776 144.7371063232422
777 59.44559860229492
778 80.1223373413086
779 94.76834869384766
780 83.1376953125
781 92.18376159667969
782 122.76810455322266
783 160.2446746826172
784 108.55284118652344
785 119.75273895263672
786 113.72200012207031
787 120.6142578125
788 80.1223373413086
789 99.93753814697266
790 140.8602294921875
791 89.16840362548828
792 149.4755401611328
793 40.06116485595703
794 93.90681457519531
795 80.5531005859375
796 92.18375396728516
797 72.36856079101563
798 67.19937133789063
799 105.96824645996094
800 133.5372314453125
801 101.66059112548828
802 57.291778564453125
803 74.52238464355469
804 52.55335998535156
805 84.86074829101563
806 82.27616119384766
807 56.86101150512695
808 134.8295135498047
809 103.38365173339844
810 140.86021423339844
811 43.07652282714844
812 58.584075927734375
813 84.86074829101563
814 199.44427490234375
815 141.29100036621094
816 144.3063507080078
817 122.33733367919922
818 119.32196044921875
819 105.53748321533203
820 90.46070861816406
821 80.1223373413086
822 161.53697204589844
823 99.07600402832031
824 137.41409301757813
825 114.15277099609375
826 55.56871795654297
827 58.15330505371094
828 111.56819915771484
829 150.33706665039063
830 103.38365936279297
831 159.8139190673828
832 59.01483917236328
833 86.58380889892578
834 81.41463470458984
835 93.47605895996094
836 199.4442901611328
837 55.999481201171875
838 136.55258178710938
839 138.27565002441406
840 118.89119720458984
841 85.29151916503906
842 155.50624084472656
843 58.15330505371094
844 98.64523315429688
845 94.33758544921875
846 88.73764038085938
847 82.27615356445313
848 55.99948501586914
849 97.35294342041016
850 79.26080322265625
851 112.42973327636719
852 124.49114990234375
853 114.58354187011719
854 104.67595672607422
855 129.6603240966797
856 144.73712158203125
857 100.79906463623047
858 102.09136199951172
859 100.36830139160156
860 91.75299835205078
861 103.3836441040039
862 87.87611389160156
863 135.26026916503906
864 131.38339233398438
865 142.1525115966797
866 84.42998504638672
867 105.53749084472656
868 70.6455078125
869 90.89146423339844
870 79.69156646728516
871 65.04554748535156
872 96.06065368652344
873 118.46043395996094
874 170.58302307128906
875 77.5377426147461
876 136.12179565429688
877 144.3063507080078
878 95.19910430908203
879 80.98385620117188
880 91.75299835205078
881 115.44507598876953
882 137.41409301757813
883 128.3680419921875
884 81.41462707519531
885 152.92164611816406
886 174.02914428710938
887 100.799072265625
888 182.21371459960938
889 165.84461975097656
890 119.32196807861328
891 156.36776733398438
892 171.01380920410156
893 167.13693237304688
894 160.67544555664063
895 109.84512329101563
896 140.8602294921875
897 152.92164611816406
898 213.65953063964844
899 129.2295684814453
900 124.92191314697266
901 175.75221252441406
902 146.02940368652344
903 121.47577667236328
904 103.81441497802734
905 123.6296157836914
906 140.429443359375
907 96.06063079833984
908 160.24465942382813
909 176.6137237548828
910 92.61451721191406
911 65.04554748535156
912 81.41461944580078
913 89.16840362548828
914 152.92164611816406
915 85.72227478027344
916 84.42997741699219
917 89.16839599609375
918 88.73764038085938
919 113.29124450683594
920 126.64498901367188
921 72.36856079101563
922 118.02967071533203
923 57.72254180908203
924 91.32223510742188
925 133.96800231933594
926 128.79879760742188
927 186.52133178710938
928 127.93727111816406
929 122.33732604980469
930 121.90656280517578
931 140.8602294921875
932 119.32197570800781
933 157.66009521484375
934 103.81442260742188
935 97.35295104980469
936 120.18350219726563
937 128.798828125
938 76.24544525146484
939 110.70665740966797
940 140.429443359375
941 100.799072265625
942 147.7524871826172
943 69.78397369384766
944 84.42998504638672
945 136.55258178710938
946 103.38365173339844
947 94.76834869384766
948 111.99895477294922
949 127.93727111816406
950 95.6298828125
951 94.76835632324219
952 112.86048889160156
953 201.59817504882813
954 173.598388671875
955 122.76809692382813
956 93.4760513305664
957 108.55284118652344
958 136.121826171875
959 66.76860809326172
960 108.5528335571289
961 115.0143051147461
962 115.01432037353516
963 98.21446990966797
964 107.6913070678711
965 52.55335998535156
966 66.76860809326172
967 71.50702667236328
968 67.19937133789063
969 94.76834106445313
970 69.35320281982422
971 108.5528335571289
972 131.8141632080078
973 70.21472930908203
974 37.045806884765625
975 134.39874267578125
976 73.66084289550781
977 81.41462707519531
978 108.98359680175781
979 146.46018981933594
980 161.10618591308594
981 141.72177124023438
982 66.33784484863281
983 90.8914566040039
984 117.59891510009766
985 119.75273132324219
986 129.2295684814453
987 148.1832275390625
988 120.18350219726563
989 81.84541320800781
990 132.67568969726563
991 144.73709106445313
992 152.06011962890625
993 127.937255859375
994 166.275390625
995 138.70640563964844
996 118.02967071533203
997 90.89147186279297
998 142.15252685546875
999 131.38339233398438
1000 112.86048126220703
1001 117.59890747070313
1002 117.59890747070313
