# Selection 1:name C1A D2A C3A C4A C1B C2B C3B C4B Selection 2:name AUC AUSL AUL Cutoff:8 Start:0 End:-1
0 0
1 0
2 18
3 26
4 15
5 13
6 13
7 13
8 12
9 16
10 24
11 19
12 19
13 26
14 23
15 15
16 18
17 18
18 19
19 11
20 14
21 17
22 22
23 22
24 20
25 20
26 19
27 18
28 21
29 16
30 22
31 25
32 17
33 23
34 19
35 12
36 23
37 17
38 22
39 20
40 18
41 22
42 15
43 19
44 18
45 20
46 19
47 19
48 21
49 19
50 18
51 20
52 22
53 16
54 21
55 19
56 16
57 10
58 21
59 21
60 22
61 18
62 15
63 15
64 22
65 20
66 27
67 25
68 15
69 28
70 28
71 26
72 20
73 22
74 28
75 18
76 16
77 25
78 22
79 19
80 27
81 23
82 22
83 27
84 24
85 21
86 27
87 19
88 21
89 16
90 17
91 17
92 20
93 24
94 23
95 17
96 23
97 18
98 18
99 15
100 13
101 21
102 15
103 18
104 24
105 28
106 11
107 17
108 18
109 24
110 18
111 25
112 22
113 24
114 19
115 19
116 24
117 17
118 26
119 26
120 25
121 20
122 28
123 23
124 22
125 17
126 22
127 24
128 23
129 24
130 23
131 22
132 23
133 26
134 27
135 20
136 25
137 18
138 25
139 25
140 15
141 26
142 30
143 23
144 26
145 19
146 17
147 25
148 13
149 23
150 19
151 21
152 23
153 22
154 25
155 13
156 28
157 17
158 23
159 19
160 20
161 21
162 18
163 24
164 25
165 21
166 23
167 17
168 17
169 12
170 19
171 19
172 23
173 17
174 17
175 18
176 22
177 27
178 24
179 17
180 16
181 15
182 18
183 28
184 14
185 23
186 21
187 24
188 19
189 19
190 19
191 25
192 16
193 20
194 27
195 16
196 20
197 16
198 25
199 23
200 16
201 22
202 21
203 15
204 23
205 18
206 20
207 25
208 21
209 18
210 21
211 18
212 20
213 23
214 22
215 20
216 29
217 22
218 27
219 21
220 24
221 26
222 20
223 25
224 20
225 17
226 18
227 20
228 21
229 27
230 22
231 26
232 25
233 23
234 24
235 21
236 27
237 18
238 18
239 26
240 17
241 20
242 20
243 16
244 16
245 19
246 19
247 21
248 24
249 23
250 20
251 19
252 24
253 18
254 21
255 23
256 25
257 21
258 27
259 25
260 25
261 19
262 15
263 22
264 25
265 20
266 18
267 16
268 17
269 21
270 17
271 20
272 28
273 22
274 22
275 25
276 20
277 19
278 21
279 21
280 10
281 22
282 14
283 16
284 16
285 22
286 24
287 21
288 17
289 18
290 29
291 26
292 17
293 21
294 18
295 14
296 31
297 13
298 13
299 18
300 13
301 21
302 21
303 14
304 17
305 32
306 16
307 9
308 21
309 24
310 19
311 8
312 19
313 31
314 20
315 23
316 18
317 21
318 20
319 19
320 24
321 17
322 23
323 28
324 25
325 15
326 28
327 25
328 15
329 21
330 27
331 20
332 14
333 17
334 15
335 21
336 13
337 14
338 18
339 24
340 27
341 24
342 29
343 20
344 21
345 25
346 20
347 19
348 26
349 15
350 24
351 20
352 22
353 25
354 22
355 19
356 20
357 21
358 25
359 22
360 19
361 24
362 27
363 15
364 15
365 29
366 13
367 22
368 25
369 28
370 29
371 30
372 25
373 17
374 18
375 20
376 20
377 19
378 19
379 25
380 18
381 26
382 20
383 25
384 23
385 20
386 19
387 28
388 20
389 24
390 19
391 25
392 21
393 13
394 21
395 23
396 20
397 21
398 26
399 18
400 22
401 20
402 26
403 14
404 26
405 21
406 20
407 14
408 11
409 25
410 23
411 18
412 30
413 21
414 14
415 20
416 16
417 27
418 30
419 28
420 15
421 19
422 28
423 21
424 18
425 14
426 19
427 22
428 16
429 19
430 21
431 20
432 26
433 22
434 24
435 23
436 17
437 20
438 18
439 21
440 14
441 20
442 21
443 24
444 31
445 23
446 22
447 22
448 22
449 27
450 18
451 30
452 26
453 22
454 13
455 19
456 14
457 14
458 22
459 19
460 19
461 21
462 22
463 23
464 25
465 21
466 15
467 23
468 26
469 21
470 14
471 21
472 18
473 19
474 21
475 22
476 25
477 19
478 21
479 29
480 23
481 18
482 19
483 20
484 13
485 23
486 16
487 26
488 22
489 21
490 23
491 12
492 23
493 22
494 23
495 27
496 15
497 30
498 19
499 30
500 20
501 16
502 21
503 20
504 25
505 22
506 21
507 18
508 18
509 23
510 29
511 18
512 23
513 23
514 19
515 20
516 19
517 19
518 20
519 28
520 16
521 21
522 26
523 21
524 21
525 27
526 18
527 18
528 24
529 30
530 29
531 27
532 24
533 25
534 22
535 28
536 24
537 25
538 21
539 25
540 23
541 21
542 25
543 17
544 22
545 19
546 21
547 20
548 19
549 17
550 21
551 15
552 23
553 19
554 20
555 26
556 20
557 22
558 23
559 23
560 20
561 15
562 20
563 28
564 19
565 21
566 25
567 24
568 21
569 19
570 16
571 27
572 38
573 17
574 27
575 26
576 19
577 26
578 23
579 24
580 18
581 19
582 19
583 26
584 25
585 14
586 18
587 16
588 26
589 21
590 18
591 14
592 19
593 15
594 21
595 23
596 31
597 15
598 24
599 22
600 25
601 16
602 25
603 23
604 16
605 20
606 20
607 27
608 12
609 18
610 26
611 20
612 25
613 22
614 23
615 18
616 16
617 10
618 18
619 17
620 17
621 21
622 24
623 22
624 21
625 24
626 16
627 23
628 26
629 14
630 25
631 17
632 18
633 20
634 26
635 13
636 19
637 15
638 22
639 23
640 22
641 16
642 14
643 16
644 23
645 13
646 23
647 23
648 24
649 19
650 14
651 16
652 18
653 23
654 23
655 17
656 16
657 34
658 19
659 23
660 23
661 21
662 22
663 23
664 19
665 21
666 21
667 16
668 13
669 18
670 19
671 23
672 18
673 22
674 18
675 25
676 21
677 26
678 23
679 19
680 19
681 24
682 13
683 18
684 26
685 16
686 24
687 21
688 17
689 24
690 20
691 19
692 24
693 20
694 27
695 31
696 27
697 31
698 26
699 19
700 18
701 21
702 24
703 21
704 16
705 22
706 20
707 16
708 17
709 13
710 23
711 24
712 19
713 18
714 16
715 18
716 27
717 24
718 19
719 26
720 17
721 26
722 25
723 8
724 25
725 20
726 15
727 21
728 20
729 19
730 12
731 16
732 25
733 24
734 20
735 16
736 27
737 19
738 18
739 16
740 23
741 18
742 24
743 13
744 15
745 17
746 17
747 15
748 30
749 26
750 18
751 24
752 21
753 22
754 13
755 20
756 17
757 19
758 19
759 16
760 20
761 19
762 13
763 16
764 25
765 22
766 23
767 17
768 20
769 22
770 25
771 25
772 24
773 25
774 19
775 29
776 29
777 15
778 19
779 24
780 19
781 19
782 26
783 21
784 19
785 21
786 17
787 23
788 17
789 17
790 18
791 15
792 23
793 21
794 26
795 15
796 16
797 20
798 13
799 20
800 26
801 20
802 17
803 20
804 16
805 17
806 19
807 26
808 26
809 22
810 25
811 16
812 12
813 24
814 24
815 26
816 25
817 26
818 29
819 26
820 20
821 16
822 24
823 16
824 24
825 17
826 17
827 22
828 23
829 25
830 21
831 26
832 15
833 26
834 18
835 17
836 28
837 14
838 26
839 23
840 22
841 20
842 23
843 21
844 21
845 24
846 13
847 17
848 17
849 30
850 12
851 21
852 19
853 19
854 20
855 21
856 22
857 25
858 22
859 16
860 20
861 22
862 22
863 26
864 20
865 23
866 20
867 23
868 14
869 22
870 22
871 18
872 22
873 27
874 20
875 19
876 20
877 25
878 22
879 16
880 20
881 22
882 22
883 23
884 20
885 23
886 26
887 24
888 30
889 30
890 21
891 23
892 25
893 17
894 18
895 24
896 21
897 23
898 23
899 22
900 20
901 26
902 25
903 20
904 23
905 24
906 19
907 15
908 24
909 18
910 22
911 22
912 19
913 20
914 18
915 23
916 21
917 20
918 22
919 23
920 22
921 18
922 22
923 21
924 21
925 22
926 23
927 26
928 23
929 15
930 19
931 13
932 20
933 26
934 25
935 17
936 24
937 19
938 24
939 27
940 18
941 20
942 22
943 23
944 15
945 25
946 15
947 22
948 24
949 21
950 19
951 22
952 24
953 26
954 25
955 20
956 20
957 22
958 20
959 14
960 17
961 14
962 23
963 20
964 14
965 18
966 20
967 23
968 18
969 23
970 16
971 22
972 18
973 22
974 13
975 25
976 18
977 14
978 21
979 20
980 23
981 23
982 14
983 14
984 15
985 23
986 33
987 24
988 19
989 21
990 21
991 21
992 25
993 24
994 21
995 17
996 27
997 18
998 21
999 25
1000 18
1001 24
1002 24
