# Selection:resname AU POPC Restricted:name AUC AUL AUSL Radius:2.64 Start:0 End:-1
0 326.9507751464844
1 328.673828125
2 105.53748321533203
3 133.96800231933594
4 164.12155151367188
5 127.50651550292969
6 163.26002502441406
7 188.2444305419922
8 169.29075622558594
9 135.69105529785156
10 156.7985382080078
11 55.568721771240234
12 107.6913070678711
13 179.62911987304688
14 105.96826171875
15 85.29153442382813
16 92.18376922607422
17 114.58356475830078
18 100.799072265625
19 164.5523223876953
20 202.8904266357422
21 120.1834945678711
22 93.90682220458984
23 152.0601348876953
24 80.55310821533203
25 97.35294342041016
26 59.01483917236328
27 106.39901733398438
28 41.35346603393555
29 101.66059875488281
30 92.61450958251953
31 55.5687141418457
32 107.69129943847656
33 71.07625579833984
34 186.09059143066406
35 110.70665740966797
36 101.22982025146484
37 109.41436004638672
38 108.55282592773438
39 110.70664978027344
40 115.87583923339844
41 82.70691680908203
42 68.49166870117188
43 138.70640563964844
44 128.7987823486328
45 125.783447265625
46 66.76861572265625
47 66.76860809326172
48 121.47579193115234
49 132.24493408203125
50 99.50677490234375
51 72.79932403564453
52 62.03019714355469
53 106.82980346679688
54 130.95262145996094
55 114.58354949951172
56 72.79932403564453
57 125.35269165039063
58 161.9677276611328
59 99.07599639892578
60 107.69129943847656
61 115.87583923339844
62 99.93753051757813
63 94.76835632324219
64 92.18375396728516
65 130.52186584472656
66 49.10723876953125
67 75.38391876220703
68 137.84486389160156
69 21.969024658203125
70 114.58355712890625
71 121.90655517578125
72 122.76809692382813
73 127.93728637695313
74 98.64523315429688
75 133.9679718017578
76 89.16840362548828
77 146.89093017578125
78 95.62989044189453
79 129.66033935546875
80 68.92243957519531
81 93.90682220458984
82 109.41436767578125
83 100.36829376220703
84 117.5988998413086
85 99.93753051757813
86 71.93779754638672
87 146.0294189453125
88 145.16787719726563
89 113.72200775146484
90 103.81440734863281
91 90.89146423339844
92 119.75273132324219
93 60.30713653564453
94 96.0606460571289
95 65.04554748535156
96 92.18375396728516
97 143.01406860351563
98 117.59889221191406
99 96.92217254638672
100 105.96824645996094
101 52.98412322998047
102 121.47579193115234
103 86.15303802490234
104 59.44560241699219
105 83.99922943115234
106 120.18350219726563
107 108.12207794189453
108 111.56819152832031
109 57.72254180908203
110 158.95237731933594
111 110.27590942382813
112 130.5218505859375
113 145.16786193847656
114 115.01432037353516
115 160.6754150390625
116 124.49116516113281
117 146.46017456054688
118 122.76808166503906
119 84.86074829101563
120 76.67620086669922
121 145.16786193847656
122 83.99921417236328
123 73.23009490966797
124 58.1533088684082
125 98.21446990966797
126 137.4141082763672
127 97.78369903564453
128 96.49140930175781
129 99.9375228881836
130 120.1834945678711
131 90.0299301147461
132 139.9987030029297
133 62.46095657348633
134 77.5377426147461
135 87.01457214355469
136 108.98360443115234
137 85.29151153564453
138 130.95265197753906
139 129.66033935546875
140 91.32223510742188
141 130.52186584472656
142 72.79932403564453
143 133.1064453125
144 69.78397369384766
145 90.460693359375
146 52.984127044677734
147 35.32275390625
148 101.2298355102539
149 100.79906463623047
150 121.04502868652344
151 64.18402099609375
152 43.93805694580078
153 84.86075592041016
154 92.18376159667969
155 90.0299301147461
156 120.18350219726563
157 108.1220703125
158 54.707183837890625
159 70.64549255371094
160 83.56845092773438
161 82.27615356445313
162 167.56765747070313
163 57.72254180908203
164 80.55309295654297
165 79.26081085205078
166 117.59891510009766
167 115.44507598876953
168 136.55258178710938
169 119.32199096679688
170 149.0447540283203
171 150.33706665039063
172 140.4294891357422
173 168.42919921875
174 151.19859313964844
175 121.04505157470703
176 127.93726348876953
177 83.1376953125
178 94.33757781982422
179 169.29075622558594
180 110.27590942382813
181 145.5986328125
182 64.18401336669922
183 113.7220230102539
184 139.9987030029297
185 138.27565002441406
186 122.33732604980469
187 130.52188110351563
188 147.75244140625
189 87.01457977294922
190 109.8451156616211
191 159.38311767578125
192 122.33731079101563
193 138.27566528320313
194 139.99868774414063
195 110.27588653564453
196 159.8138885498047
197 66.33783721923828
198 129.66033935546875
199 142.15249633789063
200 139.56793212890625
201 113.291259765625
202 108.98360443115234
203 131.38339233398438
204 122.76808166503906
205 208.49037170410156
206 149.90631103515625
207 115.8758544921875
208 109.41435241699219
209 62.8917236328125
210 160.2446746826172
211 167.9984893798828
212 165.84458923339844
213 109.41437530517578
214 101.2298355102539
215 75.81468200683594
216 80.9838638305664
217 104.24517822265625
218 53.414894104003906
219 129.66033935546875
220 60.307132720947266
221 53.84565734863281
222 127.50651550292969
223 69.35320281982422
224 122.7680892944336
225 114.15277862548828
226 94.33757781982422
227 96.06063842773438
228 99.50677490234375
229 126.2142105102539
230 106.82978057861328
231 64.18402099609375
232 40.922698974609375
233 77.10698699951172
234 104.67595672607422
235 101.66059875488281
236 69.35319519042969
237 123.19884490966797
238 96.06063842773438
239 137.4141387939453
240 187.8136444091797
241 124.92192077636719
242 161.10618591308594
243 97.7837142944336
244 68.06090545654297
245 75.38391876220703
246 151.19859313964844
247 97.7837142944336
248 131.38339233398438
249 105.53746795654297
250 96.06063842773438
251 86.58382415771484
252 91.32223510742188
253 111.56818389892578
254 103.38365173339844
255 73.23008728027344
256 63.32249450683594
257 117.16814422607422
258 92.18376159667969
259 148.18321228027344
260 81.41461944580078
261 142.58331298828125
262 72.3685531616211
263 63.753257751464844
264 26.276676177978516
265 108.55284118652344
266 115.0143051147461
267 90.02993774414063
268 102.52213287353516
269 117.59890747070313
270 144.30638122558594
271 138.275634765625
272 136.98333740234375
273 131.8141632080078
274 55.999481201171875
275 65.90708923339844
276 96.92218017578125
277 109.84512329101563
278 167.99844360351563
279 111.1374282836914
280 94.76835632324219
281 70.21472930908203
282 121.47579193115234
283 180.05984497070313
284 158.5216064453125
285 97.35293579101563
286 132.67568969726563
287 84.42998504638672
288 68.49169158935547
289 95.19911193847656
290 89.16841125488281
291 97.35294342041016
292 95.1991195678711
293 146.89097595214844
294 153.78318786621094
295 161.53697204589844
296 105.10672760009766
297 116.73738861083984
298 146.89093017578125
299 191.25973510742188
300 183.50599670410156
301 174.45994567871094
302 80.5531005859375
303 137.8448944091797
304 124.92190551757813
305 135.26026916503906
306 85.72227478027344
307 154.2139434814453
308 241.228515625
309 102.52213287353516
310 63.32249069213867
311 126.2142105102539
312 56.43025207519531
313 157.6600799560547
314 89.59916687011719
315 184.36749267578125
316 156.36778259277344
317 158.9523468017578
318 149.90628051757813
319 157.22927856445313
320 107.69129943847656
321 180.05987548828125
322 118.02967071533203
323 115.8758544921875
324 134.39874267578125
325 120.61426544189453
326 137.41412353515625
327 99.50676727294922
328 166.70616149902344
329 162.82923889160156
330 115.01431274414063
331 115.8758544921875
332 101.22982025146484
333 92.61450958251953
334 67.19938659667969
335 52.984134674072266
336 60.73789596557617
337 93.0452880859375
338 74.9531478881836
339 145.59866333007813
340 61.16865921020508
341 60.73789596557617
342 165.4138641357422
343 121.90655517578125
344 121.90655517578125
345 154.64474487304688
346 140.42945861816406
347 81.84539031982422
348 136.12181091308594
349 129.2295684814453
350 118.89119720458984
351 124.92191314697266
352 141.291015625
353 105.10672760009766
354 64.61478424072266
355 119.32196044921875
356 91.75299072265625
357 43.0765266418457
358 37.47657012939453
359 36.18427658081055
360 77.968505859375
361 118.0296630859375
362 76.67620849609375
363 100.79905700683594
364 133.96798706054688
365 75.8146743774414
366 105.9682388305664
367 102.952880859375
368 124.92190551757813
369 70.64550018310547
370 87.01457977294922
371 49.107234954833984
372 74.95314025878906
373 95.6298828125
374 120.1834945678711
375 120.6142578125
376 62.030189514160156
377 128.36805725097656
378 77.10697174072266
379 84.86075592041016
380 102.09135437011719
381 91.75299072265625
382 99.93753814697266
383 65.9070816040039
384 86.58380889892578
385 106.39900207519531
386 171.01380920410156
387 103.8144302368164
388 66.76861572265625
389 72.36856079101563
390 121.4758071899414
391 137.8448944091797
392 80.55310821533203
393 81.41463470458984
394 92.18376159667969
395 109.84513092041016
396 56.43024826049805
397 115.44507598876953
398 73.23008728027344
399 97.3529281616211
400 107.26057434082031
401 119.32196044921875
402 151.62936401367188
403 181.78292846679688
404 129.6603240966797
405 145.1678924560547
406 153.78317260742188
407 95.62989044189453
408 112.86048889160156
409 118.02967834472656
410 73.66085052490234
411 162.8292694091797
412 73.66085052490234
413 110.27589416503906
414 102.52213287353516
415 161.9676971435547
416 95.6298828125
417 108.12207794189453
418 77.5377426147461
419 77.968505859375
420 92.18376159667969
421 102.09135437011719
422 78.83003234863281
423 96.49141693115234
424 142.1525421142578
425 180.92141723632813
426 79.6915512084961
427 87.44535064697266
428 134.82952880859375
429 87.4453353881836
430 108.98360443115234
431 145.59864807128906
432 111.13742065429688
433 94.76834869384766
434 165.41383361816406
435 107.26054382324219
436 113.72203063964844
437 142.1525421142578
438 54.27642059326172
439 43.93804931640625
440 84.43000030517578
441 155.5062713623047
442 83.99921417236328
443 66.33785247802734
444 136.12181091308594
445 119.75273895263672
446 176.18296813964844
447 118.8912124633789
448 160.6754150390625
449 76.24543762207031
450 119.75273895263672
451 65.476318359375
452 112.86048126220703
453 137.8448944091797
454 73.2300796508789
455 113.29125213623047
456 69.35320281982422
457 123.62962341308594
458 77.5377426147461
459 108.1220703125
460 93.90682983398438
461 74.09162139892578
462 53.845664978027344
463 105.53749084472656
464 93.90680694580078
465 70.21473693847656
466 123.62960815429688
467 92.61453247070313
468 65.90707397460938
469 63.32249069213867
470 129.22955322265625
471 73.23008728027344
472 89.16839599609375
473 98.64523315429688
474 94.76834869384766
475 80.9838638305664
476 118.46044158935547
477 82.27615356445313
478 159.3831329345703
479 154.64471435546875
480 149.9062957763672
481 97.35293579101563
482 121.0450210571289
483 108.5528335571289
484 78.3992691040039
485 102.09135437011719
486 189.5366973876953
487 83.99922180175781
488 83.99922943115234
489 70.21472930908203
490 156.3677978515625
491 118.89119720458984
492 81.41461944580078
493 133.1064453125
494 137.84487915039063
495 88.73764038085938
496 115.01432800292969
497 135.26028442382813
498 149.9062957763672
499 195.99819946289063
500 83.56846618652344
501 145.1678924560547
502 72.36856079101563
503 137.41409301757813
504 78.39927673339844
505 92.18375396728516
506 99.07600402832031
507 124.92190551757813
508 141.29100036621094
509 73.23009490966797
510 97.35293579101563
511 83.13768768310547
512 123.62962341308594
513 122.76810455322266
514 104.24517822265625
515 125.78343963623047
516 96.92217254638672
517 122.76808166503906
518 156.36778259277344
519 86.15304565429688
520 150.76783752441406
521 96.49140167236328
522 122.33733367919922
523 78.3992691040039
524 113.29125213623047
525 130.5218505859375
526 132.6757049560547
527 137.41412353515625
528 98.64523315429688
529 44.799583435058594
530 84.42999267578125
531 77.5377426147461
532 171.0137939453125
533 83.13770294189453
534 91.75299835205078
535 132.24493408203125
536 57.72254180908203
537 73.66085052490234
538 75.3839111328125
539 103.81442260742188
540 90.460693359375
541 118.89119720458984
542 95.1991195678711
543 102.52212524414063
544 68.06090545654297
545 96.0606460571289
546 101.66059875488281
547 37.47657775878906
548 68.49166870117188
549 123.1988525390625
550 68.06089782714844
551 84.42997741699219
552 117.59890747070313
553 109.41435241699219
554 132.2449188232422
555 74.09162139892578
556 134.3987579345703
557 132.67568969726563
558 90.8914566040039
559 79.69156646728516
560 99.93754577636719
561 105.1067123413086
562 102.09135437011719
563 82.70692443847656
564 66.33784484863281
565 97.35294342041016
566 136.55258178710938
567 95.62986755371094
568 82.27615356445313
569 124.49114990234375
570 112.42972564697266
571 114.58354949951172
572 97.7837142944336
573 133.1064453125
574 47.814937591552734
575 105.10671997070313
576 80.1223373413086
577 110.70665740966797
578 101.66060638427734
579 164.12156677246094
580 160.2446746826172
581 95.6298828125
582 89.16840362548828
583 139.13719177246094
584 74.09162139892578
585 136.12181091308594
586 154.6447296142578
587 171.87535095214844
588 119.32197570800781
589 119.75273895263672
590 113.29125213623047
591 136.9833526611328
592 121.04503631591797
593 150.767822265625
594 111.99895477294922
595 83.56844329833984
596 179.6290740966797
597 136.55258178710938
598 109.41438293457031
599 138.27566528320313
600 118.46044158935547
601 127.93728637695313
602 145.16786193847656
603 115.87584686279297
604 175.3214569091797
605 136.55258178710938
606 99.93753814697266
607 107.69129180908203
608 150.767822265625
609 80.55309295654297
610 104.24517822265625
611 146.4601593017578
612 93.04528045654297
613 112.86048126220703
614 121.4758071899414
615 114.15280151367188
616 174.4599609375
617 117.16813659667969
618 102.52213287353516
619 92.18376159667969
620 136.98333740234375
621 127.07575988769531
622 120.18350219726563
623 85.72227478027344
624 171.87530517578125
625 89.16840362548828
626 112.42971801757813
627 80.5531005859375
628 108.98360443115234
629 114.58354949951172
630 84.42998504638672
631 113.72200775146484
632 154.6446990966797
633 143.01406860351563
634 81.41462707519531
635 118.4604263305664
636 158.5216064453125
637 151.1986083984375
638 111.56819915771484
639 94.76835632324219
640 76.67622375488281
641 105.53749084472656
642 136.12181091308594
643 99.50677490234375
644 191.69053649902344
645 172.7368621826172
646 92.18375396728516
647 77.10697937011719
648 139.1371612548828
649 136.9833221435547
650 178.76754760742188
651 195.56741333007813
652 90.89147186279297
653 87.01458740234375
654 102.95288848876953
655 122.76808166503906
656 189.96746826171875
657 59.014835357666016
658 99.9375228881836
659 112.42971801757813
660 78.83003997802734
661 78.3992691040039
662 102.52212524414063
663 108.98361206054688
664 100.36830139160156
665 164.1215362548828
666 127.9372787475586
667 115.8758316040039
668 134.82952880859375
669 79.69156646728516
670 77.5377426147461
671 100.79905700683594
672 116.30662536621094
673 125.35266876220703
674 138.275634765625
675 124.92191314697266
676 136.5525665283203
677 79.69157409667969
678 136.9833526611328
679 123.62960815429688
680 126.21422576904297
681 63.32249069213867
682 108.12207794189453
683 77.10697937011719
684 141.29100036621094
685 73.66085052490234
686 137.4141082763672
687 78.83003997802734
688 114.58354949951172
689 120.1834945678711
690 60.30713653564453
691 141.29103088378906
692 183.0752410888672
693 77.96851348876953
694 115.8758316040039
695 83.99922943115234
696 127.50651550292969
697 48.67647171020508
698 111.13743591308594
699 154.64471435546875
700 107.26052856445313
701 85.72228240966797
702 127.50650024414063
703 115.87583923339844
704 177.4752960205078
705 105.53748321533203
706 70.64550018310547
707 110.27590942382813
708 132.67568969726563
709 120.18350219726563
710 80.12232208251953
711 93.90682983398438
712 45.230342864990234
713 88.30686950683594
714 83.13768768310547
715 87.44534301757813
716 111.99897003173828
717 97.35294342041016
718 92.61451721191406
719 87.01458740234375
720 150.767822265625
721 121.04503631591797
722 168.8599395751953
723 171.87533569335938
724 57.72255325317383
725 154.21397399902344
726 88.73763275146484
727 71.50703430175781
728 57.7225456237793
729 149.9062957763672
730 152.92164611816406
731 155.93702697753906
732 70.64549255371094
733 65.47631072998047
734 62.46096420288086
735 93.0453109741211
736 117.16813659667969
737 88.30686950683594
738 144.3063507080078
739 167.13693237304688
740 127.50651550292969
741 163.69078063964844
742 140.8602294921875
743 75.3839111328125
744 118.46044921875
745 138.27565002441406
746 88.30687713623047
747 106.82977294921875
748 127.07574462890625
749 60.73789978027344
750 148.18324279785156
751 130.95263671875
752 79.69157409667969
753 68.06090545654297
754 165.41383361816406
755 136.55258178710938
756 151.6293487548828
757 105.5374755859375
758 124.06038665771484
759 132.67568969726563
760 106.39900970458984
761 107.69131469726563
762 91.75299072265625
763 68.06090545654297
764 72.36856079101563
765 78.83004760742188
766 153.78318786621094
767 139.1371612548828
768 150.33705139160156
769 147.75247192382813
770 115.87586212158203
771 77.10697174072266
772 136.12181091308594
773 113.29126739501953
774 69.35319519042969
775 107.6913070678711
776 113.72201538085938
777 116.30661010742188
778 162.39849853515625
779 117.16814422607422
780 66.76860046386719
781 66.33784484863281
782 136.12181091308594
783 115.01431274414063
784 118.02967834472656
785 133.53721618652344
786 107.26052856445313
787 146.8909454345703
788 129.66033935546875
789 98.6452407836914
790 102.52213287353516
791 82.27616119384766
792 79.26079559326172
793 144.3063507080078
794 126.2142105102539
795 132.2449188232422
796 106.82978820800781
797 127.5064926147461
798 127.07574462890625
799 74.09161376953125
800 158.09083557128906
801 197.7212371826172
802 131.8141632080078
803 98.21448516845703
804 120.61425018310547
805 132.67568969726563
806 136.98333740234375
807 153.3524169921875
808 66.76861572265625
809 63.322486877441406
810 49.107234954833984
811 94.33758544921875
812 128.3680419921875
813 98.2144775390625
814 51.691829681396484
815 60.30712890625
816 74.9531478881836
817 95.19911193847656
818 147.3217010498047
819 119.75273132324219
820 88.30687713623047
821 73.23008728027344
822 113.7220230102539
823 72.79932403564453
824 139.9987030029297
825 111.99895477294922
826 129.66033935546875
827 73.66085052490234
828 55.5687141418457
829 24.122852325439453
830 52.12259292602539
831 64.61478424072266
832 136.12184143066406
833 135.2602996826172
834 99.9375228881836
835 72.36856079101563
836 53.414886474609375
837 116.3066177368164
838 85.29151153564453
839 73.23008728027344
840 121.47579956054688
841 73.2301025390625
842 67.19937896728516
843 131.38339233398438
844 118.0296630859375
845 89.59917449951172
846 117.16815185546875
847 125.783447265625
848 83.1376953125
849 141.29098510742188
850 91.32222747802734
851 100.79905700683594
852 119.32196044921875
853 111.1374282836914
854 87.4453353881836
855 97.35294342041016
856 100.799072265625
857 108.55284118652344
858 152.4908905029297
859 149.0447998046875
860 104.24518585205078
861 139.13717651367188
862 89.16838836669922
863 85.72228240966797
864 141.2909698486328
865 124.06038665771484
866 104.24517822265625
867 67.19937896728516
868 72.36856079101563
869 136.12181091308594
870 149.90631103515625
871 108.12208557128906
872 133.96798706054688
873 121.90657043457031
874 63.322486877441406
875 91.75299835205078
876 70.21473693847656
877 117.5988998413086
878 92.61450958251953
879 152.06011962890625
880 98.64523315429688
881 89.16841888427734
882 96.92217254638672
883 152.06011962890625
884 93.90681457519531
885 99.07598876953125
886 93.90682220458984
887 144.73709106445313
888 89.16840362548828
889 76.24544525146484
890 83.99921417236328
891 89.16839599609375
892 51.69182586669922
893 84.86074829101563
894 97.35293579101563
895 116.73736572265625
896 133.53721618652344
897 65.04554748535156
898 71.0762710571289
899 93.90681457519531
900 121.04501342773438
901 53.414894104003906
902 73.23008728027344
903 80.55309295654297
904 94.33758544921875
905 119.75273132324219
906 112.42971801757813
907 172.3060760498047
908 134.3987274169922
909 40.0611686706543
910 119.32196807861328
911 143.44483947753906
912 136.55259704589844
913 99.07600402832031
914 76.24544525146484
915 117.5988998413086
916 84.42998504638672
917 109.41436004638672
918 122.7680892944336
919 125.3526840209961
920 108.55284881591797
921 96.49140167236328
922 53.84565734863281
923 121.90654754638672
924 95.62987518310547
925 84.42998504638672
926 121.0450210571289
927 102.52212524414063
928 100.79906463623047
929 106.39901733398438
930 105.53746795654297
931 116.73737335205078
932 133.96798706054688
933 72.36856079101563
934 131.38339233398438
935 117.5988998413086
936 133.53720092773438
937 77.10697174072266
938 77.96849060058594
939 82.2761459350586
940 84.43000030517578
941 123.6296157836914
942 64.61478424072266
943 159.38311767578125
944 90.46070098876953
945 134.82949829101563
946 139.5679473876953
947 130.0911102294922
948 142.1525421142578
949 133.5372314453125
950 122.76810455322266
951 154.2139434814453
952 119.32195281982422
953 48.67647171020508
954 111.56819915771484
955 121.04501342773438
956 106.82977294921875
957 171.0137481689453
958 89.59917449951172
959 194.70587158203125
960 192.1212615966797
961 60.30713653564453
962 121.90656280517578
963 128.3680419921875
964 84.86075592041016
965 111.1374282836914
966 100.3683090209961
967 133.9679718017578
968 155.07546997070313
969 149.4755096435547
970 88.30686950683594
971 146.89096069335938
972 52.984127044677734
973 97.35294342041016
974 147.32171630859375
975 108.98359680175781
976 125.3526840209961
977 100.36829376220703
978 48.24570846557617
979 118.02967071533203
980 157.2292938232422
981 118.46044158935547
982 155.07546997070313
983 138.70640563964844
984 102.9529037475586
985 99.50675964355469
986 87.8760986328125
987 93.4760513305664
988 84.42996978759766
989 136.5525665283203
990 87.44535064697266
991 97.7837142944336
992 104.24518585205078
993 96.49140930175781
994 98.6452407836914
995 98.6452407836914
996 117.59890747070313
997 86.15304565429688
998 42.64575958251953
999 99.50676727294922
1000 151.62936401367188
1001 96.92218017578125
1002 96.92218017578125
