# Selection:resname AU W ION Restricted:name AUC AUL AUSL Radius:2.64 Start:0 End:-1
0 192.55206298828125
1 195.13665771484375
2 118.4604263305664
3 99.50676727294922
4 105.53748321533203
5 86.58380889892578
6 186.5213623046875
7 93.0452880859375
8 131.38339233398438
9 172.3061065673828
10 138.275634765625
11 121.90656280517578
12 167.1369171142578
13 121.47579193115234
14 162.82925415039063
15 172.7368621826172
16 124.06039428710938
17 148.61399841308594
18 99.07600402832031
19 157.66006469726563
20 117.59889221191406
21 149.04476928710938
22 175.7522430419922
23 212.79800415039063
24 236.49009704589844
25 165.84461975097656
26 275.2589416503906
27 184.3675079345703
28 171.444580078125
29 179.19834899902344
30 146.46017456054688
31 169.7215118408203
32 124.92191314697266
33 149.9062957763672
34 167.13690185546875
35 171.0137939453125
36 157.66006469726563
37 182.2136993408203
38 212.36721801757813
39 152.49087524414063
40 141.291015625
41 122.33734130859375
42 206.767333984375
43 126.64498138427734
44 118.89118194580078
45 148.18324279785156
46 113.72201538085938
47 94.76835632324219
48 143.01405334472656
49 170.58303833007813
50 82.70691680908203
51 123.62960052490234
52 115.8758544921875
53 117.59890747070313
54 120.1834945678711
55 93.47605895996094
56 87.87610626220703
57 80.9838638305664
58 116.73737335205078
59 230.45938110351563
60 98.64523315429688
61 177.9060821533203
62 144.73712158203125
63 146.02940368652344
64 161.106201171875
65 130.0911102294922
66 76.24544525146484
67 91.75299072265625
68 102.09136962890625
69 109.84513092041016
70 102.95288848876953
71 107.69131469726563
72 118.02967834472656
73 120.6142807006836
74 158.95236206054688
75 176.61376953125
76 114.15280151367188
77 137.4141082763672
78 147.75250244140625
79 108.1220703125
80 142.58331298828125
81 161.53695678710938
82 106.82977294921875
83 186.5213623046875
84 158.52162170410156
85 101.22982025146484
86 67.6301498413086
87 141.29098510742188
88 114.15278625488281
89 142.5832977294922
90 90.460693359375
91 104.24517822265625
92 114.15277099609375
93 167.13690185546875
94 68.92243957519531
95 156.79856872558594
96 141.72177124023438
97 93.47605895996094
98 171.87533569335938
99 71.93779754638672
100 63.753257751464844
101 34.891990661621094
102 55.13794708251953
103 120.18348693847656
104 108.98359680175781
105 81.84539794921875
106 61.16866683959961
107 63.75325012207031
108 122.7680892944336
109 219.69029235839844
110 154.6447296142578
111 240.79774475097656
112 183.07518005371094
113 209.7826690673828
114 149.90631103515625
115 150.3370819091797
116 199.87506103515625
117 186.09054565429688
118 192.5520477294922
119 155.0754852294922
120 143.44485473632813
121 126.64498138427734
122 129.2295684814453
123 136.98333740234375
124 195.5674285888672
125 126.64498138427734
126 118.46043395996094
127 164.1215362548828
128 179.6291046142578
129 101.2298355102539
130 137.41412353515625
131 212.36724853515625
132 213.22879028320313
133 174.02915954589844
134 174.0291748046875
135 186.52130126953125
136 267.93597412109375
137 167.56765747070313
138 170.5830535888672
139 192.98280334472656
140 190.82901000976563
141 174.02914428710938
142 74.9531478881836
143 121.90656280517578
144 99.50677490234375
145 190.39822387695313
146 169.29074096679688
147 240.36695861816406
148 135.69105529785156
149 138.70639038085938
150 211.93650817871094
151 177.04454040527344
152 170.58303833007813
153 125.35266876220703
154 116.73736572265625
155 132.24493408203125
156 80.55308532714844
157 90.89146423339844
158 126.64498138427734
159 148.1832275390625
160 117.16814422607422
161 139.5679168701172
162 74.9531478881836
163 154.21395874023438
164 108.12207794189453
165 79.69156646728516
166 155.0754852294922
167 88.30687713623047
168 116.30660247802734
169 52.98412322998047
170 145.5986328125
171 123.19886016845703
172 127.50650787353516
173 115.445068359375
174 201.5980987548828
175 167.1369171142578
176 158.09085083007813
177 145.1678924560547
178 124.49115753173828
179 86.58381652832031
180 88.73764038085938
181 98.21448516845703
182 166.7061309814453
183 153.783203125
184 136.12181091308594
185 97.35294342041016
186 201.16737365722656
187 130.95263671875
188 121.90656280517578
189 86.58380889892578
190 128.79879760742188
191 112.86048126220703
192 186.95211791992188
193 147.75247192382813
194 136.12184143066406
195 120.18351745605469
196 145.59864807128906
197 131.8141632080078
198 103.81441497802734
199 167.56765747070313
200 159.8138885498047
201 167.99844360351563
202 245.1053924560547
203 126.64498138427734
204 81.84540557861328
205 115.8758544921875
206 114.58356475830078
207 104.24517822265625
208 122.7680892944336
209 123.1988525390625
210 102.52213287353516
211 101.66059875488281
212 143.87557983398438
213 164.98309326171875
214 144.7371368408203
215 212.36724853515625
216 204.18270874023438
217 136.98333740234375
218 154.64476013183594
219 110.7066650390625
220 106.39901733398438
221 111.56820678710938
222 71.93779754638672
223 142.5832977294922
224 55.56871795654297
225 162.82923889160156
226 170.1522979736328
227 142.5832977294922
228 192.12127685546875
229 94.33757781982422
230 107.26055145263672
231 156.36778259277344
232 121.47578430175781
233 161.9676971435547
234 140.42947387695313
235 130.09109497070313
236 125.35266876220703
237 109.84512329101563
238 202.45965576171875
239 120.6142578125
240 171.87535095214844
241 157.2292938232422
242 120.18348693847656
243 170.1522674560547
244 139.5679473876953
245 139.13717651367188
246 122.76808166503906
247 235.62857055664063
248 104.24517059326172
249 105.53749084472656
250 80.12232208251953
251 112.86050415039063
252 167.56768798828125
253 119.32196807861328
254 129.6603546142578
255 122.33733367919922
256 103.81441497802734
257 147.75247192382813
258 111.99895477294922
259 115.01432037353516
260 107.26055145263672
261 135.26026916503906
262 145.1678924560547
263 104.67594909667969
264 61.59943389892578
265 57.7225456237793
266 63.322486877441406
267 121.04503631591797
268 139.1371612548828
269 109.41436767578125
270 77.5377426147461
271 127.07575225830078
272 119.75272369384766
273 182.2136993408203
274 168.85997009277344
275 161.5369415283203
276 132.2449188232422
277 159.3831329345703
278 192.1212921142578
279 174.89068603515625
280 141.29100036621094
281 166.70614624023438
282 141.72177124023438
283 179.1983184814453
284 201.16734313964844
285 130.95263671875
286 229.59786987304688
287 142.1525421142578
288 162.82925415039063
289 114.15278625488281
290 97.35293579101563
291 141.29100036621094
292 174.89068603515625
293 193.41358947753906
294 117.16815948486328
295 186.52133178710938
296 111.5682144165039
297 73.23008728027344
298 136.98333740234375
299 90.89146423339844
300 137.41409301757813
301 93.90682220458984
302 104.24519348144531
303 150.76785278320313
304 130.95262145996094
305 108.55284118652344
306 127.93727111816406
307 164.12155151367188
308 107.6913070678711
309 97.7837142944336
310 108.1220703125
311 172.30609130859375
312 123.19886016845703
313 120.61427307128906
314 124.92191314697266
315 206.3365478515625
316 208.92112731933594
317 224.8594512939453
318 127.5064926147461
319 183.93673706054688
320 214.95184326171875
321 66.76860046386719
322 103.3836669921875
323 95.62987518310547
324 202.0288848876953
325 94.76835632324219
326 92.18375396728516
327 93.04530334472656
328 91.75299835205078
329 171.0137939453125
330 136.12181091308594
331 158.95237731933594
332 110.7066650390625
333 125.783447265625
334 86.15303802490234
335 127.07573699951172
336 153.35244750976563
337 77.10697937011719
338 131.38340759277344
339 100.799072265625
340 128.79881286621094
341 154.6447296142578
342 150.33705139160156
343 100.3682861328125
344 123.19886016845703
345 80.55309295654297
346 158.0908203125
347 143.0140380859375
348 86.58380126953125
349 89.16840362548828
350 149.4755401611328
351 125.783447265625
352 113.29125213623047
353 79.69156646728516
354 58.58407211303711
355 83.99922943115234
356 68.06090545654297
357 113.72203063964844
358 128.79879760742188
359 96.49141693115234
360 107.69131469726563
361 129.22958374023438
362 124.06038665771484
363 50.39952850341797
364 67.63014221191406
365 101.22982788085938
366 116.73737335205078
367 153.783203125
368 103.81441497802734
369 136.98333740234375
370 160.67544555664063
371 167.1369171142578
372 143.87559509277344
373 121.9065933227539
374 134.3987579345703
375 90.46068572998047
376 114.15277862548828
377 118.02967071533203
378 56.86100769042969
379 44.36882019042969
380 68.4916763305664
381 161.10618591308594
382 149.47552490234375
383 208.92112731933594
384 156.3677978515625
385 207.1980743408203
386 125.3526840209961
387 173.16761779785156
388 153.78317260742188
389 113.72203826904297
390 146.0294189453125
391 81.84539031982422
392 32.30738830566406
393 61.16865921020508
394 91.32223510742188
395 113.7220230102539
396 117.59891510009766
397 121.0450439453125
398 90.46070861816406
399 121.90655517578125
400 124.06039428710938
401 153.35243225097656
402 146.0294189453125
403 123.1988525390625
404 124.92192840576172
405 126.64498138427734
406 177.9060516357422
407 140.8602294921875
408 154.6447296142578
409 184.3675537109375
410 149.47555541992188
411 137.84487915039063
412 126.64496612548828
413 170.58302307128906
414 147.75247192382813
415 164.55233764648438
416 155.93699645996094
417 154.2139434814453
418 137.84487915039063
419 63.75325393676758
420 46.953407287597656
421 83.99922943115234
422 135.6910400390625
423 167.9984588623047
424 176.18301391601563
425 114.58355712890625
426 119.75274658203125
427 95.6298828125
428 145.59864807128906
429 149.9062957763672
430 180.92141723632813
431 131.8141632080078
432 177.90602111816406
433 103.38365936279297
434 140.8602294921875
435 130.95262145996094
436 115.44507598876953
437 136.12181091308594
438 91.3222427368164
439 104.67594146728516
440 99.9375228881836
441 83.1376953125
442 43.0765266418457
443 90.0299301147461
444 65.90707397460938
445 136.9833526611328
446 153.3524169921875
447 144.7371063232422
448 95.19911193847656
449 81.84539031982422
450 98.21446990966797
451 151.19859313964844
452 100.36830139160156
453 118.02967071533203
454 101.66060638427734
455 124.92191314697266
456 69.78397369384766
457 122.76809692382813
458 143.44482421875
459 146.8909454345703
460 145.59864807128906
461 178.76760864257813
462 180.0598602294922
463 160.2446746826172
464 178.3367919921875
465 264.92059326171875
466 167.5677032470703
467 214.09027099609375
468 117.5988998413086
469 137.4141082763672
470 72.79932403564453
471 120.18347930908203
472 151.1986083984375
473 154.64471435546875
474 100.36830139160156
475 149.0447998046875
476 133.10646057128906
477 118.02967071533203
478 83.99921417236328
479 65.476318359375
480 126.64497375488281
481 122.7680892944336
482 128.79881286621094
483 118.8912124633789
484 136.5525665283203
485 86.1530532836914
486 97.35295104980469
487 108.1220703125
488 110.27589416503906
489 76.24544525146484
490 111.5682144165039
491 123.62962341308594
492 88.30686950683594
493 77.10697174072266
494 59.014835357666016
495 140.42947387695313
496 113.7220230102539
497 93.0452880859375
498 109.84513854980469
499 101.22982788085938
500 84.42998504638672
501 78.39927673339844
502 141.7217559814453
503 102.52212524414063
504 110.7066650390625
505 103.81441497802734
506 88.73764038085938
507 99.07599639892578
508 65.476318359375
509 138.275634765625
510 130.95263671875
511 68.92243957519531
512 181.78294372558594
513 217.1056671142578
514 161.53697204589844
515 158.09083557128906
516 132.67568969726563
517 124.06038665771484
518 118.02967071533203
519 101.66059875488281
520 121.0450210571289
521 88.73763275146484
522 126.2142105102539
523 203.32118225097656
524 161.10623168945313
525 230.02865600585938
526 174.45993041992188
527 83.56845092773438
528 170.58302307128906
529 183.07522583007813
530 83.56845092773438
531 133.53721618652344
532 77.968505859375
533 106.82977294921875
534 105.5374755859375
535 64.61478424072266
536 117.59890747070313
537 126.64497375488281
538 194.70587158203125
539 149.4755401611328
540 131.38339233398438
541 135.69105529785156
542 166.7061767578125
543 130.52186584472656
544 122.76810455322266
545 132.2449188232422
546 118.89119720458984
547 148.614013671875
548 91.32221984863281
549 76.24544525146484
550 122.33731842041016
551 106.82977294921875
552 157.2292938232422
553 170.1522674560547
554 174.89068603515625
555 148.1832275390625
556 189.5366973876953
557 183.5059814453125
558 125.78345489501953
559 120.18350219726563
560 161.96771240234375
561 161.96771240234375
562 144.30636596679688
563 194.7058563232422
564 147.32171630859375
565 150.3370819091797
566 85.72228240966797
567 204.18272399902344
568 242.09002685546875
569 80.12232971191406
570 169.29071044921875
571 154.2139434814453
572 102.952880859375
573 165.41384887695313
574 124.06037902832031
575 120.18350219726563
576 163.260009765625
577 160.6754150390625
578 88.306884765625
579 112.42972564697266
580 127.50650024414063
581 109.41437530517578
582 133.53721618652344
583 121.90655517578125
584 150.33705139160156
585 175.32144165039063
586 155.0754852294922
587 158.0908203125
588 161.53697204589844
589 148.61398315429688
590 133.5372314453125
591 154.6446990966797
592 133.9679718017578
593 146.46018981933594
594 153.783203125
595 135.26028442382813
596 121.47576904296875
597 98.64523315429688
598 132.2449188232422
599 108.12207794189453
600 80.1223373413086
601 139.1371612548828
602 126.64497375488281
603 149.4755401611328
604 139.13717651367188
605 94.76837158203125
606 102.95288848876953
607 118.89118957519531
608 115.44508361816406
609 66.76861572265625
610 129.6603240966797
611 98.2144775390625
612 173.16763305664063
613 162.3984832763672
614 167.99844360351563
615 93.04528045654297
616 154.6447296142578
617 124.92190551757813
618 157.2293243408203
619 116.73738098144531
620 84.8607406616211
621 64.61477661132813
622 148.18324279785156
623 146.02940368652344
624 112.42972564697266
625 118.46044921875
626 136.55258178710938
627 113.7220230102539
628 121.47579193115234
629 127.07574462890625
630 171.444580078125
631 108.55284881591797
632 85.72227478027344
633 111.99897003173828
634 148.614013671875
635 151.19863891601563
636 127.9372787475586
637 102.952880859375
638 155.5062713623047
639 182.2136993408203
640 96.49142456054688
641 114.58355712890625
642 103.3836669921875
643 95.1991195678711
644 202.8904266357422
645 131.38339233398438
646 66.76860809326172
647 73.66085052490234
648 94.33757781982422
649 115.01431274414063
650 139.56793212890625
651 124.92192077636719
652 87.01457977294922
653 80.55310821533203
654 148.614013671875
655 103.38365173339844
656 76.24545288085938
657 138.27565002441406
658 154.64474487304688
659 122.76809692382813
660 138.70639038085938
661 112.42973327636719
662 141.7217559814453
663 124.92192077636719
664 139.56796264648438
665 186.95208740234375
666 163.26004028320313
667 173.59837341308594
668 171.44456481933594
669 172.3060760498047
670 117.59891510009766
671 123.1988525390625
672 119.75273132324219
673 158.09085083007813
674 109.41438293457031
675 93.4760513305664
676 195.9981689453125
677 127.50650787353516
678 105.5374755859375
679 90.89147186279297
680 110.27589416503906
681 97.35293579101563
682 133.96798706054688
683 143.44483947753906
684 118.46044158935547
685 103.38365936279297
686 82.70692443847656
687 113.29126739501953
688 85.29151153564453
689 101.22982788085938
690 148.1832275390625
691 118.46043395996094
692 129.66033935546875
693 133.1064453125
694 134.39874267578125
695 143.44480895996094
696 144.73712158203125
697 107.6913070678711
698 141.7217559814453
699 110.70665740966797
700 42.64575958251953
701 131.38339233398438
702 146.02940368652344
703 131.8141632080078
704 151.19859313964844
705 121.04503631591797
706 133.5372314453125
707 115.8758544921875
708 162.8292694091797
709 137.41412353515625
710 134.82952880859375
711 132.67568969726563
712 199.01353454589844
713 142.5832977294922
714 165.84461975097656
715 108.98361206054688
716 151.19859313964844
717 134.3987579345703
718 92.18376159667969
719 175.75222778320313
720 139.13719177246094
721 116.73736572265625
722 130.95262145996094
723 193.84434509277344
724 108.98360443115234
725 143.87557983398438
726 146.89093017578125
727 96.49140167236328
728 105.1067123413086
729 81.41463470458984
730 142.15252685546875
731 104.24517822265625
732 109.84513854980469
733 186.95208740234375
734 124.92192077636719
735 60.73789978027344
736 100.799072265625
737 109.84513092041016
738 82.70692443847656
739 127.93728637695313
740 83.99923706054688
741 77.96849822998047
742 96.49142456054688
743 87.01457977294922
744 174.8907012939453
745 108.55284118652344
746 81.41461944580078
747 60.73789596557617
748 146.46017456054688
749 167.56765747070313
750 134.8295135498047
751 115.01431274414063
752 97.7837142944336
753 157.2292938232422
754 145.5986328125
755 115.01431274414063
756 127.50650787353516
757 139.5679473876953
758 145.5986328125
759 103.81441497802734
760 11.199895858764648
761 115.01432800292969
762 143.0140380859375
763 123.62962341308594
764 117.16812896728516
765 105.96824645996094
766 155.50625610351563
767 152.06015014648438
768 158.52162170410156
769 180.05984497070313
770 139.5679168701172
771 147.7524871826172
772 130.52186584472656
773 124.49116516113281
774 111.13742065429688
775 104.24520874023438
776 155.0755157470703
777 148.18324279785156
778 154.64471435546875
779 130.52186584472656
780 63.75325012207031
781 137.84487915039063
782 137.8448486328125
783 132.24493408203125
784 163.26004028320313
785 104.24519348144531
786 139.99868774414063
787 142.58331298828125
788 147.75245666503906
789 119.32196807861328
790 122.33731079101563
791 114.15278625488281
792 127.93727111816406
793 81.41462707519531
794 75.81468200683594
795 82.70692443847656
796 71.07626342773438
797 140.42947387695313
798 103.38367462158203
799 85.29151916503906
800 154.2139434814453
801 71.07626342773438
802 74.09160614013672
803 91.32221984863281
804 159.8139190673828
805 116.73739624023438
806 104.24518585205078
807 149.9063262939453
808 194.70587158203125
809 81.41463470458984
810 135.26028442382813
811 93.47605895996094
812 141.29098510742188
813 110.2759017944336
814 108.1220703125
815 106.82977294921875
816 83.13768005371094
817 90.8914566040039
818 143.44480895996094
819 160.6754608154297
820 141.72177124023438
821 167.13690185546875
822 113.72201538085938
823 155.93699645996094
824 156.79855346679688
825 174.89068603515625
826 92.18376159667969
827 154.21397399902344
828 125.35266876220703
829 214.95188903808594
830 178.3367919921875
831 95.62989044189453
832 102.95289611816406
833 131.8141632080078
834 99.50677490234375
835 136.98333740234375
836 124.92192840576172
837 120.61427307128906
838 147.75247192382813
839 98.21446990966797
840 34.89198303222656
841 181.35215759277344
842 98.2144775390625
843 46.522647857666016
844 83.13768768310547
845 111.13743591308594
846 144.3063507080078
847 124.92191314697266
848 84.86075592041016
849 82.2761459350586
850 113.29125213623047
851 141.7217559814453
852 153.78318786621094
853 91.75299072265625
854 86.58380889892578
855 49.538002014160156
856 111.56819152832031
857 101.22982788085938
858 96.49140930175781
859 54.707183837890625
860 107.26055145263672
861 127.07575225830078
862 105.53749084472656
863 59.44560623168945
864 94.33758544921875
865 65.476318359375
866 88.73763275146484
867 100.79906463623047
868 154.6447296142578
869 86.1530532836914
870 172.3061065673828
871 154.21395874023438
872 127.93727111816406
873 198.1520233154297
874 147.3217010498047
875 140.42947387695313
876 93.90682983398438
877 148.614013671875
878 103.3836441040039
879 118.46043395996094
880 112.86050415039063
881 163.69078063964844
882 179.19833374023438
883 209.3519287109375
884 217.1056671142578
885 245.96694946289063
886 200.30584716796875
887 165.8446044921875
888 165.41384887695313
889 108.55284118652344
890 217.53646850585938
891 121.4758071899414
892 139.13717651367188
893 186.52134704589844
894 105.10671997070313
895 121.0450210571289
896 96.92217254638672
897 106.39900970458984
898 139.5679473876953
899 200.3058319091797
900 209.35189819335938
901 149.0447540283203
902 146.89096069335938
903 167.9984588623047
904 187.81362915039063
905 106.82977294921875
906 182.64447021484375
907 124.92191314697266
908 96.0606460571289
909 129.22955322265625
910 132.24493408203125
911 168.42919921875
912 104.24518585205078
913 133.5372314453125
914 105.53748321533203
915 144.7371063232422
916 76.24544525146484
917 111.99896240234375
918 130.95263671875
919 98.6452407836914
920 136.121826171875
921 114.15278625488281
922 88.306884765625
923 90.8914566040039
924 105.96824645996094
925 117.16815185546875
926 125.35267639160156
927 119.32196807861328
928 137.84487915039063
929 53.84565734863281
930 135.26028442382813
931 164.12155151367188
932 137.41412353515625
933 161.106201171875
934 149.04476928710938
935 139.9987030029297
936 114.58356475830078
937 149.04478454589844
938 65.0455551147461
939 90.8914566040039
940 111.1374282836914
941 190.8289794921875
942 90.02993774414063
943 68.06090545654297
944 73.2300796508789
945 93.4760513305664
946 86.1530532836914
947 102.09136199951172
948 180.92138671875
949 87.44535064697266
950 195.99819946289063
951 153.35243225097656
952 170.58302307128906
953 143.87557983398438
954 167.9984588623047
955 170.1522674560547
956 118.8912124633789
957 180.05987548828125
958 115.44507598876953
959 106.82979583740234
960 139.5679473876953
961 331.689208984375
962 163.6907958984375
963 150.767822265625
964 182.21368408203125
965 102.52212524414063
966 152.0601348876953
967 142.58328247070313
968 169.2907257080078
969 123.6296157836914
970 161.53697204589844
971 152.92166137695313
972 99.07600402832031
973 169.29074096679688
974 172.73684692382813
975 93.04529571533203
976 159.3831329345703
977 175.32144165039063
978 138.275634765625
979 152.49090576171875
980 118.89120483398438
981 125.78345489501953
982 95.6298828125
983 90.02993774414063
984 48.24570846557617
985 61.599430084228516
986 60.73789978027344
987 93.4760513305664
988 166.27540588378906
989 148.18324279785156
990 138.7064208984375
991 118.46044158935547
992 142.5832977294922
993 152.92164611816406
994 220.12103271484375
995 137.4141082763672
996 161.10618591308594
997 149.04476928710938
998 183.5059814453125
999 225.72100830078125
1000 142.15252685546875
1001 166.275390625
1002 166.275390625
