# Selection 1:name C1A D2A C3A C4A C1B C2B C3B C4B Selection 2:name AUC AUSL AUL Cutoff:8 Start:0 End:-1
0 0
1 0
2 18
3 15
4 20
5 16
6 19
7 18
8 24
9 18
10 19
11 17
12 25
13 19
14 15
15 15
16 19
17 15
18 11
19 15
20 21
21 14
22 21
23 22
24 19
25 18
26 33
27 23
28 21
29 21
30 24
31 27
32 13
33 18
34 22
35 13
36 13
37 19
38 23
39 23
40 13
41 16
42 21
43 14
44 13
45 15
46 9
47 12
48 19
49 22
50 9
51 20
52 17
53 16
54 21
55 16
56 15
57 10
58 16
59 21
60 11
61 22
62 21
63 20
64 18
65 29
66 10
67 19
68 20
69 19
70 12
71 26
72 15
73 18
74 15
75 17
76 16
77 15
78 22
79 18
80 15
81 20
82 16
83 18
84 24
85 18
86 13
87 27
88 20
89 19
90 9
91 13
92 16
93 17
94 9
95 16
96 18
97 11
98 22
99 14
100 18
101 16
102 14
103 16
104 12
105 21
106 12
107 14
108 17
109 19
110 12
111 28
112 15
113 22
114 12
115 24
116 23
117 18
118 15
119 17
120 18
121 20
122 17
123 15
124 23
125 18
126 18
127 9
128 21
129 12
130 15
131 14
132 28
133 19
134 22
135 19
136 18
137 18
138 22
139 20
140 25
141 23
142 15
143 19
144 21
145 26
146 17
147 24
148 9
149 16
150 19
151 14
152 18
153 15
154 13
155 18
156 16
157 12
158 21
159 15
160 23
161 18
162 12
163 15
164 19
165 16
166 21
167 12
168 17
169 11
170 12
171 12
172 14
173 15
174 20
175 17
176 20
177 17
178 15
179 14
180 12
181 20
182 18
183 19
184 16
185 20
186 21
187 13
188 20
189 13
190 20
191 17
192 20
193 13
194 18
195 19
196 23
197 16
198 18
199 21
200 23
201 20
202 25
203 22
204 13
205 17
206 26
207 16
208 14
209 18
210 20
211 16
212 22
213 14
214 25
215 18
216 20
217 18
218 13
219 15
220 24
221 18
222 16
223 20
224 7
225 13
226 20
227 23
228 21
229 12
230 19
231 14
232 17
233 19
234 19
235 14
236 14
237 16
238 13
239 15
240 13
241 15
242 16
243 19
244 13
245 11
246 10
247 23
248 12
249 9
250 12
251 13
252 19
253 16
254 26
255 19
256 17
257 18
258 14
259 17
260 19
261 27
262 25
263 18
264 15
265 11
266 11
267 16
268 21
269 18
270 13
271 16
272 18
273 15
274 12
275 14
276 18
277 20
278 27
279 18
280 20
281 18
282 14
283 21
284 16
285 17
286 24
287 13
288 14
289 12
290 12
291 15
292 21
293 20
294 22
295 24
296 21
297 11
298 15
299 22
300 13
301 18
302 17
303 16
304 15
305 13
306 16
307 26
308 18
309 20
310 14
311 19
312 14
313 17
314 18
315 25
316 18
317 24
318 18
319 20
320 19
321 10
322 17
323 7
324 15
325 13
326 13
327 20
328 12
329 16
330 18
331 16
332 15
333 17
334 18
335 19
336 24
337 12
338 24
339 20
340 16
341 19
342 15
343 16
344 23
345 10
346 16
347 16
348 17
349 15
350 22
351 27
352 19
353 12
354 14
355 15
356 10
357 17
358 19
359 16
360 18
361 15
362 18
363 14
364 10
365 10
366 21
367 14
368 11
369 19
370 17
371 20
372 22
373 16
374 14
375 16
376 20
377 22
378 15
379 17
380 13
381 18
382 19
383 21
384 16
385 24
386 22
387 26
388 24
389 15
390 18
391 18
392 12
393 9
394 14
395 18
396 14
397 22
398 18
399 13
400 13
401 13
402 14
403 21
404 13
405 18
406 22
407 19
408 21
409 21
410 16
411 20
412 16
413 17
414 20
415 19
416 22
417 21
418 20
419 16
420 14
421 15
422 12
423 22
424 14
425 13
426 14
427 12
428 24
429 17
430 17
431 19
432 17
433 17
434 17
435 23
436 21
437 19
438 22
439 22
440 17
441 13
442 12
443 20
444 12
445 19
446 20
447 22
448 14
449 10
450 12
451 16
452 13
453 24
454 12
455 12
456 20
457 16
458 11
459 16
460 11
461 13
462 22
463 15
464 19
465 23
466 19
467 25
468 13
469 22
470 12
471 18
472 19
473 21
474 14
475 21
476 23
477 14
478 16
479 15
480 17
481 20
482 20
483 14
484 11
485 17
486 17
487 21
488 22
489 20
490 14
491 22
492 25
493 22
494 10
495 13
496 17
497 12
498 18
499 17
500 14
501 15
502 19
503 21
504 22
505 17
506 21
507 29
508 20
509 22
510 24
511 17
512 26
513 31
514 20
515 21
516 18
517 19
518 17
519 21
520 27
521 20
522 23
523 28
524 24
525 34
526 21
527 18
528 27
529 21
530 17
531 20
532 22
533 18
534 25
535 12
536 23
537 22
538 25
539 16
540 19
541 26
542 25
543 15
544 26
545 18
546 18
547 24
548 18
549 20
550 27
551 18
552 28
553 19
554 26
555 23
556 25
557 22
558 23
559 25
560 21
561 22
562 19
563 28
564 21
565 21
566 16
567 24
568 28
569 18
570 22
571 20
572 16
573 25
574 20
575 17
576 21
577 25
578 20
579 25
580 25
581 23
582 18
583 24
584 23
585 21
586 21
587 25
588 25
589 24
590 13
591 24
592 19
593 27
594 29
595 23
596 24
597 19
598 22
599 23
600 22
601 31
602 20
603 23
604 20
605 18
606 15
607 25
608 27
609 16
610 25
611 19
612 26
613 26
614 23
615 25
616 22
617 20
618 23
619 25
620 19
621 20
622 19
623 23
624 18
625 25
626 18
627 21
628 18
629 17
630 28
631 23
632 18
633 22
634 22
635 30
636 27
637 15
638 27
639 26
640 14
641 23
642 19
643 21
644 28
645 24
646 16
647 19
648 23
649 26
650 21
651 24
652 18
653 24
654 22
655 22
656 13
657 21
658 21
659 19
660 20
661 18
662 15
663 17
664 29
665 27
666 26
667 34
668 24
669 27
670 24
671 18
672 22
673 24
674 26
675 17
676 23
677 27
678 18
679 21
680 19
681 21
682 21
683 26
684 29
685 17
686 21
687 19
688 15
689 19
690 24
691 18
692 18
693 24
694 22
695 27
696 29
697 25
698 25
699 22
700 19
701 19
702 28
703 26
704 23
705 18
706 18
707 22
708 24
709 22
710 18
711 20
712 27
713 28
714 24
715 18
716 24
717 23
718 21
719 23
720 21
721 28
722 21
723 25
724 21
725 17
726 21
727 15
728 21
729 22
730 23
731 23
732 23
733 23
734 31
735 21
736 20
737 17
738 19
739 19
740 16
741 18
742 18
743 19
744 23
745 26
746 17
747 20
748 30
749 26
750 23
751 19
752 20
753 30
754 27
755 22
756 18
757 22
758 25
759 14
760 15
761 17
762 17
763 23
764 21
765 20
766 33
767 26
768 27
769 25
770 21
771 28
772 17
773 19
774 22
775 21
776 18
777 25
778 22
779 23
780 26
781 22
782 16
783 22
784 23
785 22
786 24
787 28
788 28
789 22
790 27
791 21
792 17
793 14
794 19
795 19
796 21
797 18
798 19
799 23
800 27
801 23
802 21
803 22
804 24
805 23
806 21
807 27
808 24
809 17
810 17
811 19
812 20
813 28
814 17
815 19
816 16
817 16
818 21
819 26
820 29
821 25
822 17
823 23
824 25
825 23
826 15
827 19
828 14
829 22
830 33
831 24
832 22
833 15
834 18
835 21
836 16
837 24
838 26
839 16
840 11
841 30
842 22
843 14
844 24
845 21
846 19
847 25
848 21
849 19
850 17
851 24
852 22
853 20
854 25
855 23
856 25
857 13
858 23
859 22
860 19
861 29
862 21
863 22
864 20
865 21
866 26
867 15
868 29
869 22
870 32
871 21
872 22
873 29
874 19
875 21
876 18
877 20
878 16
879 22
880 25
881 27
882 27
883 28
884 30
885 27
886 25
887 23
888 19
889 22
890 24
891 20
892 17
893 26
894 20
895 19
896 25
897 20
898 20
899 32
900 24
901 19
902 28
903 22
904 25
905 21
906 27
907 17
908 18
909 22
910 21
911 24
912 23
913 32
914 27
915 26
916 17
917 20
918 22
919 21
920 24
921 21
922 27
923 20
924 24
925 22
926 15
927 21
928 25
929 18
930 19
931 18
932 29
933 28
934 25
935 23
936 26
937 23
938 22
939 16
940 19
941 24
942 23
943 16
944 12
945 21
946 13
947 19
948 22
949 20
950 31
951 23
952 24
953 19
954 27
955 21
956 24
957 32
958 23
959 26
960 24
961 33
962 24
963 21
964 22
965 21
966 20
967 21
968 21
969 23
970 22
971 19
972 19
973 25
974 23
975 19
976 21
977 33
978 21
979 24
980 25
981 25
982 21
983 20
984 15
985 16
986 21
987 22
988 20
989 19
990 18
991 17
992 20
993 26
994 24
995 21
996 24
997 24
998 21
999 27
1000 27
1001 22
1002 22
