# Selection:resname AU POPC Restricted:name AUC AUL AUSL Radius:2.64 Start:0 End:-1
0 192.55206298828125
1 195.13665771484375
2 190.39825439453125
3 168.42919921875
4 204.1827392578125
5 203.75192260742188
6 118.0296859741211
7 219.69024658203125
8 146.46018981933594
9 176.1829833984375
10 147.3217315673828
11 143.01406860351563
12 177.0445098876953
13 147.7524871826172
14 144.3063507080078
15 146.8909454345703
16 87.44534301757813
17 174.89068603515625
18 238.21316528320313
19 173.59837341308594
20 192.12130737304688
21 185.65980529785156
22 155.93701171875
23 101.2298355102539
24 70.64550018310547
25 115.87584686279297
26 112.86048889160156
27 99.50677490234375
28 154.6446990966797
29 42.6457633972168
30 155.93701171875
31 73.23008728027344
32 194.7058868408203
33 172.7368621826172
34 181.7829132080078
35 138.275634765625
36 130.95263671875
37 161.53697204589844
38 115.8758316040039
39 124.06037902832031
40 174.4599151611328
41 180.05987548828125
42 120.61426544189453
43 189.9674530029297
44 175.32144165039063
45 99.07600402832031
46 193.41360473632813
47 139.56793212890625
48 130.52186584472656
49 168.8599853515625
50 236.92088317871094
51 136.121826171875
52 208.05960083007813
53 164.98306274414063
54 141.29098510742188
55 160.24465942382813
56 186.09059143066406
57 183.0752410888672
58 182.64447021484375
59 142.58328247070313
60 186.52133178710938
61 118.46043395996094
62 114.15278625488281
63 158.52163696289063
64 181.7829132080078
65 149.9062957763672
66 164.9830780029297
67 201.16734313964844
68 222.70562744140625
69 224.4286651611328
70 273.10516357421875
71 277.8435974121094
72 228.30557250976563
73 186.95211791992188
74 175.752197265625
75 172.7368621826172
76 200.736572265625
77 146.02940368652344
78 126.64498138427734
79 187.38287353515625
80 161.106201171875
81 143.01406860351563
82 230.02865600585938
83 136.9833526611328
84 138.70640563964844
85 214.95184326171875
86 237.7823944091797
87 116.73738861083984
88 159.38311767578125
89 145.1678924560547
90 194.7058563232422
91 183.50599670410156
92 171.0137939453125
93 155.0754852294922
94 207.1980743408203
95 161.10617065429688
96 168.85997009277344
97 244.6746368408203
98 123.19886016845703
99 211.5057373046875
100 185.6597900390625
101 192.55206298828125
102 248.12075805664063
103 184.7982940673828
104 157.2292938232422
105 237.78240966796875
106 243.3823699951172
107 261.0437316894531
108 166.70614624023438
109 75.81468963623047
110 116.30661010742188
111 86.58380889892578
112 105.5374755859375
113 134.8295135498047
114 136.5525665283203
115 191.69052124023438
116 133.1064453125
117 144.7371063232422
118 90.46070098876953
119 151.19859313964844
120 148.61402893066406
121 194.70590209960938
122 145.59864807128906
123 179.1983642578125
124 136.55258178710938
125 167.1369171142578
126 180.0598602294922
127 154.6447296142578
128 175.3214569091797
129 184.7982940673828
130 137.84487915039063
131 111.56819915771484
132 84.42999267578125
133 151.62933349609375
134 166.275390625
135 112.8604965209961
136 78.83003997802734
137 194.70587158203125
138 144.7371063232422
139 129.2295684814453
140 92.18376159667969
141 106.82977294921875
142 228.73635864257813
143 180.92140197753906
144 288.6127014160156
145 117.16813659667969
146 102.52212524414063
147 80.98387145996094
148 135.6910400390625
149 161.106201171875
150 91.75299072265625
151 174.4599151611328
152 169.72149658203125
153 259.3206481933594
154 188.24440002441406
155 151.1986083984375
156 256.7360534667969
157 221.8441162109375
158 199.87506103515625
159 168.8599853515625
160 180.49063110351563
161 123.62962341308594
162 255.4437713623047
163 110.70665740966797
164 218.39796447753906
165 266.6437072753906
166 176.18299865722656
167 189.10594177246094
168 178.33680725097656
169 289.9049987792969
170 200.73658752441406
171 205.04425048828125
172 211.50572204589844
173 205.04428100585938
174 136.9833526611328
175 181.3521728515625
176 200.73660278320313
177 140.42945861816406
178 103.81441497802734
179 240.3669891357422
180 232.6132049560547
181 222.70559692382813
182 90.89146423339844
183 142.15252685546875
184 170.5830535888672
185 220.12103271484375
186 97.7837142944336
187 163.26002502441406
188 246.39767456054688
189 222.70562744140625
190 192.1212921142578
191 192.1212921142578
192 117.16815185546875
193 141.29100036621094
194 175.75222778320313
195 207.1980438232422
196 175.75222778320313
197 183.93673706054688
198 183.93673706054688
199 203.32118225097656
200 124.06038665771484
201 158.09085083007813
202 131.8141632080078
203 235.1978302001953
204 262.33599853515625
205 187.81362915039063
206 158.5216064453125
207 118.46043395996094
208 161.9677276611328
209 180.0598602294922
210 202.45965576171875
211 188.24441528320313
212 156.36776733398438
213 163.69078063964844
214 123.62962341308594
215 113.29124450683594
216 155.93701171875
217 149.47557067871094
218 145.59866333007813
219 217.10568237304688
220 165.41384887695313
221 200.73660278320313
222 211.50575256347656
223 145.1678924560547
224 219.6902618408203
225 136.55258178710938
226 87.01457214355469
227 177.4752655029297
228 96.92218017578125
229 186.9521026611328
230 116.30661010742188
231 116.73737335205078
232 125.35266876220703
233 126.64498901367188
234 128.3680419921875
235 170.15225219726563
236 201.59812927246094
237 171.444580078125
238 108.1220703125
239 162.8292694091797
240 171.0137939453125
241 189.96746826171875
242 218.8287353515625
243 121.47579956054688
244 166.7061309814453
245 161.96771240234375
246 161.53697204589844
247 103.3836669921875
248 224.42868041992188
249 127.93727111816406
250 185.22903442382813
251 181.3521728515625
252 153.78317260742188
253 155.93702697753906
254 155.50624084472656
255 212.36724853515625
256 152.92164611816406
257 120.18350219726563
258 183.9367218017578
259 180.05987548828125
260 132.67568969726563
261 167.99842834472656
262 155.07546997070313
263 196.85971069335938
264 217.1056671142578
265 235.19784545898438
266 276.1204833984375
267 119.32197570800781
268 146.0294189453125
269 115.87584686279297
270 196.85972595214844
271 188.67520141601563
272 157.22930908203125
273 126.64495849609375
274 152.4908905029297
275 155.50625610351563
276 178.76756286621094
277 177.0445098876953
278 111.99895477294922
279 185.22903442382813
280 167.1369171142578
281 145.59864807128906
282 163.6907958984375
283 127.9372787475586
284 155.93702697753906
285 102.95288848876953
286 89.59917449951172
287 178.7675323486328
288 131.8141632080078
289 219.6903076171875
290 228.736328125
291 135.69105529785156
292 146.46017456054688
293 152.0601043701172
294 163.69081115722656
295 149.9062957763672
296 175.32147216796875
297 208.0596160888672
298 163.69076538085938
299 230.89013671875
300 169.7215118408203
301 185.65980529785156
302 207.1980743408203
303 153.78318786621094
304 180.49063110351563
305 189.96746826171875
306 165.41384887695313
307 196.428955078125
308 160.6754150390625
309 216.24415588378906
310 151.6293487548828
311 155.0754852294922
312 110.7066650390625
313 109.41436004638672
314 127.50651550292969
315 79.26080322265625
316 95.19910430908203
317 138.275634765625
318 191.25975036621094
319 65.9070816040039
320 65.90707397460938
321 226.58248901367188
322 219.259521484375
323 214.5210723876953
324 77.53773498535156
325 237.7824249267578
326 165.41384887695313
327 199.01356506347656
328 172.30609130859375
329 161.9677276611328
330 220.98255920410156
331 134.39874267578125
332 208.921142578125
333 141.29100036621094
334 199.0135498046875
335 113.72200775146484
336 138.7064208984375
337 215.38258361816406
338 151.62936401367188
339 208.92112731933594
340 206.76730346679688
341 173.59840393066406
342 193.8443603515625
343 186.95213317871094
344 148.1832275390625
345 183.93675231933594
346 156.36778259277344
347 136.55258178710938
348 236.05935668945313
349 162.39849853515625
350 105.53746795654297
351 154.64471435546875
352 180.92141723632813
353 231.32090759277344
354 214.9518280029297
355 203.32118225097656
356 243.38235473632813
357 225.2902374267578
358 165.84461975097656
359 201.16734313964844
360 167.13690185546875
361 138.27566528320313
362 184.3675079345703
363 195.13662719726563
364 195.99818420410156
365 206.3365478515625
366 185.65980529785156
367 199.44430541992188
368 228.30555725097656
369 186.09059143066406
370 227.8748016357422
371 151.19857788085938
372 165.84458923339844
373 176.1829833984375
374 205.90579223632813
375 215.38262939453125
376 205.90577697753906
377 176.18299865722656
378 156.7985382080078
379 243.38235473632813
380 229.5978240966797
381 123.19884490966797
382 197.72125244140625
383 92.61451721191406
384 109.41436767578125
385 124.92192840576172
386 162.3984832763672
387 103.81441497802734
388 168.42922973632813
389 189.96746826171875
390 137.84486389160156
391 251.13613891601563
392 238.213134765625
393 234.3363037109375
394 214.52105712890625
395 185.65982055664063
396 174.02915954589844
397 158.09083557128906
398 129.6603546142578
399 211.93649291992188
400 216.244140625
401 97.7837142944336
402 202.89044189453125
403 143.8756103515625
404 115.44508361816406
405 106.39900970458984
406 118.89120483398438
407 172.30609130859375
408 159.38314819335938
409 106.82977294921875
410 144.3063507080078
411 115.0143051147461
412 149.47555541992188
413 168.85997009277344
414 124.49116516113281
415 147.75247192382813
416 122.76809692382813
417 175.7522430419922
418 140.8602294921875
419 242.09005737304688
420 227.44403076171875
421 201.16738891601563
422 157.66006469726563
423 147.75245666503906
424 140.42947387695313
425 148.18324279785156
426 174.4599151611328
427 200.73660278320313
428 149.47552490234375
429 176.61373901367188
430 130.52188110351563
431 101.2298355102539
432 107.69132232666016
433 187.81361389160156
434 156.36778259277344
435 144.3063507080078
436 159.3831329345703
437 152.4908905029297
438 191.259765625
439 159.81393432617188
440 190.82899475097656
441 207.1980743408203
442 239.93621826171875
443 153.3524169921875
444 183.50599670410156
445 164.98306274414063
446 108.12207794189453
447 174.45989990234375
448 143.01405334472656
449 217.96719360351563
450 191.259765625
451 152.06011962890625
452 204.18272399902344
453 152.49090576171875
454 96.49141693115234
455 149.4755401611328
456 190.39820861816406
457 165.41383361816406
458 157.22930908203125
459 159.3831024169922
460 118.46045684814453
461 64.61478424072266
462 158.952392578125
463 190.3982391357422
464 113.29125213623047
465 41.35346603393555
466 174.45993041992188
467 152.06011962890625
468 171.44456481933594
469 182.64447021484375
470 279.1358642578125
471 105.96824645996094
472 126.21420288085938
473 135.26026916503906
474 202.89039611816406
475 163.69081115722656
476 174.4599151611328
477 138.275634765625
478 135.26028442382813
479 239.07470703125
480 184.79830932617188
481 188.244384765625
482 138.27565002441406
483 168.8599853515625
484 146.46018981933594
485 248.55154418945313
486 150.3370819091797
487 207.62881469726563
488 212.79800415039063
489 258.889892578125
490 159.38316345214844
491 177.0445098876953
492 280.42816162109375
493 266.6436767578125
494 159.81390380859375
495 152.9216766357422
496 164.98309326171875
497 245.5361785888672
498 196.42893981933594
499 168.85997009277344
500 169.7215118408203
501 253.720703125
502 142.15252685546875
503 152.4908905029297
504 143.8756103515625
505 139.5679473876953
506 145.1679229736328
507 161.9677276611328
508 195.9981689453125
509 141.72177124023438
510 119.32196044921875
511 220.9825439453125
512 119.75273895263672
513 94.33758544921875
514 127.07575225830078
515 137.41412353515625
516 150.76783752441406
517 171.44456481933594
518 144.3063507080078
519 168.8599853515625
520 140.86024475097656
521 207.19805908203125
522 158.952392578125
523 174.4599151611328
524 121.90654754638672
525 108.55284118652344
526 161.5369873046875
527 199.0135498046875
528 161.106201171875
529 167.1369171142578
530 183.50599670410156
531 156.7985382080078
532 180.49063110351563
533 184.7982940673828
534 196.4289093017578
535 211.50575256347656
536 221.413330078125
537 156.79856872558594
538 121.90655517578125
539 115.44510650634766
540 146.4601593017578
541 125.78346252441406
542 116.73738098144531
543 131.38340759277344
544 164.12155151367188
545 91.75301361083984
546 185.65980529785156
547 153.35243225097656
548 199.44432067871094
549 208.92115783691406
550 133.96800231933594
551 146.89093017578125
552 132.24493408203125
553 116.30662536621094
554 90.89144897460938
555 145.59866333007813
556 110.27590942382813
557 151.1986083984375
558 166.27537536621094
559 193.41358947753906
560 80.98385620117188
561 169.29071044921875
562 172.73687744140625
563 133.1064453125
564 83.13768768310547
565 76.24545288085938
566 143.01405334472656
567 67.63014221191406
568 91.32222747802734
569 161.96774291992188
570 117.16814422607422
571 102.52212524414063
572 104.24518585205078
573 109.41437530517578
574 150.76783752441406
575 175.32144165039063
576 71.93778991699219
577 110.70665740966797
578 167.1369171142578
579 139.99868774414063
580 144.73712158203125
581 130.0911102294922
582 96.49140167236328
583 102.52213287353516
584 98.2144775390625
585 93.90682220458984
586 158.5216064453125
587 158.95237731933594
588 114.15279388427734
589 189.96749877929688
590 126.64496612548828
591 113.291259765625
592 109.41436767578125
593 144.30636596679688
594 112.8604965209961
595 105.96825408935547
596 146.46017456054688
597 173.59841918945313
598 135.2602996826172
599 211.9364776611328
600 156.79855346679688
601 97.35294342041016
602 82.70692443847656
603 95.62989044189453
604 92.18375396728516
605 169.29074096679688
606 146.02940368652344
607 109.41437530517578
608 130.5218505859375
609 166.70616149902344
610 155.5062713623047
611 108.5528335571289
612 136.9833526611328
613 109.41437530517578
614 122.33731842041016
615 187.8136444091797
616 111.99895477294922
617 137.41409301757813
618 135.6910400390625
619 148.18325805664063
620 210.64419555664063
621 181.35218811035156
622 123.62962341308594
623 137.84486389160156
624 155.07550048828125
625 150.76783752441406
626 152.92164611816406
627 173.59841918945313
628 137.4141082763672
629 167.56768798828125
630 134.3987579345703
631 120.1834945678711
632 129.66033935546875
633 89.59916687011719
634 118.46044158935547
635 115.01432037353516
636 103.38365173339844
637 146.8909454345703
638 130.95263671875
639 123.62962341308594
640 180.0598602294922
641 135.2602996826172
642 199.44427490234375
643 181.782958984375
644 108.98360443115234
645 137.4141082763672
646 157.2293243408203
647 214.95184326171875
648 195.1366729736328
649 186.95211791992188
650 169.29071044921875
651 107.26054382324219
652 101.22984313964844
653 175.75222778320313
654 137.84486389160156
655 184.3675079345703
656 208.92112731933594
657 157.66006469726563
658 111.1374282836914
659 161.106201171875
660 148.18324279785156
661 158.09085083007813
662 133.96798706054688
663 105.9682388305664
664 87.44535064697266
665 102.952880859375
666 125.783447265625
667 108.1220703125
668 110.27590942382813
669 122.7680892944336
670 151.19859313964844
671 94.33758544921875
672 152.9216766357422
673 119.32197570800781
674 158.52159118652344
675 173.16761779785156
676 138.70640563964844
677 147.3217010498047
678 145.59866333007813
679 152.0601348876953
680 156.798583984375
681 186.9521026611328
682 162.3985137939453
683 154.2139434814453
684 142.5832977294922
685 139.9987030029297
686 167.99844360351563
687 185.65982055664063
688 186.090576171875
689 182.2136993408203
690 158.09085083007813
691 133.96798706054688
692 124.06038665771484
693 135.26028442382813
694 85.2915267944336
695 173.16761779785156
696 207.62884521484375
697 141.72178649902344
698 185.2290496826172
699 141.7217559814453
700 225.7209930419922
701 199.4443359375
702 131.8141632080078
703 164.55230712890625
704 97.7837142944336
705 174.0291748046875
706 135.6910400390625
707 126.21421813964844
708 94.33758544921875
709 119.75273895263672
710 124.92192077636719
711 166.27537536621094
712 109.84513854980469
713 145.1678924560547
714 177.47528076171875
715 281.7204895019531
716 120.18350219726563
717 102.95289611816406
718 168.8599853515625
719 96.49140930175781
720 111.99896240234375
721 142.58331298828125
722 111.56818389892578
723 87.87611389160156
724 171.0137939453125
725 107.26053619384766
726 133.96798706054688
727 174.02914428710938
728 143.87557983398438
729 156.36778259277344
730 178.33677673339844
731 140.8602294921875
732 147.75247192382813
733 135.26028442382813
734 164.9831085205078
735 174.8907012939453
736 115.4450912475586
737 121.90656280517578
738 167.9984588623047
739 185.65982055664063
740 196.428955078125
741 190.82901000976563
742 194.7058868408203
743 195.1366729736328
744 134.39874267578125
745 124.0604019165039
746 169.7215118408203
747 159.8139190673828
748 154.6447296142578
749 102.5221176147461
750 128.36805725097656
751 180.05987548828125
752 146.0294189453125
753 167.5677032470703
754 140.8602294921875
755 204.61349487304688
756 145.1679229736328
757 101.66059875488281
758 140.42945861816406
759 208.49037170410156
760 216.244140625
761 135.2602996826172
762 99.93753051757813
763 126.64498138427734
764 164.9830780029297
765 146.02940368652344
766 102.52212524414063
767 130.0911102294922
768 118.46044158935547
769 78.83003234863281
770 128.3680419921875
771 116.30660247802734
772 106.82977294921875
773 121.90654754638672
774 159.8139190673828
775 186.090576171875
776 122.33731842041016
777 159.81393432617188
778 131.8141632080078
779 167.56768798828125
780 156.79855346679688
781 115.44508361816406
782 111.99897003173828
783 138.70640563964844
784 125.78345489501953
785 146.0294189453125
786 93.47605895996094
787 129.2295684814453
788 131.38340759277344
789 128.3680419921875
790 158.5216064453125
791 112.42972564697266
792 144.73712158203125
793 157.6600799560547
794 180.05987548828125
795 203.32118225097656
796 227.01327514648438
797 155.5062713623047
798 113.291259765625
799 204.61346435546875
800 127.93729400634766
801 249.41310119628906
802 164.5523223876953
803 180.49061584472656
804 138.275634765625
805 109.41436767578125
806 156.79852294921875
807 135.26028442382813
808 81.84539031982422
809 169.29074096679688
810 131.38339233398438
811 155.93701171875
812 88.73762512207031
813 145.59866333007813
814 126.6449966430664
815 181.78294372558594
816 158.5216064453125
817 195.1366424560547
818 115.01431274414063
819 98.21446990966797
820 89.59916687011719
821 62.460960388183594
822 184.36752319335938
823 100.3683090209961
824 149.04476928710938
825 102.52213287353516
826 131.8141632080078
827 134.82952880859375
828 201.59812927246094
829 126.21420288085938
830 129.2295684814453
831 155.0754852294922
832 133.53724670410156
833 129.66033935546875
834 169.72149658203125
835 106.39901733398438
836 164.98309326171875
837 137.84487915039063
838 142.1525421142578
839 136.55258178710938
840 202.8904266357422
841 174.89068603515625
842 146.46018981933594
843 167.13693237304688
844 173.59837341308594
845 166.70614624023438
846 130.95263671875
847 118.89120483398438
848 166.27540588378906
849 192.9828338623047
850 114.58355712890625
851 127.93727111816406
852 147.3217010498047
853 156.79855346679688
854 169.72149658203125
855 187.81365966796875
856 237.3516387939453
857 193.41357421875
858 141.72178649902344
859 182.2136993408203
860 231.32090759277344
861 151.1986083984375
862 157.22930908203125
863 195.56739807128906
864 149.04478454589844
865 200.30581665039063
866 212.3672637939453
867 197.29049682617188
868 105.96825408935547
869 117.16815948486328
870 127.07573699951172
871 119.32197570800781
872 89.16841125488281
873 144.3063507080078
874 147.75247192382813
875 109.41436767578125
876 127.50650787353516
877 121.90653991699219
878 158.5216064453125
879 163.6907958984375
880 132.6757049560547
881 93.47604370117188
882 82.2761459350586
883 77.10697937011719
884 60.73789596557617
885 109.84513854980469
886 102.09136199951172
887 130.09109497070313
888 105.96824645996094
889 144.3063507080078
890 116.73738098144531
891 182.21368408203125
892 133.10647583007813
893 56.43024826049805
894 135.69105529785156
895 176.6137237548828
896 172.3061065673828
897 149.04478454589844
898 106.39899444580078
899 125.35269927978516
900 141.291015625
901 102.09134674072266
902 120.1834945678711
903 141.72177124023438
904 96.92219543457031
905 186.95213317871094
906 145.59866333007813
907 174.8907012939453
908 198.1520233154297
909 198.582763671875
910 149.04476928710938
911 133.10647583007813
912 157.6600799560547
913 173.16763305664063
914 126.21422576904297
915 134.8295135498047
916 189.5366973876953
917 188.2444305419922
918 158.95236206054688
919 188.24440002441406
920 171.8753204345703
921 142.5832977294922
922 195.1366729736328
923 170.58303833007813
924 167.56768798828125
925 158.95236206054688
926 163.6907958984375
927 153.35243225097656
928 190.82899475097656
929 182.2136993408203
930 217.1056671142578
931 138.7064208984375
932 87.01457214355469
933 148.18325805664063
934 106.39901733398438
935 136.55259704589844
936 143.87557983398438
937 103.81441497802734
938 205.90576171875
939 162.82925415039063
940 179.19833374023438
941 163.69081115722656
942 176.61373901367188
943 221.413330078125
944 148.18324279785156
945 152.0601348876953
946 162.82928466796875
947 148.61404418945313
948 141.72177124023438
949 131.38339233398438
950 133.10646057128906
951 100.36829376220703
952 135.69105529785156
953 104.24517822265625
954 142.58328247070313
955 108.1220703125
956 119.75273895263672
957 137.84487915039063
958 87.4453353881836
959 139.9987030029297
960 102.09135437011719
961 33.59968566894531
962 132.67568969726563
963 114.15278625488281
964 107.69131469726563
965 108.12206268310547
966 147.7524871826172
967 166.275390625
968 198.15200805664063
969 98.6452407836914
970 142.1525421142578
971 127.9372787475586
972 162.3985137939453
973 124.06039428710938
974 152.49087524414063
975 111.13742065429688
976 111.1374282836914
977 113.72201538085938
978 163.25999450683594
979 132.67568969726563
980 164.12156677246094
981 99.50677490234375
982 162.8292694091797
983 129.2295684814453
984 180.0598602294922
985 178.33680725097656
986 185.65980529785156
987 162.8292694091797
988 106.82976531982422
989 108.1220703125
990 110.2759017944336
991 103.3836441040039
992 164.98309326171875
993 151.62936401367188
994 79.69156646728516
995 133.53721618652344
996 83.1376953125
997 94.76834869384766
998 112.86048889160156
999 83.13768768310547
1000 136.12181091308594
1001 131.8141632080078
1002 131.8141632080078
