0 {1 2 3 4 5 6 7 8 9 10} {}
1 {1 2 3 4 5 6 7 8 9 10} {}
2 {1 2 3 4 5 6 7 8 9 10} {}
3 {1 2 3 4 5 6 7 8 9 10} {}
4 {1 2 3 4 5 6 7 8 9 10} {}
5 {1 2 3 4 5 6 7 8 9 10} {}
6 {1 2 3 4 5 6 7 8 9 10} {}
7 {1 2 3 4 5 6 7 8 9 10} {}
8 {1 2 3 4 5 6 7 8 9 10} {}
9 {1 2 3 4 5 6 7 8 9 10} {}
10 {1 2 4 6 7 8 9 10} {{0 0 3 0 5 0 0 0 0 0}}
11 {1 2 4 6 7 8 9 10} {{0 0 3 0 5 0 0 0 0 0}}
12 {1 2 4 6 7 8 9 10} {{0 0 3 0 5 0 0 0 0 0}}
13 {1 2 4 6 7 8 9 10} {{0 0 3 0 5 0 0 0 0 0}}
14 {1 2 4 6 7 8 9 10} {{0 0 3 0 5 0 0 0 0 0}}
15 {1 2 4 6 7 8 9 10} {{0 0 3 0 5 0 0 0 0 0}}
16 {1 2 4 6 7 8 9 10} {{0 0 3 0 5 0 0 0 0 0}}
17 {1 2 4 6 7 8 9 10} {{0 0 3 0 5 0 0 0 0 0}}
18 {1 2 4 6 7 8 9 10} {{0 0 3 0 5 0 0 0 0 0}}
19 {1 2 4 6 7 8 9 10} {{0 0 3 0 5 0 0 0 0 0}}
20 {1 2 4 6 7 8 9 10} {{0 0 3 0 5 0 0 0 0 0}}
21 {1 2 4 6 7 8 9 10} {{0 0 3 0 5 0 0 0 0 0}}
22 {1 2 4 6 7 8 9 10} {{0 0 3 0 5 0 0 0 0 0}}
23 {1 2 4 6 7 8 9 10} {{0 0 3 0 5 0 0 0 0 0}}
24 {1 2 4 6 7 8 9 10} {{0 0 3 0 5 0 0 0 0 0}}
25 {1 2 4 6 7 9} {{0 0 3 0 5 0 0 0 0 0} {0 0 0 0 0 0 0 8 0 10}}
26 {1 2 4 6 7 9} {{0 0 3 0 5 0 0 0 0 0} {0 0 0 0 0 0 0 8 0 10}}
27 {1 2 4 6 7 9} {{0 0 3 0 5 0 0 0 0 0} {0 0 0 0 0 0 0 8 0 10}}
28 {1 2 4 6 7 9} {{0 0 3 0 5 0 0 0 0 0} {0 0 0 0 0 0 0 8 0 10}}
29 {1 2 4 6 7 9} {{0 0 3 0 5 0 0 0 0 0} {0 0 0 0 0 0 0 8 0 10}}
30 {1 2 4 6 7 9} {{0 0 3 0 5 0 0 0 0 0} {0 0 0 0 0 0 0 8 0 10}}
31 {1 2 4 6 7 9} {{0 0 3 0 5 0 0 0 0 0} {0 0 0 0 0 0 0 8 0 10}}
32 {1 2 4 6 7 9} {{0 0 3 0 5 0 0 0 0 0} {0 0 0 0 0 0 0 8 0 10}}
33 {1 2 4 6 7 9} {{0 0 3 0 5 0 0 0 0 0} {0 0 0 0 0 0 0 8 0 10}}
34 {1 2 4 6 7 9} {{0 0 3 0 5 0 0 0 0 0} {0 0 0 0 0 0 0 8 0 10}}
35 {1 2 4 6 7 9} {{0 0 3 0 5 0 0 0 0 0} {0 0 0 0 0 0 0 8 0 10}}
36 {1 2 4 6 7 9} {{0 0 3 0 5 0 0 0 0 0} {0 0 0 0 0 0 0 8 0 10}}
37 {1 2 4 6 7 9} {{0 0 3 0 5 0 0 0 0 0} {0 0 0 0 0 0 0 8 0 10}}
38 {1 2 4 6 7 9} {{0 0 3 0 5 0 0 0 0 0} {0 0 0 0 0 0 0 8 0 10}}
39 {1 2 4 6 7 9} {{0 0 3 0 5 0 0 0 0 0} {0 0 0 0 0 0 0 8 0 10}}
40 {1 2 4 6 7 9} {{0 0 3 0 5 0 0 0 0 0} {0 0 0 0 0 0 0 8 0 10}}
41 {1 2 4 6 7 9} {{0 0 3 0 5 0 0 0 0 0} {0 0 0 0 0 0 0 8 0 10}}
42 {1 2 4 6 7 9} {{0 0 3 0 5 0 0 0 0 0} {0 0 0 0 0 0 0 8 0 10}}
43 {1 2 4 6 7 9} {{0 0 3 0 5 0 0 0 0 0} {0 0 0 0 0 0 0 8 0 10}}
44 {1 2 4 6 7 9} {{0 0 3 0 5 0 0 0 0 0} {0 0 0 0 0 0 0 8 0 10}}
45 {1 2 4 6 7 9} {{0 0 3 0 5 0 0 0 0 0} {0 0 0 0 0 0 0 8 0 10}}
46 {1 2 4 6 7 9} {{0 0 3 0 5 0 0 0 0 0} {0 0 0 0 0 0 0 8 0 10}}
47 {1 2 4 6 7 9} {{0 0 3 0 5 0 0 0 0 0} {0 0 0 0 0 0 0 8 0 10}}
48 {1 2 4 6 7 9} {{0 0 3 0 5 0 0 0 0 0} {0 0 0 0 0 0 0 8 0 10}}
49 {1 2 4 6 7 9} {{0 0 3 0 5 0 0 0 0 0} {0 0 0 0 0 0 0 8 0 10}}
50 {1 2 4 6 7 9} {{0 0 3 0 5 0 0 0 0 0} {0 0 0 0 0 0 0 8 0 10}}
51 {1 2 4 6 7 9} {{0 0 3 0 5 0 0 0 0 0} {0 0 0 0 0 0 0 8 0 10}}
52 {1 2 4 6 7 9} {{0 0 3 0 5 0 0 0 0 0} {0 0 0 0 0 0 0 8 0 10}}
53 {1 2 4 6 7 9} {{0 0 3 0 5 0 0 0 0 0} {0 0 0 0 0 0 0 8 0 10}}
54 {1 2 4 6 7 9} {{0 0 3 0 5 0 0 0 0 0} {0 0 0 0 0 0 0 8 0 10}}
55 {1 2 4 6 7 9} {{0 0 3 0 5 0 0 0 0 0} {0 0 0 0 0 0 0 8 0 10}}
56 {2 4 6 7} {{1 0 0 0 0 0 0 0 9 0} {0 0 3 0 5 0 0 0 0 0} {0 0 0 0 0 0 0 8 0 10}}
57 {2 4 6 7} {{1 0 0 0 0 0 0 0 9 0} {0 0 3 0 5 0 0 0 0 0} {0 0 0 0 0 0 0 8 0 10}}
58 {2 4 6 7} {{1 0 0 0 0 0 0 0 9 0} {0 0 3 0 5 0 0 0 0 0} {0 0 0 0 0 0 0 8 0 10}}
59 {2 4 6 7} {{1 0 0 0 0 0 0 0 9 0} {0 0 3 0 5 0 0 0 0 0} {0 0 0 0 0 0 0 8 0 10}}
60 {2 4 6 7} {{1 0 0 0 0 0 0 0 9 0} {0 0 3 0 5 0 0 0 0 0} {0 0 0 0 0 0 0 8 0 10}}
61 {2 4 6 7} {{1 0 0 0 0 0 0 0 9 0} {0 0 3 0 5 0 0 0 0 0} {0 0 0 0 0 0 0 8 0 10}}
62 {2 4 6 7} {{1 0 0 0 0 0 0 0 9 0} {0 0 3 0 5 0 0 0 0 0} {0 0 0 0 0 0 0 8 0 10}}
63 {2 4 6 7} {{1 0 0 0 0 0 0 0 9 0} {0 0 3 0 5 0 0 0 0 0} {0 0 0 0 0 0 0 8 0 10}}
64 {2 4 6 7} {{1 0 0 0 0 0 0 0 9 0} {0 0 3 0 5 0 0 0 0 0} {0 0 0 0 0 0 0 8 0 10}}
65 {2 4 6 7} {{1 0 0 0 0 0 0 0 9 0} {0 0 3 0 5 0 0 0 0 0} {0 0 0 0 0 0 0 8 0 10}}
66 {2 4 6 7} {{1 0 0 0 0 0 0 0 9 0} {0 0 3 0 5 0 0 0 0 0} {0 0 0 0 0 0 0 8 0 10}}
67 {2 4 6 7} {{1 0 0 0 0 0 0 0 9 0} {0 0 3 0 5 0 0 0 0 0} {0 0 0 0 0 0 0 8 0 10}}
68 {2 4 6 7} {{1 0 0 0 0 0 0 0 9 0} {0 0 3 0 5 0 0 0 0 0} {0 0 0 0 0 0 0 8 0 10}}
69 {2 4 6 7} {{1 0 0 0 0 0 0 0 9 0} {0 0 3 0 5 0 0 0 0 0} {0 0 0 0 0 0 0 8 0 10}}
70 {2 4 6 7} {{1 0 0 0 0 0 0 0 9 0} {0 0 3 0 5 0 0 0 0 0} {0 0 0 0 0 0 0 8 0 10}}
71 {2 4 6 7} {{1 0 0 0 0 0 0 0 9 0} {0 0 3 0 5 0 0 0 0 0} {0 0 0 0 0 0 0 8 0 10}}
72 {2 4 6 7} {{1 0 0 0 0 0 0 0 9 0} {0 0 3 0 5 0 0 0 0 0} {0 0 0 0 0 0 0 8 0 10}}
73 {2 4 6 7} {{1 0 0 0 0 0 0 0 9 0} {0 0 3 0 5 0 0 0 0 0} {0 0 0 0 0 0 0 8 0 10}}
74 {2 4 6 7} {{1 0 0 0 0 0 0 0 9 0} {0 0 3 0 5 0 0 0 0 0} {0 0 0 0 0 0 0 8 0 10}}
75 {2 4 6 7} {{1 0 0 0 0 0 0 0 9 0} {0 0 3 0 5 0 0 0 0 0} {0 0 0 0 0 0 0 8 0 10}}
76 {2 4 6 7} {{1 0 0 0 0 0 0 0 9 0} {0 0 3 0 5 0 0 0 0 0} {0 0 0 0 0 0 0 8 0 10}}
77 {2 4 6 7} {{1 0 0 0 0 0 0 0 9 0} {0 0 3 0 5 0 0 0 0 0} {0 0 0 0 0 0 0 8 0 10}}
78 {2 4 6 7} {{1 0 0 0 0 0 0 0 9 0} {0 0 3 0 5 0 0 0 0 0} {0 0 0 0 0 0 0 8 0 10}}
79 {2 4 6 7} {{1 0 0 0 0 0 0 0 9 0} {0 0 3 0 5 0 0 0 0 0} {0 0 0 0 0 0 0 8 0 10}}
80 {2 4 6 7} {{1 0 0 0 0 0 0 0 9 0} {0 0 3 0 5 0 0 0 0 0} {0 0 0 0 0 0 0 8 0 10}}
81 {2 4 6 7} {{1 0 0 0 0 0 0 0 9 0} {0 0 3 0 5 0 0 0 0 0} {0 0 0 0 0 0 0 8 0 10}}
82 {2 4 6 7} {{1 0 0 0 0 0 0 0 9 0} {0 0 3 0 5 0 0 0 0 0} {0 0 0 0 0 0 0 8 0 10}}
83 {2 4 6 7} {{1 0 0 0 0 0 0 0 9 0} {0 0 3 0 5 0 0 0 0 0} {0 0 0 0 0 0 0 8 0 10}}
84 {2 4 6 7} {{1 0 0 0 0 0 0 0 9 0} {0 0 3 0 5 0 0 0 0 0} {0 0 0 0 0 0 0 8 0 10}}
85 {2 4 6 7} {{1 0 0 0 0 0 0 0 9 0} {0 0 3 0 5 0 0 0 0 0} {0 0 0 0 0 0 0 8 0 10}}
86 {2 4 6 7} {{1 0 0 0 0 0 0 0 9 0} {0 0 3 0 5 0 0 0 0 0} {0 0 0 0 0 0 0 8 0 10}}
87 {2 4 6 7} {{1 0 0 0 0 0 0 0 9 0} {0 0 3 0 5 0 0 0 0 0} {0 0 0 0 0 0 0 8 0 10}}
88 {2 4 6 7} {{1 0 0 0 0 0 0 0 9 0} {0 0 3 0 5 0 0 0 0 0} {0 0 0 0 0 0 0 8 0 10}}
89 {2 4 6 7} {{1 0 0 0 0 0 0 0 9 0} {0 0 3 0 5 0 0 0 0 0} {0 0 0 0 0 0 0 8 0 10}}
90 {2 4 6 7} {{1 0 0 0 0 0 0 0 9 0} {0 0 3 0 5 0 0 0 0 0} {0 0 0 0 0 0 0 8 0 10}}
91 {2 4 6 7} {{1 0 0 0 0 0 0 0 9 0} {0 0 3 0 5 0 0 0 0 0} {0 0 0 0 0 0 0 8 0 10}}
92 {2 4 6 7} {{1 0 0 0 0 0 0 0 9 0} {0 0 3 0 5 0 0 0 0 0} {0 0 0 0 0 0 0 8 0 10}}
93 {2 4 6 7} {{1 0 0 0 0 0 0 0 9 0} {0 0 3 0 5 0 0 0 0 0} {0 0 0 0 0 0 0 8 0 10}}
94 {2 4 6 7} {{1 0 0 0 0 0 0 0 9 0} {0 0 3 0 5 0 0 0 0 0} {0 0 0 0 0 0 0 8 0 10}}
95 {2 4 6 7} {{1 0 0 0 0 0 0 0 9 0} {0 0 3 0 5 0 0 0 0 0} {0 0 0 0 0 0 0 8 0 10}}
96 {2 4 6 7} {{1 0 0 0 0 0 0 0 9 0} {0 0 3 0 5 0 0 0 0 0} {0 0 0 0 0 0 0 8 0 10}}
97 {2 4 6 7} {{1 0 0 0 0 0 0 0 9 0} {0 0 3 0 5 0 0 0 0 0} {0 0 0 0 0 0 0 8 0 10}}
98 {2 4 6 7} {{1 0 0 0 0 0 0 0 9 0} {0 0 3 0 5 0 0 0 0 0} {0 0 0 0 0 0 0 8 0 10}}
99 {2 4 6 7} {{1 0 0 0 0 0 0 0 9 0} {0 0 3 0 5 0 0 0 0 0} {0 0 0 0 0 0 0 8 0 10}}
100 {2 4 6 7} {{1 0 0 0 0 0 0 0 9 0} {0 0 3 0 5 0 0 0 0 0} {0 0 0 0 0 0 0 8 0 10}}
101 {2 4 6 7} {{1 0 0 0 0 0 0 0 9 0} {0 0 3 0 5 0 0 0 0 0} {0 0 0 0 0 0 0 8 0 10}}
102 {2 4 6 7} {{1 0 0 0 0 0 0 0 9 0} {0 0 3 0 5 0 0 0 0 0} {0 0 0 0 0 0 0 8 0 10}}
103 {2 4 6 7} {{1 0 0 0 0 0 0 0 9 0} {0 0 3 0 5 0 0 0 0 0} {0 0 0 0 0 0 0 8 0 10}}
104 {2 4 6 7} {{1 0 0 0 0 0 0 0 9 0} {0 0 3 0 5 0 0 0 0 0} {0 0 0 0 0 0 0 8 0 10}}
105 {2 4 6 7} {{1 0 0 0 0 0 0 0 9 0} {0 0 3 0 5 0 0 0 0 0} {0 0 0 0 0 0 0 8 0 10}}
106 {2 4 6 7} {{1 0 0 0 0 0 0 0 9 0} {0 0 3 0 5 0 0 0 0 0} {0 0 0 0 0 0 0 8 0 10}}
107 {2 4 6 7} {{1 0 0 0 0 0 0 0 9 0} {0 0 3 0 5 0 0 0 0 0} {0 0 0 0 0 0 0 8 0 10}}
108 {2 4 6 7} {{1 0 0 0 0 0 0 0 9 0} {0 0 3 0 5 0 0 0 0 0} {0 0 0 0 0 0 0 8 0 10}}
109 {2 4 6 7} {{1 0 0 0 0 0 0 0 9 0} {0 0 3 0 5 0 0 0 0 0} {0 0 0 0 0 0 0 8 0 10}}
110 {2 4 6 7} {{1 0 0 0 0 0 0 0 9 0} {0 0 3 0 5 0 0 0 0 0} {0 0 0 0 0 0 0 8 0 10}}
111 {2 4 6 7} {{1 0 0 0 0 0 0 0 9 0} {0 0 3 0 5 0 0 0 0 0} {0 0 0 0 0 0 0 8 0 10}}
112 {2 4 6 7} {{1 0 0 0 0 0 0 0 9 0} {0 0 3 0 5 0 0 0 0 0} {0 0 0 0 0 0 0 8 0 10}}
113 {2 4 6 7} {{1 0 0 0 0 0 0 0 9 0} {0 0 3 0 5 0 0 0 0 0} {0 0 0 0 0 0 0 8 0 10}}
114 {2 4 6 7} {{1 0 0 0 0 0 0 0 9 0} {0 0 3 0 5 0 0 0 0 0} {0 0 0 0 0 0 0 8 0 10}}
115 {2 4 6 7} {{1 0 0 0 0 0 0 0 9 0} {0 0 3 0 5 0 0 0 0 0} {0 0 0 0 0 0 0 8 0 10}}
116 {2 4 6 7} {{1 0 0 0 0 0 0 0 9 0} {0 0 3 0 5 0 0 0 0 0} {0 0 0 0 0 0 0 8 0 10}}
117 {2 4 6 7} {{1 0 0 0 0 0 0 0 9 0} {0 0 3 0 5 0 0 0 0 0} {0 0 0 0 0 0 0 8 0 10}}
118 {2 4 6 7} {{1 0 0 0 0 0 0 0 9 0} {0 0 3 0 5 0 0 0 0 0} {0 0 0 0 0 0 0 8 0 10}}
119 {2 4 6 7} {{1 0 0 0 0 0 0 0 9 0} {0 0 3 0 5 0 0 0 0 0} {0 0 0 0 0 0 0 8 0 10}}
120 {2 4 6 7} {{1 0 0 0 0 0 0 0 9 0} {0 0 3 0 5 0 0 0 0 0} {0 0 0 0 0 0 0 8 0 10}}
121 {2 4 6 7} {{1 0 0 0 0 0 0 0 9 0} {0 0 3 0 5 0 0 0 0 0} {0 0 0 0 0 0 0 8 0 10}}
122 {2 4 6 7} {{1 0 0 0 0 0 0 0 9 0} {0 0 3 0 5 0 0 0 0 0} {0 0 0 0 0 0 0 8 0 10}}
123 {2 4 6 7} {{1 0 0 0 0 0 0 0 9 0} {0 0 3 0 5 0 0 0 0 0} {0 0 0 0 0 0 0 8 0 10}}
124 {2 4 6 7} {{1 0 0 0 0 0 0 0 9 0} {0 0 3 0 5 0 0 0 0 0} {0 0 0 0 0 0 0 8 0 10}}
125 {2 4 6 7} {{1 0 0 0 0 0 0 0 9 0} {0 0 3 0 5 0 0 0 0 0} {0 0 0 0 0 0 0 8 0 10}}
126 {2 4 6 7} {{1 0 0 0 0 0 0 0 9 0} {0 0 3 0 5 0 0 0 0 0} {0 0 0 0 0 0 0 8 0 10}}
127 {2 4 6 7} {{1 0 0 0 0 0 0 0 9 0} {0 0 3 0 5 0 0 0 0 0} {0 0 0 0 0 0 0 8 0 10}}
128 {2 4 6 7} {{1 0 0 0 0 0 0 0 9 0} {0 0 3 0 5 0 0 0 0 0} {0 0 0 0 0 0 0 8 0 10}}
129 {2 4 6 7} {{1 0 0 0 0 0 0 0 9 0} {0 0 3 0 5 0 0 0 0 0} {0 0 0 0 0 0 0 8 0 10}}
130 {2 4 6 7} {{1 0 0 0 0 0 0 0 9 0} {0 0 3 0 5 0 0 0 0 0} {0 0 0 0 0 0 0 8 0 10}}
131 {2 4 6} {{1 0 0 0 0 0 7 0 9 0} {0 0 3 0 5 0 0 0 0 0} {0 0 0 0 0 0 0 8 0 10}}
132 {2 4 6} {{1 0 0 0 0 0 7 0 9 0} {0 0 3 0 5 0 0 0 0 0} {0 0 0 0 0 0 0 8 0 10}}
133 {2 4 6} {{1 0 0 0 0 0 7 0 9 0} {0 0 3 0 5 0 0 0 0 0} {0 0 0 0 0 0 0 8 0 10}}
134 {2 4 6} {{1 0 0 0 0 0 7 0 9 0} {0 0 3 0 5 0 0 0 0 0} {0 0 0 0 0 0 0 8 0 10}}
135 {2 4 6} {{1 0 0 0 0 0 7 0 9 0} {0 0 3 0 5 0 0 0 0 0} {0 0 0 0 0 0 0 8 0 10}}
136 {2 4 6} {{1 0 0 0 0 0 7 0 9 0} {0 0 3 0 5 0 0 0 0 0} {0 0 0 0 0 0 0 8 0 10}}
137 {2 4 6} {{1 0 0 0 0 0 7 0 9 0} {0 0 3 0 5 0 0 0 0 0} {0 0 0 0 0 0 0 8 0 10}}
138 {2 4 6} {{1 0 0 0 0 0 7 0 9 0} {0 0 3 0 5 0 0 0 0 0} {0 0 0 0 0 0 0 8 0 10}}
139 {2 4 6} {{1 0 0 0 0 0 7 0 9 0} {0 0 3 0 5 0 0 0 0 0} {0 0 0 0 0 0 0 8 0 10}}
140 {2 4 6} {{1 0 0 0 0 0 7 0 9 0} {0 0 3 0 5 0 0 0 0 0} {0 0 0 0 0 0 0 8 0 10}}
141 {2 4 6} {{1 0 0 0 0 0 7 0 9 0} {0 0 3 0 5 0 0 0 0 0} {0 0 0 0 0 0 0 8 0 10}}
142 {2 4 6} {{1 0 0 0 0 0 7 0 9 0} {0 0 3 0 5 0 0 0 0 0} {0 0 0 0 0 0 0 8 0 10}}
143 {2 4 6} {{1 0 0 0 0 0 7 0 9 0} {0 0 3 0 5 0 0 0 0 0} {0 0 0 0 0 0 0 8 0 10}}
144 {2 4 6} {{1 0 0 0 0 0 7 0 9 0} {0 0 3 0 5 0 0 0 0 0} {0 0 0 0 0 0 0 8 0 10}}
145 {2 4 6} {{1 0 0 0 0 0 7 0 9 0} {0 0 3 0 5 0 0 0 0 0} {0 0 0 0 0 0 0 8 0 10}}
146 4 {{1 0 0 0 0 0 7 0 9 0} {0 2 0 0 0 6 0 0 0 0} {0 0 3 0 5 0 0 0 0 0} {0 0 0 0 0 0 0 8 0 10}}
147 4 {{1 0 0 0 0 0 7 0 9 0} {0 2 0 0 0 6 0 0 0 0} {0 0 3 0 5 0 0 0 0 0} {0 0 0 0 0 0 0 8 0 10}}
148 4 {{1 0 0 0 0 0 7 0 9 0} {0 2 0 0 0 6 0 0 0 0} {0 0 3 0 5 0 0 0 0 0} {0 0 0 0 0 0 0 8 0 10}}
149 4 {{1 0 0 0 0 0 7 0 9 0} {0 2 0 0 0 6 0 0 0 0} {0 0 3 0 5 0 0 0 0 0} {0 0 0 0 0 0 0 8 0 10}}
150 4 {{1 0 0 0 0 0 7 0 9 0} {0 2 0 0 0 6 0 0 0 0} {0 0 3 0 5 0 0 0 0 0} {0 0 0 0 0 0 0 8 0 10}}
151 4 {{1 0 0 0 0 0 7 0 9 0} {0 2 0 0 0 6 0 0 0 0} {0 0 3 0 5 0 0 0 0 0} {0 0 0 0 0 0 0 8 0 10}}
152 4 {{1 0 0 0 0 0 7 0 9 0} {0 2 0 0 0 6 0 0 0 0} {0 0 3 0 5 0 0 0 0 0} {0 0 0 0 0 0 0 8 0 10}}
153 4 {{1 0 0 0 0 0 7 0 9 0} {0 2 0 0 0 6 0 0 0 0} {0 0 3 0 5 0 0 0 0 0} {0 0 0 0 0 0 0 8 0 10}}
154 4 {{1 0 0 0 0 0 7 0 9 0} {0 2 0 0 0 6 0 0 0 0} {0 0 3 0 5 0 0 0 0 0} {0 0 0 0 0 0 0 8 0 10}}
155 4 {{1 0 0 0 0 0 7 0 9 0} {0 2 0 0 0 6 0 0 0 0} {0 0 3 0 5 0 0 0 0 0} {0 0 0 0 0 0 0 8 0 10}}
156 4 {{1 0 0 0 0 0 7 0 9 0} {0 2 0 0 0 6 0 0 0 0} {0 0 3 0 5 0 0 0 0 0} {0 0 0 0 0 0 0 8 0 10}}
157 4 {{1 0 0 0 0 0 7 0 9 0} {0 2 0 0 0 6 0 0 0 0} {0 0 3 0 5 0 0 0 0 0} {0 0 0 0 0 0 0 8 0 10}}
158 4 {{1 0 0 0 0 0 7 0 9 0} {0 2 0 0 0 6 0 0 0 0} {0 0 3 0 5 0 0 0 0 0} {0 0 0 0 0 0 0 8 0 10}}
159 4 {{1 0 0 0 0 0 7 0 9 0} {0 2 0 0 0 6 0 0 0 0} {0 0 3 0 5 0 0 0 0 0} {0 0 0 0 0 0 0 8 0 10}}
160 4 {{1 0 0 0 0 0 7 0 9 0} {0 2 0 0 0 6 0 0 0 0} {0 0 3 0 5 0 0 0 0 0} {0 0 0 0 0 0 0 8 0 10}}
161 4 {{1 0 0 0 0 0 7 0 9 0} {0 2 0 0 0 6 0 0 0 0} {0 0 3 0 5 0 0 0 0 0} {0 0 0 0 0 0 0 8 0 10}}
162 {} {{1 0 0 4 0 0 7 0 9 0} {0 2 0 0 0 6 0 0 0 0} {0 0 3 0 5 0 0 0 0 0} {0 0 0 0 0 0 0 8 0 10}}
163 4 {{1 0 0 0 0 0 7 0 9 0} {0 2 0 0 0 6 0 0 0 0} {0 0 3 0 5 0 0 0 0 0} {0 0 0 0 0 0 0 8 0 10}}
164 {} {{1 0 0 4 0 0 7 0 9 0} {0 2 0 0 0 6 0 0 0 0} {0 0 3 0 5 0 0 0 0 0} {0 0 0 0 0 0 0 8 0 10}}
165 {} {{1 0 0 4 0 0 7 0 9 0} {0 2 0 0 0 6 0 0 0 0} {0 0 3 0 5 0 0 0 0 0} {0 0 0 0 0 0 0 8 0 10}}
166 {} {{1 0 0 4 0 0 7 0 9 0} {0 2 0 0 0 6 0 0 0 0} {0 0 3 0 5 0 0 0 0 0} {0 0 0 0 0 0 0 8 0 10}}
167 {} {{1 0 0 4 0 0 7 0 9 0} {0 2 0 0 0 6 0 0 0 0} {0 0 3 0 5 0 0 0 0 0} {0 0 0 0 0 0 0 8 0 10}}
168 {} {{1 0 0 4 0 0 7 0 9 0} {0 2 0 0 0 6 0 0 0 0} {0 0 3 0 5 0 0 0 0 0} {0 0 0 0 0 0 0 8 0 10}}
169 {} {{1 0 0 4 0 0 7 0 9 0} {0 2 0 0 0 6 0 0 0 0} {0 0 3 0 5 0 0 0 0 0} {0 0 0 0 0 0 0 8 0 10}}
170 {} {{1 0 0 4 0 0 7 0 9 0} {0 2 0 0 0 6 0 0 0 0} {0 0 3 0 5 0 0 0 0 0} {0 0 0 0 0 0 0 8 0 10}}
171 {} {{1 0 0 4 0 0 7 0 9 0} {0 2 0 0 0 6 0 0 0 0} {0 0 3 0 5 0 0 0 0 0} {0 0 0 0 0 0 0 8 0 10}}
172 {} {{1 0 0 4 0 0 7 0 9 0} {0 2 0 0 0 6 0 0 0 0} {0 0 3 0 5 0 0 0 0 0} {0 0 0 0 0 0 0 8 0 10}}
173 {} {{1 0 0 4 0 0 7 0 9 0} {0 2 0 0 0 6 0 0 0 0} {0 0 3 0 5 0 0 0 0 0} {0 0 0 0 0 0 0 8 0 10}}
174 {} {{1 0 0 4 0 0 7 0 9 0} {0 2 0 0 0 6 0 0 0 0} {0 0 3 0 5 0 0 0 0 0} {0 0 0 0 0 0 0 8 0 10}}
175 {} {{1 0 0 4 0 0 7 0 9 0} {0 2 0 0 0 6 0 0 0 0} {0 0 3 0 5 0 0 0 0 0} {0 0 0 0 0 0 0 8 0 10}}
176 {} {{1 0 0 4 0 0 7 0 9 0} {0 2 0 0 0 6 0 0 0 0} {0 0 3 0 5 0 0 0 0 0} {0 0 0 0 0 0 0 8 0 10}}
177 {} {{1 0 0 4 0 0 7 0 9 0} {0 2 0 0 0 6 0 0 0 0} {0 0 3 0 5 0 0 0 0 0} {0 0 0 0 0 0 0 8 0 10}}
178 {} {{1 0 0 4 0 0 7 0 9 0} {0 2 0 0 0 6 0 0 0 0} {0 0 3 0 5 0 0 0 0 0} {0 0 0 0 0 0 0 8 0 10}}
179 {} {{1 0 0 4 0 0 7 0 9 0} {0 2 0 0 0 6 0 0 0 0} {0 0 3 0 5 0 0 0 0 0} {0 0 0 0 0 0 0 8 0 10}}
180 {} {{1 0 0 4 0 0 7 0 9 0} {0 2 0 0 0 6 0 0 0 0} {0 0 3 0 5 0 0 0 0 0} {0 0 0 0 0 0 0 8 0 10}}
181 {} {{1 0 0 4 0 0 7 0 9 0} {0 2 0 0 0 6 0 0 0 0} {0 0 3 0 5 0 0 0 0 0} {0 0 0 0 0 0 0 8 0 10}}
182 {} {{1 0 0 4 0 0 7 0 9 0} {0 2 0 0 0 6 0 0 0 0} {0 0 3 0 5 0 0 0 0 0} {0 0 0 0 0 0 0 8 0 10}}
183 {} {{1 0 0 4 0 0 7 0 9 0} {0 2 0 0 0 6 0 0 0 0} {0 0 3 0 5 0 0 0 0 0} {0 0 0 0 0 0 0 8 0 10}}
184 {} {{1 0 0 4 0 0 7 0 9 0} {0 2 0 0 0 6 0 0 0 0} {0 0 3 0 5 0 0 0 0 0} {0 0 0 0 0 0 0 8 0 10}}
185 {} {{1 0 0 4 0 0 7 0 9 0} {0 2 0 0 0 6 0 0 0 0} {0 0 3 0 5 0 0 0 0 0} {0 0 0 0 0 0 0 8 0 10}}
186 {} {{1 0 0 4 0 0 7 0 9 0} {0 2 0 0 0 6 0 0 0 0} {0 0 3 0 5 0 0 0 0 0} {0 0 0 0 0 0 0 8 0 10}}
187 {} {{1 0 0 4 0 0 7 0 9 0} {0 2 0 0 0 6 0 0 0 0} {0 0 3 0 5 0 0 0 0 0} {0 0 0 0 0 0 0 8 0 10}}
188 {} {{1 0 0 4 0 0 7 0 9 0} {0 2 0 0 0 6 0 0 0 0} {0 0 3 0 5 0 0 0 0 0} {0 0 0 0 0 0 0 8 0 10}}
189 {} {{1 0 0 4 0 0 7 0 9 0} {0 2 0 0 0 6 0 0 0 0} {0 0 3 0 5 0 0 0 0 0} {0 0 0 0 0 0 0 8 0 10}}
190 {} {{1 0 0 4 0 0 7 0 9 0} {0 2 0 0 0 6 0 0 0 0} {0 0 3 0 5 0 0 0 0 0} {0 0 0 0 0 0 0 8 0 10}}
191 {} {{1 0 0 4 0 0 7 0 9 0} {0 2 0 0 0 6 0 0 0 0} {0 0 3 0 5 0 0 0 0 0} {0 0 0 0 0 0 0 8 0 10}}
192 {} {{1 0 0 4 0 0 7 0 9 0} {0 2 0 0 0 6 0 0 0 0} {0 0 3 0 5 0 0 0 0 0} {0 0 0 0 0 0 0 8 0 10}}
193 {} {{1 0 0 4 0 0 7 0 9 0} {0 2 0 0 0 6 0 0 0 0} {0 0 3 0 5 0 0 0 0 0} {0 0 0 0 0 0 0 8 0 10}}
194 {} {{1 0 0 4 0 0 7 0 9 0} {0 2 0 0 0 6 0 0 0 0} {0 0 3 0 5 0 0 8 0 10}}
195 {} {{1 0 0 4 0 0 7 0 9 0} {0 2 0 0 0 6 0 0 0 0} {0 0 3 0 5 0 0 8 0 10}}
196 {} {{1 0 0 4 0 0 7 0 9 0} {0 2 0 0 0 6 0 0 0 0} {0 0 3 0 5 0 0 8 0 10}}
197 {} {{1 0 0 4 0 0 7 0 9 0} {0 2 0 0 0 6 0 0 0 0} {0 0 3 0 5 0 0 8 0 10}}
198 {} {{1 0 0 4 0 0 7 0 9 0} {0 2 0 0 0 6 0 0 0 0} {0 0 3 0 5 0 0 8 0 10}}
199 {} {{1 0 0 4 0 0 7 0 9 0} {0 2 0 0 0 6 0 0 0 0} {0 0 3 0 5 0 0 8 0 10}}
200 {} {{1 0 0 4 0 0 7 0 9 0} {0 2 0 0 0 6 0 0 0 0} {0 0 3 0 5 0 0 8 0 10}}
201 {} {{1 0 0 4 0 0 7 0 9 0} {0 2 0 0 0 6 0 0 0 0} {0 0 3 0 5 0 0 8 0 10}}
202 {} {{1 0 0 4 0 0 7 0 9 0} {0 2 0 0 0 6 0 0 0 0} {0 0 3 0 5 0 0 8 0 10}}
203 {} {{1 0 0 4 0 0 7 0 9 0} {0 2 0 0 0 6 0 0 0 0} {0 0 3 0 5 0 0 8 0 10}}
204 {} {{1 0 0 4 0 0 7 0 9 0} {0 2 0 0 0 6 0 0 0 0} {0 0 3 0 5 0 0 8 0 10}}
205 {} {{1 0 0 4 0 0 7 0 9 0} {0 2 0 0 0 6 0 0 0 0} {0 0 3 0 5 0 0 8 0 10}}
206 {} {{1 0 0 4 0 0 7 0 9 0} {0 2 0 0 0 6 0 0 0 0} {0 0 3 0 5 0 0 8 0 10}}
207 {} {{1 0 0 4 0 0 7 0 9 0} {0 2 0 0 0 6 0 0 0 0} {0 0 3 0 5 0 0 8 0 10}}
208 {} {{1 0 0 4 0 0 7 0 9 0} {0 2 0 0 0 6 0 0 0 0} {0 0 3 0 5 0 0 8 0 10}}
209 {} {{1 0 0 4 0 0 7 0 9 0} {0 2 0 0 0 6 0 0 0 0} {0 0 3 0 5 0 0 8 0 10}}
210 {} {{1 0 0 4 0 0 7 0 9 0} {0 2 0 0 0 6 0 0 0 0} {0 0 3 0 5 0 0 8 0 10}}
211 {} {{1 0 0 4 0 0 7 0 9 0} {0 2 0 0 0 6 0 0 0 0} {0 0 3 0 5 0 0 8 0 10}}
212 {} {{1 0 0 4 0 0 7 0 9 0} {0 2 0 0 0 6 0 0 0 0} {0 0 3 0 5 0 0 8 0 10}}
213 {} {{1 0 0 4 0 0 7 0 9 0} {0 2 0 0 0 6 0 0 0 0} {0 0 3 0 5 0 0 8 0 10}}
214 {} {{1 0 0 4 0 0 7 0 9 0} {0 2 0 0 0 6 0 0 0 0} {0 0 3 0 5 0 0 8 0 10}}
215 {} {{1 0 0 4 0 0 7 0 9 0} {0 2 0 0 0 6 0 0 0 0} {0 0 3 0 5 0 0 8 0 10}}
216 {} {{1 0 0 4 0 0 7 0 9 0} {0 2 0 0 0 6 0 0 0 0} {0 0 3 0 5 0 0 8 0 10}}
217 {} {{1 0 0 4 0 0 7 0 9 0} {0 2 0 0 0 6 0 0 0 0} {0 0 3 0 5 0 0 8 0 10}}
218 {} {{1 0 0 4 0 0 7 0 9 0} {0 2 0 0 0 6 0 0 0 0} {0 0 3 0 5 0 0 8 0 10}}
219 {} {{1 0 0 4 0 0 7 0 9 0} {0 2 0 0 0 6 0 0 0 0} {0 0 3 0 5 0 0 8 0 10}}
220 {} {{1 0 0 4 0 0 7 0 9 0} {0 2 0 0 0 6 0 0 0 0} {0 0 3 0 5 0 0 8 0 10}}
221 {} {{1 0 0 4 0 0 7 0 9 0} {0 2 0 0 0 6 0 0 0 0} {0 0 3 0 5 0 0 8 0 10}}
222 {} {{1 0 0 4 0 0 7 0 9 0} {0 2 0 0 0 6 0 0 0 0} {0 0 3 0 5 0 0 8 0 10}}
223 {} {{1 0 0 4 0 0 7 0 9 0} {0 2 0 0 0 6 0 0 0 0} {0 0 3 0 5 0 0 8 0 10}}
224 {} {{1 0 0 4 0 0 7 0 9 0} {0 2 0 0 0 6 0 0 0 0} {0 0 3 0 5 0 0 8 0 10}}
225 {} {{1 0 0 4 0 0 7 0 9 0} {0 2 0 0 0 6 0 0 0 0} {0 0 3 0 5 0 0 8 0 10}}
226 {} {{1 0 0 4 0 0 7 0 9 0} {0 2 0 0 0 6 0 0 0 0} {0 0 3 0 5 0 0 8 0 10}}
227 {} {{1 0 0 4 0 0 7 0 9 0} {0 2 0 0 0 6 0 0 0 0} {0 0 3 0 5 0 0 8 0 10}}
228 {} {{1 0 0 4 0 0 7 0 9 0} {0 2 0 0 0 6 0 0 0 0} {0 0 3 0 5 0 0 8 0 10}}
229 {} {{1 0 0 4 0 0 7 0 9 0} {0 2 0 0 0 6 0 0 0 0} {0 0 3 0 5 0 0 8 0 10}}
230 {} {{1 0 0 4 0 0 7 0 9 0} {0 2 0 0 0 6 0 0 0 0} {0 0 3 0 5 0 0 8 0 10}}
231 {} {{1 0 0 4 0 0 7 0 9 0} {0 2 0 0 0 6 0 0 0 0} {0 0 3 0 5 0 0 8 0 10}}
232 {} {{1 0 0 4 0 0 7 0 9 0} {0 2 0 0 0 6 0 0 0 0} {0 0 3 0 5 0 0 8 0 10}}
233 {} {{1 0 0 4 0 0 7 0 9 0} {0 2 0 0 0 6 0 0 0 0} {0 0 3 0 5 0 0 8 0 10}}
234 {} {{1 0 0 4 0 0 7 0 9 0} {0 2 0 0 0 6 0 0 0 0} {0 0 3 0 5 0 0 8 0 10}}
235 {} {{1 0 0 4 0 0 7 0 9 0} {0 2 0 0 0 6 0 0 0 0} {0 0 3 0 5 0 0 8 0 10}}
236 {} {{1 0 0 4 0 0 7 0 9 0} {0 2 0 0 0 6 0 0 0 0} {0 0 3 0 5 0 0 8 0 10}}
237 {} {{1 0 0 4 0 0 7 0 9 0} {0 2 0 0 0 6 0 0 0 0} {0 0 3 0 5 0 0 8 0 10}}
238 {} {{1 0 0 4 0 0 7 0 9 0} {0 2 0 0 0 6 0 0 0 0} {0 0 3 0 5 0 0 8 0 10}}
239 {} {{1 0 0 4 0 0 7 0 9 0} {0 2 0 0 0 6 0 0 0 0} {0 0 3 0 5 0 0 8 0 10}}
240 {} {{1 0 0 4 0 0 7 0 9 0} {0 2 0 0 0 6 0 0 0 0} {0 0 3 0 5 0 0 8 0 10}}
241 {} {{1 0 0 4 0 0 7 0 9 0} {0 2 0 0 0 6 0 0 0 0} {0 0 3 0 5 0 0 8 0 10}}
242 {} {{1 0 0 4 0 0 7 0 9 0} {0 2 0 0 0 6 0 0 0 0} {0 0 3 0 5 0 0 8 0 10}}
243 {} {{1 0 0 4 0 0 7 0 9 0} {0 2 0 0 0 6 0 0 0 0} {0 0 3 0 5 0 0 8 0 10}}
244 {} {{1 0 0 4 0 0 7 0 9 0} {0 2 0 0 0 6 0 0 0 0} {0 0 3 0 5 0 0 8 0 10}}
245 {} {{1 0 0 4 0 0 7 0 9 0} {0 2 0 0 0 6 0 0 0 0} {0 0 3 0 5 0 0 8 0 10}}
246 {} {{1 0 0 4 0 0 7 0 9 0} {0 2 0 0 0 6 0 0 0 0} {0 0 3 0 5 0 0 8 0 10}}
247 {} {{1 0 0 4 0 0 7 0 9 0} {0 2 0 0 0 6 0 0 0 0} {0 0 3 0 5 0 0 8 0 10}}
248 {} {{1 0 0 4 0 0 7 0 9 0} {0 2 0 0 0 6 0 0 0 0} {0 0 3 0 5 0 0 8 0 10}}
249 {} {{1 0 0 4 0 0 7 0 9 0} {0 2 0 0 0 6 0 0 0 0} {0 0 3 0 5 0 0 8 0 10}}
250 {} {{1 0 0 4 0 0 7 0 9 0} {0 2 0 0 0 6 0 0 0 0} {0 0 3 0 5 0 0 8 0 10}}
251 {} {{1 0 0 4 0 0 7 0 9 0} {0 2 0 0 0 6 0 0 0 0} {0 0 3 0 5 0 0 8 0 10}}
252 {} {{1 0 0 4 0 0 7 0 9 0} {0 2 0 0 0 6 0 0 0 0} {0 0 3 0 5 0 0 8 0 10}}
253 {} {{1 0 0 4 0 0 7 0 9 0} {0 2 0 0 0 6 0 0 0 0} {0 0 3 0 5 0 0 8 0 10}}
254 {} {{1 0 0 4 0 0 7 0 9 0} {0 2 0 0 0 6 0 0 0 0} {0 0 3 0 5 0 0 8 0 10}}
255 {} {{1 0 0 4 0 0 7 0 9 0} {0 2 0 0 0 6 0 0 0 0} {0 0 3 0 5 0 0 8 0 10}}
256 {} {{1 0 0 4 0 0 7 0 9 0} {0 2 0 0 0 6 0 0 0 0} {0 0 3 0 5 0 0 8 0 10}}
257 {} {{1 0 0 4 0 0 7 0 9 0} {0 2 0 0 0 6 0 0 0 0} {0 0 3 0 5 0 0 8 0 10}}
258 {} {{1 0 0 4 0 0 7 0 9 0} {0 2 0 0 0 6 0 0 0 0} {0 0 3 0 5 0 0 8 0 10}}
259 {} {{1 0 0 4 0 0 7 0 9 0} {0 2 0 0 0 6 0 0 0 0} {0 0 3 0 5 0 0 8 0 10}}
260 {} {{1 0 0 4 0 0 7 0 9 0} {0 2 0 0 0 6 0 0 0 0} {0 0 3 0 5 0 0 8 0 10}}
261 {} {{1 0 0 4 0 0 7 0 9 0} {0 2 0 0 0 6 0 0 0 0} {0 0 3 0 5 0 0 8 0 10}}
262 {} {{1 0 0 4 0 0 7 0 9 0} {0 2 0 0 0 6 0 0 0 0} {0 0 3 0 5 0 0 8 0 10}}
263 {} {{1 0 0 4 0 0 7 0 9 0} {0 2 0 0 0 6 0 0 0 0} {0 0 3 0 5 0 0 8 0 10}}
264 {} {{1 0 0 4 0 0 7 0 9 0} {0 2 0 0 0 6 0 0 0 0} {0 0 3 0 5 0 0 8 0 10}}
265 {} {{1 0 0 4 0 0 7 0 9 0} {0 2 0 0 0 6 0 0 0 0} {0 0 3 0 5 0 0 8 0 10}}
266 {} {{1 0 0 4 0 0 7 0 9 0} {0 2 0 0 0 6 0 0 0 0} {0 0 3 0 5 0 0 8 0 10}}
267 {} {{1 0 0 4 0 0 7 0 9 0} {0 2 0 0 0 6 0 0 0 0} {0 0 3 0 5 0 0 8 0 10}}
268 {} {{1 0 0 4 0 0 7 0 9 0} {0 2 0 0 0 6 0 0 0 0} {0 0 3 0 5 0 0 8 0 10}}
269 {} {{1 0 0 4 0 0 7 0 9 0} {0 2 0 0 0 6 0 0 0 0} {0 0 3 0 5 0 0 8 0 10}}
270 {} {{1 0 0 4 0 0 7 0 9 0} {0 2 0 0 0 6 0 0 0 0} {0 0 3 0 5 0 0 8 0 10}}
271 {} {{1 0 0 4 0 0 7 0 9 0} {0 2 0 0 0 6 0 0 0 0} {0 0 3 0 5 0 0 8 0 10}}
272 {} {{1 0 0 4 0 0 7 0 9 0} {0 2 0 0 0 6 0 0 0 0} {0 0 3 0 5 0 0 8 0 10}}
273 {} {{1 0 0 4 0 0 7 0 9 0} {0 2 0 0 0 6 0 0 0 0} {0 0 3 0 5 0 0 8 0 10}}
274 {} {{1 0 0 4 0 0 7 0 9 0} {0 2 0 0 0 6 0 0 0 0} {0 0 3 0 5 0 0 8 0 10}}
275 {} {{1 0 0 4 0 0 7 0 9 0} {0 2 0 0 0 6 0 0 0 0} {0 0 3 0 5 0 0 8 0 10}}
276 {} {{1 0 0 4 0 0 7 0 9 0} {0 2 0 0 0 6 0 0 0 0} {0 0 3 0 5 0 0 8 0 10}}
277 {} {{1 0 0 4 0 0 7 0 9 0} {0 2 0 0 0 6 0 0 0 0} {0 0 3 0 5 0 0 8 0 10}}
278 {} {{1 0 0 4 0 0 7 0 9 0} {0 2 0 0 0 6 0 0 0 0} {0 0 3 0 5 0 0 8 0 10}}
279 {} {{1 0 0 4 0 0 7 0 9 0} {0 2 0 0 0 6 0 0 0 0} {0 0 3 0 5 0 0 8 0 10}}
280 {} {{1 0 0 4 0 0 7 0 9 0} {0 2 0 0 0 6 0 0 0 0} {0 0 3 0 5 0 0 8 0 10}}
281 {} {{1 0 0 4 0 0 7 0 9 0} {0 2 0 0 0 6 0 0 0 0} {0 0 3 0 5 0 0 8 0 10}}
282 {} {{1 0 0 4 0 0 7 0 9 0} {0 2 0 0 0 6 0 0 0 0} {0 0 3 0 5 0 0 8 0 10}}
283 {} {{1 0 0 4 0 0 7 0 9 0} {0 2 0 0 0 6 0 0 0 0} {0 0 3 0 5 0 0 8 0 10}}
284 {} {{1 0 0 4 0 0 7 0 9 0} {0 2 0 0 0 6 0 0 0 0} {0 0 3 0 5 0 0 8 0 10}}
285 {} {{1 0 0 4 0 0 7 0 9 0} {0 2 0 0 0 6 0 0 0 0} {0 0 3 0 5 0 0 8 0 10}}
286 {} {{1 0 0 4 0 0 7 0 9 0} {0 2 0 0 0 6 0 0 0 0} {0 0 3 0 5 0 0 8 0 10}}
287 {} {{1 0 0 4 0 0 7 0 9 0} {0 2 0 0 0 6 0 0 0 0} {0 0 3 0 5 0 0 8 0 10}}
288 {} {{1 0 0 4 0 0 7 0 9 0} {0 2 0 0 0 6 0 0 0 0} {0 0 3 0 5 0 0 8 0 10}}
289 {} {{1 0 0 4 0 0 7 0 9 0} {0 2 0 0 0 6 0 0 0 0} {0 0 3 0 5 0 0 8 0 10}}
290 {} {{1 0 0 4 0 0 7 0 9 0} {0 2 0 0 0 6 0 0 0 0} {0 0 3 0 5 0 0 8 0 10}}
291 {} {{1 0 0 4 0 0 7 0 9 0} {0 2 0 0 0 6 0 0 0 0} {0 0 3 0 5 0 0 8 0 10}}
292 {} {{1 0 0 4 0 0 7 0 9 0} {0 2 0 0 0 6 0 0 0 0} {0 0 3 0 5 0 0 8 0 10}}
293 {} {{1 0 0 4 0 0 7 0 9 0} {0 2 0 0 0 6 0 0 0 0} {0 0 3 0 5 0 0 8 0 10}}
294 {} {{1 0 0 4 0 0 7 0 9 0} {0 2 0 0 0 6 0 0 0 0} {0 0 3 0 5 0 0 8 0 10}}
295 {} {{1 0 0 4 0 0 7 0 9 0} {0 2 0 0 0 6 0 0 0 0} {0 0 3 0 5 0 0 8 0 10}}
296 {} {{1 0 0 4 0 0 7 0 9 0} {0 2 0 0 0 6 0 0 0 0} {0 0 3 0 5 0 0 8 0 10}}
297 {} {{1 0 0 4 0 0 7 0 9 0} {0 2 0 0 0 6 0 0 0 0} {0 0 3 0 5 0 0 8 0 10}}
298 {} {{1 0 0 4 0 0 7 0 9 0} {0 2 0 0 0 6 0 0 0 0} {0 0 3 0 5 0 0 8 0 10}}
299 {} {{1 0 0 4 0 0 7 0 9 0} {0 2 0 0 0 6 0 0 0 0} {0 0 3 0 5 0 0 8 0 10}}
300 {} {{1 0 0 4 0 0 7 0 9 0} {0 2 0 0 0 6 0 0 0 0} {0 0 3 0 5 0 0 8 0 10}}
301 {} {{1 0 0 4 0 0 7 0 9 0} {0 2 0 0 0 6 0 0 0 0} {0 0 3 0 5 0 0 8 0 10}}
302 {} {{1 0 0 4 0 0 7 0 9 0} {0 2 0 0 0 6 0 0 0 0} {0 0 3 0 5 0 0 8 0 10}}
303 {} {{1 0 0 4 0 0 7 0 9 0} {0 2 0 0 0 6 0 0 0 0} {0 0 3 0 5 0 0 8 0 10}}
304 {} {{1 0 0 4 0 0 7 0 9 0} {0 2 0 0 0 6 0 0 0 0} {0 0 3 0 5 0 0 8 0 10}}
305 {} {{1 0 3 4 5 0 7 8 9 10} {0 2 0 0 0 6 0 0 0 0}}
306 {} {{1 0 0 4 0 0 7 0 9 0} {0 2 0 0 0 6 0 0 0 0} {0 0 3 0 5 0 0 8 0 10}}
307 {} {{1 0 3 4 5 0 7 8 9 10} {0 2 0 0 0 6 0 0 0 0}}
308 {} {{1 0 3 4 5 0 7 8 9 10} {0 2 0 0 0 6 0 0 0 0}}
309 {} {{1 0 3 4 5 0 7 8 9 10} {0 2 0 0 0 6 0 0 0 0}}
310 {} {{1 0 3 4 5 0 7 8 9 10} {0 2 0 0 0 6 0 0 0 0}}
311 {} {{1 0 3 4 5 0 7 8 9 10} {0 2 0 0 0 6 0 0 0 0}}
312 {} {{1 0 3 4 5 0 7 8 9 10} {0 2 0 0 0 6 0 0 0 0}}
313 {} {{1 0 3 4 5 0 7 8 9 10} {0 2 0 0 0 6 0 0 0 0}}
314 {} {{1 0 3 4 5 0 7 8 9 10} {0 2 0 0 0 6 0 0 0 0}}
315 {} {{1 0 3 4 5 0 7 8 9 10} {0 2 0 0 0 6 0 0 0 0}}
316 {} {{1 0 3 4 5 0 7 8 9 10} {0 2 0 0 0 6 0 0 0 0}}
317 {} {{1 0 3 4 5 0 7 8 9 10} {0 2 0 0 0 6 0 0 0 0}}
318 {} {{1 0 3 4 5 0 7 8 9 10} {0 2 0 0 0 6 0 0 0 0}}
319 {} {{1 0 3 4 5 0 7 8 9 10} {0 2 0 0 0 6 0 0 0 0}}
320 {} {{1 0 3 4 5 0 7 8 9 10} {0 2 0 0 0 6 0 0 0 0}}
321 {} {{1 0 3 4 5 0 7 8 9 10} {0 2 0 0 0 6 0 0 0 0}}
322 {} {{1 0 3 4 5 0 7 8 9 10} {0 2 0 0 0 6 0 0 0 0}}
323 {} {{1 0 3 4 5 0 7 8 9 10} {0 2 0 0 0 6 0 0 0 0}}
324 {} {{1 0 3 4 5 0 7 8 9 10} {0 2 0 0 0 6 0 0 0 0}}
325 {} {{1 0 3 4 5 0 7 8 9 10} {0 2 0 0 0 6 0 0 0 0}}
326 {} {{1 0 3 4 5 0 7 8 9 10} {0 2 0 0 0 6 0 0 0 0}}
327 {} {{1 0 3 4 5 0 7 8 9 10} {0 2 0 0 0 6 0 0 0 0}}
328 {} {{1 0 3 4 5 0 7 8 9 10} {0 2 0 0 0 6 0 0 0 0}}
329 {} {{1 0 3 4 5 0 7 8 9 10} {0 2 0 0 0 6 0 0 0 0}}
330 {} {{1 0 3 4 5 0 7 8 9 10} {0 2 0 0 0 6 0 0 0 0}}
331 {} {{1 0 3 4 5 0 7 8 9 10} {0 2 0 0 0 6 0 0 0 0}}
332 {} {{1 0 3 4 5 0 7 8 9 10} {0 2 0 0 0 6 0 0 0 0}}
333 {} {{1 0 3 4 5 0 7 8 9 10} {0 2 0 0 0 6 0 0 0 0}}
334 {} {{1 0 3 4 5 0 7 8 9 10} {0 2 0 0 0 6 0 0 0 0}}
335 {} {{1 0 3 4 5 0 7 8 9 10} {0 2 0 0 0 6 0 0 0 0}}
336 {} {{1 0 3 4 5 0 7 8 9 10} {0 2 0 0 0 6 0 0 0 0}}
337 {} {{1 0 3 4 5 0 7 8 9 10} {0 2 0 0 0 6 0 0 0 0}}
338 {} {{1 0 3 4 5 0 7 8 9 10} {0 2 0 0 0 6 0 0 0 0}}
339 {} {{1 0 3 4 5 0 7 8 9 10} {0 2 0 0 0 6 0 0 0 0}}
340 {} {{1 0 3 4 5 0 7 8 9 10} {0 2 0 0 0 6 0 0 0 0}}
341 {} {{1 0 3 4 5 0 7 8 9 10} {0 2 0 0 0 6 0 0 0 0}}
342 {} {{1 0 3 4 5 0 7 8 9 10} {0 2 0 0 0 6 0 0 0 0}}
343 {} {{1 0 3 4 5 0 7 8 9 10} {0 2 0 0 0 6 0 0 0 0}}
344 {} {{1 0 3 4 5 0 7 8 9 10} {0 2 0 0 0 6 0 0 0 0}}
345 {} {{1 0 3 4 5 0 7 8 9 10} {0 2 0 0 0 6 0 0 0 0}}
346 {} {{1 0 3 4 5 0 7 8 9 10} {0 2 0 0 0 6 0 0 0 0}}
347 {} {{1 0 3 4 5 0 7 8 9 10} {0 2 0 0 0 6 0 0 0 0}}
348 {} {{1 0 3 4 5 0 7 8 9 10} {0 2 0 0 0 6 0 0 0 0}}
349 {} {{1 0 3 4 5 0 7 8 9 10} {0 2 0 0 0 6 0 0 0 0}}
350 {} {{1 0 3 4 5 0 7 8 9 10} {0 2 0 0 0 6 0 0 0 0}}
351 {} {{1 0 3 4 5 0 7 8 9 10} {0 2 0 0 0 6 0 0 0 0}}
352 {} {{1 0 3 4 5 0 7 8 9 10} {0 2 0 0 0 6 0 0 0 0}}
353 {} {{1 0 3 4 5 0 7 8 9 10} {0 2 0 0 0 6 0 0 0 0}}
354 {} {{1 0 3 4 5 0 7 8 9 10} {0 2 0 0 0 6 0 0 0 0}}
355 {} {{1 0 3 4 5 0 7 8 9 10} {0 2 0 0 0 6 0 0 0 0}}
356 {} {{1 0 3 4 5 0 7 8 9 10} {0 2 0 0 0 6 0 0 0 0}}
357 {} {{1 0 3 4 5 0 7 8 9 10} {0 2 0 0 0 6 0 0 0 0}}
358 {} {{1 0 3 4 5 0 7 8 9 10} {0 2 0 0 0 6 0 0 0 0}}
359 {} {{1 0 3 4 5 0 7 8 9 10} {0 2 0 0 0 6 0 0 0 0}}
360 {} {{1 0 3 4 5 0 7 8 9 10} {0 2 0 0 0 6 0 0 0 0}}
361 {} {{1 0 3 4 5 0 7 8 9 10} {0 2 0 0 0 6 0 0 0 0}}
362 {} {{1 0 3 4 5 0 7 8 9 10} {0 2 0 0 0 6 0 0 0 0}}
363 {} {{1 0 3 4 5 0 7 8 9 10} {0 2 0 0 0 6 0 0 0 0}}
364 {} {{1 0 3 4 5 0 7 8 9 10} {0 2 0 0 0 6 0 0 0 0}}
365 {} {{1 0 3 4 5 0 7 8 9 10} {0 2 0 0 0 6 0 0 0 0}}
366 {} {{1 0 3 4 5 0 7 8 9 10} {0 2 0 0 0 6 0 0 0 0}}
367 {} {{1 0 3 4 5 0 7 8 9 10} {0 2 0 0 0 6 0 0 0 0}}
368 {} {{1 0 3 4 5 0 7 8 9 10} {0 2 0 0 0 6 0 0 0 0}}
369 {} {{1 0 3 4 5 0 7 8 9 10} {0 2 0 0 0 6 0 0 0 0}}
370 {} {{1 0 3 4 5 0 7 8 9 10} {0 2 0 0 0 6 0 0 0 0}}
371 {} {{1 0 3 4 5 0 7 8 9 10} {0 2 0 0 0 6 0 0 0 0}}
372 {} {{1 0 3 4 5 0 7 8 9 10} {0 2 0 0 0 6 0 0 0 0}}
373 {} {{1 0 3 4 5 0 7 8 9 10} {0 2 0 0 0 6 0 0 0 0}}
374 {} {{1 0 3 4 5 0 7 8 9 10} {0 2 0 0 0 6 0 0 0 0}}
375 {} {{1 0 3 4 5 0 7 8 9 10} {0 2 0 0 0 6 0 0 0 0}}
376 {} {{1 0 3 4 5 0 7 8 9 10} {0 2 0 0 0 6 0 0 0 0}}
377 {} {{1 0 3 4 5 0 7 8 9 10} {0 2 0 0 0 6 0 0 0 0}}
378 {} {{1 0 3 4 5 0 7 8 9 10} {0 2 0 0 0 6 0 0 0 0}}
379 {} {{1 0 3 4 5 0 7 8 9 10} {0 2 0 0 0 6 0 0 0 0}}
380 {} {{1 0 3 4 5 0 7 8 9 10} {0 2 0 0 0 6 0 0 0 0}}
381 {} {{1 0 3 4 5 0 7 8 9 10} {0 2 0 0 0 6 0 0 0 0}}
382 {} {{1 0 3 4 5 0 7 8 9 10} {0 2 0 0 0 6 0 0 0 0}}
383 {} {{1 0 3 4 5 0 7 8 9 10} {0 2 0 0 0 6 0 0 0 0}}
384 {} {{1 0 3 4 5 0 7 8 9 10} {0 2 0 0 0 6 0 0 0 0}}
385 {} {{1 0 3 4 5 0 7 8 9 10} {0 2 0 0 0 6 0 0 0 0}}
386 {} {{1 0 3 4 5 0 7 8 9 10} {0 2 0 0 0 6 0 0 0 0}}
387 {} {{1 0 3 4 5 0 7 8 9 10} {0 2 0 0 0 6 0 0 0 0}}
388 {} {{1 0 3 4 5 0 7 8 9 10} {0 2 0 0 0 6 0 0 0 0}}
389 {} {{1 0 3 4 5 0 7 8 9 10} {0 2 0 0 0 6 0 0 0 0}}
390 {} {{1 0 3 4 5 0 7 8 9 10} {0 2 0 0 0 6 0 0 0 0}}
391 {} {{1 0 3 4 5 0 7 8 9 10} {0 2 0 0 0 6 0 0 0 0}}
392 {} {{1 0 3 4 5 0 7 8 9 10} {0 2 0 0 0 6 0 0 0 0}}
393 {} {{1 0 3 4 5 0 7 8 9 10} {0 2 0 0 0 6 0 0 0 0}}
394 {} {{1 0 3 4 5 0 7 8 9 10} {0 2 0 0 0 6 0 0 0 0}}
395 {} {{1 0 3 4 5 0 7 8 9 10} {0 2 0 0 0 6 0 0 0 0}}
396 {} {{1 0 3 4 5 0 7 8 9 10} {0 2 0 0 0 6 0 0 0 0}}
397 {} {{1 0 3 4 5 0 7 8 9 10} {0 2 0 0 0 6 0 0 0 0}}
398 {} {{1 0 3 4 5 0 7 8 9 10} {0 2 0 0 0 6 0 0 0 0}}
399 {} {{1 0 3 4 5 0 7 8 9 10} {0 2 0 0 0 6 0 0 0 0}}
400 {} {{1 0 3 4 5 0 7 8 9 10} {0 2 0 0 0 6 0 0 0 0}}
401 {} {{1 0 3 4 5 0 7 8 9 10} {0 2 0 0 0 6 0 0 0 0}}
402 {} {{1 0 3 4 5 0 7 8 9 10} {0 2 0 0 0 6 0 0 0 0}}
403 {} {{1 0 3 4 5 0 7 8 9 10} {0 2 0 0 0 6 0 0 0 0}}
404 {} {{1 0 3 4 5 0 7 8 9 10} {0 2 0 0 0 6 0 0 0 0}}
405 {} {{1 0 3 4 5 0 7 8 9 10} {0 2 0 0 0 6 0 0 0 0}}
406 {} {{1 0 3 4 5 0 7 8 9 10} {0 2 0 0 0 6 0 0 0 0}}
407 {} {{1 0 3 4 5 0 7 8 9 10} {0 2 0 0 0 6 0 0 0 0}}
408 {} {{1 0 3 4 5 0 7 8 9 10} {0 2 0 0 0 6 0 0 0 0}}
409 {} {{1 0 3 4 5 0 7 8 9 10} {0 2 0 0 0 6 0 0 0 0}}
410 {} {{1 0 3 4 5 0 7 8 9 10} {0 2 0 0 0 6 0 0 0 0}}
411 {} {{1 0 3 4 5 0 7 8 9 10} {0 2 0 0 0 6 0 0 0 0}}
412 {} {{1 0 3 4 5 0 7 8 9 10} {0 2 0 0 0 6 0 0 0 0}}
413 {} {{1 0 3 4 5 0 7 8 9 10} {0 2 0 0 0 6 0 0 0 0}}
414 {} {{1 0 3 4 5 0 7 8 9 10} {0 2 0 0 0 6 0 0 0 0}}
415 {} {{1 0 3 4 5 0 7 8 9 10} {0 2 0 0 0 6 0 0 0 0}}
416 {} {{1 0 3 4 5 0 7 8 9 10} {0 2 0 0 0 6 0 0 0 0}}
417 {} {{1 0 3 4 5 0 7 8 9 10} {0 2 0 0 0 6 0 0 0 0}}
418 {} {{1 0 3 4 5 0 7 8 9 10} {0 2 0 0 0 6 0 0 0 0}}
419 {} {{1 0 3 4 5 0 7 8 9 10} {0 2 0 0 0 6 0 0 0 0}}
420 {} {{1 0 3 4 5 0 7 8 9 10} {0 2 0 0 0 6 0 0 0 0}}
421 {} {{1 0 3 4 5 0 7 8 9 10} {0 2 0 0 0 6 0 0 0 0}}
422 {} {{1 0 3 4 5 0 7 8 9 10} {0 2 0 0 0 6 0 0 0 0}}
423 {} {{1 0 3 4 5 0 7 8 9 10} {0 2 0 0 0 6 0 0 0 0}}
424 {} {{1 0 3 4 5 0 7 8 9 10} {0 2 0 0 0 6 0 0 0 0}}
425 {} {{1 0 3 4 5 0 7 8 9 10} {0 2 0 0 0 6 0 0 0 0}}
426 {} {{1 0 3 4 5 0 7 8 9 10} {0 2 0 0 0 6 0 0 0 0}}
427 {} {{1 0 3 4 5 0 7 8 9 10} {0 2 0 0 0 6 0 0 0 0}}
428 {} {{1 0 3 4 5 0 7 8 9 10} {0 2 0 0 0 6 0 0 0 0}}
429 {} {{1 0 3 4 5 0 7 8 9 10} {0 2 0 0 0 6 0 0 0 0}}
430 {} {{1 0 3 4 5 0 7 8 9 10} {0 2 0 0 0 6 0 0 0 0}}
431 {} {{1 0 3 4 5 0 7 8 9 10} {0 2 0 0 0 6 0 0 0 0}}
432 {} {{1 0 3 4 5 0 7 8 9 10} {0 2 0 0 0 6 0 0 0 0}}
433 {} {{1 0 3 4 5 0 7 8 9 10} {0 2 0 0 0 6 0 0 0 0}}
434 {} {{1 0 3 4 5 0 7 8 9 10} {0 2 0 0 0 6 0 0 0 0}}
435 {} {{1 0 3 4 5 0 7 8 9 10} {0 2 0 0 0 6 0 0 0 0}}
436 {} {{1 0 3 4 5 0 7 8 9 10} {0 2 0 0 0 6 0 0 0 0}}
437 {} {{1 0 3 4 5 0 7 8 9 10} {0 2 0 0 0 6 0 0 0 0}}
438 {} {{1 0 3 4 5 0 7 8 9 10} {0 2 0 0 0 6 0 0 0 0}}
439 {} {{1 0 3 4 5 0 7 8 9 10} {0 2 0 0 0 6 0 0 0 0}}
440 {} {{1 0 3 4 5 0 7 8 9 10} {0 2 0 0 0 6 0 0 0 0}}
441 {} {{1 0 3 4 5 0 7 8 9 10} {0 2 0 0 0 6 0 0 0 0}}
442 {} {{1 0 3 4 5 0 7 8 9 10} {0 2 0 0 0 6 0 0 0 0}}
443 {} {{1 0 3 4 5 0 7 8 9 10} {0 2 0 0 0 6 0 0 0 0}}
444 {} {{1 0 3 4 5 0 7 8 9 10} {0 2 0 0 0 6 0 0 0 0}}
445 {} {{1 0 3 4 5 0 7 8 9 10} {0 2 0 0 0 6 0 0 0 0}}
446 {} {{1 0 3 4 5 0 7 8 9 10} {0 2 0 0 0 6 0 0 0 0}}
447 {} {{1 0 3 4 5 0 7 8 9 10} {0 2 0 0 0 6 0 0 0 0}}
448 {} {{1 0 3 4 5 0 7 8 9 10} {0 2 0 0 0 6 0 0 0 0}}
449 {} {{1 0 3 4 5 0 7 8 9 10} {0 2 0 0 0 6 0 0 0 0}}
450 {} {{1 0 3 4 5 0 7 8 9 10} {0 2 0 0 0 6 0 0 0 0}}
451 {} {{1 0 3 4 5 0 7 8 9 10} {0 2 0 0 0 6 0 0 0 0}}
452 {} {{1 0 3 4 5 0 7 8 9 10} {0 2 0 0 0 6 0 0 0 0}}
453 {} {{1 0 3 4 5 0 7 8 9 10} {0 2 0 0 0 6 0 0 0 0}}
454 {} {{1 0 3 4 5 0 7 8 9 10} {0 2 0 0 0 6 0 0 0 0}}
455 {} {{1 0 3 4 5 0 7 8 9 10} {0 2 0 0 0 6 0 0 0 0}}
456 {} {{1 0 3 4 5 0 7 8 9 10} {0 2 0 0 0 6 0 0 0 0}}
457 {} {{1 0 3 4 5 0 7 8 9 10} {0 2 0 0 0 6 0 0 0 0}}
458 {} {{1 0 3 4 5 0 7 8 9 10} {0 2 0 0 0 6 0 0 0 0}}
459 {} {{1 0 3 4 5 0 7 8 9 10} {0 2 0 0 0 6 0 0 0 0}}
460 {} {{1 2 3 4 5 6 7 8 9 10}}
461 {} {{1 2 3 4 5 6 7 8 9 10}}
462 {} {{1 2 3 4 5 6 7 8 9 10}}
463 {} {{1 2 3 4 5 6 7 8 9 10}}
464 {} {{1 2 3 4 5 6 7 8 9 10}}
465 {} {{1 2 3 4 5 6 7 8 9 10}}
466 {} {{1 2 3 4 5 6 7 8 9 10}}
467 {} {{1 2 3 4 5 6 7 8 9 10}}
468 {} {{1 2 3 4 5 6 7 8 9 10}}
469 {} {{1 2 3 4 5 6 7 8 9 10}}
470 {} {{1 2 3 4 5 6 7 8 9 10}}
471 {} {{1 2 3 4 5 6 7 8 9 10}}
472 {} {{1 2 3 4 5 6 7 8 9 10}}
473 {} {{1 2 3 4 5 6 7 8 9 10}}
474 {} {{1 2 3 4 5 6 7 8 9 10}}
475 {} {{1 2 3 4 5 6 7 8 9 10}}
476 {} {{1 2 3 4 5 6 7 8 9 10}}
477 {} {{1 2 3 4 5 6 7 8 9 10}}
478 {} {{1 2 3 4 5 6 7 8 9 10}}
479 {} {{1 2 3 4 5 6 7 8 9 10}}
480 {} {{1 2 3 4 5 6 7 8 9 10}}
481 {} {{1 2 3 4 5 6 7 8 9 10}}
482 {} {{1 2 3 4 5 6 7 8 9 10}}
483 {} {{1 2 3 4 5 6 7 8 9 10}}
484 {} {{1 2 3 4 5 6 7 8 9 10}}
485 {} {{1 2 3 4 5 6 7 8 9 10}}
486 {} {{1 2 3 4 5 6 7 8 9 10}}
487 {} {{1 2 3 4 5 6 7 8 9 10}}
488 {} {{1 2 3 4 5 6 7 8 9 10}}
489 {} {{1 2 3 4 5 6 7 8 9 10}}
490 {} {{1 2 3 4 5 6 7 8 9 10}}
491 {} {{1 2 3 4 5 6 7 8 9 10}}
492 {} {{1 2 3 4 5 6 7 8 9 10}}
493 {} {{1 2 3 4 5 6 7 8 9 10}}
494 {} {{1 2 3 4 5 6 7 8 9 10}}
495 {} {{1 2 3 4 5 6 7 8 9 10}}
496 {} {{1 2 3 4 5 6 7 8 9 10}}
497 {} {{1 2 3 4 5 6 7 8 9 10}}
498 {} {{1 2 3 4 5 6 7 8 9 10}}
499 {} {{1 2 3 4 5 6 7 8 9 10}}
500 {} {{1 2 3 4 5 6 7 8 9 10}}
501 {} {{1 2 3 4 5 6 7 8 9 10}}
