# Selection 1:name C1A D2A C3A C4A C1B C2B C3B C4B Selection 2:name AUC AUSL AUL Cutoff:8 Start:0 End:-1
0 8
1 8
2 22
3 17
4 26
5 15
6 18
7 27
8 20
9 24
10 25
11 30
12 26
13 26
14 29
15 27
16 28
17 25
18 32
19 20
20 22
21 26
22 22
23 19
24 22
25 18
26 34
27 20
28 25
29 25
30 22
31 35
32 25
33 20
34 22
35 23
36 23
37 28
38 21
39 15
40 25
41 20
42 28
43 25
44 19
45 18
46 23
47 22
48 23
49 28
50 20
51 26
52 31
53 26
54 25
55 21
56 22
57 27
58 22
59 32
60 33
61 18
62 23
63 23
64 24
65 29
66 26
67 30
68 31
69 26
70 26
71 26
72 21
73 28
74 30
75 26
76 31
77 27
78 26
79 27
80 33
81 24
82 25
83 29
84 29
85 34
86 28
87 27
88 35
89 25
90 25
91 16
92 18
93 32
94 28
95 30
96 26
97 30
98 30
99 24
100 34
101 25
102 26
103 30
104 20
105 33
106 24
107 25
108 21
109 31
110 22
111 30
112 20
113 22
114 26
115 27
116 31
117 37
118 26
119 20
120 27
121 32
122 28
123 27
124 36
125 23
126 21
127 30
128 28
129 27
130 30
131 25
132 24
133 33
134 30
135 29
136 25
137 31
138 35
139 32
140 26
141 25
142 31
143 33
144 34
145 28
146 32
147 35
148 30
149 32
150 22
151 30
152 29
153 29
154 31
155 28
156 27
157 23
158 24
159 31
160 25
161 26
162 28
163 22
164 26
165 26
166 27
167 29
168 23
169 33
170 20
171 31
172 31
173 28
174 37
175 28
176 34
177 27
178 30
179 29
180 33
181 26
182 32
183 26
184 30
185 29
186 27
187 29
188 32
189 14
190 17
191 26
192 37
193 20
194 24
195 26
196 28
197 31
198 27
199 24
200 30
201 27
202 30
203 35
204 27
205 33
206 24
207 26
208 26
209 29
210 27
211 25
212 29
213 27
214 27
215 31
216 26
217 31
218 25
219 24
220 30
221 29
222 28
223 33
224 34
225 32
226 38
227 32
228 34
229 34
230 25
231 21
232 28
233 36
234 29
235 29
236 31
237 33
238 38
239 30
240 30
241 28
242 22
243 24
244 25
245 27
246 30
247 27
248 16
249 33
250 23
251 29
252 26
253 24
254 25
255 19
256 21
257 21
258 22
259 23
260 18
261 31
262 20
263 25
264 27
265 25
266 18
267 23
268 24
269 24
270 21
271 21
272 22
273 23
274 22
275 26
276 28
277 23
278 26
279 25
280 25
281 25
282 31
283 21
284 22
285 27
286 21
287 21
288 31
289 27
290 19
291 24
292 21
293 28
294 16
295 20
296 19
297 20
298 27
299 22
300 26
301 21
302 24
303 26
304 21
305 25
306 22
307 28
308 25
309 16
310 17
311 20
312 19
313 30
314 25
315 25
316 19
317 19
318 17
319 31
320 30
321 22
322 16
323 24
324 29
325 17
326 16
327 25
328 23
329 32
330 21
331 28
332 26
333 29
334 27
335 29
336 20
337 27
338 26
339 28
340 22
341 22
342 23
343 19
344 19
345 22
346 23
347 24
348 16
349 25
350 20
351 23
352 23
353 22
354 23
355 24
356 26
357 18
358 18
359 21
360 20
361 23
362 19
363 22
364 28
365 26
366 20
367 31
368 25
369 24
370 22
371 29
372 25
373 18
374 14
375 28
376 23
377 21
378 16
379 22
380 30
381 25
382 22
383 22
384 26
385 19
386 29
387 19
388 20
389 27
390 20
391 23
392 27
393 23
394 28
395 21
396 23
397 26
398 25
399 24
400 19
401 17
402 24
403 24
404 23
405 21
406 21
407 27
408 22
409 30
410 29
411 26
412 22
413 23
414 17
415 17
416 17
417 27
418 20
419 32
420 26
421 29
422 20
423 27
424 32
425 28
426 18
427 17
428 21
429 21
430 29
431 17
432 21
433 25
434 15
435 25
436 21
437 27
438 25
439 24
440 33
441 16
442 21
443 21
444 22
445 30
446 17
447 24
448 19
449 26
450 31
451 25
452 30
453 23
454 10
455 28
456 24
457 24
458 28
459 32
460 22
461 19
462 26
463 26
464 24
465 20
466 24
467 26
468 21
469 23
470 32
471 12
472 19
473 22
474 20
475 20
476 21
477 21
478 24
479 22
480 25
481 24
482 27
483 14
484 21
485 22
486 20
487 24
488 28
489 28
490 22
491 26
492 17
493 21
494 18
495 22
496 23
497 29
498 14
499 27
500 22
501 20
502 21
503 26
504 26
505 19
506 18
507 31
508 21
509 24
510 20
511 15
512 18
513 21
514 20
515 30
516 26
517 25
518 15
519 21
520 21
521 26
522 26
523 20
524 20
525 27
526 23
527 20
528 14
529 32
530 27
531 22
532 21
533 27
534 20
535 23
536 23
537 21
538 22
539 25
540 25
541 17
542 22
543 23
544 29
545 18
546 21
547 24
548 27
549 19
550 34
551 25
552 22
553 23
554 16
555 22
556 19
557 17
558 23
559 19
560 16
561 21
562 19
563 28
564 20
565 21
566 27
567 30
568 22
569 27
570 23
571 16
572 19
573 22
574 20
575 26
576 23
577 25
578 28
579 23
580 18
581 26
582 28
583 32
584 22
585 25
586 24
587 29
588 25
589 30
590 22
591 24
592 24
593 20
594 21
595 23
596 26
597 20
598 24
599 22
600 34
601 17
602 17
603 21
604 22
605 23
606 25
607 22
608 17
609 30
610 20
611 24
612 17
613 28
614 20
615 25
616 22
617 22
618 23
619 22
620 20
621 22
622 31
623 18
624 24
625 26
626 19
627 21
628 27
629 28
630 30
631 25
632 20
633 24
634 23
635 23
636 28
637 19
638 21
639 21
640 20
641 25
642 25
643 20
644 29
645 26
646 23
647 25
648 30
649 28
650 25
651 21
652 11
653 19
654 16
655 25
656 29
657 22
658 21
659 22
660 17
661 22
662 29
663 26
664 16
665 28
666 21
667 22
668 23
669 22
670 18
671 24
672 24
673 25
674 25
675 19
676 31
677 17
678 21
679 28
680 15
681 20
682 20
683 21
684 33
685 23
686 26
687 22
688 24
689 22
690 17
691 17
692 28
693 31
694 27
695 30
696 27
697 24
698 23
699 22
700 30
701 24
702 22
703 30
704 23
705 30
706 23
707 26
708 25
709 22
710 21
711 28
712 25
713 16
714 24
715 22
716 29
717 23
718 17
719 29
720 22
721 19
722 20
723 28
724 20
725 27
726 15
727 21
728 18
729 23
730 25
731 32
732 19
733 22
734 17
735 19
736 19
737 16
738 22
739 20
740 23
741 27
742 24
743 19
744 17
745 23
746 36
747 30
748 29
749 21
750 26
751 24
752 17
753 28
754 25
755 19
756 21
757 29
758 19
759 18
760 25
761 25
762 20
763 28
764 30
765 15
766 22
767 23
768 19
769 29
770 35
771 23
772 31
773 12
774 20
775 23
776 21
777 20
778 22
779 23
780 27
781 23
782 22
783 27
784 23
785 19
786 20
787 19
788 25
789 25
790 23
791 30
792 26
793 28
794 22
795 20
796 29
797 25
798 20
799 19
800 24
801 18
802 21
803 20
804 24
805 23
806 19
807 27
808 16
809 24
810 18
811 24
812 12
813 21
814 19
815 23
816 23
817 20
818 17
819 20
820 26
821 28
822 21
823 19
824 20
825 25
826 22
827 26
828 25
829 18
830 25
831 20
832 25
833 22
834 25
835 28
836 29
837 22
838 27
839 22
840 20
841 24
842 23
843 23
844 28
845 19
846 20
847 19
848 26
849 21
850 17
851 19
852 22
853 19
854 27
855 23
856 25
857 29
858 25
859 25
860 20
861 28
862 28
863 18
864 26
865 25
866 24
867 25
868 26
869 28
870 24
871 27
872 17
873 23
874 24
875 21
876 20
877 25
878 25
879 30
880 24
881 28
882 23
883 20
884 24
885 19
886 23
887 23
888 23
889 19
890 25
891 26
892 22
893 23
894 24
895 24
896 30
897 29
898 29
899 23
900 21
901 19
902 21
903 26
904 20
905 28
906 25
907 26
908 26
909 29
910 19
911 21
912 23
913 22
914 23
915 27
916 33
917 21
918 21
919 22
920 17
921 20
922 25
923 23
924 26
925 21
926 29
927 21
928 24
929 23
930 18
931 20
932 31
933 14
934 25
935 26
936 21
937 23
938 26
939 20
940 27
941 26
942 20
943 25
944 24
945 20
946 21
947 20
948 21
949 27
950 20
951 25
952 25
953 21
954 29
955 28
956 23
957 19
958 26
959 18
960 27
961 24
962 25
963 24
964 29
965 23
966 20
967 20
968 22
969 37
970 21
971 26
972 31
973 23
974 24
975 29
976 22
977 18
978 26
979 20
980 24
981 26
982 18
983 25
984 23
985 20
986 25
987 20
988 23
989 26
990 24
991 21
992 29
993 29
994 25
995 17
996 19
997 26
998 22
999 18
1000 29
1001 25
1002 25
