# Selection:resname AU W ION Restricted:name AUC AUL AUSL Radius:2.64 Start:0 End:-1
0 423.44219970703125
1 431.626708984375
2 80.55309295654297
3 37.4765739440918
4 46.09187698364258
5 58.15330505371094
6 26.707443237304688
7 55.56871795654297
8 118.46043395996094
9 72.79932403564453
10 64.61478424072266
11 48.67647171020508
12 66.76860809326172
13 69.78396606445313
14 75.8146743774414
15 100.79906463623047
16 78.3992691040039
17 99.50677490234375
18 102.95289611816406
19 73.23008728027344
20 50.830291748046875
21 71.93778991699219
22 93.9068374633789
23 46.95341110229492
24 52.122589111328125
25 116.3066177368164
26 101.66059112548828
27 111.13743591308594
28 124.49114990234375
29 118.46043395996094
30 80.98387145996094
31 111.13741302490234
32 78.83003997802734
33 86.15304565429688
34 93.04528045654297
35 71.93778991699219
36 80.12232971191406
37 143.0140380859375
38 152.92166137695313
39 158.5216064453125
40 78.39928436279297
41 120.61425018310547
42 98.64523315429688
43 108.98360443115234
44 92.61450958251953
45 62.46095657348633
46 76.24544525146484
47 59.87636947631836
48 86.58380889892578
49 95.62987518310547
50 86.58381652832031
51 109.41436767578125
52 76.24544525146484
53 69.35320281982422
54 75.81468200683594
55 46.95341110229492
56 80.12232971191406
57 65.04554748535156
58 90.89146423339844
59 87.44535064697266
60 85.29151153564453
61 110.27589416503906
62 126.2142105102539
63 109.41437530517578
64 104.24518585205078
65 109.84513092041016
66 111.56819915771484
67 47.38417434692383
68 38.338104248046875
69 70.64550018310547
70 58.1533088684082
71 41.78422546386719
72 59.44559860229492
73 74.52237701416016
74 99.93753814697266
75 85.72228240966797
76 54.27641677856445
77 31.876623153686523
78 26.707443237304688
79 22.830554962158203
80 52.12259292602539
81 85.29151153564453
82 56.43024826049805
83 102.09135437011719
84 92.18375396728516
85 72.36856079101563
86 58.15330505371094
87 66.76860809326172
88 87.87610626220703
89 91.75299072265625
90 58.58406448364258
91 93.90682220458984
92 55.56871032714844
93 96.92217254638672
94 45.661109924316406
95 32.30738830566406
96 69.35320281982422
97 87.8760986328125
98 76.24545288085938
99 80.12232971191406
100 116.73736572265625
101 72.36856079101563
102 69.78396606445313
103 93.47605895996094
104 97.35294342041016
105 136.55258178710938
106 63.32249069213867
107 31.876625061035156
108 68.92243957519531
109 30.153564453125
110 71.07626342773438
111 66.33784484863281
112 84.42999267578125
113 73.66085052490234
114 75.8146743774414
115 121.90655517578125
116 57.722537994384766
117 76.24544525146484
118 23.692087173461914
119 59.445594787597656
120 52.55335998535156
121 62.03019332885742
122 66.76861572265625
123 68.0609130859375
124 96.92218017578125
125 110.2759017944336
126 97.78370666503906
127 78.83003997802734
128 55.999481201171875
129 130.95262145996094
130 104.67594909667969
131 74.95316314697266
132 56.43024444580078
133 100.36829376220703
134 118.46043395996094
135 86.58381652832031
136 99.50676727294922
137 82.70692443847656
138 83.99921417236328
139 110.27589416503906
140 37.4765739440918
141 58.15330505371094
142 31.87662696838379
143 46.522640228271484
144 77.53775024414063
145 37.04581069946289
146 97.78370666503906
147 59.87636947631836
148 83.99922180175781
149 39.63039779663086
150 110.27588653564453
151 33.168922424316406
152 56.430240631103516
153 54.27641296386719
154 33.59968566894531
155 41.78422546386719
156 55.99947738647461
157 127.9372787475586
158 98.21446990966797
159 61.599422454833984
160 81.41462707519531
161 105.96825408935547
162 96.49140930175781
163 65.04554748535156
164 91.3222427368164
165 96.49140930175781
166 84.42998504638672
167 96.92217254638672
168 39.19963455200195
169 74.09160614013672
170 122.33731079101563
171 63.322486877441406
172 48.24570083618164
173 39.19963073730469
174 76.67620849609375
175 64.61478424072266
176 110.27589416503906
177 64.61478424072266
178 107.69129943847656
179 33.168922424316406
180 72.3685531616211
181 122.33731842041016
182 125.3526840209961
183 34.46121597290039
184 33.16891860961914
185 83.99921417236328
186 55.999473571777344
187 62.030189514160156
188 69.35320281982422
189 63.75324630737305
190 98.64523315429688
191 62.8917236328125
192 70.64550018310547
193 48.245704650878906
194 30.153564453125
195 77.968505859375
196 30.153562545776367
197 41.78422927856445
198 16.799842834472656
199 57.72254180908203
200 34.461219787597656
201 85.72227478027344
202 40.4919319152832
203 69.35319519042969
204 36.61504364013672
205 63.322486877441406
206 76.24545288085938
207 26.276676177978516
208 66.76860809326172
209 42.21499252319336
210 109.41437530517578
211 129.66033935546875
212 117.16814422607422
213 142.58328247070313
214 91.75299072265625
215 124.49114990234375
216 71.50702667236328
217 60.737892150878906
218 177.0445098876953
219 78.39927673339844
220 80.55309295654297
221 96.92218780517578
222 114.58355712890625
223 84.86074829101563
224 78.3992691040039
225 65.04553985595703
226 133.9679718017578
227 74.52238464355469
228 77.968505859375
229 96.92217254638672
230 62.03019332885742
231 88.73764038085938
232 74.52238464355469
233 119.75273132324219
234 46.522647857666016
235 125.3526840209961
236 76.67620849609375
237 71.50701904296875
238 106.82975769042969
239 109.41437530517578
240 47.38417434692383
241 62.891719818115234
242 51.26105880737305
243 134.8295135498047
244 80.9838638305664
245 59.876365661621094
246 93.4760513305664
247 30.153564453125
248 63.75325393676758
249 119.32196807861328
250 71.93778991699219
251 73.23008728027344
252 50.399532318115234
253 143.01405334472656
254 86.58382415771484
255 43.0765266418457
256 45.66111755371094
257 111.13743591308594
258 141.7217559814453
259 49.107234954833984
260 51.26106262207031
261 62.891719818115234
262 65.04554748535156
263 98.6452407836914
264 98.21446990966797
265 55.5687141418457
266 96.92217254638672
267 95.1991195678711
268 84.42998504638672
269 95.19911193847656
270 96.0606460571289
271 124.06038665771484
272 133.1064453125
273 55.13794708251953
274 87.44534301757813
275 72.79931640625
276 73.23009490966797
277 52.98412322998047
278 47.814937591552734
279 49.96876525878906
280 43.507286071777344
281 63.75325393676758
282 74.09162139892578
283 79.69157409667969
284 121.47579956054688
285 75.3839111328125
286 64.61478424072266
287 47.81493377685547
288 55.56871032714844
289 55.56871032714844
290 100.79906463623047
291 126.64498138427734
292 54.27641677856445
293 77.5377426147461
294 81.84539794921875
295 97.78370666503906
296 53.84565734863281
297 108.55284118652344
298 103.81441497802734
299 96.92216491699219
300 70.64549255371094
301 85.29151153564453
302 79.69156646728516
303 75.38391876220703
304 87.01457214355469
305 74.09162139892578
306 68.4916763305664
307 98.64523315429688
308 97.78370666503906
309 110.27589416503906
310 58.1533088684082
311 82.27615356445313
312 72.79932403564453
313 100.79906463623047
314 87.01457214355469
315 93.4760513305664
316 138.275634765625
317 93.90682220458984
318 69.35320281982422
319 118.89120483398438
320 115.44507598876953
321 77.5377426147461
322 111.56818389892578
323 94.33758544921875
324 37.4765739440918
325 84.42998504638672
326 100.36830139160156
327 115.01432800292969
328 122.7680892944336
329 81.41461944580078
330 90.02993774414063
331 73.66085052490234
332 102.95289611816406
333 69.78397369384766
334 50.39952850341797
335 80.55309295654297
336 64.61478424072266
337 88.73764038085938
338 49.96876525878906
339 68.06090545654297
340 99.50677490234375
341 90.46070098876953
342 42.645755767822266
343 89.59916687011719
344 97.7837142944336
345 62.03019714355469
346 62.460960388183594
347 140.8602294921875
348 97.78370666503906
349 105.96823120117188
350 86.1530532836914
351 105.96825408935547
352 54.27642059326172
353 46.09187698364258
354 87.01457214355469
355 77.96849822998047
356 48.24570846557617
357 80.9838638305664
358 102.95289611816406
359 89.59917449951172
360 94.76834869384766
361 90.02992248535156
362 64.61477661132813
363 68.06089782714844
364 127.07572937011719
365 101.66059112548828
366 161.106201171875
367 59.44560241699219
368 103.3836441040039
369 91.75300598144531
370 55.13794708251953
371 63.322486877441406
372 77.96851348876953
373 90.0299301147461
374 108.12206268310547
375 59.876365661621094
376 75.3839111328125
377 91.32221984863281
378 55.1379508972168
379 73.66085815429688
380 100.36829376220703
381 134.8295135498047
382 109.41436767578125
383 119.32196807861328
384 138.27561950683594
385 112.8604965209961
386 80.9838638305664
387 69.35320281982422
388 44.799583435058594
389 66.33783721923828
390 27.5689754486084
391 51.69182205200195
392 55.99947738647461
393 57.722537994384766
394 40.49192810058594
395 64.61478424072266
396 95.1991195678711
397 77.10697174072266
398 62.46096420288086
399 91.32223510742188
400 57.29177474975586
401 68.92243957519531
402 74.52237701416016
403 65.47632598876953
404 47.814937591552734
405 108.98358917236328
406 122.33731842041016
407 87.01457214355469
408 63.32249069213867
409 62.030189514160156
410 69.78397369384766
411 33.16891860961914
412 53.41489028930664
413 30.584327697753906
414 27.138208389282227
415 72.36856079101563
416 49.53799819946289
417 139.13717651367188
418 68.49166870117188
419 68.4916763305664
420 62.8917236328125
421 71.50701904296875
422 102.95288848876953
423 76.24544525146484
424 111.56819152832031
425 73.2300796508789
426 112.42972564697266
427 75.38391876220703
428 36.61504364013672
429 25.415145874023438
430 80.12232208251953
431 66.33784484863281
432 72.3685531616211
433 8.615303993225098
434 22.399789810180664
435 57.722537994384766
436 52.98412322998047
437 8.184538841247559
438 61.59942626953125
439 59.01483917236328
440 41.35346603393555
441 76.67621612548828
442 87.87610626220703
443 83.99921417236328
444 76.67620849609375
445 125.3526840209961
446 111.13742065429688
447 132.67568969726563
448 95.6298828125
449 122.76808166503906
450 143.01405334472656
451 89.16839599609375
452 111.56819915771484
453 98.6452407836914
454 87.44534301757813
455 120.61427307128906
456 63.322486877441406
457 107.26053619384766
458 89.59915924072266
459 46.953407287597656
460 113.72203063964844
461 108.98359680175781
462 18.092138290405273
463 90.02992248535156
464 65.90707397460938
465 51.69182586669922
466 67.19937133789063
467 93.4760513305664
468 96.49141693115234
469 44.36882019042969
470 52.12259292602539
471 93.47605895996094
472 57.722537994384766
473 31.876625061035156
474 102.52212524414063
475 59.44560241699219
476 61.168663024902344
477 83.5684585571289
478 76.67620849609375
479 62.03019714355469
480 55.56871032714844
481 39.19963455200195
482 59.876365661621094
483 82.27615356445313
484 82.27615356445313
485 63.75325393676758
486 101.66058349609375
487 36.18427658081055
488 44.799583435058594
489 45.2303466796875
490 55.5687141418457
491 92.6145248413086
492 60.30712890625
493 73.23008728027344
494 123.1988525390625
495 105.53746795654297
496 116.30661010742188
497 83.13768768310547
498 87.01457977294922
499 50.399532318115234
500 58.15330505371094
501 38.338104248046875
502 44.36882019042969
503 12.061426162719727
504 23.692087173461914
505 11.199895858764648
506 20.24596405029297
507 81.41463470458984
508 69.78396606445313
509 88.3068618774414
510 77.10697937011719
511 80.12232971191406
512 55.13794708251953
513 71.07625579833984
514 73.66085052490234
515 74.09162139892578
516 84.8607406616211
517 88.73764038085938
518 87.87610626220703
519 36.18428039550781
520 116.30661010742188
521 58.15330505371094
522 98.2144775390625
523 90.0299301147461
524 136.12181091308594
525 128.3680419921875
526 65.90707397460938
527 58.15330505371094
528 15.938312530517578
529 79.26080322265625
530 39.19963836669922
531 114.15277862548828
532 61.168663024902344
533 89.16840362548828
534 62.460960388183594
535 67.63013458251953
536 81.84539031982422
537 92.61453247070313
538 57.72254180908203
539 41.78422927856445
540 88.73764038085938
541 42.645755767822266
542 112.42971801757813
543 105.5374755859375
544 87.01456451416016
545 75.3839111328125
546 91.32221984863281
547 54.707183837890625
548 74.9531478881836
549 63.32249069213867
550 85.29151153564453
551 34.89198303222656
552 74.09161376953125
553 47.384178161621094
554 91.32222747802734
555 78.3992691040039
556 56.43024444580078
557 59.44560241699219
558 68.92243194580078
559 83.99922943115234
560 68.92243194580078
561 67.19937896728516
562 116.30661010742188
563 81.41462707519531
564 90.89146423339844
565 89.59916687011719
566 147.75247192382813
567 95.62987518310547
568 60.307132720947266
569 56.430240631103516
570 69.35321044921875
571 99.07599639892578
572 58.1533088684082
573 77.96849822998047
574 67.63013458251953
575 75.38391876220703
576 82.70692443847656
577 99.07601165771484
578 59.876365661621094
579 62.03019714355469
580 40.06116485595703
581 66.76860809326172
582 76.67620086669922
583 58.584068298339844
584 69.35319519042969
585 43.938053131103516
586 78.3992691040039
587 139.13717651367188
588 69.35320281982422
589 79.69156646728516
590 96.49140167236328
591 122.7680892944336
592 80.9838638305664
593 101.2298355102539
594 85.72227478027344
595 68.4916763305664
596 68.06089782714844
597 65.476318359375
598 96.06063079833984
599 114.58354949951172
600 68.92243957519531
601 76.67621612548828
602 80.55309295654297
603 62.460960388183594
604 96.49141693115234
605 52.122589111328125
606 38.338104248046875
607 61.59942626953125
608 74.95314025878906
609 85.29151916503906
610 68.06090545654297
611 54.27641677856445
612 56.86100769042969
613 39.630401611328125
614 72.79932403564453
615 61.599430084228516
616 63.753257751464844
617 96.92218780517578
618 100.79906463623047
619 82.70692443847656
620 52.122589111328125
621 91.32222747802734
622 61.599422454833984
623 58.15330505371094
624 39.630401611328125
625 70.64549255371094
626 61.168663024902344
627 103.8144302368164
628 63.75325012207031
629 127.07573699951172
630 99.93753051757813
631 87.87610626220703
632 87.4453353881836
633 86.58380889892578
634 112.42972564697266
635 130.09109497070313
636 95.6298828125
637 104.24518585205078
638 81.41462707519531
639 85.29150390625
640 80.12232971191406
641 131.8141632080078
642 99.50675964355469
643 92.18375396728516
644 101.66059875488281
645 104.67594146728516
646 130.09109497070313
647 77.968505859375
648 120.6142578125
649 92.61451721191406
650 54.27641677856445
651 93.04529571533203
652 52.122589111328125
653 21.969026565551758
654 25.41514778137207
655 81.84539031982422
656 73.23008728027344
657 75.38391876220703
658 39.19963455200195
659 21.538259506225586
660 52.98412322998047
661 19.38443374633789
662 30.153564453125
663 66.76860809326172
664 24.553617477416992
665 58.584068298339844
666 58.58406448364258
667 75.81468200683594
668 71.50703430175781
669 140.42945861816406
670 120.6142578125
671 71.50702667236328
672 80.1223373413086
673 48.67647171020508
674 65.47631072998047
675 80.98385620117188
676 108.12206268310547
677 83.99920654296875
678 45.66111373901367
679 25.845911026000977
680 63.32249069213867
681 48.67647171020508
682 89.16840362548828
683 64.61478424072266
684 82.70692443847656
685 39.19963455200195
686 60.307132720947266
687 57.722537994384766
688 65.90707397460938
689 76.67621612548828
690 65.9070816040039
691 62.46095275878906
692 48.67646789550781
693 32.738155364990234
694 51.26106262207031
695 41.353458404541016
696 53.41489028930664
697 52.122596740722656
698 69.35320281982422
699 108.98361206054688
700 107.69129943847656
701 74.52237701416016
702 97.78370666503906
703 96.92218780517578
704 117.59890747070313
705 68.4916763305664
706 58.584075927734375
707 87.01457214355469
708 105.1067123413086
709 90.460693359375
710 76.24544525146484
711 121.04502868652344
712 82.27615356445313
713 93.4760513305664
714 88.30686950683594
715 125.35267639160156
716 88.30686950683594
717 52.98411560058594
718 64.61478424072266
719 99.07600402832031
720 72.3685531616211
721 70.21473693847656
722 60.307132720947266
723 85.72227478027344
724 96.92217254638672
725 94.33758544921875
726 82.70692443847656
727 61.599422454833984
728 47.38417434692383
729 50.399532318115234
730 55.1379508972168
731 31.876625061035156
732 53.414886474609375
733 78.39927673339844
734 40.0611686706543
735 124.92190551757813
736 77.10697937011719
737 99.93753051757813
738 65.47631072998047
739 42.21499252319336
740 40.06116485595703
741 13.353721618652344
742 27.138206481933594
743 40.92269515991211
744 46.091880798339844
745 27.999740600585938
746 52.12258529663086
747 58.15330505371094
748 83.56845092773438
749 40.061161041259766
750 13.7844877243042
751 53.414886474609375
752 60.7379035949707
753 71.07626342773438
754 39.63039779663086
755 27.138206481933594
756 70.64549255371094
757 88.73764038085938
758 116.30661010742188
759 82.70691680908203
760 91.32222747802734
761 97.35293579101563
762 93.47605895996094
763 84.86074829101563
764 61.599430084228516
765 93.04529571533203
766 112.42972564697266
767 86.58380889892578
768 90.8914566040039
769 47.814937591552734
770 100.79906463623047
771 64.18402099609375
772 95.19910430908203
773 68.92243957519531
774 102.09135437011719
775 91.75299072265625
776 106.82978057861328
777 71.93778991699219
778 83.13768768310547
779 89.59916687011719
780 62.8917236328125
781 35.32274627685547
782 82.27616882324219
783 26.707443237304688
784 27.999736785888672
785 48.245704650878906
786 49.96876907348633
787 38.76887130737305
788 48.67647171020508
789 58.58407211303711
790 115.44507598876953
791 77.10697937011719
792 91.32222747802734
793 111.99895477294922
794 147.3217010498047
795 68.4916763305664
796 98.21446228027344
797 59.01483154296875
798 76.24543762207031
799 84.42997741699219
800 106.82978057861328
801 132.67568969726563
802 59.014835357666016
803 69.78396606445313
804 112.86048126220703
805 90.0299301147461
806 83.13768768310547
807 97.78370666503906
808 47.38417434692383
809 110.27588653564453
810 74.9531478881836
811 44.799583435058594
812 57.722537994384766
813 64.18402099609375
814 28.86126708984375
815 27.138208389282227
816 79.26079559326172
817 101.22982025146484
818 93.04529571533203
819 94.33757781982422
820 64.18401336669922
821 127.93726348876953
822 62.8917236328125
823 34.461219787597656
824 61.599430084228516
825 115.01431274414063
826 84.42998504638672
827 72.36856079101563
828 40.92269515991211
829 96.0606460571289
830 76.24544525146484
831 150.33706665039063
832 95.1991195678711
833 105.10671997070313
834 67.19937896728516
835 59.44560241699219
836 49.107234954833984
837 45.66111373901367
838 77.10697174072266
839 69.35320281982422
840 96.92218017578125
841 87.4453353881836
842 70.21473693847656
843 59.87636947631836
844 132.24493408203125
845 91.75298309326172
846 44.36881637573242
847 85.7222900390625
848 94.76834869384766
849 136.9833526611328
850 71.93779754638672
851 94.76834106445313
852 62.460960388183594
853 90.46070098876953
854 135.6910400390625
855 90.02992248535156
856 95.6298828125
857 69.78396606445313
858 93.0452880859375
859 118.8912124633789
860 98.6452407836914
861 121.47579193115234
862 68.49166870117188
863 37.47657012939453
864 84.42996978759766
865 108.12206268310547
866 67.19937896728516
867 159.3831329345703
868 80.1223373413086
869 102.09135437011719
870 49.538002014160156
871 18.95366859436035
872 74.52237701416016
873 78.3992691040039
874 70.64550018310547
875 89.59915924072266
876 63.32248306274414
877 56.86100769042969
878 97.78370666503906
879 74.52237701416016
880 121.04502868652344
881 70.64549255371094
882 74.9531478881836
883 83.5684585571289
884 84.86076354980469
885 84.42997741699219
886 74.95315551757813
887 67.19937896728516
888 92.18376159667969
889 76.67621612548828
890 18.95366859436035
891 94.33758544921875
892 90.8914566040039
893 69.35320281982422
894 72.36854553222656
895 21.107494354248047
896 118.02967834472656
897 61.599430084228516
898 71.93778991699219
899 45.66111755371094
900 61.59942626953125
901 66.33784484863281
902 66.76861572265625
903 28.86126708984375
904 62.46095657348633
905 37.045806884765625
906 33.59968566894531
907 70.64549255371094
908 64.61477661132813
909 1.7230608463287354
910 81.41462707519531
911 38.76887130737305
912 40.06116485595703
913 66.33784484863281
914 41.78422546386719
915 59.44560241699219
916 67.63014221191406
917 86.58381652832031
918 90.89147186279297
919 87.44534301757813
920 18.092138290405273
921 43.07652282714844
922 89.16839599609375
923 33.59968566894531
924 57.291770935058594
925 92.61451721191406
926 74.95315551757813
927 81.41463470458984
928 129.6603240966797
929 105.5374755859375
930 78.83003997802734
931 86.15304565429688
932 111.99896240234375
933 31.015094757080078
934 30.153562545776367
935 60.73789596557617
936 82.2761459350586
937 130.95263671875
938 76.24544525146484
939 71.50701904296875
940 79.26080322265625
941 90.8914566040039
942 86.15304565429688
943 102.95288848876953
944 52.12259292602539
945 105.5374755859375
946 87.01457214355469
947 74.52238464355469
948 68.06090545654297
949 48.67646789550781
950 52.122596740722656
951 162.39846801757813
952 80.1223373413086
953 188.67515563964844
954 91.32222747802734
955 68.92243957519531
956 68.49166870117188
957 80.55309295654297
958 72.79931640625
959 71.50701904296875
960 113.72201538085938
961 117.59891510009766
962 87.01457214355469
963 66.76861572265625
964 89.16840362548828
965 44.36882019042969
966 71.07626342773438
967 71.93780517578125
968 87.44534301757813
969 106.82978057861328
970 135.6910400390625
971 59.44559860229492
972 68.0609130859375
973 39.63039779663086
974 103.81442260742188
975 67.19937896728516
976 57.72254180908203
977 106.39900207519531
978 84.86074829101563
979 121.47579956054688
980 82.7069320678711
981 116.73738098144531
982 96.92217254638672
983 66.76860809326172
984 42.21499252319336
985 58.15330505371094
986 31.445859909057617
987 41.78422927856445
988 2.5845913887023926
989 27.999736785888672
990 17.230607986450195
991 70.21472930908203
992 78.83003234863281
993 23.261322021484375
994 90.8914566040039
995 49.96876907348633
996 99.07599639892578
997 104.67594146728516
998 98.21446990966797
999 87.01457214355469
1000 47.38417434692383
1001 63.32249069213867
1002 63.32249069213867
