# Selection 1:name C1A D2A C3A C4A C1B C2B C3B C4B Selection 2:name AUC AUSL AUL Cutoff:8 Start:0 End:-1
0 0
1 0
2 16
3 9
4 10
5 10
6 15
7 15
8 14
9 11
10 14
11 7
12 13
13 9
14 8
15 16
16 10
17 12
18 14
19 13
20 9
21 8
22 12
23 9
24 13
25 11
26 15
27 19
28 16
29 12
30 12
31 10
32 15
33 12
34 12
35 10
36 14
37 10
38 14
39 17
40 10
41 12
42 15
43 11
44 11
45 20
46 18
47 11
48 19
49 14
50 8
51 14
52 10
53 9
54 11
55 12
56 12
57 11
58 10
59 12
60 14
61 17
62 13
63 13
64 11
65 13
66 16
67 12
68 12
69 10
70 12
71 11
72 8
73 6
74 15
75 12
76 14
77 9
78 7
79 3
80 10
81 9
82 9
83 10
84 10
85 15
86 13
87 19
88 10
89 8
90 9
91 12
92 8
93 14
94 10
95 9
96 14
97 15
98 12
99 14
100 12
101 11
102 8
103 14
104 15
105 16
106 12
107 7
108 8
109 8
110 17
111 15
112 11
113 13
114 8
115 13
116 16
117 16
118 5
119 13
120 5
121 14
122 13
123 12
124 11
125 15
126 14
127 13
128 10
129 16
130 13
131 13
132 13
133 15
134 12
135 6
136 15
137 8
138 7
139 11
140 9
141 8
142 4
143 5
144 13
145 14
146 12
147 12
148 15
149 6
150 10
151 7
152 11
153 7
154 8
155 9
156 18
157 14
158 15
159 13
160 15
161 13
162 12
163 13
164 12
165 9
166 9
167 12
168 10
169 10
170 11
171 15
172 10
173 13
174 10
175 11
176 13
177 13
178 12
179 9
180 14
181 12
182 18
183 8
184 14
185 16
186 10
187 8
188 10
189 12
190 11
191 12
192 10
193 12
194 17
195 20
196 9
197 20
198 13
199 12
200 17
201 19
202 14
203 11
204 16
205 17
206 11
207 10
208 14
209 11
210 16
211 17
212 10
213 12
214 11
215 14
216 11
217 9
218 19
219 13
220 17
221 17
222 18
223 11
224 19
225 13
226 13
227 9
228 8
229 12
230 11
231 19
232 12
233 10
234 12
235 17
236 13
237 11
238 15
239 16
240 16
241 11
242 4
243 20
244 13
245 8
246 14
247 13
248 11
249 18
250 11
251 17
252 16
253 17
254 17
255 12
256 12
257 10
258 17
259 13
260 11
261 18
262 9
263 11
264 13
265 13
266 15
267 15
268 16
269 17
270 10
271 11
272 15
273 9
274 13
275 8
276 9
277 12
278 12
279 10
280 11
281 11
282 13
283 14
284 16
285 14
286 14
287 10
288 11
289 9
290 17
291 15
292 7
293 8
294 20
295 12
296 8
297 10
298 10
299 13
300 8
301 12
302 12
303 11
304 9
305 12
306 10
307 17
308 11
309 17
310 10
311 12
312 13
313 12
314 12
315 9
316 12
317 14
318 14
319 10
320 11
321 11
322 10
323 9
324 9
325 14
326 13
327 10
328 16
329 16
330 14
331 17
332 15
333 13
334 5
335 9
336 12
337 11
338 13
339 9
340 13
341 16
342 9
343 14
344 12
345 9
346 12
347 17
348 15
349 20
350 13
351 14
352 18
353 14
354 10
355 14
356 10
357 12
358 13
359 15
360 15
361 8
362 12
363 9
364 21
365 13
366 13
367 14
368 15
369 14
370 13
371 7
372 13
373 15
374 18
375 14
376 13
377 17
378 10
379 11
380 17
381 17
382 13
383 19
384 15
385 13
386 15
387 9
388 12
389 12
390 11
391 7
392 10
393 3
394 9
395 13
396 9
397 16
398 10
399 15
400 9
401 7
402 15
403 13
404 13
405 17
406 11
407 17
408 10
409 10
410 5
411 5
412 11
413 5
414 8
415 8
416 11
417 16
418 11
419 9
420 13
421 8
422 11
423 13
424 14
425 11
426 12
427 11
428 12
429 8
430 9
431 12
432 10
433 8
434 9
435 12
436 10
437 6
438 15
439 8
440 10
441 15
442 16
443 16
444 11
445 15
446 19
447 18
448 18
449 16
450 19
451 12
452 12
453 14
454 14
455 22
456 7
457 11
458 11
459 10
460 13
461 18
462 8
463 12
464 12
465 12
466 7
467 13
468 12
469 7
470 8
471 14
472 13
473 8
474 13
475 10
476 14
477 12
478 9
479 12
480 14
481 10
482 8
483 10
484 10
485 14
486 11
487 6
488 12
489 10
490 10
491 13
492 8
493 14
494 15
495 10
496 12
497 9
498 16
499 9
500 8
501 8
502 14
503 4
504 14
505 10
506 9
507 15
508 9
509 11
510 8
511 11
512 7
513 10
514 11
515 14
516 9
517 14
518 11
519 8
520 14
521 9
522 14
523 5
524 13
525 12
526 8
527 11
528 10
529 9
530 9
531 9
532 9
533 10
534 11
535 7
536 9
537 15
538 10
539 12
540 15
541 7
542 12
543 11
544 8
545 14
546 17
547 12
548 7
549 11
550 21
551 15
552 15
553 12
554 9
555 7
556 10
557 10
558 9
559 13
560 10
561 15
562 19
563 14
564 15
565 17
566 12
567 14
568 7
569 9
570 8
571 10
572 8
573 19
574 10
575 12
576 11
577 16
578 10
579 10
580 10
581 11
582 12
583 10
584 10
585 12
586 12
587 11
588 11
589 14
590 11
591 11
592 7
593 11
594 15
595 11
596 8
597 13
598 13
599 15
600 10
601 13
602 9
603 12
604 17
605 7
606 9
607 9
608 17
609 11
610 17
611 12
612 13
613 9
614 11
615 11
616 12
617 17
618 10
619 15
620 5
621 16
622 13
623 12
624 13
625 5
626 13
627 20
628 13
629 16
630 13
631 13
632 11
633 11
634 12
635 12
636 11
637 10
638 5
639 11
640 13
641 16
642 12
643 11
644 7
645 13
646 14
647 6
648 10
649 14
650 15
651 14
652 8
653 10
654 11
655 8
656 13
657 10
658 7
659 7
660 9
661 7
662 7
663 7
664 7
665 7
666 10
667 11
668 14
669 12
670 18
671 12
672 13
673 7
674 9
675 9
676 9
677 10
678 6
679 6
680 6
681 8
682 18
683 12
684 16
685 7
686 12
687 15
688 12
689 11
690 11
691 7
692 7
693 9
694 9
695 13
696 8
697 14
698 10
699 17
700 12
701 12
702 17
703 12
704 15
705 12
706 9
707 10
708 15
709 11
710 11
711 11
712 11
713 10
714 8
715 17
716 11
717 10
718 12
719 10
720 7
721 11
722 8
723 10
724 13
725 10
726 11
727 5
728 13
729 13
730 11
731 5
732 11
733 9
734 10
735 12
736 14
737 14
738 12
739 11
740 6
741 10
742 8
743 12
744 5
745 7
746 12
747 12
748 19
749 12
750 7
751 8
752 3
753 13
754 4
755 10
756 15
757 7
758 6
759 7
760 17
761 15
762 13
763 12
764 5
765 16
766 17
767 10
768 13
769 9
770 15
771 13
772 13
773 12
774 14
775 15
776 12
777 6
778 11
779 17
780 11
781 13
782 11
783 10
784 12
785 8
786 12
787 8
788 11
789 7
790 15
791 9
792 17
793 12
794 19
795 13
796 6
797 6
798 11
799 6
800 11
801 18
802 15
803 11
804 9
805 17
806 16
807 9
808 13
809 18
810 16
811 13
812 11
813 10
814 8
815 8
816 7
817 17
818 11
819 13
820 9
821 12
822 12
823 8
824 11
825 18
826 7
827 13
828 5
829 13
830 13
831 16
832 13
833 14
834 16
835 10
836 7
837 7
838 11
839 10
840 18
841 11
842 11
843 10
844 19
845 12
846 11
847 20
848 12
849 15
850 10
851 13
852 15
853 13
854 13
855 19
856 14
857 12
858 13
859 11
860 12
861 13
862 10
863 14
864 18
865 13
866 9
867 24
868 8
869 11
870 8
871 9
872 9
873 12
874 11
875 7
876 12
877 9
878 12
879 14
880 14
881 12
882 7
883 17
884 9
885 14
886 14
887 16
888 13
889 11
890 8
891 12
892 9
893 19
894 8
895 11
896 12
897 10
898 9
899 10
900 16
901 10
902 9
903 5
904 10
905 9
906 4
907 9
908 11
909 5
910 16
911 11
912 12
913 10
914 8
915 8
916 12
917 13
918 16
919 8
920 5
921 6
922 8
923 13
924 12
925 13
926 10
927 10
928 15
929 10
930 14
931 16
932 19
933 9
934 10
935 9
936 16
937 20
938 13
939 10
940 14
941 14
942 16
943 10
944 14
945 8
946 14
947 9
948 11
949 9
950 10
951 14
952 12
953 13
954 11
955 13
956 10
957 12
958 11
959 9
960 17
961 12
962 14
963 10
964 9
965 9
966 13
967 8
968 12
969 13
970 13
971 8
972 14
973 10
974 8
975 12
976 9
977 19
978 12
979 11
980 14
981 18
982 8
983 13
984 10
985 11
986 9
987 8
988 9
989 8
990 8
991 12
992 14
993 7
994 12
995 14
996 11
997 12
998 15
999 11
1000 12
1001 12
1002 12
