0 {2 3 4 5 6 7 8 10} {{1 0 0 0 0 0 0 0 9 0}}
1 {2 3 4 5 6 7 8 10} {{1 0 0 0 0 0 0 0 9 0}}
2 {2 3 4 5 6 7 8 10} {{1 0 0 0 0 0 0 0 9 0}}
3 {2 3 4 5 6 7 8 10} {{1 0 0 0 0 0 0 0 9 0}}
4 {2 3 4 5 6 7 8 10} {{1 0 0 0 0 0 0 0 9 0}}
5 {2 3 4 5 6 7 8 10} {{1 0 0 0 0 0 0 0 9 0}}
6 {2 3 4 5 6 7 8 10} {{1 0 0 0 0 0 0 0 9 0}}
7 {2 3 4 5 6 7 8 10} {{1 0 0 0 0 0 0 0 9 0}}
8 {2 3 4 5 6 7 8 10} {{1 0 0 0 0 0 0 0 9 0}}
9 {2 3 4 5 6 7 8 10} {{1 0 0 0 0 0 0 0 9 0}}
10 {2 3 4 5 6 7 8 10} {{1 0 0 0 0 0 0 0 9 0}}
11 {2 3 4 5 6 7 8 10} {{1 0 0 0 0 0 0 0 9 0}}
12 {2 3 4 5 6 7 8 10} {{1 0 0 0 0 0 0 0 9 0}}
13 {2 3 4 5 6 7 8 10} {{1 0 0 0 0 0 0 0 9 0}}
14 {2 3 4 6 8 10} {{1 0 0 0 0 0 0 0 9 0} {0 0 0 0 5 0 7 0 0 0}}
15 {2 3 4 6 8 10} {{1 0 0 0 0 0 0 0 9 0} {0 0 0 0 5 0 7 0 0 0}}
16 {2 3 4 6 8 10} {{1 0 0 0 0 0 0 0 9 0} {0 0 0 0 5 0 7 0 0 0}}
17 {2 3 4 6 8 10} {{1 0 0 0 0 0 0 0 9 0} {0 0 0 0 5 0 7 0 0 0}}
18 {2 3 4 6 8 10} {{1 0 0 0 0 0 0 0 9 0} {0 0 0 0 5 0 7 0 0 0}}
19 {2 3 4 6 8 10} {{1 0 0 0 0 0 0 0 9 0} {0 0 0 0 5 0 7 0 0 0}}
20 {2 4 6 8 10} {{1 0 3 0 0 0 0 0 9 0} {0 0 0 0 5 0 7 0 0 0}}
21 {2 4 6 8 10} {{1 0 3 0 0 0 0 0 9 0} {0 0 0 0 5 0 7 0 0 0}}
22 {2 4 6 8 10} {{1 0 3 0 0 0 0 0 9 0} {0 0 0 0 5 0 7 0 0 0}}
23 {2 4 6 8 10} {{1 0 3 0 0 0 0 0 9 0} {0 0 0 0 5 0 7 0 0 0}}
24 {2 4 6 8 10} {{1 0 3 0 0 0 0 0 9 0} {0 0 0 0 5 0 7 0 0 0}}
25 {2 4 6 8 10} {{1 0 3 0 0 0 0 0 9 0} {0 0 0 0 5 0 7 0 0 0}}
26 {2 4 6 8 10} {{1 0 3 0 0 0 0 0 9 0} {0 0 0 0 5 0 7 0 0 0}}
27 {2 4 6 8 10} {{1 0 3 0 0 0 0 0 9 0} {0 0 0 0 5 0 7 0 0 0}}
28 {2 4 6 8 10} {{1 0 3 0 0 0 0 0 9 0} {0 0 0 0 5 0 7 0 0 0}}
29 {2 4 6 8 10} {{1 0 3 0 0 0 0 0 9 0} {0 0 0 0 5 0 7 0 0 0}}
30 {2 4 6 8 10} {{1 0 3 0 0 0 0 0 9 0} {0 0 0 0 5 0 7 0 0 0}}
31 {2 4 6 8 10} {{1 0 3 0 0 0 0 0 9 0} {0 0 0 0 5 0 7 0 0 0}}
32 {2 4 6 8 10} {{1 0 3 0 0 0 0 0 9 0} {0 0 0 0 5 0 7 0 0 0}}
33 {2 4 6 8 10} {{1 0 3 0 0 0 0 0 9 0} {0 0 0 0 5 0 7 0 0 0}}
34 {2 4 6 8 10} {{1 0 3 0 0 0 0 0 9 0} {0 0 0 0 5 0 7 0 0 0}}
35 {2 4 6 8 10} {{1 0 3 0 0 0 0 0 9 0} {0 0 0 0 5 0 7 0 0 0}}
36 {2 4 6 8 10} {{1 0 3 0 0 0 0 0 9 0} {0 0 0 0 5 0 7 0 0 0}}
37 {2 4 6 8 10} {{1 0 3 0 0 0 0 0 9 0} {0 0 0 0 5 0 7 0 0 0}}
38 {2 4 6 10} {{1 0 3 0 0 0 0 8 9 0} {0 0 0 0 5 0 7 0 0 0}}
39 {2 4 6 10} {{1 0 3 0 0 0 0 8 9 0} {0 0 0 0 5 0 7 0 0 0}}
40 {2 4 6 10} {{1 0 3 0 0 0 0 8 9 0} {0 0 0 0 5 0 7 0 0 0}}
41 {2 4 6 10} {{1 0 3 0 0 0 0 8 9 0} {0 0 0 0 5 0 7 0 0 0}}
42 {2 4 6 10} {{1 0 3 0 0 0 0 8 9 0} {0 0 0 0 5 0 7 0 0 0}}
43 {2 4} {{1 0 3 0 0 0 0 8 9 0} {0 0 0 0 5 0 7 0 0 0} {0 0 0 0 0 6 0 0 0 10}}
44 {2 4} {{1 0 3 0 0 0 0 8 9 0} {0 0 0 0 5 0 7 0 0 0} {0 0 0 0 0 6 0 0 0 10}}
45 {2 4} {{1 0 3 0 0 0 0 8 9 0} {0 0 0 0 5 0 7 0 0 0} {0 0 0 0 0 6 0 0 0 10}}
46 {2 4} {{1 0 3 0 0 0 0 8 9 0} {0 0 0 0 5 0 7 0 0 0} {0 0 0 0 0 6 0 0 0 10}}
47 {2 4} {{1 0 3 0 0 0 0 8 9 0} {0 0 0 0 5 0 7 0 0 0} {0 0 0 0 0 6 0 0 0 10}}
48 {2 4} {{1 0 3 0 0 0 0 8 9 0} {0 0 0 0 5 0 7 0 0 0} {0 0 0 0 0 6 0 0 0 10}}
49 {2 4} {{1 0 3 0 0 0 0 8 9 0} {0 0 0 0 5 0 7 0 0 0} {0 0 0 0 0 6 0 0 0 10}}
50 {2 4} {{1 0 3 0 0 0 0 8 9 0} {0 0 0 0 5 0 7 0 0 0} {0 0 0 0 0 6 0 0 0 10}}
51 {2 4} {{1 0 3 0 0 0 0 8 9 0} {0 0 0 0 5 0 7 0 0 0} {0 0 0 0 0 6 0 0 0 10}}
52 {2 4} {{1 0 3 0 0 0 0 8 9 0} {0 0 0 0 5 0 7 0 0 0} {0 0 0 0 0 6 0 0 0 10}}
53 {2 4} {{1 0 3 0 0 0 0 8 9 0} {0 0 0 0 5 0 7 0 0 0} {0 0 0 0 0 6 0 0 0 10}}
54 {2 4} {{1 0 3 0 0 0 0 8 9 0} {0 0 0 0 5 0 7 0 0 0} {0 0 0 0 0 6 0 0 0 10}}
55 {2 4} {{1 0 3 0 0 0 0 8 9 0} {0 0 0 0 5 0 7 0 0 0} {0 0 0 0 0 6 0 0 0 10}}
56 {2 4} {{1 0 3 0 0 6 0 8 9 10} {0 0 0 0 5 0 7 0 0 0}}
57 {2 4} {{1 0 3 0 0 6 0 8 9 10} {0 0 0 0 5 0 7 0 0 0}}
58 {2 4} {{1 0 3 0 0 6 0 8 9 10} {0 0 0 0 5 0 7 0 0 0}}
59 {2 4} {{1 0 3 0 0 6 0 8 9 10} {0 0 0 0 5 0 7 0 0 0}}
60 {2 4} {{1 0 3 0 0 6 0 8 9 10} {0 0 0 0 5 0 7 0 0 0}}
61 {2 4} {{1 0 3 0 0 6 0 8 9 10} {0 0 0 0 5 0 7 0 0 0}}
62 {2 4} {{1 0 3 0 0 6 0 8 9 10} {0 0 0 0 5 0 7 0 0 0}}
63 {2 4} {{1 0 3 0 0 6 0 8 9 10} {0 0 0 0 5 0 7 0 0 0}}
64 {2 4} {{1 0 3 0 0 6 0 8 9 10} {0 0 0 0 5 0 7 0 0 0}}
65 {2 4} {{1 0 3 0 0 6 0 8 9 10} {0 0 0 0 5 0 7 0 0 0}}
66 {2 4} {{1 0 3 0 0 6 0 8 9 10} {0 0 0 0 5 0 7 0 0 0}}
67 {2 4} {{1 0 3 0 0 6 0 8 9 10} {0 0 0 0 5 0 7 0 0 0}}
68 {2 4} {{1 0 3 0 0 6 0 8 9 10} {0 0 0 0 5 0 7 0 0 0}}
69 {2 4} {{1 0 3 0 0 6 0 8 9 10} {0 0 0 0 5 0 7 0 0 0}}
70 {2 4} {{1 0 3 0 0 6 0 8 9 10} {0 0 0 0 5 0 7 0 0 0}}
71 {2 4} {{1 0 3 0 0 6 0 8 9 10} {0 0 0 0 5 0 7 0 0 0}}
72 {2 4} {{1 0 3 0 0 6 0 8 9 10} {0 0 0 0 5 0 7 0 0 0}}
73 {2 4} {{1 0 3 0 0 6 0 8 9 10} {0 0 0 0 5 0 7 0 0 0}}
74 {2 4} {{1 0 3 0 0 6 0 8 9 10} {0 0 0 0 5 0 7 0 0 0}}
75 {2 4} {{1 0 3 0 0 6 0 8 9 10} {0 0 0 0 5 0 7 0 0 0}}
76 {2 4} {{1 0 3 0 0 6 0 8 9 10} {0 0 0 0 5 0 7 0 0 0}}
77 {2 4} {{1 0 3 0 0 6 0 8 9 10} {0 0 0 0 5 0 7 0 0 0}}
78 {2 4} {{1 0 3 0 0 6 0 8 9 10} {0 0 0 0 5 0 7 0 0 0}}
79 {2 4} {{1 0 3 0 0 6 0 8 9 10} {0 0 0 0 5 0 7 0 0 0}}
80 {2 4} {{1 0 3 0 0 6 0 8 9 10} {0 0 0 0 5 0 7 0 0 0}}
81 {2 4} {{1 0 3 0 0 6 0 8 9 10} {0 0 0 0 5 0 7 0 0 0}}
82 {2 4} {{1 0 3 0 0 6 0 8 9 10} {0 0 0 0 5 0 7 0 0 0}}
83 {2 4} {{1 0 3 0 0 6 0 8 9 10} {0 0 0 0 5 0 7 0 0 0}}
84 {2 4} {{1 0 3 0 0 6 0 8 9 10} {0 0 0 0 5 0 7 0 0 0}}
85 {2 4} {{1 0 3 0 0 6 0 8 9 10} {0 0 0 0 5 0 7 0 0 0}}
86 {2 4} {{1 0 3 0 0 6 0 8 9 10} {0 0 0 0 5 0 7 0 0 0}}
87 {2 4} {{1 0 3 0 0 6 0 8 9 10} {0 0 0 0 5 0 7 0 0 0}}
88 {2 4} {{1 0 3 0 0 6 0 8 9 10} {0 0 0 0 5 0 7 0 0 0}}
89 {2 4} {{1 0 3 0 0 6 0 8 9 10} {0 0 0 0 5 0 7 0 0 0}}
90 {2 4} {{1 0 3 0 0 6 0 8 9 10} {0 0 0 0 5 0 7 0 0 0}}
91 {2 4} {{1 0 3 0 0 6 0 8 9 10} {0 0 0 0 5 0 7 0 0 0}}
92 {2 4} {{1 0 3 0 0 6 0 8 9 10} {0 0 0 0 5 0 7 0 0 0}}
93 {2 4} {{1 0 3 0 0 6 0 8 9 10} {0 0 0 0 5 0 7 0 0 0}}
94 {2 4} {{1 0 3 0 0 6 0 8 9 10} {0 0 0 0 5 0 7 0 0 0}}
95 {2 4} {{1 0 3 0 0 6 0 8 9 10} {0 0 0 0 5 0 7 0 0 0}}
96 {2 4} {{1 0 3 0 0 6 0 8 9 10} {0 0 0 0 5 0 7 0 0 0}}
97 {2 4} {{1 0 3 0 0 6 0 8 9 10} {0 0 0 0 5 0 7 0 0 0}}
98 {2 4} {{1 0 3 0 0 6 0 8 9 10} {0 0 0 0 5 0 7 0 0 0}}
99 {2 4} {{1 0 3 0 0 6 0 8 9 10} {0 0 0 0 5 0 7 0 0 0}}
100 {2 4} {{1 0 3 0 0 6 0 8 9 10} {0 0 0 0 5 0 7 0 0 0}}
101 {2 4} {{1 0 3 0 0 6 0 8 9 10} {0 0 0 0 5 0 7 0 0 0}}
102 {2 4} {{1 0 3 0 0 6 0 8 9 10} {0 0 0 0 5 0 7 0 0 0}}
103 {2 4} {{1 0 3 0 0 6 0 8 9 10} {0 0 0 0 5 0 7 0 0 0}}
104 {2 4} {{1 0 3 0 0 6 0 8 9 10} {0 0 0 0 5 0 7 0 0 0}}
105 {2 4} {{1 0 3 0 0 6 0 8 9 10} {0 0 0 0 5 0 7 0 0 0}}
106 {2 4} {{1 0 3 0 0 6 0 8 9 10} {0 0 0 0 5 0 7 0 0 0}}
107 {2 4} {{1 0 3 0 0 6 0 8 9 10} {0 0 0 0 5 0 7 0 0 0}}
108 {2 4} {{1 0 3 0 0 6 0 8 9 10} {0 0 0 0 5 0 7 0 0 0}}
109 {2 4} {{1 0 3 0 0 6 0 8 9 10} {0 0 0 0 5 0 7 0 0 0}}
110 {2 4} {{1 0 3 0 0 6 0 8 9 10} {0 0 0 0 5 0 7 0 0 0}}
111 {2 4} {{1 0 3 0 0 6 0 8 9 10} {0 0 0 0 5 0 7 0 0 0}}
112 {2 4} {{1 0 3 0 0 6 0 8 9 10} {0 0 0 0 5 0 7 0 0 0}}
113 {2 4} {{1 0 3 0 0 6 0 8 9 10} {0 0 0 0 5 0 7 0 0 0}}
114 {2 4} {{1 0 3 0 0 6 0 8 9 10} {0 0 0 0 5 0 7 0 0 0}}
115 {2 4} {{1 0 3 0 0 6 0 8 9 10} {0 0 0 0 5 0 7 0 0 0}}
116 {2 4} {{1 0 3 0 0 6 0 8 9 10} {0 0 0 0 5 0 7 0 0 0}}
117 {2 4} {{1 0 3 0 0 6 0 8 9 10} {0 0 0 0 5 0 7 0 0 0}}
118 {2 4} {{1 0 3 0 0 6 0 8 9 10} {0 0 0 0 5 0 7 0 0 0}}
119 {2 4} {{1 0 3 0 0 6 0 8 9 10} {0 0 0 0 5 0 7 0 0 0}}
120 {2 4} {{1 0 3 0 0 6 0 8 9 10} {0 0 0 0 5 0 7 0 0 0}}
121 {2 4} {{1 0 3 0 0 6 0 8 9 10} {0 0 0 0 5 0 7 0 0 0}}
122 {2 4} {{1 0 3 0 0 6 0 8 9 10} {0 0 0 0 5 0 7 0 0 0}}
123 {2 4} {{1 0 3 0 0 6 0 8 9 10} {0 0 0 0 5 0 7 0 0 0}}
124 {2 4} {{1 0 3 0 0 6 0 8 9 10} {0 0 0 0 5 0 7 0 0 0}}
125 {2 4} {{1 0 3 0 0 6 0 8 9 10} {0 0 0 0 5 0 7 0 0 0}}
126 {2 4} {{1 0 3 0 0 6 0 8 9 10} {0 0 0 0 5 0 7 0 0 0}}
127 {2 4} {{1 0 3 0 0 6 0 8 9 10} {0 0 0 0 5 0 7 0 0 0}}
128 {2 4} {{1 0 3 0 0 6 0 8 9 10} {0 0 0 0 5 0 7 0 0 0}}
129 {2 4} {{1 0 3 0 0 6 0 8 9 10} {0 0 0 0 5 0 7 0 0 0}}
130 {2 4} {{1 0 3 0 0 6 0 8 9 10} {0 0 0 0 5 0 7 0 0 0}}
131 {2 4} {{1 0 3 0 0 6 0 8 9 10} {0 0 0 0 5 0 7 0 0 0}}
132 {2 4} {{1 0 3 0 0 6 0 8 9 10} {0 0 0 0 5 0 7 0 0 0}}
133 {2 4} {{1 0 3 0 0 6 0 8 9 10} {0 0 0 0 5 0 7 0 0 0}}
134 {2 4} {{1 0 3 0 0 6 0 8 9 10} {0 0 0 0 5 0 7 0 0 0}}
135 {2 4} {{1 0 3 0 0 6 0 8 9 10} {0 0 0 0 5 0 7 0 0 0}}
136 {2 4} {{1 0 3 0 0 6 0 8 9 10} {0 0 0 0 5 0 7 0 0 0}}
137 {2 4} {{1 0 3 0 0 6 0 8 9 10} {0 0 0 0 5 0 7 0 0 0}}
138 {2 4} {{1 0 3 0 0 6 0 8 9 10} {0 0 0 0 5 0 7 0 0 0}}
139 {2 4} {{1 0 3 0 0 6 0 8 9 10} {0 0 0 0 5 0 7 0 0 0}}
140 {2 4} {{1 0 3 0 0 6 0 8 9 10} {0 0 0 0 5 0 7 0 0 0}}
141 {2 4} {{1 0 3 0 0 6 0 8 9 10} {0 0 0 0 5 0 7 0 0 0}}
142 {2 4} {{1 0 3 0 0 6 0 8 9 10} {0 0 0 0 5 0 7 0 0 0}}
143 {2 4} {{1 0 3 0 0 6 0 8 9 10} {0 0 0 0 5 0 7 0 0 0}}
144 {2 4} {{1 0 3 0 0 6 0 8 9 10} {0 0 0 0 5 0 7 0 0 0}}
145 {2 4} {{1 0 3 0 0 6 0 8 9 10} {0 0 0 0 5 0 7 0 0 0}}
146 {2 4} {{1 0 3 0 0 6 0 8 9 10} {0 0 0 0 5 0 7 0 0 0}}
147 {2 4} {{1 0 3 0 0 6 0 8 9 10} {0 0 0 0 5 0 7 0 0 0}}
148 {2 4} {{1 0 3 0 0 6 0 8 9 10} {0 0 0 0 5 0 7 0 0 0}}
149 {2 4} {{1 0 3 0 0 6 0 8 9 10} {0 0 0 0 5 0 7 0 0 0}}
150 {2 4} {{1 0 3 0 0 6 0 8 9 10} {0 0 0 0 5 0 7 0 0 0}}
151 {2 4} {{1 0 3 0 0 6 0 8 9 10} {0 0 0 0 5 0 7 0 0 0}}
152 {2 4} {{1 0 3 0 0 6 0 8 9 10} {0 0 0 0 5 0 7 0 0 0}}
153 {2 4} {{1 0 3 0 0 6 0 8 9 10} {0 0 0 0 5 0 7 0 0 0}}
154 {2 4} {{1 0 3 0 0 6 0 8 9 10} {0 0 0 0 5 0 7 0 0 0}}
155 {2 4} {{1 0 3 0 0 6 0 8 9 10} {0 0 0 0 5 0 7 0 0 0}}
156 {2 4} {{1 0 3 0 0 6 0 8 9 10} {0 0 0 0 5 0 7 0 0 0}}
157 {2 4} {{1 0 3 0 0 6 0 8 9 10} {0 0 0 0 5 0 7 0 0 0}}
158 {2 4} {{1 0 3 0 0 6 0 8 9 10} {0 0 0 0 5 0 7 0 0 0}}
159 {2 4} {{1 0 3 0 0 6 0 8 9 10} {0 0 0 0 5 0 7 0 0 0}}
160 {2 4} {{1 0 3 0 0 6 0 8 9 10} {0 0 0 0 5 0 7 0 0 0}}
161 {2 4} {{1 0 3 0 0 6 0 8 9 10} {0 0 0 0 5 0 7 0 0 0}}
162 {2 4} {{1 0 3 0 0 6 0 8 9 10} {0 0 0 0 5 0 7 0 0 0}}
163 {2 4} {{1 0 3 0 0 6 0 8 9 10} {0 0 0 0 5 0 7 0 0 0}}
164 {2 4} {{1 0 3 0 0 6 0 8 9 10} {0 0 0 0 5 0 7 0 0 0}}
165 {2 4} {{1 0 3 0 0 6 0 8 9 10} {0 0 0 0 5 0 7 0 0 0}}
166 {2 4} {{1 0 3 0 0 6 0 8 9 10} {0 0 0 0 5 0 7 0 0 0}}
167 {2 4} {{1 0 3 0 0 6 0 8 9 10} {0 0 0 0 5 0 7 0 0 0}}
168 {2 4} {{1 0 3 0 0 6 0 8 9 10} {0 0 0 0 5 0 7 0 0 0}}
169 {2 4} {{1 0 3 0 0 6 0 8 9 10} {0 0 0 0 5 0 7 0 0 0}}
170 {2 4} {{1 0 3 0 0 6 0 8 9 10} {0 0 0 0 5 0 7 0 0 0}}
171 {2 4} {{1 0 3 0 0 6 0 8 9 10} {0 0 0 0 5 0 7 0 0 0}}
172 {2 4} {{1 0 3 0 0 6 0 8 9 10} {0 0 0 0 5 0 7 0 0 0}}
173 {2 4} {{1 0 3 0 0 6 0 8 9 10} {0 0 0 0 5 0 7 0 0 0}}
174 {2 4} {{1 0 3 0 0 6 0 8 9 10} {0 0 0 0 5 0 7 0 0 0}}
175 {2 4} {{1 0 3 0 0 6 0 8 9 10} {0 0 0 0 5 0 7 0 0 0}}
176 {2 4} {{1 0 3 0 0 6 0 8 9 10} {0 0 0 0 5 0 7 0 0 0}}
177 {2 4} {{1 0 3 0 0 6 0 8 9 10} {0 0 0 0 5 0 7 0 0 0}}
178 {2 4} {{1 0 3 0 0 6 0 8 9 10} {0 0 0 0 5 0 7 0 0 0}}
179 {2 4} {{1 0 3 0 0 6 0 8 9 10} {0 0 0 0 5 0 7 0 0 0}}
180 {2 4} {{1 0 3 0 0 6 0 8 9 10} {0 0 0 0 5 0 7 0 0 0}}
181 {2 4} {{1 0 3 0 0 6 0 8 9 10} {0 0 0 0 5 0 7 0 0 0}}
182 {2 4} {{1 0 3 0 0 6 0 8 9 10} {0 0 0 0 5 0 7 0 0 0}}
183 {2 4} {{1 0 3 0 0 6 0 8 9 10} {0 0 0 0 5 0 7 0 0 0}}
184 {2 4} {{1 0 3 0 0 6 0 8 9 10} {0 0 0 0 5 0 7 0 0 0}}
185 {2 4} {{1 0 3 0 0 6 0 8 9 10} {0 0 0 0 5 0 7 0 0 0}}
186 {2 4} {{1 0 3 0 0 6 0 8 9 10} {0 0 0 0 5 0 7 0 0 0}}
187 {2 4} {{1 0 3 0 0 6 0 8 9 10} {0 0 0 0 5 0 7 0 0 0}}
188 {2 4} {{1 0 3 0 0 6 0 8 9 10} {0 0 0 0 5 0 7 0 0 0}}
189 {2 4} {{1 0 3 0 0 6 0 8 9 10} {0 0 0 0 5 0 7 0 0 0}}
190 {2 4} {{1 0 3 0 0 6 0 8 9 10} {0 0 0 0 5 0 7 0 0 0}}
191 {2 4} {{1 0 3 0 0 6 0 8 9 10} {0 0 0 0 5 0 7 0 0 0}}
192 {2 4} {{1 0 3 0 0 6 0 8 9 10} {0 0 0 0 5 0 7 0 0 0}}
193 {2 4} {{1 0 3 0 0 6 0 8 9 10} {0 0 0 0 5 0 7 0 0 0}}
194 {2 4} {{1 0 3 0 0 6 0 8 9 10} {0 0 0 0 5 0 7 0 0 0}}
195 {2 4} {{1 0 3 0 0 6 0 8 9 10} {0 0 0 0 5 0 7 0 0 0}}
196 {2 4} {{1 0 3 0 0 6 0 8 9 10} {0 0 0 0 5 0 7 0 0 0}}
197 {2 4} {{1 0 3 0 0 6 0 8 9 10} {0 0 0 0 5 0 7 0 0 0}}
198 {2 4} {{1 0 3 0 0 6 0 8 9 10} {0 0 0 0 5 0 7 0 0 0}}
199 {2 4} {{1 0 3 0 0 6 0 8 9 10} {0 0 0 0 5 0 7 0 0 0}}
200 {2 4} {{1 0 3 0 0 6 0 8 9 10} {0 0 0 0 5 0 7 0 0 0}}
201 {2 4} {{1 0 3 0 0 6 0 8 9 10} {0 0 0 0 5 0 7 0 0 0}}
202 {2 4} {{1 0 3 0 0 6 0 8 9 10} {0 0 0 0 5 0 7 0 0 0}}
203 {2 4} {{1 0 3 0 0 6 0 8 9 10} {0 0 0 0 5 0 7 0 0 0}}
204 {2 4} {{1 0 3 0 0 6 0 8 9 10} {0 0 0 0 5 0 7 0 0 0}}
205 {2 4} {{1 0 3 0 0 6 0 8 9 10} {0 0 0 0 5 0 7 0 0 0}}
206 {2 4} {{1 0 3 0 0 6 0 8 9 10} {0 0 0 0 5 0 7 0 0 0}}
207 {2 4} {{1 0 3 0 0 6 0 8 9 10} {0 0 0 0 5 0 7 0 0 0}}
208 {2 4} {{1 0 3 0 0 6 0 8 9 10} {0 0 0 0 5 0 7 0 0 0}}
209 {2 4} {{1 0 3 0 0 6 0 8 9 10} {0 0 0 0 5 0 7 0 0 0}}
210 {2 4} {{1 0 3 0 0 6 0 8 9 10} {0 0 0 0 5 0 7 0 0 0}}
211 {2 4} {{1 0 3 0 0 6 0 8 9 10} {0 0 0 0 5 0 7 0 0 0}}
212 {2 4} {{1 0 3 0 0 6 0 8 9 10} {0 0 0 0 5 0 7 0 0 0}}
213 {2 4} {{1 0 3 0 0 6 0 8 9 10} {0 0 0 0 5 0 7 0 0 0}}
214 {2 4} {{1 0 3 0 0 6 0 8 9 10} {0 0 0 0 5 0 7 0 0 0}}
215 {2 4} {{1 0 3 0 0 6 0 8 9 10} {0 0 0 0 5 0 7 0 0 0}}
216 {2 4} {{1 0 3 0 0 6 0 8 9 10} {0 0 0 0 5 0 7 0 0 0}}
217 {2 4} {{1 0 3 0 0 6 0 8 9 10} {0 0 0 0 5 0 7 0 0 0}}
218 {2 4} {{1 0 3 0 0 6 0 8 9 10} {0 0 0 0 5 0 7 0 0 0}}
219 {2 4} {{1 0 3 0 0 6 0 8 9 10} {0 0 0 0 5 0 7 0 0 0}}
220 {2 4} {{1 0 3 0 0 6 0 8 9 10} {0 0 0 0 5 0 7 0 0 0}}
221 {2 4} {{1 0 3 0 0 6 0 8 9 10} {0 0 0 0 5 0 7 0 0 0}}
222 {2 4} {{1 0 3 0 0 6 0 8 9 10} {0 0 0 0 5 0 7 0 0 0}}
223 {2 4} {{1 0 3 0 0 6 0 8 9 10} {0 0 0 0 5 0 7 0 0 0}}
224 {2 4} {{1 0 3 0 0 6 0 8 9 10} {0 0 0 0 5 0 7 0 0 0}}
225 {2 4} {{1 0 3 0 0 6 0 8 9 10} {0 0 0 0 5 0 7 0 0 0}}
226 {2 4} {{1 0 3 0 0 6 0 8 9 10} {0 0 0 0 5 0 7 0 0 0}}
227 {2 4} {{1 0 3 0 0 6 0 8 9 10} {0 0 0 0 5 0 7 0 0 0}}
228 {2 4} {{1 0 3 0 0 6 0 8 9 10} {0 0 0 0 5 0 7 0 0 0}}
229 {2 4} {{1 0 3 0 0 6 0 8 9 10} {0 0 0 0 5 0 7 0 0 0}}
230 {2 4} {{1 0 3 0 0 6 0 8 9 10} {0 0 0 0 5 0 7 0 0 0}}
231 {2 4} {{1 0 3 0 0 6 0 8 9 10} {0 0 0 0 5 0 7 0 0 0}}
232 {2 4} {{1 0 3 0 0 6 0 8 9 10} {0 0 0 0 5 0 7 0 0 0}}
233 4 {{1 0 3 0 0 6 0 8 9 10} {0 2 0 0 5 0 7 0 0 0}}
234 4 {{1 0 3 0 0 6 0 8 9 10} {0 2 0 0 5 0 7 0 0 0}}
235 4 {{1 0 3 0 0 6 0 8 9 10} {0 2 0 0 5 0 7 0 0 0}}
236 4 {{1 0 3 0 0 6 0 8 9 10} {0 2 0 0 5 0 7 0 0 0}}
237 4 {{1 0 3 0 0 6 0 8 9 10} {0 2 0 0 5 0 7 0 0 0}}
238 4 {{1 0 3 0 0 6 0 8 9 10} {0 2 0 0 5 0 7 0 0 0}}
239 4 {{1 0 3 0 0 6 0 8 9 10} {0 2 0 0 5 0 7 0 0 0}}
240 4 {{1 0 3 0 0 6 0 8 9 10} {0 2 0 0 5 0 7 0 0 0}}
241 4 {{1 0 3 0 0 6 0 8 9 10} {0 2 0 0 5 0 7 0 0 0}}
242 4 {{1 0 3 0 0 6 0 8 9 10} {0 2 0 0 5 0 7 0 0 0}}
243 4 {{1 0 3 0 0 6 0 8 9 10} {0 2 0 0 5 0 7 0 0 0}}
244 4 {{1 0 3 0 0 6 0 8 9 10} {0 2 0 0 5 0 7 0 0 0}}
245 4 {{1 0 3 0 0 6 0 8 9 10} {0 2 0 0 5 0 7 0 0 0}}
246 4 {{1 0 3 0 0 6 0 8 9 10} {0 2 0 0 5 0 7 0 0 0}}
247 4 {{1 0 3 0 0 6 0 8 9 10} {0 2 0 0 5 0 7 0 0 0}}
248 4 {{1 0 3 0 0 6 0 8 9 10} {0 2 0 0 5 0 7 0 0 0}}
249 4 {{1 0 3 0 0 6 0 8 9 10} {0 2 0 0 5 0 7 0 0 0}}
250 4 {{1 0 3 0 0 6 0 8 9 10} {0 2 0 0 5 0 7 0 0 0}}
251 4 {{1 0 3 0 0 6 0 8 9 10} {0 2 0 0 5 0 7 0 0 0}}
252 4 {{1 0 3 0 0 6 0 8 9 10} {0 2 0 0 5 0 7 0 0 0}}
253 4 {{1 0 3 0 0 6 0 8 9 10} {0 2 0 0 5 0 7 0 0 0}}
254 4 {{1 0 3 0 0 6 0 8 9 10} {0 2 0 0 5 0 7 0 0 0}}
255 4 {{1 0 3 0 0 6 0 8 9 10} {0 2 0 0 5 0 7 0 0 0}}
256 4 {{1 0 3 0 0 6 0 8 9 10} {0 2 0 0 5 0 7 0 0 0}}
257 4 {{1 0 3 0 0 6 0 8 9 10} {0 2 0 0 5 0 7 0 0 0}}
258 4 {{1 0 3 0 0 6 0 8 9 10} {0 2 0 0 5 0 7 0 0 0}}
259 4 {{1 0 3 0 0 6 0 8 9 10} {0 2 0 0 5 0 7 0 0 0}}
260 4 {{1 0 3 0 0 6 0 8 9 10} {0 2 0 0 5 0 7 0 0 0}}
261 4 {{1 0 3 0 0 6 0 8 9 10} {0 2 0 0 5 0 7 0 0 0}}
262 4 {{1 0 3 0 0 6 0 8 9 10} {0 2 0 0 5 0 7 0 0 0}}
263 4 {{1 0 3 0 0 6 0 8 9 10} {0 2 0 0 5 0 7 0 0 0}}
264 4 {{1 0 3 0 0 6 0 8 9 10} {0 2 0 0 5 0 7 0 0 0}}
265 4 {{1 0 3 0 0 6 0 8 9 10} {0 2 0 0 5 0 7 0 0 0}}
266 4 {{1 0 3 0 0 6 0 8 9 10} {0 2 0 0 5 0 7 0 0 0}}
267 4 {{1 0 3 0 0 6 0 8 9 10} {0 2 0 0 5 0 7 0 0 0}}
268 4 {{1 0 3 0 0 6 0 8 9 10} {0 2 0 0 5 0 7 0 0 0}}
269 4 {{1 0 3 0 0 6 0 8 9 10} {0 2 0 0 5 0 7 0 0 0}}
270 4 {{1 0 3 0 0 6 0 8 9 10} {0 2 0 0 5 0 7 0 0 0}}
271 4 {{1 0 3 0 0 6 0 8 9 10} {0 2 0 0 5 0 7 0 0 0}}
272 4 {{1 0 3 0 0 6 0 8 9 10} {0 2 0 0 5 0 7 0 0 0}}
273 4 {{1 0 3 0 0 6 0 8 9 10} {0 2 0 0 5 0 7 0 0 0}}
274 4 {{1 0 3 0 0 6 0 8 9 10} {0 2 0 0 5 0 7 0 0 0}}
275 4 {{1 0 3 0 0 6 0 8 9 10} {0 2 0 0 5 0 7 0 0 0}}
276 4 {{1 0 3 0 0 6 0 8 9 10} {0 2 0 0 5 0 7 0 0 0}}
277 4 {{1 0 3 0 0 6 0 8 9 10} {0 2 0 0 5 0 7 0 0 0}}
278 4 {{1 0 3 0 0 6 0 8 9 10} {0 2 0 0 5 0 7 0 0 0}}
279 4 {{1 0 3 0 0 6 0 8 9 10} {0 2 0 0 5 0 7 0 0 0}}
280 4 {{1 0 3 0 0 6 0 8 9 10} {0 2 0 0 5 0 7 0 0 0}}
281 4 {{1 0 3 0 0 6 0 8 9 10} {0 2 0 0 5 0 7 0 0 0}}
282 4 {{1 0 3 0 0 6 0 8 9 10} {0 2 0 0 5 0 7 0 0 0}}
283 4 {{1 0 3 0 0 6 0 8 9 10} {0 2 0 0 5 0 7 0 0 0}}
284 4 {{1 0 3 0 0 6 0 8 9 10} {0 2 0 0 5 0 7 0 0 0}}
285 4 {{1 0 3 0 0 6 0 8 9 10} {0 2 0 0 5 0 7 0 0 0}}
286 4 {{1 0 3 0 0 6 0 8 9 10} {0 2 0 0 5 0 7 0 0 0}}
287 4 {{1 0 3 0 0 6 0 8 9 10} {0 2 0 0 5 0 7 0 0 0}}
288 4 {{1 0 3 0 0 6 0 8 9 10} {0 2 0 0 5 0 7 0 0 0}}
289 4 {{1 0 3 0 0 6 0 8 9 10} {0 2 0 0 5 0 7 0 0 0}}
290 4 {{1 0 3 0 0 6 0 8 9 10} {0 2 0 0 5 0 7 0 0 0}}
291 4 {{1 0 3 0 0 6 0 8 9 10} {0 2 0 0 5 0 7 0 0 0}}
292 4 {{1 0 3 0 0 6 0 8 9 10} {0 2 0 0 5 0 7 0 0 0}}
293 4 {{1 0 3 0 0 6 0 8 9 10} {0 2 0 0 5 0 7 0 0 0}}
294 4 {{1 0 3 0 0 6 0 8 9 10} {0 2 0 0 5 0 7 0 0 0}}
295 4 {{1 0 3 0 0 6 0 8 9 10} {0 2 0 0 5 0 7 0 0 0}}
296 4 {{1 0 3 0 0 6 0 8 9 10} {0 2 0 0 5 0 7 0 0 0}}
297 4 {{1 0 3 0 0 6 0 8 9 10} {0 2 0 0 5 0 7 0 0 0}}
298 4 {{1 0 3 0 0 6 0 8 9 10} {0 2 0 0 5 0 7 0 0 0}}
299 4 {{1 0 3 0 0 6 0 8 9 10} {0 2 0 0 5 0 7 0 0 0}}
300 4 {{1 0 3 0 0 6 0 8 9 10} {0 2 0 0 5 0 7 0 0 0}}
301 4 {{1 0 3 0 0 6 0 8 9 10} {0 2 0 0 5 0 7 0 0 0}}
302 4 {{1 0 3 0 0 6 0 8 9 10} {0 2 0 0 5 0 7 0 0 0}}
303 4 {{1 0 3 0 0 6 0 8 9 10} {0 2 0 0 5 0 7 0 0 0}}
304 4 {{1 0 3 0 0 6 0 8 9 10} {0 2 0 0 5 0 7 0 0 0}}
305 4 {{1 0 3 0 0 6 0 8 9 10} {0 2 0 0 5 0 7 0 0 0}}
306 4 {{1 0 3 0 0 6 0 8 9 10} {0 2 0 0 5 0 7 0 0 0}}
307 4 {{1 0 3 0 0 6 0 8 9 10} {0 2 0 0 5 0 7 0 0 0}}
308 4 {{1 0 3 0 0 6 0 8 9 10} {0 2 0 0 5 0 7 0 0 0}}
309 4 {{1 0 3 0 0 6 0 8 9 10} {0 2 0 0 5 0 7 0 0 0}}
310 4 {{1 0 3 0 0 6 0 8 9 10} {0 2 0 0 5 0 7 0 0 0}}
311 4 {{1 0 3 0 0 6 0 8 9 10} {0 2 0 0 5 0 7 0 0 0}}
312 4 {{1 0 3 0 0 6 0 8 9 10} {0 2 0 0 5 0 7 0 0 0}}
313 4 {{1 0 3 0 0 6 0 8 9 10} {0 2 0 0 5 0 7 0 0 0}}
314 4 {{1 0 3 0 0 6 0 8 9 10} {0 2 0 0 5 0 7 0 0 0}}
315 4 {{1 0 3 0 0 6 0 8 9 10} {0 2 0 0 5 0 7 0 0 0}}
316 4 {{1 0 3 0 0 6 0 8 9 10} {0 2 0 0 5 0 7 0 0 0}}
317 4 {{1 0 3 0 0 6 0 8 9 10} {0 2 0 0 5 0 7 0 0 0}}
318 4 {{1 0 3 0 0 6 0 8 9 10} {0 2 0 0 5 0 7 0 0 0}}
319 4 {{1 0 3 0 0 6 0 8 9 10} {0 2 0 0 5 0 7 0 0 0}}
320 4 {{1 0 3 0 0 6 0 8 9 10} {0 2 0 0 5 0 7 0 0 0}}
321 4 {{1 0 3 0 0 6 0 8 9 10} {0 2 0 0 5 0 7 0 0 0}}
322 4 {{1 0 3 0 0 6 0 8 9 10} {0 2 0 0 5 0 7 0 0 0}}
323 4 {{1 0 3 0 0 6 0 8 9 10} {0 2 0 0 5 0 7 0 0 0}}
324 4 {{1 0 3 0 0 6 0 8 9 10} {0 2 0 0 5 0 7 0 0 0}}
325 4 {{1 0 3 0 0 6 0 8 9 10} {0 2 0 0 5 0 7 0 0 0}}
326 4 {{1 0 3 0 0 6 0 8 9 10} {0 2 0 0 5 0 7 0 0 0}}
327 4 {{1 0 3 0 0 6 0 8 9 10} {0 2 0 0 5 0 7 0 0 0}}
328 4 {{1 0 3 0 0 6 0 8 9 10} {0 2 0 0 5 0 7 0 0 0}}
329 4 {{1 0 3 0 0 6 0 8 9 10} {0 2 0 0 5 0 7 0 0 0}}
330 4 {{1 0 3 0 0 6 0 8 9 10} {0 2 0 0 5 0 7 0 0 0}}
331 4 {{1 0 3 0 0 6 0 8 9 10} {0 2 0 0 5 0 7 0 0 0}}
332 4 {{1 0 3 0 0 6 0 8 9 10} {0 2 0 0 5 0 7 0 0 0}}
333 4 {{1 0 3 0 0 6 0 8 9 10} {0 2 0 0 5 0 7 0 0 0}}
334 4 {{1 0 3 0 0 6 0 8 9 10} {0 2 0 0 5 0 7 0 0 0}}
335 4 {{1 0 3 0 0 6 0 8 9 10} {0 2 0 0 5 0 7 0 0 0}}
336 4 {{1 0 3 0 0 6 0 8 9 10} {0 2 0 0 5 0 7 0 0 0}}
337 4 {{1 0 3 0 0 6 0 8 9 10} {0 2 0 0 5 0 7 0 0 0}}
338 4 {{1 0 3 0 0 6 0 8 9 10} {0 2 0 0 5 0 7 0 0 0}}
339 4 {{1 0 3 0 0 6 0 8 9 10} {0 2 0 0 5 0 7 0 0 0}}
340 4 {{1 0 3 0 0 6 0 8 9 10} {0 2 0 0 5 0 7 0 0 0}}
341 4 {{1 0 3 0 0 6 0 8 9 10} {0 2 0 0 5 0 7 0 0 0}}
342 4 {{1 0 3 0 0 6 0 8 9 10} {0 2 0 0 5 0 7 0 0 0}}
343 4 {{1 0 3 0 0 6 0 8 9 10} {0 2 0 0 5 0 7 0 0 0}}
344 4 {{1 0 3 0 0 6 0 8 9 10} {0 2 0 0 5 0 7 0 0 0}}
345 4 {{1 0 3 0 0 6 0 8 9 10} {0 2 0 0 5 0 7 0 0 0}}
346 4 {{1 0 3 0 0 6 0 8 9 10} {0 2 0 0 5 0 7 0 0 0}}
347 4 {{1 0 3 0 0 6 0 8 9 10} {0 2 0 0 5 0 7 0 0 0}}
348 4 {{1 0 3 0 0 6 0 8 9 10} {0 2 0 0 5 0 7 0 0 0}}
349 4 {{1 0 3 0 0 6 0 8 9 10} {0 2 0 0 5 0 7 0 0 0}}
350 4 {{1 0 3 0 0 6 0 8 9 10} {0 2 0 0 5 0 7 0 0 0}}
351 4 {{1 0 3 0 0 6 0 8 9 10} {0 2 0 0 5 0 7 0 0 0}}
352 4 {{1 0 3 0 0 6 0 8 9 10} {0 2 0 0 5 0 7 0 0 0}}
353 4 {{1 0 3 0 0 6 0 8 9 10} {0 2 0 0 5 0 7 0 0 0}}
354 4 {{1 0 3 0 0 6 0 8 9 10} {0 2 0 0 5 0 7 0 0 0}}
355 4 {{1 0 3 0 0 6 0 8 9 10} {0 2 0 0 5 0 7 0 0 0}}
356 4 {{1 0 3 0 0 6 0 8 9 10} {0 2 0 0 5 0 7 0 0 0}}
357 4 {{1 0 3 0 0 6 0 8 9 10} {0 2 0 0 5 0 7 0 0 0}}
358 4 {{1 0 3 0 0 6 0 8 9 10} {0 2 0 0 5 0 7 0 0 0}}
359 4 {{1 0 3 0 0 6 0 8 9 10} {0 2 0 0 5 0 7 0 0 0}}
360 4 {{1 0 3 0 0 6 0 8 9 10} {0 2 0 0 5 0 7 0 0 0}}
361 4 {{1 2 3 0 5 6 7 8 9 10}}
362 4 {{1 2 3 0 5 6 7 8 9 10}}
363 4 {{1 2 3 0 5 6 7 8 9 10}}
364 4 {{1 2 3 0 5 6 7 8 9 10}}
365 4 {{1 2 3 0 5 6 7 8 9 10}}
366 4 {{1 2 3 0 5 6 7 8 9 10}}
367 4 {{1 2 3 0 5 6 7 8 9 10}}
368 4 {{1 2 3 0 5 6 7 8 9 10}}
369 4 {{1 2 3 0 5 6 7 8 9 10}}
370 4 {{1 2 3 0 5 6 7 8 9 10}}
371 4 {{1 2 3 0 5 6 7 8 9 10}}
372 4 {{1 2 3 0 5 6 7 8 9 10}}
373 4 {{1 2 3 0 5 6 7 8 9 10}}
374 4 {{1 2 3 0 5 6 7 8 9 10}}
375 4 {{1 2 3 0 5 6 7 8 9 10}}
376 4 {{1 2 3 0 5 6 7 8 9 10}}
377 4 {{1 2 3 0 5 6 7 8 9 10}}
378 4 {{1 2 3 0 5 6 7 8 9 10}}
379 4 {{1 2 3 0 5 6 7 8 9 10}}
380 4 {{1 2 3 0 5 6 7 8 9 10}}
381 4 {{1 2 3 0 5 6 7 8 9 10}}
382 4 {{1 2 3 0 5 6 7 8 9 10}}
383 4 {{1 2 3 0 5 6 7 8 9 10}}
384 4 {{1 2 3 0 5 6 7 8 9 10}}
385 4 {{1 2 3 0 5 6 7 8 9 10}}
386 4 {{1 2 3 0 5 6 7 8 9 10}}
387 4 {{1 2 3 0 5 6 7 8 9 10}}
388 4 {{1 2 3 0 5 6 7 8 9 10}}
389 4 {{1 2 3 0 5 6 7 8 9 10}}
390 4 {{1 2 3 0 5 6 7 8 9 10}}
391 4 {{1 2 3 0 5 6 7 8 9 10}}
392 4 {{1 2 3 0 5 6 7 8 9 10}}
393 4 {{1 2 3 0 5 6 7 8 9 10}}
394 4 {{1 2 3 0 5 6 7 8 9 10}}
395 4 {{1 2 3 0 5 6 7 8 9 10}}
396 4 {{1 2 3 0 5 6 7 8 9 10}}
397 4 {{1 2 3 0 5 6 7 8 9 10}}
398 4 {{1 2 3 0 5 6 7 8 9 10}}
399 4 {{1 2 3 0 5 6 7 8 9 10}}
400 4 {{1 2 3 0 5 6 7 8 9 10}}
401 4 {{1 2 3 0 5 6 7 8 9 10}}
402 4 {{1 2 3 0 5 6 7 8 9 10}}
403 4 {{1 2 3 0 5 6 7 8 9 10}}
404 4 {{1 2 3 0 5 6 7 8 9 10}}
405 4 {{1 2 3 0 5 6 7 8 9 10}}
406 4 {{1 2 3 0 5 6 7 8 9 10}}
407 4 {{1 2 3 0 5 6 7 8 9 10}}
408 4 {{1 2 3 0 5 6 7 8 9 10}}
409 4 {{1 2 3 0 5 6 7 8 9 10}}
410 4 {{1 2 3 0 5 6 7 8 9 10}}
411 4 {{1 2 3 0 5 6 7 8 9 10}}
412 4 {{1 2 3 0 5 6 7 8 9 10}}
413 4 {{1 2 3 0 5 6 7 8 9 10}}
414 4 {{1 2 3 0 5 6 7 8 9 10}}
415 4 {{1 2 3 0 5 6 7 8 9 10}}
416 4 {{1 2 3 0 5 6 7 8 9 10}}
417 4 {{1 2 3 0 5 6 7 8 9 10}}
418 4 {{1 2 3 0 5 6 7 8 9 10}}
419 4 {{1 2 3 0 5 6 7 8 9 10}}
420 4 {{1 2 3 0 5 6 7 8 9 10}}
421 4 {{1 2 3 0 5 6 7 8 9 10}}
422 4 {{1 2 3 0 5 6 7 8 9 10}}
423 4 {{1 2 3 0 5 6 7 8 9 10}}
424 4 {{1 2 3 0 5 6 7 8 9 10}}
425 4 {{1 2 3 0 5 6 7 8 9 10}}
426 4 {{1 2 3 0 5 6 7 8 9 10}}
427 4 {{1 2 3 0 5 6 7 8 9 10}}
428 4 {{1 2 3 0 5 6 7 8 9 10}}
429 4 {{1 2 3 0 5 6 7 8 9 10}}
430 4 {{1 2 3 0 5 6 7 8 9 10}}
431 4 {{1 2 3 0 5 6 7 8 9 10}}
432 4 {{1 2 3 0 5 6 7 8 9 10}}
433 4 {{1 2 3 0 5 6 7 8 9 10}}
434 4 {{1 2 3 0 5 6 7 8 9 10}}
435 4 {{1 2 3 0 5 6 7 8 9 10}}
436 4 {{1 2 3 0 5 6 7 8 9 10}}
437 4 {{1 2 3 0 5 6 7 8 9 10}}
438 4 {{1 2 3 0 5 6 7 8 9 10}}
439 4 {{1 2 3 0 5 6 7 8 9 10}}
440 4 {{1 2 3 0 5 6 7 8 9 10}}
441 4 {{1 2 3 0 5 6 7 8 9 10}}
442 4 {{1 2 3 0 5 6 7 8 9 10}}
443 4 {{1 2 3 0 5 6 7 8 9 10}}
444 4 {{1 2 3 0 5 6 7 8 9 10}}
445 4 {{1 2 3 0 5 6 7 8 9 10}}
446 4 {{1 2 3 0 5 6 7 8 9 10}}
447 4 {{1 2 3 0 5 6 7 8 9 10}}
448 4 {{1 2 3 0 5 6 7 8 9 10}}
449 4 {{1 2 3 0 5 6 7 8 9 10}}
450 4 {{1 2 3 0 5 6 7 8 9 10}}
451 4 {{1 2 3 0 5 6 7 8 9 10}}
452 4 {{1 2 3 0 5 6 7 8 9 10}}
453 4 {{1 2 3 0 5 6 7 8 9 10}}
454 4 {{1 2 3 0 5 6 7 8 9 10}}
455 4 {{1 2 3 0 5 6 7 8 9 10}}
456 4 {{1 2 3 0 5 6 7 8 9 10}}
457 4 {{1 2 3 0 5 6 7 8 9 10}}
458 4 {{1 2 3 0 5 6 7 8 9 10}}
459 4 {{1 2 3 0 5 6 7 8 9 10}}
460 4 {{1 2 3 0 5 6 7 8 9 10}}
461 4 {{1 2 3 0 5 6 7 8 9 10}}
462 4 {{1 2 3 0 5 6 7 8 9 10}}
463 4 {{1 2 3 0 5 6 7 8 9 10}}
464 4 {{1 2 3 0 5 6 7 8 9 10}}
465 4 {{1 2 3 0 5 6 7 8 9 10}}
466 4 {{1 2 3 0 5 6 7 8 9 10}}
467 4 {{1 2 3 0 5 6 7 8 9 10}}
468 4 {{1 2 3 0 5 6 7 8 9 10}}
469 4 {{1 2 3 0 5 6 7 8 9 10}}
470 4 {{1 2 3 0 5 6 7 8 9 10}}
471 4 {{1 2 3 0 5 6 7 8 9 10}}
472 4 {{1 2 3 0 5 6 7 8 9 10}}
473 4 {{1 2 3 0 5 6 7 8 9 10}}
474 4 {{1 2 3 0 5 6 7 8 9 10}}
475 4 {{1 2 3 0 5 6 7 8 9 10}}
476 4 {{1 2 3 0 5 6 7 8 9 10}}
477 4 {{1 2 3 0 5 6 7 8 9 10}}
478 4 {{1 2 3 0 5 6 7 8 9 10}}
479 4 {{1 2 3 0 5 6 7 8 9 10}}
480 4 {{1 2 3 0 5 6 7 8 9 10}}
481 4 {{1 2 3 0 5 6 7 8 9 10}}
482 4 {{1 2 3 0 5 6 7 8 9 10}}
483 4 {{1 2 3 0 5 6 7 8 9 10}}
484 4 {{1 2 3 0 5 6 7 8 9 10}}
485 4 {{1 2 3 0 5 6 7 8 9 10}}
486 4 {{1 2 3 0 5 6 7 8 9 10}}
487 4 {{1 2 3 0 5 6 7 8 9 10}}
488 4 {{1 2 3 0 5 6 7 8 9 10}}
489 4 {{1 2 3 0 5 6 7 8 9 10}}
490 4 {{1 2 3 0 5 6 7 8 9 10}}
491 4 {{1 2 3 0 5 6 7 8 9 10}}
492 4 {{1 2 3 0 5 6 7 8 9 10}}
493 4 {{1 2 3 0 5 6 7 8 9 10}}
494 4 {{1 2 3 0 5 6 7 8 9 10}}
495 4 {{1 2 3 0 5 6 7 8 9 10}}
496 4 {{1 2 3 0 5 6 7 8 9 10}}
497 4 {{1 2 3 0 5 6 7 8 9 10}}
498 4 {{1 2 3 0 5 6 7 8 9 10}}
499 4 {{1 2 3 0 5 6 7 8 9 10}}
500 4 {{1 2 3 0 5 6 7 8 9 10}}
501 4 {{1 2 3 0 5 6 7 8 9 10}}
