# Selection 1:name NC3 PO4 GL1 GL2 Selection 2:name AUC AUSL AUL Cutoff:8 Start:0 End:-1
0 0
1 0
2 9
3 7
4 6
5 11
6 5
7 8
8 6
9 6
10 9
11 4
12 9
13 8
14 3
15 5
16 8
17 8
18 11
19 11
20 9
21 5
22 7
23 3
24 7
25 8
26 6
27 9
28 10
29 12
30 7
31 11
32 10
33 11
34 10
35 10
36 8
37 9
38 5
39 14
40 11
41 9
42 8
43 4
44 10
45 10
46 10
47 12
48 8
49 4
50 11
51 8
52 7
53 8
54 4
55 9
56 10
57 7
58 9
59 4
60 7
61 9
62 8
63 7
64 4
65 16
66 12
67 8
68 6
69 9
70 6
71 4
72 5
73 2
74 12
75 6
76 9
77 9
78 8
79 8
80 5
81 5
82 1
83 3
84 6
85 3
86 5
87 11
88 8
89 4
90 10
91 6
92 5
93 11
94 5
95 9
96 7
97 11
98 8
99 11
100 9
101 4
102 8
103 10
104 13
105 13
106 11
107 2
108 8
109 3
110 11
111 7
112 4
113 8
114 13
115 7
116 8
117 4
118 4
119 9
120 4
121 13
122 8
123 9
124 5
125 9
126 1
127 7
128 4
129 9
130 11
131 9
132 12
133 10
134 6
135 6
136 12
137 12
138 10
139 6
140 9
141 6
142 5
143 5
144 2
145 6
146 9
147 8
148 14
149 10
150 14
151 9
152 15
153 8
154 11
155 11
156 13
157 7
158 13
159 6
160 8
161 10
162 7
163 10
164 0
165 7
166 8
167 2
168 10
169 11
170 7
171 5
172 0
173 5
174 6
175 11
176 5
177 5
178 9
179 7
180 8
181 9
182 5
183 10
184 9
185 7
186 3
187 5
188 7
189 7
190 4
191 9
192 8
193 4
194 10
195 4
196 5
197 8
198 8
199 6
200 6
201 4
202 6
203 3
204 7
205 13
206 4
207 9
208 6
209 5
210 6
211 7
212 9
213 9
214 7
215 12
216 8
217 8
218 7
219 8
220 8
221 5
222 4
223 4
224 11
225 8
226 6
227 5
228 4
229 6
230 7
231 4
232 8
233 6
234 7
235 4
236 3
237 6
238 11
239 9
240 6
241 5
242 10
243 5
244 3
245 4
246 8
247 9
248 6
249 7
250 12
251 2
252 10
253 8
254 6
255 7
256 5
257 6
258 3
259 7
260 8
261 7
262 5
263 5
264 7
265 10
266 8
267 6
268 5
269 5
270 4
271 5
272 6
273 6
274 8
275 6
276 6
277 8
278 4
279 7
280 9
281 4
282 5
283 5
284 11
285 8
286 9
287 6
288 6
289 3
290 3
291 5
292 5
293 7
294 8
295 13
296 3
297 1
298 3
299 8
300 5
301 8
302 6
303 1
304 5
305 9
306 6
307 6
308 8
309 6
310 10
311 8
312 6
313 7
314 7
315 7
316 11
317 6
318 2
319 7
320 4
321 9
322 10
323 9
324 6
325 3
326 7
327 8
328 6
329 4
330 7
331 5
332 6
333 2
334 9
335 7
336 7
337 6
338 10
339 6
340 6
341 10
342 6
343 7
344 5
345 4
346 9
347 13
348 9
349 6
350 9
351 10
352 11
353 8
354 6
355 7
356 7
357 6
358 4
359 5
360 11
361 5
362 7
363 7
364 5
365 7
366 5
367 8
368 5
369 8
370 5
371 4
372 7
373 5
374 10
375 11
376 9
377 5
378 7
379 4
380 6
381 3
382 11
383 2
384 4
385 8
386 7
387 7
388 10
389 9
390 6
391 7
392 9
393 12
394 5
395 8
396 7
397 8
398 4
399 5
400 1
401 4
402 4
403 7
404 7
405 11
406 1
407 4
408 6
409 5
410 8
411 7
412 6
413 10
414 8
415 2
416 8
417 3
418 8
419 5
420 4
421 5
422 11
423 8
424 7
425 9
426 11
427 8
428 4
429 8
430 8
431 6
432 3
433 5
434 7
435 7
436 8
437 5
438 7
439 7
440 11
441 7
442 5
443 5
444 7
445 4
446 9
447 6
448 7
449 10
450 11
451 3
452 5
453 8
454 6
455 9
456 3
457 3
458 9
459 8
460 7
461 9
462 9
463 14
464 7
465 5
466 10
467 10
468 12
469 8
470 12
471 4
472 4
473 8
474 12
475 5
476 9
477 4
478 4
479 4
480 6
481 10
482 6
483 7
484 9
485 5
486 8
487 2
488 6
489 5
490 6
491 8
492 8
493 3
494 10
495 8
496 7
497 11
498 6
499 7
500 5
501 5
502 10
503 1
504 7
505 5
506 8
507 3
508 9
509 12
510 6
511 9
512 8
513 6
514 6
515 7
516 6
517 8
518 5
519 10
520 11
521 4
522 5
523 7
524 7
525 3
526 4
527 4
528 1
529 4
530 8
531 6
532 4
533 3
534 4
535 7
536 8
537 5
538 5
539 4
540 7
541 2
542 6
543 7
544 4
545 3
546 2
547 12
548 5
549 8
550 7
551 8
552 6
553 4
554 9
555 5
556 7
557 8
558 6
559 9
560 2
561 9
562 6
563 4
564 3
565 5
566 5
567 8
568 2
569 10
570 4
571 8
572 7
573 3
574 6
575 5
576 8
577 6
578 5
579 7
580 8
581 4
582 7
583 11
584 5
585 4
586 7
587 10
588 3
589 5
590 8
591 3
592 9
593 7
594 10
595 6
596 11
597 7
598 9
599 13
600 8
601 6
602 6
603 6
604 4
605 5
606 13
607 7
608 7
609 3
610 3
611 6
612 8
613 8
614 4
615 4
616 6
617 2
618 7
619 7
620 7
621 8
622 7
623 10
624 4
625 4
626 6
627 4
628 5
629 3
630 3
631 5
632 2
633 12
634 8
635 8
636 7
637 8
638 2
639 0
640 8
641 5
642 7
643 11
644 7
645 10
646 6
647 6
648 9
649 7
650 8
651 3
652 8
653 7
654 11
655 11
656 8
657 5
658 4
659 9
660 6
661 10
662 8
663 6
664 4
665 1
666 5
667 10
668 9
669 7
670 8
671 7
672 4
673 2
674 11
675 3
676 4
677 8
678 4
679 8
680 8
681 1
682 4
683 2
684 6
685 4
686 5
687 1
688 7
689 5
690 9
691 7
692 5
693 8
694 8
695 3
696 9
697 6
698 10
699 9
700 9
701 6
702 8
703 6
704 7
705 9
706 10
707 8
708 11
709 10
710 3
711 8
712 9
713 9
714 10
715 5
716 7
717 4
718 6
719 3
720 10
721 12
722 6
723 5
724 7
725 9
726 11
727 5
728 4
729 6
730 7
731 6
732 8
733 5
734 8
735 5
736 9
737 9
738 5
739 1
740 7
741 7
742 8
743 8
744 5
745 1
746 9
747 10
748 4
749 5
750 4
751 9
752 6
753 5
754 6
755 5
756 10
757 7
758 6
759 2
760 4
761 10
762 12
763 5
764 5
765 11
766 7
767 7
768 9
769 10
770 5
771 9
772 13
773 2
774 9
775 5
776 11
777 6
778 4
779 7
780 7
781 5
782 13
783 5
784 5
785 7
786 9
787 8
788 9
789 9
790 9
791 7
792 4
793 7
794 7
795 7
796 4
797 8
798 7
799 14
800 3
801 6
802 5
803 9
804 11
805 4
806 5
807 6
808 6
809 5
810 4
811 12
812 4
813 9
814 5
815 7
816 7
817 6
818 8
819 6
820 7
821 7
822 7
823 10
824 7
825 7
826 8
827 11
828 6
829 7
830 5
831 5
832 7
833 9
834 8
835 7
836 14
837 8
838 15
839 4
840 7
841 7
842 7
843 5
844 11
845 6
846 7
847 8
848 7
849 11
850 13
851 8
852 6
853 6
854 4
855 2
856 4
857 7
858 4
859 9
860 15
861 9
862 12
863 4
864 7
865 6
866 10
867 5
868 8
869 4
870 11
871 8
872 5
873 7
874 8
875 6
876 5
877 3
878 6
879 3
880 4
881 11
882 10
883 13
884 5
885 6
886 6
887 9
888 7
889 5
890 9
891 7
892 6
893 7
894 4
895 9
896 8
897 11
898 11
899 10
900 9
901 7
902 4
903 11
904 4
905 10
906 9
907 4
908 5
909 6
910 9
911 3
912 5
913 10
914 7
915 8
916 7
917 5
918 12
919 8
920 8
921 7
922 9
923 9
924 8
925 9
926 8
927 10
928 10
929 8
930 7
931 8
932 5
933 8
934 4
935 7
936 8
937 9
938 9
939 7
940 7
941 7
942 7
943 5
944 5
945 1
946 9
947 5
948 15
949 10
950 7
951 5
952 9
953 10
954 7
955 10
956 8
957 7
958 8
959 9
960 8
961 9
962 6
963 5
964 9
965 9
966 9
967 8
968 9
969 13
970 10
971 4
972 1
973 4
974 4
975 1
976 7
977 4
978 5
979 5
980 3
981 8
982 8
983 6
984 9
985 4
986 11
987 8
988 11
989 3
990 5
991 9
992 10
993 0
994 5
995 7
996 5
997 6
998 9
999 5
1000 11
1001 9
1002 9
