# Selection:resname AU W ION Restricted:name AUC AUL AUSL Radius:2.64 Start:0 End:-1
0 336.85833740234375
1 342.0275573730469
2 104.67593383789063
3 83.56845092773438
4 90.460693359375
5 93.04528045654297
6 73.23008728027344
7 95.62989044189453
8 71.93778991699219
9 34.46121597290039
10 68.06090545654297
11 72.36856079101563
12 110.27590942382813
13 132.2449188232422
14 119.32196807861328
15 46.95341491699219
16 73.23009490966797
17 114.58355712890625
18 83.5684585571289
19 169.72149658203125
20 127.07574462890625
21 116.73738098144531
22 70.21473693847656
23 119.75273895263672
24 73.2300796508789
25 91.32222747802734
26 50.39952850341797
27 124.06039428710938
28 125.783447265625
29 111.13743591308594
30 121.0450210571289
31 157.6600799560547
32 127.07574462890625
33 178.76759338378906
34 135.26026916503906
35 150.33705139160156
36 147.75247192382813
37 90.02993774414063
38 51.26106262207031
39 163.6907958984375
40 97.35294342041016
41 101.22982788085938
42 93.90682220458984
43 153.3524169921875
44 129.22958374023438
45 117.16814422607422
46 78.83003997802734
47 157.6600799560547
48 144.73712158203125
49 123.19883728027344
50 104.24518585205078
51 82.70692443847656
52 114.15277862548828
53 56.86100769042969
54 39.19963073730469
55 147.75247192382813
56 96.49142456054688
57 101.66058349609375
58 165.84463500976563
59 82.27616119384766
60 98.64522552490234
61 104.67594146728516
62 65.9070816040039
63 141.29098510742188
64 86.15304565429688
65 92.18375396728516
66 81.41463470458984
67 98.6452407836914
68 121.47578430175781
69 63.32249069213867
70 78.83003997802734
71 77.5377426147461
72 103.38365173339844
73 126.64497375488281
74 150.3370819091797
75 122.76808166503906
76 100.3682861328125
77 59.876365661621094
78 124.92191314697266
79 98.21446990966797
80 115.44508361816406
81 57.291778564453125
82 99.07600402832031
83 133.1064453125
84 115.87583923339844
85 47.81494140625
86 103.81442260742188
87 95.6298828125
88 114.15278625488281
89 114.15278625488281
90 142.1525115966797
91 90.89146423339844
92 65.9070816040039
93 83.56845092773438
94 83.99921417236328
95 67.6301498413086
96 100.79906463623047
97 125.78345489501953
98 91.75299072265625
99 110.2759017944336
100 130.09107971191406
101 156.3677520751953
102 101.22982788085938
103 118.89119720458984
104 100.799072265625
105 103.81442260742188
106 105.5374755859375
107 49.537994384765625
108 93.47603607177734
109 21.107494354248047
110 118.89120483398438
111 94.33757781982422
112 86.58381652832031
113 75.8146743774414
114 99.9375228881836
115 153.783203125
116 140.8602294921875
117 138.275634765625
118 76.67621612548828
119 118.02967834472656
120 83.99921417236328
121 145.16787719726563
122 129.22955322265625
123 93.4760513305664
124 96.49140930175781
125 102.52212524414063
126 105.10672760009766
127 165.84461975097656
128 96.92218017578125
129 103.38365936279297
130 111.56819152832031
131 144.3063507080078
132 78.3992691040039
133 98.2144775390625
134 80.55310821533203
135 69.78396606445313
136 93.90682220458984
137 177.0445098876953
138 103.81443786621094
139 157.22930908203125
140 68.92243194580078
141 88.30687713623047
142 71.50702667236328
143 85.29151916503906
144 75.3839111328125
145 69.35320281982422
146 106.39900970458984
147 91.75299072265625
148 101.66058349609375
149 93.0452880859375
150 84.42998504638672
151 66.76860809326172
152 104.24519348144531
153 100.3682861328125
154 94.76834106445313
155 162.3984832763672
156 167.5676727294922
157 83.99922180175781
158 138.7064208984375
159 97.78369903564453
160 136.12181091308594
161 123.6296157836914
162 121.04503631591797
163 150.33705139160156
164 59.01483917236328
165 68.92244720458984
166 60.30712890625
167 64.61479187011719
168 138.275634765625
169 94.33757781982422
170 113.29125213623047
171 91.32221984863281
172 52.98412322998047
173 116.30660247802734
174 73.66085815429688
175 102.52213287353516
176 125.3526840209961
177 66.76861572265625
178 126.2142105102539
179 106.82976531982422
180 102.09136962890625
181 90.46070098876953
182 86.15303039550781
183 109.41436004638672
184 102.52212524414063
185 101.22982788085938
186 72.79932403564453
187 111.99895477294922
188 127.9372787475586
189 112.86048889160156
190 60.30713653564453
191 108.1220703125
192 117.5988998413086
193 116.73738098144531
194 55.99947738647461
195 93.90681457519531
196 87.44534301757813
197 85.29151153564453
198 76.24543762207031
199 91.32221984863281
200 118.46044158935547
201 53.414886474609375
202 96.92217254638672
203 99.50676727294922
204 92.18376922607422
205 113.72203063964844
206 74.52238464355469
207 91.32223510742188
208 118.46044158935547
209 95.19911193847656
210 97.78370666503906
211 86.15303802490234
212 106.39901733398438
213 161.53695678710938
214 191.25975036621094
215 102.5221176147461
216 81.84539794921875
217 105.53748321533203
218 110.70664978027344
219 81.84539031982422
220 80.12232971191406
221 109.84512329101563
222 38.76887130737305
223 121.90654754638672
224 122.33732604980469
225 120.61426544189453
226 141.7217559814453
227 119.75273895263672
228 109.84513092041016
229 93.0452880859375
230 73.23008728027344
231 53.84565734863281
232 116.3066177368164
233 83.1376953125
234 125.35267639160156
235 94.76835632324219
236 43.07651901245117
237 71.07626342773438
238 95.19911193847656
239 135.69105529785156
240 132.24493408203125
241 73.23009490966797
242 73.66085052490234
243 120.1834945678711
244 94.33757781982422
245 84.8607406616211
246 92.18376159667969
247 83.13768768310547
248 65.47631072998047
249 95.62986755371094
250 108.55284118652344
251 51.69182586669922
252 124.92191314697266
253 147.3217010498047
254 60.307132720947266
255 49.10723114013672
256 82.70692443847656
257 84.86074829101563
258 83.5684585571289
259 52.984127044677734
260 136.5525665283203
261 48.24570846557617
262 130.95263671875
263 77.10697937011719
264 84.86075592041016
265 151.6293487548828
266 169.2907257080078
267 88.73763275146484
268 65.04554748535156
269 81.84539794921875
270 76.67620849609375
271 57.29177474975586
272 60.307132720947266
273 104.67595672607422
274 102.95288848876953
275 73.66084289550781
276 104.67595672607422
277 74.52239227294922
278 62.891727447509766
279 60.73789596557617
280 83.5684585571289
281 39.630401611328125
282 146.02940368652344
283 57.29177474975586
284 103.81442260742188
285 93.90681457519531
286 83.56845092773438
287 114.58355712890625
288 68.4916763305664
289 64.18401336669922
290 50.83029556274414
291 130.52186584472656
292 131.38339233398438
293 80.5531005859375
294 86.58380889892578
295 126.21420288085938
296 40.0611686706543
297 118.46043395996094
298 40.922698974609375
299 188.244384765625
300 121.04502868652344
301 76.24544525146484
302 83.56845092773438
303 96.0606460571289
304 102.95288848876953
305 96.92218017578125
306 98.21446990966797
307 50.399532318115234
308 75.8146743774414
309 105.96824645996094
310 138.70639038085938
311 74.09161376953125
312 75.3839111328125
313 85.72228240966797
314 127.07574462890625
315 96.49140930175781
316 83.99921417236328
317 69.78396606445313
318 67.19937896728516
319 112.86048889160156
320 55.137943267822266
321 110.27589416503906
322 105.1067123413086
323 86.15304565429688
324 121.47579956054688
325 62.03019332885742
326 74.09161376953125
327 129.2295684814453
328 84.42999267578125
329 69.35320281982422
330 124.49114227294922
331 76.24544525146484
332 73.23008728027344
333 58.15330505371094
334 81.84539794921875
335 134.39874267578125
336 115.01432037353516
337 68.06090545654297
338 43.938053131103516
339 99.07601165771484
340 31.445858001708984
341 80.55309295654297
342 96.06065368652344
343 108.98360443115234
344 85.29151153564453
345 75.8146743774414
346 153.78317260742188
347 117.16815185546875
348 143.87557983398438
349 98.21446990966797
350 116.73738098144531
351 58.584068298339844
352 104.24517822265625
353 89.16839599609375
354 41.353458404541016
355 55.13794708251953
356 110.70667266845703
357 77.10697174072266
358 112.86050415039063
359 142.1525115966797
360 113.7220230102539
361 113.72200775146484
362 70.64549255371094
363 69.35320281982422
364 102.5221176147461
365 98.64523315429688
366 82.7069320678711
367 149.47552490234375
368 101.22982788085938
369 64.18401336669922
370 49.10723876953125
371 74.09162139892578
372 81.84539794921875
373 92.61453247070313
374 108.5528335571289
375 145.1678924560547
376 59.014835357666016
377 96.92216491699219
378 80.55310821533203
379 96.06065368652344
380 115.01431274414063
381 67.19937133789063
382 106.82977294921875
383 80.98387145996094
384 102.09136962890625
385 130.5218505859375
386 78.39927673339844
387 70.64550018310547
388 81.84539031982422
389 81.41461944580078
390 74.95315551757813
391 88.30686950683594
392 146.89096069335938
393 152.92164611816406
394 71.07626342773438
395 107.26054382324219
396 100.799072265625
397 90.46070098876953
398 140.8602294921875
399 83.99922180175781
400 87.44534301757813
401 92.6145248413086
402 35.75351333618164
403 193.41358947753906
404 85.29151153564453
405 114.15279388427734
406 33.59968566894531
407 40.92269515991211
408 69.35320281982422
409 135.26028442382813
410 76.24545288085938
411 124.92191314697266
412 124.06039428710938
413 96.49140930175781
414 58.15330505371094
415 62.8917236328125
416 63.75325393676758
417 61.599422454833984
418 51.26105880737305
419 51.69182586669922
420 54.27641677856445
421 59.014835357666016
422 133.5372314453125
423 103.38365173339844
424 65.9070816040039
425 76.24545288085938
426 64.61479187011719
427 110.70665740966797
428 77.10697937011719
429 96.92217254638672
430 63.753257751464844
431 104.24518585205078
432 43.07651901245117
433 90.8914566040039
434 98.64524841308594
435 117.16813659667969
436 109.41436767578125
437 79.26080322265625
438 101.66057586669922
439 103.81440734863281
440 131.38339233398438
441 75.81468200683594
442 67.19937896728516
443 128.79881286621094
444 127.07575225830078
445 135.69102478027344
446 55.5687141418457
447 55.99947738647461
448 112.86048889160156
449 103.81441497802734
450 143.87559509277344
451 83.56845092773438
452 66.33784484863281
453 144.30636596679688
454 47.814937591552734
455 93.90680694580078
456 75.81468200683594
457 51.261070251464844
458 62.8917236328125
459 137.84487915039063
460 114.15277862548828
461 83.5684585571289
462 127.07575988769531
463 146.89093017578125
464 93.4760513305664
465 122.33731842041016
466 151.62936401367188
467 59.876365661621094
468 71.50703430175781
469 70.64550018310547
470 164.55230712890625
471 92.61451721191406
472 63.32248306274414
473 65.04554748535156
474 142.58328247070313
475 98.21446990966797
476 101.66059875488281
477 131.81414794921875
478 65.04554748535156
479 15.507547378540039
480 45.2303466796875
481 99.50676727294922
482 109.84512329101563
483 127.07573699951172
484 115.44507598876953
485 64.61478424072266
486 125.35267639160156
487 77.968505859375
488 93.0452880859375
489 102.52210998535156
490 73.66085815429688
491 93.90681457519531
492 102.52212524414063
493 80.9838638305664
494 86.15303802490234
495 115.01432037353516
496 135.26028442382813
497 118.46043395996094
498 69.35320281982422
499 77.53773498535156
500 91.75299835205078
501 99.50678253173828
502 115.01431274414063
503 83.99922180175781
504 112.86046600341797
505 86.15304565429688
506 64.61479949951172
507 63.32248306274414
508 115.01433563232422
509 161.96771240234375
510 99.93753051757813
511 53.84565353393555
512 50.399532318115234
513 105.10671997070313
514 92.61451721191406
515 99.07600402832031
516 104.67594909667969
517 125.35267639160156
518 60.30712890625
519 137.84486389160156
520 116.30661010742188
521 76.24545288085938
522 89.16839599609375
523 117.5988998413086
524 138.275634765625
525 95.6298828125
526 86.58380889892578
527 76.67620849609375
528 56.43024826049805
529 68.06090545654297
530 120.61427307128906
531 80.55308532714844
532 57.291778564453125
533 73.23008728027344
534 81.41463470458984
535 121.47579193115234
536 84.86074829101563
537 59.014835357666016
538 90.8914566040039
539 76.24544525146484
540 67.19937896728516
541 83.13768768310547
542 95.62987518310547
543 38.338104248046875
544 69.78396606445313
545 62.891719818115234
546 43.938053131103516
547 101.66059875488281
548 65.47631072998047
549 92.6145248413086
550 97.35294342041016
551 62.891727447509766
552 104.67594909667969
553 59.01483154296875
554 100.36830139160156
555 73.66085052490234
556 108.98359680175781
557 81.41462707519531
558 34.89198303222656
559 87.8760986328125
560 40.922691345214844
561 78.83003234863281
562 129.2295684814453
563 74.95314025878906
564 55.13794708251953
565 57.291778564453125
566 87.44534301757813
567 55.5687141418457
568 81.41462707519531
569 99.07600402832031
570 76.67621612548828
571 97.35295867919922
572 109.41436767578125
573 95.6298828125
574 149.9062957763672
575 71.07626342773438
576 76.67621612548828
577 62.460960388183594
578 93.90681457519531
579 98.21446990966797
580 89.16841125488281
581 120.6142578125
582 79.69156646728516
583 96.06065368652344
584 77.5377426147461
585 91.32223510742188
586 115.445068359375
587 131.81414794921875
588 103.38363647460938
589 69.78396606445313
590 74.09161376953125
591 67.19937133789063
592 73.23008728027344
593 100.3683090209961
594 121.04502868652344
595 107.26054382324219
596 116.3066177368164
597 105.53749084472656
598 171.87530517578125
599 124.0604019165039
600 68.06090545654297
601 108.12205505371094
602 130.95263671875
603 69.35320281982422
604 84.42998504638672
605 176.18296813964844
606 139.99871826171875
607 110.70667266845703
608 81.84539031982422
609 57.291770935058594
610 73.23009490966797
611 52.122596740722656
612 97.35293579101563
613 89.16840362548828
614 63.32249069213867
615 96.0606460571289
616 113.72201538085938
617 75.81468200683594
618 94.76834869384766
619 110.27590942382813
620 103.81442260742188
621 121.47579956054688
622 109.8451156616211
623 118.46043395996094
624 127.07573699951172
625 113.29125213623047
626 43.93804931640625
627 65.47631072998047
628 105.10670471191406
629 67.63014221191406
630 100.799072265625
631 79.69156646728516
632 80.1223373413086
633 143.01405334472656
634 140.8602294921875
635 90.460693359375
636 58.58407211303711
637 151.62936401367188
638 48.67646408081055
639 87.01457214355469
640 70.21473693847656
641 76.24545288085938
642 70.6455078125
643 151.62936401367188
644 52.122596740722656
645 125.35266876220703
646 108.1220703125
647 95.6298828125
648 115.01432037353516
649 31.87662696838379
650 91.32223510742188
651 90.46070098876953
652 127.93727111816406
653 96.06063842773438
654 83.99922943115234
655 112.42972564697266
656 114.15278625488281
657 73.66085815429688
658 106.39901733398438
659 62.891727447509766
660 65.90707397460938
661 102.95289611816406
662 144.30636596679688
663 88.73764038085938
664 64.61479187011719
665 82.27616119384766
666 89.59916687011719
667 150.33705139160156
668 52.55335235595703
669 123.6296157836914
670 90.46070098876953
671 100.79905700683594
672 47.81494140625
673 77.10697937011719
674 70.21473693847656
675 59.44560241699219
676 96.49141693115234
677 80.12232971191406
678 47.81494140625
679 88.73763275146484
680 86.58380126953125
681 61.599430084228516
682 97.78370666503906
683 78.39927673339844
684 118.0296630859375
685 118.46044158935547
686 112.42972564697266
687 59.014835357666016
688 126.64497375488281
689 147.75247192382813
690 83.56846618652344
691 89.59916687011719
692 89.59915924072266
693 93.04528045654297
694 171.01380920410156
695 73.66085052490234
696 74.52237701416016
697 56.430240631103516
698 126.64496612548828
699 61.16866683959961
700 50.399532318115234
701 34.030452728271484
702 66.76861572265625
703 80.9838638305664
704 70.64550018310547
705 122.7680892944336
706 111.56819915771484
707 141.29098510742188
708 173.16761779785156
709 103.81442260742188
710 96.92218017578125
711 99.9375228881836
712 94.33758544921875
713 117.16813659667969
714 97.35294342041016
715 56.430240631103516
716 130.95262145996094
717 90.46068572998047
718 76.24544525146484
719 77.53773498535156
720 93.04529571533203
721 84.86075592041016
722 80.9838638305664
723 62.46095657348633
724 64.61477661132813
725 97.78369903564453
726 132.6757049560547
727 77.5377426147461
728 26.707441329956055
729 63.32249069213867
730 60.73789978027344
731 73.23008728027344
732 112.8604965209961
733 144.3063507080078
734 108.5528335571289
735 114.58354949951172
736 103.38363647460938
737 93.90682983398438
738 133.1064453125
739 90.46070098876953
740 74.9531478881836
741 106.82976531982422
742 120.18350982666016
743 112.42971801757813
744 93.90681457519531
745 93.90681457519531
746 45.66111373901367
747 118.89119720458984
748 154.6447296142578
749 58.584075927734375
750 133.1064453125
751 96.92217254638672
752 110.27589416503906
753 41.78422546386719
754 66.76860809326172
755 74.09162139892578
756 54.707183837890625
757 100.36830139160156
758 67.63014221191406
759 82.70692443847656
760 50.3995361328125
761 103.8144302368164
762 93.90682220458984
763 69.78396606445313
764 82.27616119384766
765 110.27589416503906
766 68.49166870117188
767 135.6910400390625
768 153.35243225097656
769 133.96798706054688
770 170.15225219726563
771 104.24519348144531
772 110.7066650390625
773 59.87636947631836
774 123.62962341308594
775 78.83003997802734
776 121.90657043457031
777 134.8295135498047
778 77.968505859375
779 104.67595672607422
780 93.47605895996094
781 42.21499252319336
782 175.32144165039063
783 107.26053619384766
784 77.10697174072266
785 111.56819152832031
786 84.42997741699219
787 124.49114227294922
788 116.73737335205078
789 78.39926147460938
790 45.230350494384766
791 159.38311767578125
792 79.69155883789063
793 103.81442260742188
794 99.93753051757813
795 121.0450210571289
796 67.63014221191406
797 69.78396606445313
798 98.21446990966797
799 124.92191314697266
800 46.953407287597656
801 89.59916687011719
802 52.984127044677734
803 94.33757781982422
804 118.46043395996094
805 85.72228240966797
806 75.3839111328125
807 154.2139434814453
808 80.12232971191406
809 121.04502868652344
810 96.49140930175781
811 67.19937133789063
812 60.73789596557617
813 125.78345489501953
814 99.50678253173828
815 71.07626342773438
816 93.90682220458984
817 59.01484298706055
818 95.1991195678711
819 49.107234954833984
820 52.98412322998047
821 100.36829376220703
822 84.86074829101563
823 125.783447265625
824 93.0452880859375
825 76.24544525146484
826 76.24544525146484
827 100.79906463623047
828 93.4760513305664
829 47.81494140625
830 107.69129943847656
831 56.86100769042969
832 83.99922180175781
833 66.33784484863281
834 90.8914566040039
835 111.13744354248047
836 129.2295684814453
837 57.29178237915039
838 78.3992691040039
839 87.01457214355469
840 77.10696411132813
841 103.81442260742188
842 77.10698699951172
843 65.9070816040039
844 73.23008728027344
845 62.891727447509766
846 101.66059112548828
847 76.67621612548828
848 85.72228240966797
849 96.06065368652344
850 127.50650787353516
851 78.39928436279297
852 66.33785247802734
853 37.9073371887207
854 62.46095657348633
855 58.58406448364258
856 98.6452407836914
857 98.64523315429688
858 42.645755767822266
859 85.72227478027344
860 40.0611686706543
861 105.10671997070313
862 83.13768768310547
863 70.64549255371094
864 93.47604370117188
865 104.24518585205078
866 85.72228240966797
867 88.30686950683594
868 106.82978820800781
869 99.9375228881836
870 90.89147186279297
871 111.99896240234375
872 35.32274627685547
873 65.476318359375
874 90.46070098876953
875 124.92192840576172
876 111.13743591308594
877 42.214988708496094
878 109.41436767578125
879 58.58407974243164
880 84.86075592041016
881 80.12232208251953
882 105.96824645996094
883 100.7990493774414
884 72.79933166503906
885 100.36829376220703
886 90.0299301147461
887 110.27589416503906
888 105.96825408935547
889 63.753257751464844
890 84.42998504638672
891 136.98336791992188
892 81.41463470458984
893 77.968505859375
894 126.64498138427734
895 71.07626342773438
896 102.09136199951172
897 94.76835632324219
898 75.3839111328125
899 93.47606658935547
900 93.9068374633789
901 96.49141693115234
902 43.93806076049805
903 71.0762710571289
904 87.01457977294922
905 62.46095275878906
906 130.95262145996094
907 85.72228240966797
908 66.33784484863281
909 57.291770935058594
910 102.52212524414063
911 34.03044891357422
912 40.92269515991211
913 99.07599639892578
914 58.584068298339844
915 86.58380126953125
916 92.6145248413086
917 98.21448516845703
918 99.07600402832031
919 118.02967834472656
920 52.55335998535156
921 87.01457977294922
922 79.69157409667969
923 161.5369415283203
924 75.38391876220703
925 169.7214813232422
926 144.3063507080078
927 87.87610626220703
928 96.92218017578125
929 86.15304565429688
930 177.0445098876953
931 119.75273132324219
932 103.81441497802734
933 96.92218017578125
934 35.75351333618164
935 87.01458740234375
936 127.07573699951172
937 105.1067123413086
938 74.52238464355469
939 95.62987518310547
940 76.24544525146484
941 65.9070816040039
942 77.968505859375
943 59.876365661621094
944 105.96824645996094
945 64.61477661132813
946 72.3685531616211
947 69.7839584350586
948 104.24517059326172
949 117.5988998413086
950 92.18376159667969
951 90.89147186279297
952 115.0143051147461
953 96.92217254638672
954 94.33757781982422
955 101.2298355102539
956 65.476318359375
957 94.76834869384766
958 123.1988525390625
959 108.12207794189453
960 152.06011962890625
961 115.87583923339844
962 68.0609130859375
963 74.9531478881836
964 136.5525665283203
965 96.06065368652344
966 117.59891510009766
967 108.12206268310547
968 95.62989044189453
969 80.5531005859375
970 173.598388671875
971 83.1376953125
972 65.476318359375
973 50.830299377441406
974 82.70692443847656
975 80.98385620117188
976 84.86074829101563
977 94.76835632324219
978 63.75326156616211
979 110.27589416503906
980 49.107234954833984
981 57.722537994384766
982 104.67595672607422
983 83.56845092773438
984 102.52212524414063
985 87.87610626220703
986 126.64496612548828
987 125.3526611328125
988 109.84513092041016
989 20.67673110961914
990 52.5533561706543
991 101.66059112548828
992 90.8914566040039
993 98.2144775390625
994 54.27642059326172
995 44.36882400512695
996 105.53749084472656
997 93.90681457519531
998 84.42998504638672
999 65.90707397460938
1000 150.33705139160156
1001 89.59916687011719
1002 89.59916687011719
