# Selection:resname AU POPC Restricted:name AUC AUL AUSL Radius:2.64 Start:0 End:-1
0 310.1509094238281
1 314.88934326171875
2 94.76835632324219
3 110.27589416503906
4 149.9062957763672
5 128.3680419921875
6 150.33706665039063
7 120.6142578125
8 141.29098510742188
9 166.70616149902344
10 125.78343963623047
11 93.4760513305664
12 100.79905700683594
13 125.35266876220703
14 139.5679168701172
15 135.26028442382813
16 135.6910400390625
17 101.22982025146484
18 93.04529571533203
19 46.52264404296875
20 93.90682983398438
21 119.32196807861328
22 155.50624084472656
23 177.04452514648438
24 115.44508361816406
25 65.9070816040039
26 139.5679473876953
27 104.24517059326172
28 101.22984313964844
29 69.78396606445313
30 96.0606460571289
31 54.27642059326172
32 83.99921417236328
33 57.7225456237793
34 104.24517822265625
35 130.95262145996094
36 125.78343963623047
37 94.76834869384766
38 131.38340759277344
39 63.75325393676758
40 69.78396606445313
41 93.04528045654297
42 53.41488265991211
43 77.10697937011719
44 122.33733367919922
45 84.86074829101563
46 146.46017456054688
47 71.93780517578125
48 77.10697937011719
49 111.1374282836914
50 99.07598876953125
51 137.4141082763672
52 125.35267639160156
53 104.24519348144531
54 173.16763305664063
55 110.70667266845703
56 97.7837142944336
57 124.0604019165039
58 108.55282592773438
59 124.92192077636719
60 102.9529037475586
61 113.7220230102539
62 81.41463470458984
63 128.79879760742188
64 149.9062957763672
65 119.75273895263672
66 102.52212524414063
67 79.26079559326172
68 156.36778259277344
69 139.1371612548828
70 152.92164611816406
71 142.58328247070313
72 116.30660247802734
73 121.90653991699219
74 77.968505859375
75 97.35295104980469
76 152.0601348876953
77 94.33757781982422
78 118.8912124633789
79 123.19884490966797
80 124.92192840576172
81 128.79879760742188
82 170.58302307128906
83 141.7217559814453
84 145.5986328125
85 159.8138885498047
86 105.5374755859375
87 112.86048126220703
88 119.32197570800781
89 86.15304565429688
90 70.64550018310547
91 122.33732604980469
92 134.3987579345703
93 106.39901733398438
94 133.5372314453125
95 87.4453353881836
96 96.49140930175781
97 67.63013458251953
98 159.8138885498047
99 91.32223510742188
100 155.0754852294922
101 103.81442260742188
102 83.56845092773438
103 82.70692443847656
104 113.72201538085938
105 139.13714599609375
106 153.3524169921875
107 154.2139434814453
108 115.01432037353516
109 155.93701171875
110 77.10697174072266
111 143.87557983398438
112 121.90654754638672
113 95.6298828125
114 85.7222900390625
115 138.275634765625
116 77.96851348876953
117 135.2602996826172
118 124.06038665771484
119 85.29151916503906
120 87.44534301757813
121 25.415145874023438
122 87.87610626220703
123 76.67620849609375
124 149.90628051757813
125 108.98359680175781
126 164.12156677246094
127 120.1834945678711
128 136.5525665283203
129 105.5374755859375
130 40.922698974609375
131 68.92243957519531
132 96.0606460571289
133 124.49115753173828
134 163.26002502441406
135 99.50676727294922
136 111.99895477294922
137 113.72203063964844
138 90.0299301147461
139 139.5679473876953
140 80.9838638305664
141 172.7368621826172
142 138.70639038085938
143 124.49115753173828
144 147.32171630859375
145 149.4755401611328
146 157.22930908203125
147 148.18325805664063
148 77.10698699951172
149 114.58354949951172
150 112.8604965209961
151 103.81441497802734
152 101.66059875488281
153 158.95236206054688
154 112.86048126220703
155 91.75300598144531
156 78.83003997802734
157 138.7064208984375
158 45.2303466796875
159 111.13742065429688
160 152.0601043701172
161 111.99895477294922
162 109.84513092041016
163 85.72228240966797
164 116.30661010742188
165 174.45993041992188
166 158.0908203125
167 156.79855346679688
168 124.06038665771484
169 114.58353424072266
170 127.50650024414063
171 108.5528335571289
172 189.53671264648438
173 164.9830780029297
174 126.64498138427734
175 95.62989044189453
176 110.70664978027344
177 164.1215362548828
178 133.96798706054688
179 116.73737335205078
180 161.96771240234375
181 128.79879760742188
182 188.6751708984375
183 109.84513854980469
184 107.26054382324219
185 112.8604965209961
186 134.3987579345703
187 156.36778259277344
188 119.75273895263672
189 110.70665740966797
190 218.3979949951172
191 77.968505859375
192 138.27565002441406
193 121.47579956054688
194 210.64419555664063
195 167.56768798828125
196 148.18325805664063
197 125.35266876220703
198 142.1525115966797
199 121.47579193115234
200 124.49114990234375
201 174.45994567871094
202 165.41387939453125
203 171.87530517578125
204 124.06039428710938
205 108.1220703125
206 183.07521057128906
207 162.3984832763672
208 96.49140930175781
209 178.33682250976563
210 137.4141082763672
211 125.35267639160156
212 102.52210998535156
213 137.84486389160156
214 161.5369415283203
215 136.55259704589844
216 117.16815185546875
217 150.76783752441406
218 187.38287353515625
219 153.7831573486328
220 134.82949829101563
221 139.56793212890625
222 103.38365173339844
223 155.93701171875
224 101.22982025146484
225 134.39877319335938
226 109.84514617919922
227 139.13717651367188
228 120.61424255371094
229 127.93726348876953
230 158.52162170410156
231 187.8136444091797
232 104.67594909667969
233 146.02943420410156
234 155.0754852294922
235 179.62908935546875
236 152.06011962890625
237 184.36752319335938
238 127.07573699951172
239 97.78370666503906
240 147.75247192382813
241 118.02967071533203
242 133.1064453125
243 137.84486389160156
244 204.18270874023438
245 107.69129943847656
246 145.16787719726563
247 124.92191314697266
248 192.9828338623047
249 96.92217254638672
250 58.58407211303711
251 174.89065551757813
252 96.49141693115234
253 97.78370666503906
254 163.69081115722656
255 115.01431274414063
256 126.2142105102539
257 160.24464416503906
258 144.3063507080078
259 92.61453247070313
260 130.52186584472656
261 158.5216064453125
262 143.44482421875
263 135.26026916503906
264 145.59864807128906
265 111.99896240234375
266 93.90682220458984
267 156.7985382080078
268 144.73712158203125
269 161.53697204589844
270 165.84461975097656
271 180.49063110351563
272 131.38339233398438
273 166.275390625
274 147.3217010498047
275 130.09109497070313
276 145.59864807128906
277 115.01431274414063
278 166.7061309814453
279 146.46017456054688
280 100.79906463623047
281 172.73684692382813
282 156.36776733398438
283 148.61399841308594
284 109.41437530517578
285 115.01431274414063
286 145.1678924560547
287 128.79879760742188
288 125.783447265625
289 183.936767578125
290 192.1212921142578
291 143.01405334472656
292 91.75299835205078
293 128.79879760742188
294 134.8295135498047
295 85.72228240966797
296 197.2904815673828
297 153.78317260742188
298 143.01405334472656
299 89.16840362548828
300 153.3524169921875
301 140.8602294921875
302 146.8909454345703
303 146.8909454345703
304 90.89147186279297
305 162.39849853515625
306 111.56818389892578
307 132.67568969726563
308 146.8909454345703
309 167.99842834472656
310 142.58326721191406
311 203.3212127685547
312 161.96771240234375
313 115.44507598876953
314 136.12181091308594
315 158.0908203125
316 130.09109497070313
317 105.53749084472656
318 186.090576171875
319 110.27590942382813
320 159.38311767578125
321 170.58303833007813
322 89.59916687011719
323 107.69131469726563
324 95.19911193847656
325 151.19859313964844
326 141.7217559814453
327 163.69078063964844
328 121.90657043457031
329 199.87506103515625
330 172.73684692382813
331 146.4601593017578
332 152.0601043701172
333 141.72177124023438
334 175.3214569091797
335 159.3831329345703
336 125.78345489501953
337 191.6905517578125
338 188.24440002441406
339 181.78289794921875
340 143.01405334472656
341 168.42918395996094
342 192.12130737304688
343 169.72149658203125
344 208.921142578125
345 147.32171630859375
346 175.3214569091797
347 140.429443359375
348 105.96826171875
349 124.49114990234375
350 130.5218505859375
351 118.46044158935547
352 73.2300796508789
353 149.9062957763672
354 155.50625610351563
355 148.18325805664063
356 148.1832275390625
357 160.24465942382813
358 172.73684692382813
359 135.69105529785156
360 172.3061065673828
361 139.5679473876953
362 224.85943603515625
363 146.46018981933594
364 146.02940368652344
365 132.67568969726563
366 124.92191314697266
367 90.46070098876953
368 95.62987518310547
369 157.22930908203125
370 110.27590942382813
371 165.41384887695313
372 139.13717651367188
373 129.66033935546875
374 137.84486389160156
375 115.87584686279297
376 124.49114227294922
377 208.49037170410156
378 139.56793212890625
379 176.18299865722656
380 112.42972564697266
381 184.3675079345703
382 138.27561950683594
383 196.42897033691406
384 136.55258178710938
385 119.32197570800781
386 125.35267639160156
387 163.25999450683594
388 108.98358917236328
389 104.67595672607422
390 106.39901733398438
391 113.7220230102539
392 90.89146423339844
393 68.49166870117188
394 135.26028442382813
395 145.59864807128906
396 136.121826171875
397 141.29098510742188
398 127.50650787353516
399 144.7371063232422
400 175.32144165039063
401 212.36724853515625
402 156.79855346679688
403 64.61478424072266
404 140.42947387695313
405 102.5221176147461
406 191.69052124023438
407 148.61399841308594
408 133.10646057128906
409 92.61451721191406
410 123.62960815429688
411 142.15252685546875
412 127.93727111816406
413 156.7985382080078
414 129.6603240966797
415 146.89093017578125
416 177.90602111816406
417 198.1519775390625
418 150.767822265625
419 181.35215759277344
420 185.22903442382813
421 180.49061584472656
422 113.72203063964844
423 139.9987030029297
424 158.52162170410156
425 136.55258178710938
426 145.1678924560547
427 115.8758544921875
428 195.56741333007813
429 130.09109497070313
430 133.10646057128906
431 148.18321228027344
432 207.19808959960938
433 110.70665740966797
434 130.09109497070313
435 111.13742065429688
436 153.35240173339844
437 164.12158203125
438 124.49114227294922
439 126.21420288085938
440 164.98309326171875
441 150.76783752441406
442 119.75273132324219
443 101.66059112548828
444 96.0606460571289
445 131.8141632080078
446 164.5523223876953
447 132.2449188232422
448 152.0601348876953
449 94.33758544921875
450 106.39900207519531
451 175.75221252441406
452 153.78318786621094
453 57.722537994384766
454 164.5523223876953
455 107.26053619384766
456 182.2136993408203
457 217.9672088623047
458 152.92164611816406
459 112.42971801757813
460 105.5374755859375
461 116.30660247802734
462 133.9679718017578
463 93.90680694580078
464 127.50650024414063
465 153.3524169921875
466 126.21421813964844
467 155.07546997070313
468 119.75273132324219
469 116.30661010742188
470 105.53748321533203
471 177.04452514648438
472 199.01351928710938
473 151.62936401367188
474 127.50651550292969
475 170.15225219726563
476 103.38365936279297
477 131.38339233398438
478 186.95208740234375
479 195.9981689453125
480 222.27488708496094
481 143.87557983398438
482 133.1064453125
483 118.02967071533203
484 198.582763671875
485 165.84461975097656
486 162.82925415039063
487 156.79855346679688
488 104.67594909667969
489 139.13717651367188
490 139.1371612548828
491 121.04502868652344
492 147.3217010498047
493 130.09109497070313
494 152.49087524414063
495 120.18350982666016
496 114.15279388427734
497 115.87584686279297
498 178.767578125
499 124.49113464355469
500 136.12179565429688
501 174.02915954589844
502 103.81442260742188
503 189.10592651367188
504 70.21472930908203
505 123.19884490966797
506 121.47579193115234
507 195.56741333007813
508 112.42972564697266
509 114.15277099609375
510 205.47500610351563
511 159.38314819335938
512 151.62936401367188
513 96.0606460571289
514 138.70640563964844
515 113.7220230102539
516 122.33731079101563
517 123.6296157836914
518 120.1834945678711
519 105.96824645996094
520 56.43025207519531
521 121.90656280517578
522 150.3370819091797
523 173.1676025390625
524 97.35294342041016
525 136.98333740234375
526 164.12155151367188
527 167.99842834472656
528 160.24465942382813
529 179.19833374023438
530 109.41436767578125
531 161.10621643066406
532 117.16814422607422
533 180.49063110351563
534 146.8909454345703
535 133.53720092773438
536 139.5679473876953
537 127.93727111816406
538 133.96798706054688
539 149.47555541992188
540 134.39874267578125
541 161.10618591308594
542 168.8599853515625
543 183.07522583007813
544 171.87530517578125
545 207.1980743408203
546 174.02915954589844
547 76.67620849609375
548 124.92191314697266
549 103.38365936279297
550 140.42947387695313
551 166.7061309814453
552 164.98309326171875
553 137.41409301757813
554 114.58354187011719
555 120.6142578125
556 125.783447265625
557 180.0598602294922
558 143.44480895996094
559 132.67568969726563
560 189.5366668701172
561 159.8138885498047
562 149.0447540283203
563 220.12103271484375
564 186.0906219482422
565 103.38365936279297
566 110.27590942382813
567 174.89068603515625
568 175.75221252441406
569 152.4908905029297
570 156.79855346679688
571 120.6142578125
572 155.0754852294922
573 195.9981689453125
574 121.04503631591797
575 177.4752960205078
576 180.92138671875
577 137.84487915039063
578 154.64471435546875
579 81.41462707519531
580 131.8141632080078
581 52.9841194152832
582 165.84461975097656
583 121.47579193115234
584 140.8602294921875
585 119.75271606445313
586 114.58354949951172
587 148.61398315429688
588 210.2134552001953
589 127.50651550292969
590 172.30609130859375
591 161.96774291992188
592 151.19859313964844
593 108.98360443115234
594 105.5374755859375
595 123.1988525390625
596 86.15304565429688
597 144.30633544921875
598 126.64498138427734
599 90.89144897460938
600 129.6603240966797
601 112.42971801757813
602 99.50675964355469
603 150.76783752441406
604 71.0762710571289
605 147.32171630859375
606 58.584075927734375
607 135.26028442382813
608 138.70640563964844
609 168.42919921875
610 206.767333984375
611 174.45994567871094
612 128.36802673339844
613 118.02967834472656
614 156.3677520751953
615 172.30609130859375
616 144.73712158203125
617 173.16763305664063
618 160.2446746826172
619 101.2298355102539
620 105.1067123413086
621 145.5986328125
622 163.26002502441406
623 136.121826171875
624 143.87559509277344
625 146.46017456054688
626 167.56765747070313
627 171.444580078125
628 152.0601348876953
629 162.39849853515625
630 189.9674530029297
631 144.73712158203125
632 185.65982055664063
633 133.5372314453125
634 93.0452880859375
635 130.95262145996094
636 131.38339233398438
637 59.44560241699219
638 171.01377868652344
639 181.35214233398438
640 146.46017456054688
641 124.92191314697266
642 106.39900970458984
643 94.76835632324219
644 148.61399841308594
645 84.86074829101563
646 134.8295135498047
647 178.33682250976563
648 159.8139190673828
649 182.6444549560547
650 150.76785278320313
651 144.7371063232422
652 116.30661010742188
653 152.9216766357422
654 115.01431274414063
655 103.8144302368164
656 132.24493408203125
657 191.259765625
658 152.92164611816406
659 164.5523223876953
660 146.0294189453125
661 136.12179565429688
662 173.598388671875
663 144.73712158203125
664 202.8904266357422
665 195.13662719726563
666 134.39874267578125
667 140.429443359375
668 147.7524871826172
669 127.93727111816406
670 94.33757019042969
671 103.3836441040039
672 169.72149658203125
673 137.4141082763672
674 120.18350219726563
675 171.44454956054688
676 145.59864807128906
677 111.1374282836914
678 145.1678924560547
679 146.89093017578125
680 137.84487915039063
681 147.3217315673828
682 160.2446746826172
683 226.15176391601563
684 155.50625610351563
685 198.15199279785156
686 149.0447540283203
687 192.98280334472656
688 143.44480895996094
689 188.6751708984375
690 139.5679473876953
691 110.70667266845703
692 136.121826171875
693 98.6452407836914
694 88.73763275146484
695 152.06011962890625
696 145.59864807128906
697 146.460205078125
698 107.26055908203125
699 117.59890747070313
700 155.07550048828125
701 157.22927856445313
702 193.84434509277344
703 158.0908203125
704 161.106201171875
705 113.72201538085938
706 96.49140167236328
707 118.46043395996094
708 101.66059112548828
709 85.7222671508789
710 165.4138641357422
711 162.3984832763672
712 149.04476928710938
713 132.67568969726563
714 128.3680419921875
715 196.428955078125
716 80.1223373413086
717 165.41383361816406
718 155.0754852294922
719 150.33705139160156
720 131.8141632080078
721 140.8602294921875
722 115.445068359375
723 117.16814422607422
724 127.50651550292969
725 153.35243225097656
726 83.13768768310547
727 155.50625610351563
728 168.42919921875
729 140.42945861816406
730 127.07573699951172
731 147.32171630859375
732 138.275634765625
733 142.15252685546875
734 116.30661010742188
735 126.64496612548828
736 145.59864807128906
737 118.0296859741211
738 147.7524871826172
739 195.13665771484375
740 120.1834945678711
741 133.53721618652344
742 68.92243194580078
743 102.5221176147461
744 160.24464416503906
745 194.7058563232422
746 159.3831329345703
747 93.0452880859375
748 134.39874267578125
749 154.21395874023438
750 166.275390625
751 74.95314025878906
752 135.69105529785156
753 211.07493591308594
754 162.82925415039063
755 201.1673583984375
756 155.50624084472656
757 150.76783752441406
758 161.9677276611328
759 154.64471435546875
760 173.598388671875
761 118.89118957519531
762 105.10672760009766
763 192.12127685546875
764 147.7524871826172
765 146.02940368652344
766 133.10647583007813
767 130.09109497070313
768 93.90681457519531
769 95.19911193847656
770 149.04478454589844
771 92.18374633789063
772 59.01483917236328
773 236.92088317871094
774 151.19857788085938
775 141.72177124023438
776 106.82978057861328
777 165.41384887695313
778 130.09109497070313
779 141.72174072265625
780 108.12206268310547
781 189.96746826171875
782 89.16840362548828
783 154.6447296142578
784 147.75247192382813
785 138.70640563964844
786 108.98359680175781
787 118.02967071533203
788 79.26079559326172
789 198.15200805664063
790 173.598388671875
791 131.38340759277344
792 174.8907012939453
793 139.13717651367188
794 127.93727111816406
795 89.59916687011719
796 135.26028442382813
797 99.07600402832031
798 164.12155151367188
799 90.0299301147461
800 211.50572204589844
801 146.8909454345703
802 181.78294372558594
803 165.41384887695313
804 168.42919921875
805 171.0137939453125
806 129.2295684814453
807 104.24517822265625
808 146.8909454345703
809 153.78318786621094
810 173.16761779785156
811 127.07572174072266
812 135.26026916503906
813 143.44480895996094
814 159.8138885498047
815 146.46017456054688
816 163.6907958984375
817 188.24440002441406
818 102.52212524414063
819 102.09136199951172
820 144.30636596679688
821 138.275634765625
822 154.64471435546875
823 103.81441497802734
824 187.8136444091797
825 150.76783752441406
826 199.44430541992188
827 141.29100036621094
828 201.16737365722656
829 191.2597198486328
830 128.79879760742188
831 149.90631103515625
832 159.8138885498047
833 238.6439208984375
834 116.73738098144531
835 179.62908935546875
836 59.87636184692383
837 122.33733367919922
838 103.38365173339844
839 158.52159118652344
840 146.46017456054688
841 117.16814422607422
842 105.5374755859375
843 132.67568969726563
844 123.62962341308594
845 89.59916687011719
846 129.22955322265625
847 152.49087524414063
848 138.70640563964844
849 110.27588653564453
850 143.44482421875
851 130.52186584472656
852 203.32118225097656
853 129.22958374023438
854 167.99844360351563
855 192.9827880859375
856 149.9062957763672
857 154.21395874023438
858 187.81362915039063
859 147.3217315673828
860 173.1676025390625
861 201.16734313964844
862 140.86024475097656
863 189.5366668701172
864 116.30661010742188
865 130.5218505859375
866 94.33758544921875
867 123.62960052490234
868 124.49114227294922
869 148.18324279785156
870 104.24518585205078
871 129.6603240966797
872 172.30609130859375
873 114.15276336669922
874 169.2907257080078
875 108.98360443115234
876 108.98360443115234
877 177.90602111816406
878 144.3063507080078
879 149.90628051757813
880 175.32142639160156
881 116.30660247802734
882 168.85997009277344
883 134.3987579345703
884 155.07550048828125
885 108.55284118652344
886 136.121826171875
887 104.24518585205078
888 171.01380920410156
889 164.98306274414063
890 179.62908935546875
891 155.0754852294922
892 155.0754852294922
893 143.01406860351563
894 151.62937927246094
895 155.0754852294922
896 119.75272369384766
897 113.7220230102539
898 126.64498138427734
899 86.15303039550781
900 136.55258178710938
901 154.64471435546875
902 125.783447265625
903 141.72174072265625
904 161.96771240234375
905 156.7985382080078
906 112.86048126220703
907 80.9838638305664
908 143.8756103515625
909 160.24464416503906
910 78.3992691040039
911 173.16761779785156
912 165.41384887695313
913 156.79852294921875
914 145.59864807128906
915 113.291259765625
916 170.15225219726563
917 125.3526840209961
918 96.49141693115234
919 125.783447265625
920 116.3066177368164
921 168.85995483398438
922 118.46043395996094
923 125.3526840209961
924 104.67594909667969
925 127.07575225830078
926 123.62962341308594
927 103.81441497802734
928 131.8141632080078
929 155.93702697753906
930 90.460693359375
931 78.3992691040039
932 113.7220230102539
933 126.21420288085938
934 183.936767578125
935 128.79879760742188
936 130.52186584472656
937 143.44482421875
938 147.75247192382813
939 104.67594909667969
940 117.59890747070313
941 157.66006469726563
942 129.66033935546875
943 175.32142639160156
944 128.3680419921875
945 217.5364532470703
946 128.79879760742188
947 153.3524169921875
948 93.90682220458984
949 139.13717651367188
950 135.6910400390625
951 132.67567443847656
952 102.09136199951172
953 136.98333740234375
954 177.04449462890625
955 131.3833770751953
956 174.45989990234375
957 134.39877319335938
958 148.1832275390625
959 137.84487915039063
960 110.70665740966797
961 126.21419525146484
962 115.44508361816406
963 96.49140930175781
964 142.15252685546875
965 132.24493408203125
966 99.07600402832031
967 177.47528076171875
968 170.1522674560547
969 169.72149658203125
970 79.69156646728516
971 166.27536010742188
972 174.89068603515625
973 214.95184326171875
974 171.01380920410156
975 192.98281860351563
976 146.46017456054688
977 179.19834899902344
978 145.5986328125
979 164.5523223876953
980 185.22906494140625
981 93.04528045654297
982 145.59864807128906
983 170.1522674560547
984 105.10671997070313
985 157.2292938232422
986 88.30686950683594
987 140.42945861816406
988 98.21446990966797
989 201.59815979003906
990 158.952392578125
991 96.49140930175781
992 111.56818389892578
993 178.3367919921875
994 168.42921447753906
995 160.67543029785156
996 141.7217559814453
997 113.29126739501953
998 102.95289611816406
999 182.2136993408203
1000 151.19857788085938
1001 94.76834869384766
1002 94.76834869384766
