# Selection:resname AU W ION Restricted:name AUC AUL AUSL Radius:2.64 Start:0 End:-1
0 12.492191314697266
1 9.907600402832031
2 43.07651901245117
3 27.138208389282227
4 67.63014221191406
5 20.24596405029297
6 56.43024444580078
7 30.58432960510254
8 24.122852325439453
9 40.922698974609375
10 63.322486877441406
11 26.27667999267578
12 16.369077682495117
13 42.21499252319336
14 41.78422546386719
15 58.58407211303711
16 48.24570083618164
17 25.84591293334961
18 44.799583435058594
19 46.09187698364258
20 33.168922424316406
21 56.86101150512695
22 28.861268997192383
23 47.38417053222656
24 52.98412322998047
25 31.876625061035156
26 31.015092849731445
27 76.67620849609375
28 52.122589111328125
29 29.292034149169922
30 52.5533561706543
31 10.33836555480957
32 72.79932403564453
33 31.876623153686523
34 49.53799819946289
35 62.891727447509766
36 50.39952850341797
37 49.968772888183594
38 53.414886474609375
39 51.26106262207031
40 42.214988708496094
41 16.369077682495117
42 22.830556869506836
43 18.522903442382813
44 40.49192810058594
45 24.55361557006836
46 43.938053131103516
47 39.63039779663086
48 20.67673110961914
49 37.4765739440918
50 21.969024658203125
51 43.93804931640625
52 25.41514778137207
53 41.78422927856445
54 80.98387145996094
55 22.399791717529297
56 56.86101150512695
57 25.845911026000977
58 66.33784484863281
59 68.92243957519531
60 31.015092849731445
61 6.030713081359863
62 27.568973541259766
63 52.98412322998047
64 53.414886474609375
65 56.86101150512695
66 66.76860809326172
67 58.15330505371094
68 29.722801208496094
69 38.338104248046875
70 87.8760986328125
71 83.99921417236328
72 31.01509666442871
73 46.522640228271484
74 43.07652282714844
75 62.891727447509766
76 69.78396606445313
77 68.92244720458984
78 60.30712890625
79 35.75351333618164
80 59.44560241699219
81 75.8146743774414
82 68.0609130859375
83 58.1533088684082
84 62.891727447509766
85 59.44560241699219
86 37.04581069946289
87 96.92218017578125
88 48.67647171020508
89 56.43024444580078
90 43.507286071777344
91 31.015094757080078
92 34.8919792175293
93 51.69182586669922
94 72.3685531616211
95 32.738155364990234
96 24.9843807220459
97 57.72254943847656
98 33.16891860961914
99 36.61504364013672
100 26.276676177978516
101 34.030452728271484
102 27.568971633911133
103 24.9843807220459
104 23.69208526611328
105 28.430503845214844
106 60.307125091552734
107 51.26106262207031
108 81.41463470458984
109 55.999481201171875
110 20.67673110961914
111 41.353458404541016
112 24.12285041809082
113 55.56871795654297
114 49.107234954833984
115 32.7381591796875
116 1.2922956943511963
117 28.430503845214844
118 82.27615356445313
119 34.89198303222656
120 33.168922424316406
121 15.507547378540039
122 29.72279930114746
123 62.03018569946289
124 34.89198303222656
125 32.738155364990234
126 16.799842834472656
127 30.584327697753906
128 34.030452728271484
129 42.645755767822266
130 51.69182205200195
131 45.66111755371094
132 47.814937591552734
133 53.414886474609375
134 70.64549255371094
135 35.322750091552734
136 27.568973541259766
137 51.26106262207031
138 24.98438262939453
139 60.30713653564453
140 43.93805694580078
141 60.307132720947266
142 52.5533561706543
143 56.43024444580078
144 21.969024658203125
145 46.09187698364258
146 38.76887130737305
147 49.96876525878906
148 49.10723114013672
149 47.38417053222656
150 64.18402099609375
151 32.30739212036133
152 41.78422546386719
153 79.69156646728516
154 17.230607986450195
155 47.814937591552734
156 30.58432960510254
157 39.630401611328125
158 12.922956466674805
159 37.9073371887207
160 40.4919319152832
161 40.922698974609375
162 27.138208389282227
163 57.722537994384766
164 39.630401611328125
165 34.46121597290039
166 61.16865921020508
167 16.369077682495117
168 37.04581069946289
169 21.107494354248047
170 56.43024826049805
171 40.4919319152832
172 25.415145874023438
173 53.414886474609375
174 39.19963455200195
175 27.999736785888672
176 45.66111373901367
177 41.78422927856445
178 56.86101150512695
179 43.938053131103516
180 24.122852325439453
181 31.015094757080078
182 22.830554962158203
183 37.045806884765625
184 10.76913070678711
185 23.261322021484375
186 36.61504364013672
187 39.630401611328125
188 60.307132720947266
189 31.876625061035156
190 25.415145874023438
191 58.584068298339844
192 34.46121597290039
193 28.430503845214844
194 61.168663024902344
195 36.18428039550781
196 65.47631072998047
197 24.98438262939453
198 69.78397369384766
199 31.876625061035156
200 48.67647171020508
201 31.015092849731445
202 9.907599449157715
203 14.646017074584961
204 39.630401611328125
205 45.661109924316406
206 45.2303466796875
207 24.98438262939453
208 56.86100769042969
209 37.4765739440918
210 64.18401336669922
211 41.35346221923828
212 34.461219787597656
213 45.2303466796875
214 21.538259506225586
215 53.84565353393555
216 36.61503982543945
217 57.722537994384766
218 46.09187316894531
219 11.630661010742188
220 93.0452880859375
221 20.676729202270508
222 19.38443374633789
223 27.138206481933594
224 46.09187698364258
225 54.707183837890625
226 56.43024826049805
227 48.24570846557617
228 17.230607986450195
229 31.876625061035156
230 15.938313484191895
231 46.091880798339844
232 7.7537736892700195
233 80.55309295654297
234 59.44560623168945
235 15.938312530517578
236 31.445859909057617
237 47.81494140625
238 22.399791717529297
239 33.168922424316406
240 78.83003234863281
241 41.35346221923828
242 53.414886474609375
243 50.399532318115234
244 51.69182586669922
245 82.7069320678711
246 46.52264404296875
247 42.214988708496094
248 14.646017074584961
249 46.52264404296875
250 42.214996337890625
251 62.03019714355469
252 27.999736785888672
253 46.091880798339844
254 65.04554748535156
255 66.33784484863281
256 38.338104248046875
257 6.461478233337402
258 10.338364601135254
259 23.69208526611328
260 56.86100769042969
261 25.415149688720703
262 54.27642059326172
263 52.9841194152832
264 29.292034149169922
265 28.43050193786621
266 50.399532318115234
267 33.59968566894531
268 8.615303993225098
269 44.799583435058594
270 50.399532318115234
271 49.538002014160156
272 50.83029556274414
273 14.215251922607422
274 43.50728988647461
275 46.09187698364258
276 51.26106262207031
277 37.4765739440918
278 34.89198303222656
279 36.61504364013672
280 56.86100769042969
281 59.014835357666016
282 14.215251922607422
283 56.86100769042969
284 4.738417625427246
285 52.984127044677734
286 48.245704650878906
287 46.09187698364258
288 8.615304946899414
289 33.59968566894531
290 37.04581069946289
291 54.70718002319336
292 60.73789978027344
293 83.5684585571289
294 62.46095657348633
295 34.030452728271484
296 51.69182586669922
297 26.27667808532715
298 59.876365661621094
299 37.4765739440918
300 55.99947738647461
301 42.64575958251953
302 54.707183837890625
303 51.26106262207031
304 44.36881637573242
305 19.81519889831543
306 51.69182586669922
307 20.676729202270508
308 35.322750091552734
309 42.6457633972168
310 27.999738693237305
311 37.4765739440918
312 31.445859909057617
313 29.72279930114746
314 20.24596405029297
315 36.18427658081055
316 62.460960388183594
317 54.707183837890625
318 81.84539031982422
319 62.891719818115234
320 30.58432960510254
321 64.61478424072266
322 73.23008728027344
323 32.30738830566406
324 52.9841194152832
325 73.66085815429688
326 40.06116485595703
327 4.738417148590088
328 30.153564453125
329 60.737892150878906
330 18.092138290405273
331 39.630401611328125
332 55.56871032714844
333 50.399532318115234
334 63.32248306274414
335 42.21499252319336
336 22.830556869506836
337 12.922956466674805
338 8.184539794921875
339 46.95341110229492
340 43.0765266418457
341 60.73789596557617
342 52.984127044677734
343 15.938312530517578
344 24.12285041809082
345 22.399789810180664
346 28.430503845214844
347 52.12259292602539
348 39.19963836669922
349 24.55361557006836
350 46.52264404296875
351 52.9841194152832
352 46.95341110229492
353 41.78422164916992
354 65.47631072998047
355 25.845911026000977
356 15.0767822265625
357 23.69208526611328
358 23.261322021484375
359 22.830554962158203
360 60.307132720947266
361 40.06116485595703
362 50.39952850341797
363 28.86126708984375
364 22.399789810180664
365 30.153564453125
366 35.753509521484375
367 34.8919792175293
368 13.353721618652344
369 61.16866683959961
370 29.292034149169922
371 44.799583435058594
372 50.83029556274414
373 56.43024444580078
374 40.061161041259766
375 23.692087173461914
376 65.04554748535156
377 51.26106262207031
378 48.676475524902344
379 25.84591293334961
380 35.75351333618164
381 10.33836555480957
382 54.27642059326172
383 37.04581069946289
384 44.368812561035156
385 36.18427658081055
386 61.168663024902344
387 30.153564453125
388 67.19937133789063
389 26.276676177978516
390 36.18428039550781
391 29.72279930114746
392 19.81519889831543
393 6.892243385314941
394 45.66111373901367
395 60.73789596557617
396 78.3992691040039
397 57.722537994384766
398 49.10723876953125
399 70.21472930908203
400 47.81494140625
401 26.27667808532715
402 27.138206481933594
403 34.46121597290039
404 51.691829681396484
405 43.50728988647461
406 36.61504364013672
407 62.891719818115234
408 54.707183837890625
409 20.24596405029297
410 23.692089080810547
411 61.599430084228516
412 54.70718002319336
413 20.676729202270508
414 52.122596740722656
415 18.95366859436035
416 24.12285041809082
417 48.67646789550781
418 55.13794708251953
419 22.399791717529297
420 56.430240631103516
421 30.153562545776367
422 21.969024658203125
423 49.107234954833984
424 43.93804931640625
425 43.07653045654297
426 55.56871795654297
427 43.93804931640625
428 54.707183837890625
429 79.26080322265625
430 22.399789810180664
431 44.79957962036133
432 52.12259292602539
433 24.553617477416992
434 56.43024444580078
435 25.845911026000977
436 47.38417434692383
437 37.47657012939453
438 39.630401611328125
439 26.276676177978516
440 47.814937591552734
441 52.98412322998047
442 16.799842834472656
443 30.153564453125
444 43.507286071777344
445 55.56870651245117
446 34.89198303222656
447 32.30739212036133
448 16.799842834472656
449 14.215251922607422
450 34.030452728271484
451 60.737892150878906
452 21.53826141357422
453 52.984127044677734
454 35.322750091552734
455 43.50728988647461
456 40.922698974609375
457 25.415145874023438
458 19.815200805664063
459 61.599422454833984
460 37.04581069946289
461 57.7225456237793
462 62.46095657348633
463 17.661373138427734
464 61.16865921020508
465 38.338104248046875
466 20.676729202270508
467 46.953407287597656
468 25.41514778137207
469 26.707441329956055
470 63.75325012207031
471 29.29203224182129
472 35.75351333618164
473 76.24543762207031
474 67.63014221191406
475 34.46121597290039
476 25.84591293334961
477 55.56871032714844
478 53.41488265991211
479 54.70718002319336
480 5.169182777404785
481 38.338104248046875
482 31.876625061035156
483 52.122589111328125
484 38.76886749267578
485 20.2459659576416
486 34.030452728271484
487 28.43050193786621
488 27.568973541259766
489 59.014835357666016
490 47.814937591552734
491 46.52264404296875
492 43.07651901245117
493 35.75351333618164
494 10.76913070678711
495 17.661373138427734
496 19.384435653686523
497 59.44559860229492
498 9.907600402832031
499 24.553617477416992
500 41.78422546386719
501 55.999481201171875
502 16.36907958984375
503 15.507547378540039
504 58.1533088684082
505 24.55361557006836
506 56.43024826049805
507 35.753509521484375
508 52.98412322998047
509 60.307125091552734
510 30.153564453125
511 31.876625061035156
512 66.33783721923828
513 14.215250968933105
514 32.7381591796875
515 50.830299377441406
516 15.507547378540039
517 30.584331512451172
518 54.70718002319336
519 48.67646789550781
520 24.55361557006836
521 29.292034149169922
522 37.045806884765625
523 20.67673110961914
524 13.353721618652344
525 40.922698974609375
526 78.83003234863281
527 53.84564971923828
528 17.661373138427734
529 33.59968948364258
530 22.830556869506836
531 47.384178161621094
532 55.99947738647461
533 62.891719818115234
534 52.98411560058594
535 30.584331512451172
536 53.414886474609375
537 66.33783721923828
538 30.58432960510254
539 48.67646789550781
540 80.98387145996094
541 35.32274627685547
542 31.876625061035156
543 29.72279930114746
544 44.36881637573242
545 47.814937591552734
546 42.64575958251953
547 46.52264404296875
548 24.553617477416992
549 48.245704650878906
550 51.26106262207031
551 54.27641677856445
552 38.33810806274414
553 75.38390350341797
554 43.93805694580078
555 22.399791717529297
556 20.2459659576416
557 47.81494140625
558 58.584068298339844
559 24.55361557006836
560 54.70718002319336
561 10.338364601135254
562 63.32249069213867
563 74.09162139892578
564 83.99922180175781
565 35.75351333618164
566 59.014835357666016
567 10.76913070678711
568 35.75351333618164
569 15.938312530517578
570 44.36881637573242
571 49.107234954833984
572 47.814945220947266
573 54.70718002319336
574 58.15330505371094
575 67.63013458251953
576 52.5533561706543
577 50.830299377441406
578 40.06116485595703
579 86.58381652832031
580 42.64575958251953
581 32.30739212036133
582 44.799583435058594
583 62.030189514160156
584 41.78422164916992
585 51.26106262207031
586 23.261322021484375
587 32.738155364990234
588 61.599430084228516
589 55.1379508972168
590 16.799842834472656
591 61.599422454833984
592 9.476834297180176
593 71.50702667236328
594 10.33836555480957
595 25.84591293334961
596 43.07651901245117
597 59.44559860229492
598 48.245704650878906
599 32.7381591796875
600 65.476318359375
601 40.922698974609375
602 42.214988708496094
603 58.15330505371094
604 45.2303466796875
605 18.092138290405273
606 42.21499252319336
607 47.384178161621094
608 15.938312530517578
609 57.72254180908203
610 27.568973541259766
611 53.84565353393555
612 18.522903442382813
613 75.3839111328125
614 47.38417434692383
615 41.353458404541016
616 34.46121597290039
617 46.522640228271484
618 64.18401336669922
619 42.64575958251953
620 56.43024444580078
621 63.75325012207031
622 40.922698974609375
623 53.41489028930664
624 16.799842834472656
625 47.38417053222656
626 38.76886749267578
627 39.19963455200195
628 51.691829681396484
629 41.353458404541016
630 40.4919319152832
631 71.50702667236328
632 48.24570083618164
633 20.24596405029297
634 32.30739212036133
635 52.122589111328125
636 50.3995246887207
637 52.12259292602539
638 39.19963455200195
639 24.55361557006836
640 35.32274627685547
641 31.445858001708984
642 30.153564453125
643 88.30686950683594
644 21.538259506225586
645 35.32274627685547
646 67.19937896728516
647 14.646017074584961
648 43.938053131103516
649 42.21499252319336
650 36.615047454833984
651 3.4461216926574707
652 55.56871032714844
653 24.98438262939453
654 18.522903442382813
655 24.122852325439453
656 78.83002471923828
657 32.30739212036133
658 69.35320281982422
659 29.29203224182129
660 23.261320114135742
661 33.59968566894531
662 71.50701141357422
663 36.18428039550781
664 41.353458404541016
665 38.76887130737305
666 30.584327697753906
667 13.784486770629883
668 18.092140197753906
669 59.876365661621094
670 47.38417053222656
671 21.107494354248047
672 53.84564971923828
673 52.98412322998047
674 68.92243957519531
675 51.26106643676758
676 39.19963455200195
677 26.276676177978516
678 38.33810043334961
679 49.10723876953125
680 49.107234954833984
681 12.922956466674805
682 43.50728225708008
683 21.969026565551758
684 34.46121597290039
685 23.69208526611328
686 27.999736785888672
687 32.738155364990234
688 48.67646789550781
689 47.38417434692383
690 58.584068298339844
691 43.938053131103516
692 22.830554962158203
693 46.953407287597656
694 34.46121597290039
695 46.95341110229492
696 54.276424407958984
697 18.092138290405273
698 58.15330505371094
699 47.38417053222656
700 48.245704650878906
701 46.52264404296875
702 69.78396606445313
703 56.43024444580078
704 74.95315551757813
705 37.90734100341797
706 50.39952850341797
707 75.81468200683594
708 43.07652282714844
709 16.369077682495117
710 18.092138290405273
711 52.122589111328125
712 23.261322021484375
713 25.84591293334961
714 69.78396606445313
715 31.015094757080078
716 66.76860046386719
717 54.27641677856445
718 47.384178161621094
719 26.276676177978516
720 43.938053131103516
721 18.092138290405273
722 42.645755767822266
723 48.67646789550781
724 37.47657775878906
725 30.584331512451172
726 40.92269515991211
727 45.230350494384766
728 27.138206481933594
729 26.276676177978516
730 57.29177474975586
731 42.64575958251953
732 31.876625061035156
733 37.4765739440918
734 23.692087173461914
735 46.95341110229492
736 41.78422546386719
737 27.999740600585938
738 14.215251922607422
739 42.21499252319336
740 14.215251922607422
741 51.69182205200195
742 24.55361557006836
743 56.43024444580078
744 37.47657012939453
745 69.78396606445313
746 34.46121597290039
747 63.322486877441406
748 21.538259506225586
749 34.89198684692383
750 9.476834297180176
751 55.99947738647461
752 27.13821029663086
753 46.522640228271484
754 59.01483917236328
755 48.67647171020508
756 53.414886474609375
757 29.72279930114746
758 39.630401611328125
759 88.30686950683594
760 52.9841194152832
761 36.18427658081055
762 68.92243194580078
763 46.953407287597656
764 17.230607986450195
765 50.830291748046875
766 24.122852325439453
767 14.215251922607422
768 51.26105880737305
769 40.92269515991211
770 46.09187698364258
771 20.676729202270508
772 46.52264404296875
773 55.999473571777344
774 45.2303466796875
775 57.722537994384766
776 40.922698974609375
777 67.19937896728516
778 76.24544525146484
779 23.69208526611328
780 31.44586181640625
781 50.39952850341797
782 30.58432960510254
783 24.9843807220459
784 18.092138290405273
785 23.261320114135742
786 42.21499252319336
787 61.168663024902344
788 11.630661010742188
789 52.5533561706543
790 50.83029556274414
791 30.58432960510254
792 45.230350494384766
793 27.999738693237305
794 59.01483917236328
795 55.13794708251953
796 13.353721618652344
797 49.96876525878906
798 31.44586181640625
799 36.18428039550781
800 59.014835357666016
801 61.16865921020508
802 61.16865921020508
803 55.137943267822266
804 66.76860809326172
805 38.76887130737305
806 59.014835357666016
807 71.93778991699219
808 10.769129753112793
809 55.56871032714844
810 65.47631072998047
811 44.368812561035156
812 35.753509521484375
813 17.661373138427734
814 12.492191314697266
815 42.21499252319336
816 46.09187698364258
817 69.78396606445313
818 21.969024658203125
819 63.32248306274414
820 36.18428039550781
821 43.07652282714844
822 43.93804931640625
823 52.55335235595703
824 32.738155364990234
825 46.95340347290039
826 47.814937591552734
827 40.4919319152832
828 66.76860809326172
829 55.5687141418457
830 70.64549255371094
831 48.67646789550781
832 70.64550018310547
833 24.98438262939453
834 28.861268997192383
835 47.81494140625
836 42.645751953125
837 40.92269515991211
838 38.338104248046875
839 50.83030319213867
840 58.58407211303711
841 62.03019332885742
842 38.33810806274414
843 12.061426162719727
844 36.18428039550781
845 25.84591293334961
846 62.46095275878906
847 36.61504364013672
848 65.476318359375
849 14.215251922607422
850 21.10749626159668
851 45.661109924316406
852 52.122596740722656
853 55.99947738647461
854 61.16865921020508
855 34.46121597290039
856 6.892243385314941
857 21.969024658203125
858 26.27667808532715
859 21.538259506225586
860 15.0767822265625
861 56.86100769042969
862 62.8917236328125
863 40.4919319152832
864 48.67646789550781
865 56.86101150512695
866 36.61504364013672
867 34.89198303222656
868 32.30739212036133
869 73.66085052490234
870 46.953407287597656
871 72.79933166503906
872 31.876625061035156
873 49.538002014160156
874 60.7379035949707
875 42.21499252319336
876 12.061426162719727
877 52.5533561706543
878 51.26106262207031
879 67.63013458251953
880 35.75351333618164
881 31.015092849731445
882 4.738417148590088
883 9.046069145202637
884 29.29203224182129
885 49.538002014160156
886 40.06116485595703
887 39.19963073730469
888 50.830291748046875
889 61.16866683959961
890 35.32274627685547
891 34.03044891357422
892 34.46121597290039
893 35.753517150878906
894 38.76887130737305
895 44.36881637573242
896 83.56845092773438
897 85.2915267944336
898 24.98438262939453
899 15.938312530517578
900 46.522647857666016
901 41.78422546386719
902 71.07625579833984
903 22.399791717529297
904 53.414886474609375
905 28.430503845214844
906 77.96849822998047
907 40.92269515991211
908 47.38417434692383
909 28.43050193786621
910 57.722537994384766
911 35.32274627685547
912 30.584327697753906
913 17.661373138427734
914 19.38443374633789
915 45.230350494384766
916 46.95341110229492
917 47.81494140625
918 31.445859909057617
919 26.276676177978516
920 46.09187698364258
921 84.42998504638672
922 65.04554748535156
923 30.153564453125
924 40.49192810058594
925 53.84564971923828
926 31.87662696838379
927 53.414886474609375
928 28.43050193786621
929 52.984127044677734
930 52.12259292602539
931 59.44560241699219
932 39.63039779663086
933 54.27641296386719
934 47.38417434692383
935 9.476835250854492
936 33.16891860961914
937 48.67647171020508
938 50.399532318115234
939 22.830554962158203
940 51.26106262207031
941 77.968505859375
942 33.59968566894531
943 46.953407287597656
944 43.507286071777344
945 38.76886749267578
946 15.938312530517578
947 28.86126708984375
948 15.0767822265625
949 61.59942626953125
950 34.030452728271484
951 30.153566360473633
952 59.44559860229492
953 18.95366859436035
954 13.784486770629883
955 9.907600402832031
956 69.35320281982422
957 55.5687141418457
958 28.861268997192383
959 27.568973541259766
960 53.414886474609375
961 40.06116485595703
962 8.184538841247559
963 46.091880798339844
964 36.61504364013672
965 43.07652282714844
966 55.99947738647461
967 13.353721618652344
968 63.75325393676758
969 47.81494140625
970 20.67673110961914
971 13.784486770629883
972 13.353721618652344
973 50.39952850341797
974 22.399791717529297
975 42.214988708496094
976 56.43024444580078
977 36.61504364013672
978 59.44559860229492
979 21.969026565551758
980 40.06116485595703
981 43.07651901245117
982 49.10723876953125
983 38.76886749267578
984 48.67646789550781
985 77.5377426147461
986 42.21499252319336
987 54.27641677856445
988 69.78397369384766
989 52.5533561706543
990 41.78422546386719
991 43.507286071777344
992 15.507546424865723
993 50.3995361328125
994 49.53800582885742
995 46.09187698364258
996 37.9073371887207
997 64.61478424072266
998 37.4765739440918
999 52.5533561706543
1000 75.38391876220703
1001 42.64575958251953
1002 42.64575958251953
