0 28.983076095581055
1 29.94917869567871
2 14.491538047790527
3 25.11866569519043
4 0.0
5 2.8983075618743896
6 0.0
7 5.796615123748779
8 0.0
9 4.830512523651123
10 60.86445617675781
11 40.5763053894043
12 92.74584197998047
13 23.186460494995117
14 5.796615123748779
15 24.152563095092773
16 59.898353576660156
17 28.0169734954834
18 26.084768295288086
19 42.50851058959961
20 21.254255294799805
21 4.830512523651123
22 0.9661025404930115
23 21.254255294799805
24 26.084768295288086
25 6.7627177238464355
26 16.423742294311523
27 4.830512523651123
28 0.0
29 0.0
30 13.525435447692871
31 3.864410161972046
32 0.0
33 17.38984489440918
34 24.152563095092773
35 0.0
36 0.0
37 2.8983075618743896
38 6.7627177238464355
39 12.559332847595215
40 34.77968978881836
41 31.881383895874023
42 20.28815269470215
43 32.84748458862305
44 24.152563095092773
45 34.77968978881836
46 122.69502258300781
47 90.81363677978516
48 56.0339469909668
49 27.050870895385742
50 25.11866569519043
51 5.796615123748779
52 32.84748458862305
53 82.11871337890625
54 85.01702117919922
55 23.186460494995117
56 16.423742294311523
57 60.86445617675781
58 167.1357421875
59 92.74584197998047
60 19.322050094604492
61 45.40681838989258
62 36.71189498901367
63 35.745792388916016
64 1.932205080986023
65 10.627127647399902
66 36.71189498901367
67 64.72886657714844
68 29.949176788330078
69 39.61020278930664
70 34.77968978881836
71 6.7627177238464355
72 10.627127647399902
73 12.559332847595215
74 72.45768737792969
75 28.0169734954834
76 0.0
77 54.101741790771484
78 35.745792388916016
79 32.84748458862305
80 26.084768295288086
81 48.30512619018555
82 68.59327697753906
83 42.50851058959961
84 0.0
85 16.423742294311523
86 57.00004577636719
87 130.423828125
88 4.830512523651123
89 67.6271743774414
90 24.152563095092773
91 68.59327697753906
92 12.559332847595215
93 11.593230247497559
94 22.22035789489746
95 30.915279388427734
96 8.69492244720459
97 27.050870895385742
98 46.372920989990234
99 23.186460494995117
100 15.457640647888184
101 16.423742294311523
102 25.11866569519043
103 19.322050094604492
104 28.0169734954834
105 15.457640647888184
106 17.38984489440918
107 25.11866569519043
108 28.983076095581055
109 0.0
110 5.796615123748779
111 6.7627177238464355
112 48.30512619018555
113 13.525435447692871
114 12.559332847595215
115 44.44071578979492
116 82.11871337890625
117 13.525435447692871
118 15.457640647888184
119 27.050870895385742
120 4.830512523651123
121 21.254255294799805
122 1.932205080986023
123 5.796615123748779
124 60.86445999145508
125 21.254255294799805
126 24.152563095092773
127 1.932205080986023
128 0.0
129 33.8135871887207
130 25.118663787841797
131 0.0
132 70.52548217773438
133 60.86445999145508
134 22.22035789489746
135 43.474613189697266
136 9.661025047302246
137 41.54240798950195
138 6.7627177238464355
139 24.152563095092773
140 1.932205080986023
141 28.0169734954834
142 34.77968978881836
143 6.7627177238464355
144 11.593230247497559
145 97.57635498046875
146 88.88143157958984
147 77.28820037841797
148 36.71189498901367
149 92.74584197998047
150 24.152563095092773
151 23.186460494995117
152 88.88143157958984
153 42.50851058959961
154 49.2712287902832
155 26.084768295288086
156 63.76276397705078
157 65.6949691772461
158 64.72886657714844
159 135.2543487548828
160 82.11871337890625
161 143.94927978515625
162 126.55943298339844
163 68.59327697753906
164 38.644100189208984
165 61.830562591552734
166 85.98312377929688
167 20.28815269470215
168 33.8135871887207
169 10.627127647399902
170 19.322050094604492
171 23.186460494995117
172 20.28815269470215
173 28.0169734954834
174 37.67799758911133
175 39.61020278930664
176 37.67799758911133
177 23.186460494995117
178 97.57635498046875
179 30.915279388427734
180 54.10173797607422
181 57.96615219116211
182 57.966148376464844
183 22.22035789489746
184 38.644100189208984
185 65.6949691772461
186 41.54240798950195
187 61.83055877685547
188 4.830512523651123
189 60.86445999145508
190 64.72886657714844
191 106.27127838134766
192 15.457640647888184
193 83.0848159790039
194 0.9661025404930115
195 69.55937957763672
196 7.728820323944092
197 17.38984489440918
198 49.2712287902832
199 31.881383895874023
200 40.5763053894043
201 33.8135871887207
202 20.28815269470215
203 21.254255294799805
204 4.830512523651123
205 45.40681838989258
206 65.6949691772461
207 118.83061218261719
208 77.28820037841797
209 27.05086898803711
210 54.101741790771484
211 134.2882537841797
212 48.30512619018555
213 49.2712287902832
214 88.88143157958984
215 10.627127647399902
216 8.69492244720459
217 9.661025047302246
218 59.898353576660156
219 0.9661025404930115
220 28.983076095581055
221 66.66107177734375
222 51.203433990478516
223 39.61020278930664
224 3.864410161972046
225 115.93230438232422
226 96.61024475097656
227 11.593230247497559
228 14.491538047790527
229 11.593230247497559
230 112.06788635253906
231 17.38984489440918
232 5.796615123748779
233 14.491538047790527
234 149.7458953857422
235 42.50851058959961
236 4.830512523651123
237 19.322050094604492
238 4.830512523651123
239 32.84748458862305
240 21.254255294799805
241 17.38984489440918
242 141.05096435546875
243 0.0
244 22.22035789489746
245 7.728820323944092
246 62.79666519165039
247 56.0339469909668
248 68.59327697753906
249 62.796661376953125
250 52.16953659057617
251 8.69492244720459
252 0.9661025404930115
253 81.1526107788086
254 35.745792388916016
255 91.77973937988281
256 15.457640647888184
257 46.372920989990234
258 28.983076095581055
259 29.949176788330078
260 124.62722778320313
261 15.457640647888184
262 104.33906555175781
263 60.86445617675781
264 39.61020278930664
265 21.254255294799805
266 19.322050094604492
267 6.7627177238464355
268 50.23733139038086
269 35.745792388916016
270 13.525435447692871
271 0.0
272 11.593230247497559
273 43.474613189697266
274 75.35599517822266
275 27.050870895385742
276 59.89835739135742
277 0.0
278 7.728820323944092
279 17.38984489440918
280 23.186460494995117
281 2.8983075618743896
282 43.474613189697266
283 21.254255294799805
284 45.40681838989258
285 52.169532775878906
286 36.71189498901367
287 23.186460494995117
288 55.067840576171875
289 32.84748458862305
290 37.67799758911133
291 54.101741790771484
292 16.423742294311523
293 34.77968978881836
294 55.067840576171875
295 79.22040557861328
296 44.44071578979492
297 40.5763053894043
298 90.81363677978516
299 100.47466278076172
300 38.644100189208984
301 65.6949691772461
302 43.474613189697266
303 103.37297058105469
304 28.983076095581055
305 51.203433990478516
306 8.69492244720459
307 23.186460494995117
308 68.59327697753906
309 24.152563095092773
310 18.355947494506836
311 56.0339469909668
312 46.372920989990234
313 50.23733139038086
314 21.254255294799805
315 37.67799758911133
316 43.474613189697266
317 31.881383895874023
318 55.067840576171875
319 148.77976989746094
320 23.186460494995117
321 117.86450958251953
322 28.016971588134766
323 44.44071578979492
324 28.983076095581055
325 95.64414978027344
326 60.86445617675781
327 159.4069061279297
328 36.71189498901367
329 79.22040557861328
330 45.40681838989258
331 15.457639694213867
332 63.76276397705078
333 66.66107177734375
334 30.915281295776367
335 4.830512523651123
336 0.0
337 4.830512523651123
338 17.38984489440918
339 41.54240798950195
340 16.423742294311523
341 3.864410161972046
342 5.796615123748779
343 14.491538047790527
344 0.9661025404930115
345 70.52548217773438
346 34.77968978881836
347 109.16958618164063
348 8.69492244720459
349 2.8983075618743896
350 17.38984489440918
351 73.42378997802734
352 26.084768295288086
353 1.932205080986023
354 3.864410161972046
355 0.9661025404930115
356 35.745792388916016
357 28.016971588134766
358 8.69492244720459
359 0.0
360 50.23733139038086
361 97.57635498046875
362 50.23733139038086
363 0.0
364 11.593230247497559
365 0.0
366 3.864410161972046
367 102.4068603515625
368 81.1526107788086
369 40.5763053894043
370 105.30517578125
371 26.084768295288086
372 4.830512523651123
373 86.94922637939453
374 101.44076538085938
375 18.355947494506836
376 30.915281295776367
377 8.69492244720459
378 5.796615123748779
379 25.11866569519043
380 56.0339469909668
381 36.71189498901367
382 9.661025047302246
383 25.11866569519043
384 68.59327697753906
385 40.5763053894043
386 37.67799758911133
387 71.49158477783203
388 25.11866569519043
389 83.0848159790039
390 62.79666519165039
391 75.35599517822266
392 95.64414978027344
393 134.28822326660156
394 90.81363677978516
395 74.389892578125
396 0.0
397 60.86445617675781
398 59.89835739135742
399 14.491538047790527
400 25.11866569519043
401 48.30512619018555
402 10.627127647399902
403 13.525435447692871
404 40.5763053894043
405 62.796661376953125
406 28.0169734954834
407 11.593230247497559
408 31.88138198852539
409 94.67804718017578
410 61.830562591552734
411 111.10179138183594
412 11.593230247497559
413 11.593230247497559
414 4.830512523651123
415 16.423742294311523
416 35.745792388916016
417 20.28815269470215
418 34.77968978881836
419 46.372920989990234
420 34.77968978881836
421 82.11871337890625
422 91.77973937988281
423 85.98312377929688
424 2.8983075618743896
425 77.28820037841797
426 72.45768737792969
427 76.32209777832031
428 71.49158477783203
429 57.00004959106445
430 61.830562591552734
431 67.6271743774414
432 38.644100189208984
433 50.23733139038086
434 37.67799758911133
435 31.881383895874023
436 0.0
437 50.23733139038086
438 17.38984489440918
439 7.728820323944092
440 15.457640647888184
441 15.457640647888184
442 8.69492244720459
443 38.644100189208984
444 3.864410161972046
445 63.76276397705078
446 14.491538047790527
447 38.644100189208984
448 59.89835739135742
449 22.22035789489746
450 64.72886657714844
451 61.83055877685547
452 32.84748458862305
453 65.6949691772461
454 31.881383895874023
455 89.8475341796875
456 9.661025047302246
457 56.0339469909668
458 22.22035789489746
459 90.81363677978516
460 37.67799758911133
461 15.457640647888184
462 44.44071578979492
463 35.745792388916016
464 17.38984489440918
465 29.94917869567871
466 66.66107177734375
467 32.84748458862305
468 63.76276779174805
469 72.45768737792969
470 34.77968978881836
471 48.30512619018555
472 71.49158477783203
473 36.71189498901367
474 16.423742294311523
475 32.84748458862305
476 48.30512619018555
477 56.03394317626953
478 87.91532897949219
479 55.06784439086914
480 179.69505310058594
481 28.0169734954834
482 30.915281295776367
483 70.52548217773438
484 11.593230247497559
485 60.86445999145508
486 9.661025047302246
487 1.932205080986023
488 0.0
489 2.8983075618743896
490 8.69492244720459
491 18.355947494506836
492 24.152563095092773
493 13.525435447692871
494 0.0
495 4.830512523651123
496 38.644100189208984
497 36.71189498901367
498 59.898353576660156
499 35.745792388916016
500 40.5763053894043
501 47.33902359008789
502 51.203433990478516
503 101.44076538085938
504 35.745792388916016
505 48.30512619018555
506 40.5763053894043
507 6.7627177238464355
508 19.322050094604492
509 66.66107177734375
510 97.57634735107422
511 79.22040557861328
512 32.84748458862305
513 71.49158477783203
514 69.55937957763672
515 14.491538047790527
516 0.0
517 12.559332847595215
518 0.0
519 85.01702117919922
520 108.20348358154297
521 112.0678939819336
522 19.322050094604492
523 2.8983075618743896
524 19.322050094604492
525 7.728820323944092
526 25.11866569519043
527 16.423742294311523
528 28.0169734954834
529 58.932254791259766
530 25.11866569519043
531 17.38984489440918
532 6.7627177238464355
533 47.33902359008789
534 48.30512619018555
535 76.32209777832031
536 28.983076095581055
537 62.79666519165039
538 32.84748458862305
539 14.491538047790527
540 4.830512523651123
541 28.0169734954834
542 20.28815269470215
543 8.69492244720459
544 36.71189498901367
545 18.355947494506836
546 9.661025047302246
547 2.8983075618743896
548 29.94917869567871
549 36.71189498901367
550 53.13563919067383
551 49.2712287902832
552 40.5763053894043
553 45.40681838989258
554 88.88143157958984
555 61.830562591552734
556 73.42378997802734
557 145.88148498535156
558 124.62722778320313
559 97.57635498046875
560 102.4068603515625
561 162.3052215576172
562 140.08485412597656
563 71.49158477783203
564 74.389892578125
565 30.915281295776367
566 42.50851058959961
567 1.932205080986023
568 3.864410161972046
569 45.40681838989258
570 133.3221435546875
571 28.016971588134766
572 42.50851058959961
573 21.254255294799805
574 0.9661025404930115
575 35.745792388916016
576 16.423742294311523
577 0.0
578 33.8135871887207
579 9.661025047302246
580 55.06784439086914
581 24.152563095092773
582 37.67799758911133
583 32.84748458862305
584 22.22035789489746
585 46.372920989990234
586 13.525435447692871
587 31.881383895874023
588 65.6949691772461
589 59.89835739135742
590 42.50851058959961
591 43.474613189697266
592 152.64419555664063
593 72.45768737792969
594 12.559332847595215
595 78.25430297851563
596 84.05091857910156
597 24.152563095092773
598 42.50851058959961
599 17.38984489440918
600 65.6949691772461
601 26.084768295288086
602 5.796615123748779
603 0.0
604 19.322050094604492
605 2.8983075618743896
606 4.830512523651123
607 37.67799758911133
608 50.23733139038086
609 23.186460494995117
610 0.0
611 10.627127647399902
612 0.0
613 0.0
614 8.69492244720459
615 12.559332847595215
616 9.661025047302246
617 0.0
618 1.932205080986023
619 23.186460494995117
620 18.355947494506836
621 1.932205080986023
622 32.84748458862305
623 4.830512523651123
624 6.7627177238464355
625 0.0
626 11.593230247497559
627 10.627127647399902
628 13.525435447692871
629 0.9661025404930115
630 37.67799758911133
631 6.7627177238464355
632 19.322050094604492
633 1.932205080986023
634 0.0
635 8.69492244720459
636 0.0
637 0.0
638 3.864410161972046
639 0.0
640 27.050870895385742
641 61.83055877685547
642 55.06784439086914
643 46.372920989990234
644 38.644100189208984
645 8.69492244720459
646 10.627127647399902
647 18.355947494506836
648 0.0
649 7.728820323944092
650 2.8983075618743896
651 26.084768295288086
652 1.932205080986023
653 25.11866569519043
654 122.69502258300781
655 68.59327697753906
656 47.33902359008789
657 28.983074188232422
658 51.203433990478516
659 1.932205080986023
660 48.30512619018555
661 72.45768737792969
662 102.40686798095703
663 55.06784439086914
664 18.355947494506836
665 60.86445617675781
666 32.84748458862305
667 21.254255294799805
668 26.084768295288086
669 26.084768295288086
670 47.33902359008789
671 50.23733139038086
672 11.593230247497559
673 13.525435447692871
674 14.491537094116211
675 7.728820323944092
676 16.423742294311523
677 50.23733139038086
678 26.084768295288086
679 30.915281295776367
680 24.152563095092773
681 25.11866569519043
682 22.22035789489746
683 56.0339469909668
684 10.627127647399902
685 26.084768295288086
686 7.728819847106934
687 28.983076095581055
688 72.45768737792969
689 0.0
690 78.25430297851563
691 71.49158477783203
692 130.423828125
693 0.0
694 25.118663787841797
695 24.152563095092773
696 2.8983075618743896
697 25.11866569519043
698 33.8135871887207
699 26.084768295288086
700 11.593230247497559
701 18.355947494506836
702 0.0
703 8.69492244720459
704 12.559332847595215
705 20.28815269470215
706 0.9661025404930115
707 4.830512523651123
708 18.355947494506836
709 0.0
710 24.152563095092773
711 0.9661025404930115
712 15.457640647888184
713 16.423742294311523
714 26.084768295288086
715 9.661025047302246
716 12.559332847595215
717 0.0
718 28.983074188232422
719 29.949176788330078
720 0.9661025404930115
721 5.796615123748779
722 44.44071578979492
723 33.8135871887207
724 6.7627177238464355
725 7.728819847106934
726 19.322050094604492
727 47.33902359008789
728 43.474613189697266
729 31.88138198852539
730 55.06784439086914
731 19.322050094604492
732 4.830512523651123
733 33.8135871887207
734 1.932205080986023
735 0.9661025404930115
736 14.491538047790527
737 0.0
738 0.0
739 5.796615123748779
740 0.0
741 0.0
742 13.525435447692871
743 12.559332847595215
744 2.8983075618743896
745 17.38984489440918
746 6.7627177238464355
747 3.864410161972046
748 15.457640647888184
749 5.796615123748779
750 9.661025047302246
751 1.932205080986023
752 0.0
753 0.0
754 0.0
755 28.0169734954834
756 0.0
757 20.28815269470215
758 8.69492244720459
759 24.152563095092773
760 3.864410161972046
761 50.23733139038086
762 34.77968978881836
763 8.69492244720459
764 54.101741790771484
765 4.830512523651123
766 7.728820323944092
767 99.50856018066406
768 28.0169734954834
769 95.64414978027344
770 104.33907318115234
771 76.32209777832031
772 111.1017837524414
773 121.72891998291016
774 37.67799758911133
775 27.050870895385742
776 53.13563919067383
777 45.40681838989258
778 21.254255294799805
779 23.186460494995117
780 79.22040557861328
781 26.084766387939453
782 15.457639694213867
783 0.9661025404930115
784 28.0169734954834
785 7.728820323944092
786 87.91532897949219
787 60.86445617675781
788 8.69492244720459
789 13.525435447692871
790 34.77968978881836
791 128.49163818359375
792 58.932254791259766
793 8.69492244720459
794 33.8135871887207
795 62.796661376953125
796 9.661025047302246
797 16.423742294311523
798 11.593230247497559
799 5.796615123748779
800 4.830512523651123
801 15.457639694213867
802 0.9661025404930115
803 4.830512523651123
804 50.23733139038086
805 22.22035789489746
806 6.7627177238464355
807 21.254255294799805
808 5.796615123748779
809 4.830512523651123
810 13.525435447692871
811 60.86445617675781
812 16.423742294311523
813 9.661025047302246
814 8.69492244720459
815 14.491538047790527
816 19.322050094604492
817 11.593230247497559
818 16.423742294311523
819 60.86445617675781
820 76.32209777832031
821 38.644100189208984
822 26.084768295288086
823 54.101741790771484
824 6.7627177238464355
825 16.423742294311523
826 23.186460494995117
827 25.118663787841797
828 9.661025047302246
829 16.423742294311523
830 0.0
831 37.67799758911133
832 20.28815269470215
833 15.457640647888184
834 30.915281295776367
835 2.8983075618743896
836 1.932205080986023
837 13.525435447692871
838 6.7627177238464355
839 22.22035789489746
840 32.84748458862305
841 4.830512523651123
842 9.661025047302246
843 0.0
844 2.8983075618743896
845 19.322050094604492
846 1.932205080986023
847 10.627127647399902
848 5.796615123748779
849 0.0
850 24.152563095092773
851 2.8983075618743896
852 3.864410161972046
853 32.84748458862305
854 0.0
855 14.491538047790527
856 0.0
857 9.661025047302246
858 8.69492244720459
859 12.559332847595215
860 6.7627177238464355
861 10.627127647399902
862 0.0
863 0.9661025404930115
864 11.593230247497559
865 28.983076095581055
866 1.932205080986023
867 46.37291717529297
868 8.69492244720459
869 8.69492244720459
870 55.067840576171875
871 52.16953659057617
872 29.94917869567871
873 70.52548217773438
874 13.525435447692871
875 13.525435447692871
876 26.084768295288086
877 6.7627177238464355
878 9.661025047302246
879 29.949176788330078
880 0.9661025404930115
881 0.0
882 13.525435447692871
883 27.05086898803711
884 67.6271743774414
885 22.22035789489746
886 35.745792388916016
887 10.627127647399902
888 26.084768295288086
889 76.32209777832031
890 44.44071578979492
891 41.54240798950195
892 39.61020278930664
893 71.49158477783203
894 72.45768737792969
895 116.89840698242188
896 83.0848159790039
897 72.45768737792969
898 80.18650817871094
899 46.372920989990234
900 2.8983075618743896
901 39.61020278930664
902 58.932254791259766
903 43.474613189697266
904 41.54240798950195
905 64.72886657714844
906 30.915279388427734
907 61.830562591552734
908 80.18650817871094
909 111.10179138183594
910 76.32209777832031
911 57.96615219116211
912 21.254255294799805
913 49.2712287902832
914 4.830512523651123
915 13.525435447692871
916 5.796615123748779
917 35.745792388916016
918 6.7627177238464355
919 5.796615123748779
920 6.7627177238464355
921 17.38984489440918
922 7.728820323944092
923 6.7627177238464355
924 2.8983075618743896
925 0.0
926 12.559332847595215
927 2.8983075618743896
928 18.355947494506836
929 72.45768737792969
930 67.6271743774414
931 19.322050094604492
932 21.254255294799805
933 65.6949691772461
934 45.40681457519531
935 142.98316955566406
936 32.84748458862305
937 44.44071578979492
938 22.22035789489746
939 2.8983075618743896
940 0.0
941 0.0
942 53.13563919067383
943 52.16953659057617
944 59.898353576660156
945 56.0339469909668
946 85.98312377929688
947 40.5763053894043
948 17.38984489440918
949 30.915281295776367
950 15.457639694213867
951 28.983074188232422
952 76.32209777832031
953 76.32209777832031
954 83.0848159790039
955 70.52548217773438
956 38.644100189208984
957 0.0
958 23.186460494995117
959 12.559332847595215
960 0.0
961 22.22035789489746
962 41.54240798950195
963 29.94917869567871
964 90.81363677978516
965 17.38984489440918
966 88.88143157958984
967 14.491538047790527
968 7.728820323944092
969 20.28815269470215
970 40.5763053894043
971 32.84748458862305
972 3.864410161972046
973 5.796615123748779
974 3.864410161972046
975 13.525435447692871
976 6.7627177238464355
977 4.830512523651123
978 72.45768737792969
979 57.00004577636719
980 5.796615123748779
981 0.0
982 3.864410161972046
983 35.745792388916016
984 40.5763053894043
985 48.30512619018555
986 48.30512619018555
987 52.169532775878906
988 53.13563537597656
989 57.966148376464844
990 28.016971588134766
991 16.423742294311523
992 21.254255294799805
993 16.423742294311523
994 2.8983075618743896
995 25.11866569519043
996 0.0
997 3.864410161972046
998 22.22035789489746
999 37.67799758911133
1000 53.13563919067383
1001 20.28815269470215
1002 20.28815269470215
